ID,Closest,No. True,No. Prediction,TP,FN,FP,TN,Precision,Accuracy,Hit Rate,MCC,No. Consensus Prediction,Consensus TP,Consensus FN,Consensus FP,Consensus TN,Consensus Precision,Consensus Accuracy,Consensus Hit Rate,Consensus MCC
PF09596,PF12478,1,5,0,1,5,1012,0.0,0.99,0.0,-0.0,5,0,1,5,1012,0.0,0.99,0.0,-0.0
PF00507,PF00499,5,2,1,4,1,1012,0.5,1.0,0.2,0.31,2,1,4,1,1012,0.5,1.0,0.2,0.31
PF10587,PF00736,18,28,18,0,10,990,0.64,0.99,1.0,0.8,28,18,0,10,990,0.64,0.99,1.0,0.8
PF11245,PF08497,0,0,0,0,0,1018,0,1.0,0,0,0,0,0,0,1018,0,1.0,0,0
PF02543,PF12241,3,1,0,3,1,1014,0.0,1.0,0.0,-0.0,1,0,3,1,1014,0.0,1.0,0.0,-0.0
PF05060,PF04088,3,2,1,2,1,1014,0.5,1.0,0.33,0.41,2,1,2,1,1014,0.5,1.0,0.33,0.41
PF00172,PF12013,139,11,10,129,1,878,0.91,0.87,0.07,0.24,11,10,129,1,878,0.91,0.87,0.07,0.24
PF02759,PF00566,32,84,19,13,65,921,0.23,0.92,0.59,0.33,84,19,13,65,921,0.23,0.92,0.59,0.33
PF07421,PF10974,1,0,0,1,0,1017,0,1.0,0.0,0,0,0,1,0,1017,0,1.0,0.0,0
PF04854,PF16784,2,0,0,2,0,1016,0,1.0,0.0,0,0,0,2,0,1016,0,1.0,0.0,0
PF15433,PF06783,10,2,0,10,2,1006,0.0,0.99,0.0,-0.0,2,0,10,2,1006,0.0,0.99,0.0,-0.0
PF07745,PF15173,7,0,0,7,0,1011,0,0.99,0.0,0,0,0,7,0,1011,0,0.99,0.0,0
PF09072,PF16499,7,20,4,3,16,995,0.2,0.98,0.57,0.33,20,4,3,16,995,0.2,0.98,0.57,0.33
PF10250,PF09335,36,22,5,31,17,965,0.23,0.95,0.14,0.15,22,5,31,17,965,0.23,0.95,0.14,0.15
PF05568,PF05881,0,4,0,0,4,1014,0.0,1.0,0,0,4,0,0,4,1014,0.0,1.0,0,0
PF16493,PF07526,1,4,1,0,3,1014,0.25,1.0,1.0,0.5,4,1,0,3,1014,0.25,1.0,1.0,0.5
PF11870,PF02589,0,6,0,0,6,1012,0.0,0.99,0,0,6,0,0,6,1012,0.0,0.99,0,0
PF15879,PF10310,5,2,1,4,1,1012,0.5,1.0,0.2,0.31,2,1,4,1,1012,0.5,1.0,0.2,0.31
PF10233,PF15359,8,2,1,7,1,1009,0.5,0.99,0.12,0.25,2,1,7,1,1009,0.5,0.99,0.12,0.25
PF12604,PF03406,0,0,0,0,0,1018,0,1.0,0,0,0,0,0,0,1018,0,1.0,0,0
PF08096,PF07042,0,0,0,0,0,1018,0,1.0,0,0,0,0,0,0,1018,0,1.0,0,0
PF04263,PF04265,19,14,13,6,1,998,0.93,0.99,0.68,0.79,14,13,6,1,998,0.93,0.99,0.68,0.79
PF09458,PF14200,12,5,2,10,3,1003,0.4,0.99,0.17,0.25,5,2,10,3,1003,0.4,0.99,0.17,0.25
PF04856,PF00714,0,1,0,0,1,1017,0.0,1.0,0,0,1,0,0,1,1017,0.0,1.0,0,0
PF01883,PF10609,16,21,3,13,18,984,0.14,0.97,0.19,0.15,21,3,13,18,984,0.14,0.97,0.19,0.15
PF12973,PF09056,3,4,2,1,2,1013,0.5,1.0,0.67,0.58,4,2,1,2,1013,0.5,1.0,0.67,0.58
PF07686,PF08205,57,29,20,37,9,952,0.69,0.95,0.35,0.47,29,20,37,9,952,0.69,0.95,0.35,0.47
PF10454,PF06695,0,0,0,0,0,1018,0,1.0,0,0,0,0,0,0,1018,0,1.0,0,0
PF12020,PF04901,0,2,0,0,2,1016,0.0,1.0,0,0,2,0,0,2,1016,0.0,1.0,0,0
PF04459,PF02217,0,3,0,0,3,1015,0.0,1.0,0,0,3,0,0,3,1015,0.0,1.0,0,0
PF03800,PF15066,3,0,0,3,0,1015,0,1.0,0.0,0,0,0,3,0,1015,0,1.0,0.0,0
PF13614,PF10407,14,0,0,14,0,1004,0,0.99,0.0,0,0,0,14,0,1004,0,0.99,0.0,0
PF07317,PF01750,0,2,0,0,2,1016,0.0,1.0,0,0,2,0,0,2,1016,0.0,1.0,0,0
PF03524,PF10618,7,0,0,7,0,1011,0,0.99,0.0,0,0,0,7,0,1011,0,0.99,0.0,0
PF04625,PF06890,1,0,0,1,0,1017,0,1.0,0.0,0,0,0,1,0,1017,0,1.0,0.0,0
PF07148,PF09996,0,0,0,0,0,1018,0,1.0,0,0,0,0,0,0,1018,0,1.0,0,0
PF04978,PF02873,7,6,3,4,3,1008,0.5,0.99,0.43,0.46,6,3,4,3,1008,0.5,0.99,0.43,0.46
PF00629,PF01033,35,18,10,25,8,975,0.56,0.97,0.29,0.38,18,10,25,8,975,0.56,0.97,0.29,0.38
PF05616,PF14634,0,17,0,0,17,1001,0.0,0.98,0,0,17,0,0,17,1001,0.0,0.98,0,0
PF10183,PF09769,9,3,0,9,3,1006,0.0,0.99,0.0,-0.01,3,0,9,3,1006,0.0,0.99,0.0,-0.01
PF14326,PF17164,0,0,0,0,0,1018,0,1.0,0,0,0,0,0,0,1018,0,1.0,0,0
PF04586,PF07016,1,0,0,1,0,1017,0,1.0,0.0,0,0,0,1,0,1017,0,1.0,0.0,0
PF16210,PF15234,1,0,0,1,0,1017,0,1.0,0.0,0,0,0,1,0,1017,0,1.0,0.0,0
PF02038,PF04831,6,4,1,5,3,1009,0.25,0.99,0.17,0.2,4,1,5,3,1009,0.25,0.99,0.17,0.2
PF15266,PF06428,3,8,1,2,7,1008,0.12,0.99,0.33,0.2,8,1,2,7,1008,0.12,0.99,0.33,0.2
PF15384,PF15828,0,2,0,0,2,1016,0.0,1.0,0,0,2,0,0,2,1016,0.0,1.0,0,0
PF15492,PF08314,1,5,1,0,4,1013,0.2,1.0,1.0,0.45,5,1,0,4,1013,0.2,1.0,1.0,0.45
PF02740,PF01114,1,1,1,0,0,1017,1.0,1.0,1.0,1.0,1,1,0,0,1017,1.0,1.0,1.0,1.0
PF03959,PF12368,28,6,2,26,4,986,0.33,0.97,0.07,0.14,6,2,26,4,986,0.33,0.97,0.07,0.14
PF00976,PF16102,0,0,0,0,0,1018,0,1.0,0,0,0,0,0,0,1018,0,1.0,0,0
PF14536,PF15770,0,0,0,0,0,1018,0,1.0,0,0,0,0,0,0,1018,0,1.0,0,0
PF16697,PF12479,3,0,0,3,0,1015,0,1.0,0.0,0,0,0,3,0,1015,0,1.0,0.0,0
PF13860,PF12461,1,0,0,1,0,1017,0,1.0,0.0,0,0,0,1,0,1017,0,1.0,0.0,0
PF05152,PF11130,0,0,0,0,0,1018,0,1.0,0,0,0,0,0,0,1018,0,1.0,0,0
PF03840,PF04237,1,0,0,1,0,1017,0,1.0,0.0,0,0,0,1,0,1017,0,1.0,0.0,0
PF00217,PF02807,19,18,16,3,2,997,0.89,1.0,0.84,0.86,18,16,3,2,997,0.89,1.0,0.84,0.86
PF03254,PF02309,6,12,1,5,11,1001,0.08,0.98,0.17,0.11,12,1,5,11,1001,0.08,0.98,0.17,0.11
PF01274,PF00463,9,10,2,7,8,1001,0.2,0.99,0.22,0.2,10,2,7,8,1001,0.2,0.99,0.22,0.2
PF08997,PF09757,7,6,1,6,5,1006,0.17,0.99,0.14,0.15,6,1,6,5,1006,0.17,0.99,0.14,0.15
PF11971,PF08683,11,8,7,4,1,1006,0.88,1.0,0.64,0.74,8,7,4,1,1006,0.88,1.0,0.64,0.74
PF16678,PF09409,8,28,6,2,22,988,0.21,0.98,0.75,0.39,28,6,2,22,988,0.21,0.98,0.75,0.39
PF16686,PF02765,3,9,3,0,6,1009,0.33,0.99,1.0,0.58,9,3,0,6,1009,0.33,0.99,1.0,0.58
PF00899,PF16420,57,11,11,46,0,961,1.0,0.95,0.19,0.43,11,11,46,0,961,1.0,0.95,0.19,0.43
PF08151,PF16165,6,8,4,2,4,1008,0.5,0.99,0.67,0.57,8,4,2,4,1008,0.5,0.99,0.67,0.57
PF15473,PF00162,8,21,6,2,15,995,0.29,0.98,0.75,0.46,21,6,2,15,995,0.29,0.98,0.75,0.46
PF10221,PF11277,7,7,2,5,5,1006,0.29,0.99,0.29,0.28,7,2,5,5,1006,0.29,0.99,0.29,0.28
PF00152,PF01336,70,50,40,30,10,938,0.8,0.96,0.57,0.66,50,40,30,10,938,0.8,0.96,0.57,0.66
PF00311,PF04802,6,7,0,6,7,1005,0.0,0.99,0.0,-0.01,7,0,6,7,1005,0.0,0.99,0.0,-0.01
PF00834,PF00197,19,1,0,19,1,998,0.0,0.98,0.0,-0.0,1,0,19,1,998,0.0,0.98,0.0,-0.0
PF13867,PF04422,6,0,0,6,0,1012,0,0.99,0.0,0,0,0,6,0,1012,0,0.99,0.0,0
PF03528,PF09311,5,6,5,0,1,1012,0.83,1.0,1.0,0.91,6,5,0,1,1012,0.83,1.0,1.0,0.91
PF10976,PF03562,0,1,0,0,1,1017,0.0,1.0,0,0,1,0,0,1,1017,0.0,1.0,0,0
PF02568,PF07494,2,1,0,2,1,1015,0.0,1.0,0.0,-0.0,1,0,2,1,1015,0.0,1.0,0.0,-0.0
PF08327,PF09229,17,18,16,1,2,999,0.89,1.0,0.94,0.91,18,16,1,2,999,0.89,1.0,0.94,0.91
PF11016,PF06695,0,0,0,0,0,1018,0,1.0,0,0,0,0,0,0,1018,0,1.0,0,0
PF12922,PF12717,17,24,16,1,8,993,0.67,0.99,0.94,0.79,24,16,1,8,993,0.67,0.99,0.94,0.79
PF09362,PF11790,10,8,3,7,5,1003,0.38,0.99,0.3,0.33,8,3,7,5,1003,0.38,0.99,0.3,0.33
PF03478,PF07734,29,16,7,22,9,980,0.44,0.97,0.24,0.31,16,7,22,9,980,0.44,0.97,0.24,0.31
PF03160,PF07965,14,4,2,12,2,1002,0.5,0.99,0.14,0.26,4,2,12,2,1002,0.5,0.99,0.14,0.26
PF04381,PF00887,1,46,1,0,45,972,0.02,0.96,1.0,0.14,46,1,0,45,972,0.02,0.96,1.0,0.14
PF12460,PF07035,6,7,0,6,7,1005,0.0,0.99,0.0,-0.01,7,0,6,7,1005,0.0,0.99,0.0,-0.01
PF01042,PF01902,23,7,4,19,3,992,0.57,0.98,0.17,0.31,7,4,19,3,992,0.57,0.98,0.17,0.31
PF06252,PF02080,0,3,0,0,3,1015,0.0,1.0,0,0,3,0,0,3,1015,0.0,1.0,0,0
PF09349,PF02394,8,2,0,8,2,1008,0.0,0.99,0.0,-0.0,2,0,8,2,1008,0.0,0.99,0.0,-0.0
PF03810,PF08767,48,11,8,40,3,967,0.73,0.96,0.17,0.34,11,8,40,3,967,0.73,0.96,0.17,0.34
PF02244,PF00246,21,47,21,0,26,971,0.45,0.97,1.0,0.66,47,21,0,26,971,0.45,0.97,1.0,0.66
PF14289,PF05421,2,2,2,0,0,1016,1.0,1.0,1.0,1.0,2,2,0,0,1016,1.0,1.0,1.0,1.0
PF11429,PF05316,1,1,0,1,1,1016,0.0,1.0,0.0,-0.0,1,0,1,1,1016,0.0,1.0,0.0,-0.0
PF05903,PF15928,19,1,1,18,0,999,1.0,0.98,0.05,0.23,1,1,18,0,999,1.0,0.98,0.05,0.23
PF05751,PF00855,0,35,0,0,35,983,0.0,0.97,0,0,35,0,0,35,983,0.0,0.97,0,0
PF04360,PF15175,0,0,0,0,0,1018,0,1.0,0,0,0,0,0,0,1018,0,1.0,0,0
PF04529,PF05979,1,0,0,1,0,1017,0,1.0,0.0,0,0,0,1,0,1017,0,1.0,0.0,0
PF07684,PF06816,7,5,5,2,0,1011,1.0,1.0,0.71,0.84,5,5,2,0,1011,1.0,1.0,0.71,0.84
PF08106,PF06684,0,0,0,0,0,1018,0,1.0,0,0,0,0,0,0,1018,0,1.0,0,0
PF00390,PF03949,19,16,14,5,2,997,0.88,0.99,0.74,0.8,16,14,5,2,997,0.88,0.99,0.74,0.8
PF07112,PF07390,0,0,0,0,0,1018,0,1.0,0,0,0,0,0,0,1018,0,1.0,0,0
PF09465,PF01222,7,23,4,3,19,992,0.17,0.98,0.57,0.31,23,4,3,19,992,0.17,0.98,0.57,0.31
PF16387,PF00686,1,36,1,0,35,982,0.03,0.97,1.0,0.16,36,1,0,35,982,0.03,0.97,1.0,0.16
PF01103,PF07244,23,6,6,17,0,995,1.0,0.98,0.26,0.51,6,6,17,0,995,1.0,0.98,0.26,0.51
PF15444,PF15130,0,1,0,0,1,1017,0.0,1.0,0,0,1,0,0,1,1017,0.0,1.0,0,0
PF14377,PF16727,7,2,2,5,0,1011,1.0,1.0,0.29,0.53,2,2,5,0,1011,1.0,1.0,0.29,0.53
PF08312,PF06046,15,13,3,12,10,993,0.23,0.98,0.2,0.2,13,3,12,10,993,0.23,0.98,0.2,0.2
PF04115,PF03561,11,8,4,7,4,1003,0.5,0.99,0.36,0.42,8,4,7,4,1003,0.5,0.99,0.36,0.42
PF07119,PF10106,0,1,0,0,1,1017,0.0,1.0,0,0,1,0,0,1,1017,0.0,1.0,0,0
PF07004,PF04693,13,0,0,13,0,1005,0,0.99,0.0,0,0,0,13,0,1005,0,0.99,0.0,0
PF02988,PF00021,1,5,1,0,4,1013,0.2,1.0,1.0,0.45,5,1,0,4,1013,0.2,1.0,1.0,0.45
PF15976,PF07434,0,0,0,0,0,1018,0,1.0,0,0,0,0,0,0,1018,0,1.0,0,0
PF07876,PF01988,26,18,6,20,12,980,0.33,0.97,0.23,0.26,18,6,20,12,980,0.33,0.97,0.23,0.26
PF00499,PF00507,2,5,1,1,4,1012,0.2,1.0,0.5,0.31,5,1,1,4,1012,0.2,1.0,0.5,0.31
PF05498,PF02704,7,6,1,6,5,1006,0.17,0.99,0.14,0.15,6,1,6,5,1006,0.17,0.99,0.14,0.15
PF00103,PF02267,4,4,1,3,3,1011,0.25,0.99,0.25,0.25,4,1,3,3,1011,0.25,0.99,0.25,0.25
PF07934,PF10576,13,3,1,12,2,1003,0.33,0.99,0.08,0.16,3,1,12,2,1003,0.33,0.99,0.08,0.16
PF00164,PF00177,10,26,4,6,22,986,0.15,0.97,0.4,0.24,26,4,6,22,986,0.15,0.97,0.4,0.24
PF01367,PF06959,6,2,1,5,1,1011,0.5,0.99,0.17,0.29,2,1,5,1,1011,0.5,0.99,0.17,0.29
PF16533,PF14847,2,6,1,1,5,1011,0.17,0.99,0.5,0.29,6,1,1,5,1011,0.17,0.99,0.5,0.29
PF02534,PF03524,7,7,7,0,0,1011,1.0,1.0,1.0,1.0,7,7,0,0,1011,1.0,1.0,1.0,1.0
PF08762,PF12381,4,4,4,0,0,1014,1.0,1.0,1.0,1.0,4,4,0,0,1014,1.0,1.0,1.0,1.0
PF12719,PF13890,7,4,0,7,4,1007,0.0,0.99,0.0,-0.01,4,0,7,4,1007,0.0,0.99,0.0,-0.01
PF14910,PF14911,3,1,1,2,0,1015,1.0,1.0,0.33,0.58,1,1,2,0,1015,1.0,1.0,0.33,0.58
PF04296,PF14690,0,0,0,0,0,1018,0,1.0,0,0,0,0,0,0,1018,0,1.0,0,0
PF06663,PF10534,1,2,1,0,1,1016,0.5,1.0,1.0,0.71,2,1,0,1,1016,0.5,1.0,1.0,0.71
PF07711,PF16833,4,0,0,4,0,1014,0,1.0,0.0,0,0,0,4,0,1014,0,1.0,0.0,0
PF01408,PF17132,40,6,3,37,3,975,0.5,0.96,0.07,0.18,6,3,37,3,975,0.5,0.96,0.07,0.18
PF10853,PF10244,4,8,2,2,6,1008,0.25,0.99,0.5,0.35,8,2,2,6,1008,0.25,0.99,0.5,0.35
PF14654,PF05647,0,0,0,0,0,1018,0,1.0,0,0,0,0,0,0,1018,0,1.0,0,0
PF03281,PF07693,13,7,4,9,3,1002,0.57,0.99,0.31,0.41,7,4,9,3,1002,0.57,0.99,0.31,0.41
PF10816,PF00932,0,6,0,0,6,1012,0.0,0.99,0,0,6,0,0,6,1012,0.0,0.99,0,0
PF15557,PF07001,0,5,0,0,5,1013,0.0,1.0,0,0,5,0,0,5,1013,0.0,1.0,0,0
PF15817,PF11751,1,0,0,1,0,1017,0,1.0,0.0,0,0,0,1,0,1017,0,1.0,0.0,0
PF04562,PF15485,0,0,0,0,0,1018,0,1.0,0,0,0,0,0,0,1018,0,1.0,0,0
PF14534,PF17050,0,1,0,0,1,1017,0.0,1.0,0,0,1,0,0,1,1017,0.0,1.0,0,0
PF02218,PF08824,4,1,1,3,0,1014,1.0,1.0,0.25,0.5,1,1,3,0,1014,1.0,1.0,0.25,0.5
PF16838,PF05352,0,0,0,0,0,1018,0,1.0,0,0,0,0,0,0,1018,0,1.0,0,0
PF10147,PF10244,3,8,0,3,8,1007,0.0,0.99,0.0,-0.0,8,0,3,8,1007,0.0,0.99,0.0,-0.0
PF10584,PF12465,32,3,2,30,1,985,0.67,0.97,0.06,0.2,3,2,30,1,985,0.67,0.97,0.06,0.2
PF09678,PF08274,1,0,0,1,0,1017,0,1.0,0.0,0,0,0,1,0,1017,0,1.0,0.0,0
PF04945,PF13296,1,1,0,1,1,1016,0.0,1.0,0.0,-0.0,1,0,1,1,1016,0.0,1.0,0.0,-0.0
PF05192,PF05190,38,6,5,33,1,979,0.83,0.97,0.13,0.32,6,5,33,1,979,0.83,0.97,0.13,0.32
PF00891,PF08100,33,7,7,26,0,985,1.0,0.97,0.21,0.45,7,7,26,0,985,1.0,0.97,0.21,0.45
PF00855,PF10513,35,24,14,21,10,973,0.58,0.97,0.4,0.47,24,14,21,10,973,0.58,0.97,0.4,0.47
PF12830,PF05041,9,8,0,9,8,1001,0.0,0.98,0.0,-0.01,8,0,9,8,1001,0.0,0.98,0.0,-0.01
PF09543,PF14280,1,1,1,0,0,1017,1.0,1.0,1.0,1.0,1,1,0,0,1017,1.0,1.0,1.0,1.0
PF13787,PF04911,0,2,0,0,2,1016,0.0,1.0,0,0,2,0,0,2,1016,0.0,1.0,0,0
PF15925,PF12625,1,3,0,1,3,1014,0.0,1.0,0.0,-0.0,3,0,1,3,1014,0.0,1.0,0.0,-0.0
PF14028,PF13322,0,0,0,0,0,1018,0,1.0,0,0,0,0,0,0,1018,0,1.0,0,0
PF02425,PF17078,0,1,0,0,1,1017,0.0,1.0,0,0,1,0,0,1,1017,0.0,1.0,0,0
PF11851,PF15951,1,3,1,0,2,1015,0.33,1.0,1.0,0.58,3,1,0,2,1015,0.33,1.0,1.0,0.58
PF15674,PF02924,3,0,0,3,0,1015,0,1.0,0.0,0,0,0,3,0,1015,0,1.0,0.0,0
PF00257,PF10222,6,8,0,6,8,1004,0.0,0.99,0.0,-0.01,8,0,6,8,1004,0.0,0.99,0.0,-0.01
PF11227,PF17086,0,0,0,0,0,1018,0,1.0,0,0,0,0,0,0,1018,0,1.0,0,0
PF02321,PF01114,12,1,0,12,1,1005,0.0,0.99,0.0,-0.0,1,0,12,1,1005,0.0,0.99,0.0,-0.0
PF16558,PF04699,7,5,1,6,4,1007,0.2,0.99,0.14,0.16,5,1,6,4,1007,0.2,0.99,0.14,0.16
PF09027,PF06760,2,2,1,1,1,1015,0.5,1.0,0.5,0.5,2,1,1,1,1015,0.5,1.0,0.5,0.5
PF15204,PF01668,0,2,0,0,2,1016,0.0,1.0,0,0,2,0,0,2,1016,0.0,1.0,0,0
PF11035,PF15302,2,0,0,2,0,1016,0,1.0,0.0,0,0,0,2,0,1016,0,1.0,0.0,0
PF11312,PF13013,1,1,0,1,1,1016,0.0,1.0,0.0,-0.0,1,0,1,1,1016,0.0,1.0,0.0,-0.0
PF02608,PF01547,4,21,2,2,19,995,0.1,0.98,0.5,0.21,21,2,2,19,995,0.1,0.98,0.5,0.21
PF00054,PF02210,15,40,13,2,27,976,0.33,0.97,0.87,0.52,40,13,2,27,976,0.33,0.97,0.87,0.52
PF15179,PF15119,1,1,0,1,1,1016,0.0,1.0,0.0,-0.0,1,0,1,1,1016,0.0,1.0,0.0,-0.0
PF06887,PF01580,0,5,0,0,5,1013,0.0,1.0,0,0,5,0,0,5,1013,0.0,1.0,0,0
PF11934,PF01857,2,1,1,1,0,1016,1.0,1.0,0.5,0.71,1,1,1,0,1016,1.0,1.0,0.5,0.71
PF07273,PF08783,0,7,0,0,7,1011,0.0,0.99,0,0,7,0,0,7,1011,0.0,0.99,0,0
PF14310,PF01915,31,33,29,2,4,983,0.88,0.99,0.94,0.9,33,29,2,4,983,0.88,0.99,0.94,0.9
PF12638,PF00537,5,1,0,5,1,1012,0.0,0.99,0.0,-0.0,1,0,5,1,1012,0.0,0.99,0.0,-0.0
PF15121,PF15762,1,0,0,1,0,1017,0,1.0,0.0,0,0,0,1,0,1017,0,1.0,0.0,0
PF06371,PF06367,23,24,23,0,1,994,0.96,1.0,1.0,0.98,24,23,0,1,994,0.96,1.0,1.0,0.98
PF10107,PF07327,0,1,0,0,1,1017,0.0,1.0,0,0,1,0,0,1,1017,0.0,1.0,0,0
PF09256,PF10567,0,1,0,0,1,1017,0.0,1.0,0,0,1,0,0,1,1017,0.0,1.0,0,0
PF03870,PF03331,7,1,0,7,1,1010,0.0,0.99,0.0,-0.0,1,0,7,1,1010,0.0,0.99,0.0,-0.0
PF06852,PF11581,0,0,0,0,0,1018,0,1.0,0,0,0,0,0,0,1018,0,1.0,0,0
PF00907,PF11078,19,2,2,17,0,999,1.0,0.98,0.11,0.32,2,2,17,0,999,1.0,0.98,0.11,0.32
PF11559,PF10506,7,4,0,7,4,1007,0.0,0.99,0.0,-0.01,4,0,7,4,1007,0.0,0.99,0.0,-0.01
PF16332,PF12062,2,8,1,1,7,1009,0.12,0.99,0.5,0.25,8,1,1,7,1009,0.12,0.99,0.5,0.25
PF06028,PF06718,3,0,0,3,0,1015,0,1.0,0.0,0,0,0,3,0,1015,0,1.0,0.0,0
PF13193,PF16177,85,14,13,72,1,932,0.93,0.93,0.15,0.36,14,13,72,1,932,0.93,0.93,0.15,0.36
PF14764,PF09822,5,5,1,4,4,1009,0.2,0.99,0.2,0.2,5,1,4,4,1009,0.2,0.99,0.2,0.2
PF11404,PF07941,1,3,1,0,2,1015,0.33,1.0,1.0,0.58,3,1,0,2,1015,0.33,1.0,1.0,0.58
PF12738,PF00533,24,52,20,4,32,962,0.38,0.96,0.83,0.55,52,20,4,32,962,0.38,0.96,0.83,0.55
PF01594,PF09733,5,5,1,4,4,1009,0.2,0.99,0.2,0.2,5,1,4,4,1009,0.2,0.99,0.2,0.2
PF03398,PF14075,21,3,1,20,2,995,0.33,0.98,0.05,0.12,3,1,20,2,995,0.33,0.98,0.05,0.12
PF08355,PF08356,13,12,12,1,0,1005,1.0,1.0,0.92,0.96,12,12,1,0,1005,1.0,1.0,0.92,0.96
PF09803,PF11093,10,0,0,10,0,1008,0,0.99,0.0,0,0,0,10,0,1008,0,0.99,0.0,0
PF08950,PF17049,0,1,0,0,1,1017,0.0,1.0,0,0,1,0,0,1,1017,0.0,1.0,0,0
PF09994,PF01018,17,10,6,11,4,997,0.6,0.99,0.35,0.45,10,6,11,4,997,0.6,0.99,0.35,0.45
PF09457,PF11618,10,4,2,8,2,1006,0.5,0.99,0.2,0.31,4,2,8,2,1006,0.5,0.99,0.2,0.31
PF17185,PF16888,0,0,0,0,0,1018,0,1.0,0,0,0,0,0,0,1018,0,1.0,0,0
PF15159,PF01316,1,2,0,1,2,1015,0.0,1.0,0.0,-0.0,2,0,1,2,1015,0.0,1.0,0.0,-0.0
PF02050,PF03710,0,3,0,0,3,1015,0.0,1.0,0,0,3,0,0,3,1015,0.0,1.0,0,0
PF06769,PF02197,1,21,0,1,21,996,0.0,0.98,0.0,-0.0,21,0,1,21,996,0.0,0.98,0.0,-0.0
PF06881,PF07500,4,16,2,2,14,1000,0.12,0.98,0.5,0.24,16,2,2,14,1000,0.12,0.98,0.5,0.24
PF10160,PF04176,0,9,0,0,9,1009,0.0,0.99,0,0,9,0,0,9,1009,0.0,0.99,0,0
PF03437,PF14931,2,1,0,2,1,1015,0.0,1.0,0.0,-0.0,1,0,2,1,1015,0.0,1.0,0.0,-0.0
PF14786,PF08917,2,4,2,0,2,1014,0.5,1.0,1.0,0.71,4,2,0,2,1014,0.5,1.0,1.0,0.71
PF05459,PF12240,0,1,0,0,1,1017,0.0,1.0,0,0,1,0,0,1,1017,0.0,1.0,0,0
PF03323,PF02554,8,0,0,8,0,1010,0,0.99,0.0,0,0,0,8,0,1010,0,0.99,0.0,0
PF04904,PF04902,2,0,0,2,0,1016,0,1.0,0.0,0,0,0,2,0,1016,0,1.0,0.0,0
PF12948,PF14922,0,4,0,0,4,1014,0.0,1.0,0,0,4,0,0,4,1014,0.0,1.0,0,0
PF13026,PF10370,0,1,0,0,1,1017,0.0,1.0,0,0,1,0,0,1,1017,0.0,1.0,0,0
PF07666,PF00621,1,78,0,1,78,939,0.0,0.92,0.0,-0.01,78,0,1,78,939,0.0,0.92,0.0,-0.01
PF08067,PF16274,4,2,1,3,1,1013,0.5,1.0,0.25,0.35,2,1,3,1,1013,0.5,1.0,0.25,0.35
PF17086,PF11227,0,0,0,0,0,1018,0,1.0,0,0,0,0,0,0,1018,0,1.0,0,0
PF01789,PF07896,6,5,1,5,4,1008,0.2,0.99,0.17,0.18,5,1,5,4,1008,0.2,0.99,0.17,0.18
PF02913,PF09265,29,15,4,25,11,978,0.27,0.96,0.14,0.18,15,4,25,11,978,0.27,0.96,0.14,0.18
PF01663,PF04987,38,16,13,25,3,977,0.81,0.97,0.34,0.52,16,13,25,3,977,0.81,0.97,0.34,0.52
PF01782,PF04871,3,15,1,2,14,1001,0.07,0.98,0.33,0.14,15,1,2,14,1001,0.07,0.98,0.33,0.14
PF06377,PF08738,2,0,0,2,0,1016,0,1.0,0.0,0,0,0,2,0,1016,0,1.0,0.0,0
PF01180,PF16020,22,2,1,21,1,995,0.5,0.98,0.05,0.15,2,1,21,1,995,0.5,0.98,0.05,0.15
PF05066,PF13922,6,4,4,2,0,1012,1.0,1.0,0.67,0.82,4,4,2,0,1012,1.0,1.0,0.67,0.82
PF14248,PF08093,0,1,0,0,1,1017,0.0,1.0,0,0,1,0,0,1,1017,0.0,1.0,0,0
PF16515,PF17045,5,0,0,5,0,1013,0,1.0,0.0,0,0,0,5,0,1013,0,1.0,0.0,0
PF07411,PF03090,0,0,0,0,0,1018,0,1.0,0,0,0,0,0,0,1018,0,1.0,0,0
PF05999,PF08780,0,0,0,0,0,1018,0,1.0,0,0,0,0,0,0,1018,0,1.0,0,0
PF09220,PF07409,0,0,0,0,0,1018,0,1.0,0,0,0,0,0,0,1018,0,1.0,0,0
PF12861,PF15189,14,5,3,11,2,1002,0.6,0.99,0.21,0.35,5,3,11,2,1002,0.6,0.99,0.21,0.35
PF08597,PF10166,8,2,0,8,2,1008,0.0,0.99,0.0,-0.0,2,0,8,2,1008,0.0,0.99,0.0,-0.0
PF06011,PF06333,7,8,3,4,5,1006,0.38,0.99,0.43,0.4,8,3,4,5,1006,0.38,0.99,0.43,0.4
PF14545,PF04182,2,6,0,2,6,1010,0.0,0.99,0.0,-0.0,6,0,2,6,1010,0.0,0.99,0.0,-0.0
PF08564,PF03234,9,7,6,3,1,1008,0.86,1.0,0.67,0.75,7,6,3,1,1008,0.86,1.0,0.67,0.75
PF16863,PF00088,19,16,8,11,8,991,0.5,0.98,0.42,0.45,16,8,11,8,991,0.5,0.98,0.42,0.45
PF09418,PF12126,3,5,1,2,4,1011,0.2,0.99,0.33,0.26,5,1,2,4,1011,0.2,0.99,0.33,0.26
PF13891,PF05030,2,6,0,2,6,1010,0.0,0.99,0.0,-0.0,6,0,2,6,1010,0.0,0.99,0.0,-0.0
PF05379,PF16463,2,0,0,2,0,1016,0,1.0,0.0,0,0,0,2,0,1016,0,1.0,0.0,0
PF07453,PF07460,3,12,2,1,10,1005,0.17,0.99,0.67,0.33,12,2,1,10,1005,0.17,0.99,0.67,0.33
PF11827,PF15518,0,1,0,0,1,1017,0.0,1.0,0,0,1,0,0,1,1017,0.0,1.0,0,0
PF02142,PF00185,23,21,12,11,9,986,0.57,0.98,0.52,0.54,21,12,11,9,986,0.57,0.98,0.52,0.54
PF02176,PF16673,15,4,3,12,1,1002,0.75,0.99,0.2,0.38,4,3,12,1,1002,0.75,0.99,0.2,0.38
PF06617,PF09122,2,0,0,2,0,1016,0,1.0,0.0,0,0,0,2,0,1016,0,1.0,0.0,0
PF02118,PF10323,4,9,1,3,8,1006,0.11,0.99,0.25,0.16,9,1,3,8,1006,0.11,0.99,0.25,0.16
PF12856,PF09109,1,0,0,1,0,1017,0,1.0,0.0,0,0,0,1,0,1017,0,1.0,0.0,0
PF17191,PF12105,5,5,5,0,0,1013,1.0,1.0,1.0,1.0,5,5,0,0,1013,1.0,1.0,1.0,1.0
PF04749,PF03162,25,4,3,22,1,992,0.75,0.98,0.12,0.29,4,3,22,1,992,0.75,0.98,0.12,0.29
PF05743,PF09454,11,10,10,1,0,1007,1.0,1.0,0.91,0.95,10,10,1,0,1007,1.0,1.0,0.91,0.95
PF07726,PF03626,5,2,2,3,0,1013,1.0,1.0,0.4,0.63,2,2,3,0,1013,1.0,1.0,0.4,0.63
PF13774,PF00957,20,36,17,3,19,979,0.47,0.98,0.85,0.62,36,17,3,19,979,0.47,0.98,0.85,0.62
PF14886,PF09232,4,0,0,4,0,1014,0,1.0,0.0,0,0,0,4,0,1014,0,1.0,0.0,0
PF15165,PF15302,0,0,0,0,0,1018,0,1.0,0,0,0,0,0,0,1018,0,1.0,0,0
PF07350,PF02284,2,6,0,2,6,1010,0.0,0.99,0.0,-0.0,6,0,2,6,1010,0.0,0.99,0.0,-0.0
PF00327,PF01281,16,14,3,13,11,991,0.21,0.98,0.19,0.19,14,3,13,11,991,0.21,0.98,0.19,0.19
PF10755,PF15085,0,2,0,0,2,1016,0.0,1.0,0,0,2,0,0,2,1016,0.0,1.0,0,0
PF06108,PF06912,6,3,0,6,3,1009,0.0,0.99,0.0,-0.0,3,0,6,3,1009,0.0,0.99,0.0,-0.0
PF01241,PF06351,0,2,0,0,2,1016,0.0,1.0,0,0,2,0,0,2,1016,0.0,1.0,0,0
PF00008,PF12661,77,41,37,40,4,937,0.9,0.96,0.48,0.64,41,37,40,4,937,0.9,0.96,0.48,0.64
PF12396,PF03709,6,2,0,6,2,1010,0.0,0.99,0.0,-0.0,2,0,6,2,1010,0.0,0.99,0.0,-0.0
PF15271,PF14841,0,1,0,0,1,1017,0.0,1.0,0,0,1,0,0,1,1017,0.0,1.0,0,0
PF00384,PF09326,23,15,14,9,1,994,0.93,0.99,0.61,0.75,15,14,9,1,994,0.93,0.99,0.61,0.75
PF12263,PF00127,1,3,0,1,3,1014,0.0,1.0,0.0,-0.0,3,0,1,3,1014,0.0,1.0,0.0,-0.0
PF04714,PF07052,3,12,0,3,12,1003,0.0,0.99,0.0,-0.01,12,0,3,12,1003,0.0,0.99,0.0,-0.01
PF04148,PF11264,4,1,0,4,1,1013,0.0,1.0,0.0,-0.0,1,0,4,1,1013,0.0,1.0,0.0,-0.0
PF10408,PF04564,11,56,10,1,46,961,0.18,0.95,0.91,0.39,56,10,1,46,961,0.18,0.95,0.91,0.39
PF08038,PF15475,1,1,0,1,1,1016,0.0,1.0,0.0,-0.0,1,0,1,1,1016,0.0,1.0,0.0,-0.0
PF04765,PF03195,10,8,2,8,6,1002,0.25,0.99,0.2,0.22,8,2,8,6,1002,0.25,0.99,0.2,0.22
PF17201,PF01000,0,7,0,0,7,1011,0.0,0.99,0,0,7,0,0,7,1011,0.0,0.99,0,0
PF00469,PF11697,1,0,0,1,0,1017,0,1.0,0.0,0,0,0,1,0,1017,0,1.0,0.0,0
PF05306,PF06581,0,0,0,0,0,1018,0,1.0,0,0,0,0,0,0,1018,0,1.0,0,0
PF07703,PF00207,13,18,13,0,5,1000,0.72,1.0,1.0,0.85,18,13,0,5,1000,0.72,1.0,1.0,0.85
PF14800,PF04129,4,18,2,2,16,998,0.11,0.98,0.5,0.23,18,2,2,16,998,0.11,0.98,0.5,0.23
PF04646,PF06830,7,0,0,7,0,1011,0,0.99,0.0,0,0,0,7,0,1011,0,0.99,0.0,0
PF00465,PF00171,24,106,19,5,87,907,0.18,0.91,0.79,0.35,106,19,5,87,907,0.18,0.91,0.79,0.35
PF06763,PF11924,0,1,0,0,1,1017,0.0,1.0,0,0,1,0,0,1,1017,0.0,1.0,0,0
PF03648,PF07477,3,4,3,0,1,1014,0.75,1.0,1.0,0.87,4,3,0,1,1014,0.75,1.0,1.0,0.87
PF11743,PF13811,0,0,0,0,0,1018,0,1.0,0,0,0,0,0,0,1018,0,1.0,0,0
PF09488,PF01338,1,0,0,1,0,1017,0,1.0,0.0,0,0,0,1,0,1017,0,1.0,0.0,0
PF11675,PF15775,0,0,0,0,0,1018,0,1.0,0,0,0,0,0,0,1018,0,1.0,0,0
PF03846,PF06910,0,1,0,0,1,1017,0.0,1.0,0,0,1,0,0,1,1017,0.0,1.0,0,0
PF02784,PF00278,19,19,15,4,4,995,0.79,0.99,0.79,0.79,19,15,4,4,995,0.79,0.99,0.79,0.79
PF00562,PF04561,22,4,4,18,0,996,1.0,0.98,0.18,0.42,4,4,18,0,996,1.0,0.98,0.18,0.42
PF09996,PF15055,0,0,0,0,0,1018,0,1.0,0,0,0,0,0,0,1018,0,1.0,0,0
PF01472,PF01509,16,19,7,9,12,990,0.37,0.98,0.44,0.39,19,7,9,12,990,0.37,0.98,0.44,0.39
PF07011,PF11947,0,3,0,0,3,1015,0.0,1.0,0,0,3,0,0,3,1015,0.0,1.0,0,0
PF02666,PF12588,17,3,3,14,0,1001,1.0,0.99,0.18,0.42,3,3,14,0,1001,1.0,0.99,0.18,0.42
PF04588,PF01896,13,8,3,10,5,1000,0.38,0.99,0.23,0.29,8,3,10,5,1000,0.38,0.99,0.23,0.29
PF00082,PF05922,63,25,23,40,2,953,0.92,0.96,0.37,0.57,25,23,40,2,953,0.92,0.96,0.37,0.57
PF16655,PF09423,3,14,3,0,11,1004,0.21,0.99,1.0,0.46,14,3,0,11,1004,0.21,0.99,1.0,0.46
PF14429,PF16172,13,2,2,11,0,1005,1.0,0.99,0.15,0.39,2,2,11,0,1005,1.0,0.99,0.15,0.39
PF01545,PF00474,41,39,12,29,27,950,0.31,0.94,0.29,0.27,39,12,29,27,950,0.31,0.94,0.29,0.27
PF00456,PF13292,11,3,0,11,3,1004,0.0,0.99,0.0,-0.01,3,0,11,3,1004,0.0,0.99,0.0,-0.01
PF15861,PF13643,3,1,1,2,0,1015,1.0,1.0,0.33,0.58,1,1,2,0,1015,1.0,1.0,0.33,0.58
PF04519,PF02554,2,0,0,2,0,1016,0,1.0,0.0,0,0,0,2,0,1016,0,1.0,0.0,0
PF07484,PF01913,0,1,0,0,1,1017,0.0,1.0,0,0,1,0,0,1,1017,0.0,1.0,0,0
PF03664,PF00457,6,5,3,3,2,1010,0.6,1.0,0.5,0.55,5,3,3,2,1010,0.6,1.0,0.5,0.55
PF00035,PF01207,54,35,15,39,20,944,0.43,0.94,0.28,0.32,35,15,39,20,944,0.43,0.94,0.28,0.32
PF12004,PF08165,1,2,1,0,1,1016,0.5,1.0,1.0,0.71,2,1,0,1,1016,0.5,1.0,1.0,0.71
PF08396,PF02950,0,1,0,0,1,1017,0.0,1.0,0,0,1,0,0,1,1017,0.0,1.0,0,0
PF16641,PF01465,1,15,1,0,14,1003,0.07,0.99,1.0,0.26,15,1,0,14,1003,0.07,0.99,1.0,0.26
PF04428,PF16967,3,0,0,3,0,1015,0,1.0,0.0,0,0,0,3,0,1015,0,1.0,0.0,0
PF08592,PF10224,6,4,1,5,3,1009,0.25,0.99,0.17,0.2,4,1,5,3,1009,0.25,0.99,0.17,0.2
PF00453,PF00499,15,2,0,15,2,1001,0.0,0.98,0.0,-0.01,2,0,15,2,1001,0.0,0.98,0.0,-0.01
PF06863,PF06742,0,3,0,0,3,1015,0.0,1.0,0,0,3,0,0,3,1015,0.0,1.0,0,0
PF05145,PF04046,0,9,0,0,9,1009,0.0,0.99,0,0,9,0,0,9,1009,0.0,0.99,0,0
PF14714,PF15086,3,3,1,2,2,1013,0.33,1.0,0.33,0.33,3,1,2,2,1013,0.33,1.0,0.33,0.33
PF14220,PF09327,2,0,0,2,0,1016,0,1.0,0.0,0,0,0,2,0,1016,0,1.0,0.0,0
PF07993,PF03015,48,20,19,29,1,969,0.95,0.97,0.4,0.6,20,19,29,1,969,0.95,0.97,0.4,0.6
PF06381,PF03592,0,0,0,0,0,1018,0,1.0,0,0,0,0,0,0,1018,0,1.0,0,0
PF09345,PF07718,0,8,0,0,8,1010,0.0,0.99,0,0,8,0,0,8,1010,0.0,0.99,0,0
PF00777,PF03062,22,35,9,13,26,970,0.26,0.96,0.41,0.31,35,9,13,26,970,0.26,0.96,0.41,0.31
PF07893,PF14800,20,4,4,16,0,998,1.0,0.98,0.2,0.44,4,4,16,0,998,1.0,0.98,0.2,0.44
PF04023,PF10547,1,0,0,1,0,1017,0,1.0,0.0,0,0,0,1,0,1017,0,1.0,0.0,0
PF13305,PF15149,0,1,0,0,1,1017,0.0,1.0,0,0,1,0,0,1,1017,0.0,1.0,0,0
PF11741,PF04351,0,0,0,0,0,1018,0,1.0,0,0,0,0,0,0,1018,0,1.0,0,0
PF03175,PF02945,11,6,5,6,1,1006,0.83,0.99,0.45,0.61,6,5,6,1,1006,0.83,0.99,0.45,0.61
PF08288,PF15924,11,5,1,10,4,1003,0.2,0.99,0.09,0.13,5,1,10,4,1003,0.2,0.99,0.09,0.13
PF05929,PF02495,0,0,0,0,0,1018,0,1.0,0,0,0,0,0,0,1018,0,1.0,0,0
PF15505,PF15119,1,1,0,1,1,1016,0.0,1.0,0.0,-0.0,1,0,1,1,1016,0.0,1.0,0.0,-0.0
PF01348,PF01215,11,10,1,10,9,998,0.1,0.98,0.09,0.09,10,1,10,9,998,0.1,0.98,0.09,0.09
PF02008,PF16866,17,7,6,11,1,1000,0.86,0.99,0.35,0.55,7,6,11,1,1000,0.86,0.99,0.35,0.55
PF15334,PF15770,0,0,0,0,0,1018,0,1.0,0,0,0,0,0,0,1018,0,1.0,0,0
PF01944,PF14258,0,0,0,0,0,1018,0,1.0,0,0,0,0,0,0,1018,0,1.0,0,0
PF05817,PF02580,13,15,5,8,10,995,0.33,0.98,0.38,0.35,15,5,8,10,995,0.33,0.98,0.38,0.35
PF11740,PF08291,0,0,0,0,0,1018,0,1.0,0,0,0,0,0,0,1018,0,1.0,0,0
PF09333,PF12624,16,27,9,7,18,984,0.33,0.98,0.56,0.42,27,9,7,18,984,0.33,0.98,0.56,0.42
PF05841,PF13810,0,1,0,0,1,1017,0.0,1.0,0,0,1,0,0,1,1017,0.0,1.0,0,0
PF15917,PF09743,2,4,0,2,4,1012,0.0,0.99,0.0,-0.0,4,0,2,4,1012,0.0,0.99,0.0,-0.0
PF06766,PF15370,2,3,0,2,3,1013,0.0,1.0,0.0,-0.0,3,0,2,3,1013,0.0,1.0,0.0,-0.0
PF08658,PF13892,10,16,5,5,11,997,0.31,0.98,0.5,0.39,16,5,5,11,997,0.31,0.98,0.5,0.39
PF07228,PF00654,9,34,4,5,30,979,0.12,0.97,0.44,0.22,34,4,5,30,979,0.12,0.97,0.44,0.22
PF06083,PF01632,3,5,0,3,5,1010,0.0,0.99,0.0,-0.0,5,0,3,5,1010,0.0,0.99,0.0,-0.0
PF07172,PF15129,1,1,0,1,1,1016,0.0,1.0,0.0,-0.0,1,0,1,1,1016,0.0,1.0,0.0,-0.0
PF12057,PF16843,2,1,1,1,0,1016,1.0,1.0,0.5,0.71,1,1,1,0,1016,1.0,1.0,0.5,0.71
PF09802,PF15849,2,0,0,2,0,1016,0,1.0,0.0,0,0,0,2,0,1016,0,1.0,0.0,0
PF07648,PF00050,25,19,12,13,7,986,0.63,0.98,0.48,0.54,19,12,13,7,986,0.63,0.98,0.48,0.54
PF14711,PF16325,0,1,0,0,1,1017,0.0,1.0,0,0,1,0,0,1,1017,0.0,1.0,0,0
PF00975,PF16197,21,36,18,3,18,979,0.5,0.98,0.86,0.65,36,18,3,18,979,0.5,0.98,0.86,0.65
PF08813,PF05125,0,0,0,0,0,1018,0,1.0,0,0,0,0,0,0,1018,0,1.0,0,0
PF00291,PF00290,56,4,2,54,2,960,0.5,0.94,0.04,0.12,4,2,54,2,960,0.5,0.94,0.04,0.12
PF16715,PF06161,1,0,0,1,0,1017,0,1.0,0.0,0,0,0,1,0,1017,0,1.0,0.0,0
PF14996,PF15161,1,2,1,0,1,1016,0.5,1.0,1.0,0.71,2,1,0,1,1016,0.5,1.0,1.0,0.71
PF15158,PF15055,0,0,0,0,0,1018,0,1.0,0,0,0,0,0,0,1018,0,1.0,0,0
PF02310,PF01642,7,5,5,2,0,1011,1.0,1.0,0.71,0.84,5,5,2,0,1011,1.0,1.0,0.71,0.84
PF04172,PF14022,2,2,0,2,2,1014,0.0,1.0,0.0,-0.0,2,0,2,2,1014,0.0,1.0,0.0,-0.0
PF13593,PF05254,5,8,0,5,8,1005,0.0,0.99,0.0,-0.01,8,0,5,8,1005,0.0,0.99,0.0,-0.01
PF12101,PF03428,0,0,0,0,0,1018,0,1.0,0,0,0,0,0,0,1018,0,1.0,0,0
PF15761,PF15856,1,1,0,1,1,1016,0.0,1.0,0.0,-0.0,1,0,1,1,1016,0.0,1.0,0.0,-0.0
PF15985,PF10447,12,8,2,10,6,1000,0.25,0.98,0.17,0.2,8,2,10,6,1000,0.25,0.98,0.17,0.2
PF07204,PF11465,4,3,1,3,2,1012,0.33,1.0,0.25,0.29,3,1,3,2,1012,0.33,1.0,0.25,0.29
PF12716,PF06912,0,3,0,0,3,1015,0.0,1.0,0,0,3,0,0,3,1015,0.0,1.0,0,0
PF05088,PF02812,8,14,4,4,10,1000,0.29,0.99,0.5,0.37,14,4,4,10,1000,0.29,0.99,0.5,0.37
PF15810,PF14610,1,3,1,0,2,1015,0.33,1.0,1.0,0.58,3,1,0,2,1015,0.33,1.0,1.0,0.58
PF04281,PF05347,3,29,1,2,28,987,0.03,0.97,0.33,0.1,29,1,2,28,987,0.03,0.97,0.33,0.1
PF15866,PF15248,5,5,3,2,2,1011,0.6,1.0,0.6,0.6,5,3,2,2,1011,0.6,1.0,0.6,0.6
PF05724,PF05995,8,10,3,5,7,1003,0.3,0.99,0.38,0.33,10,3,5,7,1003,0.3,0.99,0.38,0.33
PF16864,PF02545,11,18,4,7,14,993,0.22,0.98,0.36,0.27,18,4,7,14,993,0.22,0.98,0.36,0.27
PF01546,PF07687,37,11,8,29,3,978,0.73,0.97,0.22,0.39,11,8,29,3,978,0.73,0.97,0.22,0.39
PF04725,PF05479,2,1,0,2,1,1015,0.0,1.0,0.0,-0.0,1,0,2,1,1015,0.0,1.0,0.0,-0.0
PF10908,PF10566,0,0,0,0,0,1018,0,1.0,0,0,0,0,0,0,1018,0,1.0,0,0
PF02841,PF02263,12,21,12,0,9,997,0.57,0.99,1.0,0.75,21,12,0,9,997,0.57,0.99,1.0,0.75
PF02800,PF00044,28,28,20,8,8,982,0.71,0.98,0.71,0.71,28,20,8,8,982,0.71,0.98,0.71,0.71
PF03344,PF09444,1,1,0,1,1,1016,0.0,1.0,0.0,-0.0,1,0,1,1,1016,0.0,1.0,0.0,-0.0
PF11435,PF13247,1,0,0,1,0,1017,0,1.0,0.0,0,0,0,1,0,1017,0,1.0,0.0,0
PF05361,PF15359,4,2,1,3,1,1013,0.5,1.0,0.25,0.35,2,1,3,1,1013,0.5,1.0,0.25,0.35
PF00483,PF00132,30,59,20,10,39,949,0.34,0.95,0.67,0.45,59,20,10,39,949,0.34,0.95,0.67,0.45
PF16900,PF08646,15,22,15,0,7,996,0.68,0.99,1.0,0.82,22,15,0,7,996,0.68,0.99,1.0,0.82
PF13404,PF03406,6,0,0,6,0,1012,0,0.99,0.0,0,0,0,6,0,1012,0,0.99,0.0,0
PF04505,PF06083,15,3,1,14,2,1001,0.33,0.98,0.07,0.14,3,1,14,2,1001,0.33,0.98,0.07,0.14
PF10787,PF15826,0,0,0,0,0,1018,0,1.0,0,0,0,0,0,0,1018,0,1.0,0,0
PF02626,PF02682,11,11,11,0,0,1007,1.0,1.0,1.0,1.0,11,11,0,0,1007,1.0,1.0,1.0,1.0
PF03405,PF05910,3,10,1,2,9,1006,0.1,0.99,0.33,0.18,10,1,2,9,1006,0.1,0.99,0.33,0.18
PF14647,PF14648,3,3,3,0,0,1015,1.0,1.0,1.0,1.0,3,3,0,0,1015,1.0,1.0,1.0,1.0
PF07702,PF00392,4,19,4,0,15,999,0.21,0.99,1.0,0.46,19,4,0,15,999,0.21,0.99,1.0,0.46
PF05189,PF01137,3,11,3,0,8,1007,0.27,0.99,1.0,0.52,11,3,0,8,1007,0.27,0.99,1.0,0.52
PF09922,PF11306,0,0,0,0,0,1018,0,1.0,0,0,0,0,0,0,1018,0,1.0,0,0
PF07543,PF14087,6,9,4,2,5,1007,0.44,0.99,0.67,0.54,9,4,2,5,1007,0.44,0.99,0.67,0.54
PF06405,PF09585,3,1,0,3,1,1014,0.0,1.0,0.0,-0.0,1,0,3,1,1014,0.0,1.0,0.0,-0.0
PF11842,PF06962,2,2,2,0,0,1016,1.0,1.0,1.0,1.0,2,2,0,0,1016,1.0,1.0,1.0,1.0
PF09495,PF06842,1,9,0,1,9,1008,0.0,0.99,0.0,-0.0,9,0,1,9,1008,0.0,0.99,0.0,-0.0
PF02343,PF10322,2,0,0,2,0,1016,0,1.0,0.0,0,0,0,2,0,1016,0,1.0,0.0,0
PF04247,PF08274,0,0,0,0,0,1018,0,1.0,0,0,0,0,0,0,1018,0,1.0,0,0
PF02401,PF07298,5,2,0,5,2,1011,0.0,0.99,0.0,-0.0,2,0,5,2,1011,0.0,0.99,0.0,-0.0
PF13205,PF07494,3,1,0,3,1,1014,0.0,1.0,0.0,-0.0,1,0,3,1,1014,0.0,1.0,0.0,-0.0
PF16632,PF16600,1,1,1,0,0,1017,1.0,1.0,1.0,1.0,1,1,0,0,1017,1.0,1.0,1.0,1.0
PF01160,PF15346,1,2,0,1,2,1015,0.0,1.0,0.0,-0.0,2,0,1,2,1015,0.0,1.0,0.0,-0.0
PF03423,PF16338,3,1,1,2,0,1015,1.0,1.0,0.33,0.58,1,1,2,0,1015,1.0,1.0,0.33,0.58
PF04427,PF13664,22,9,5,17,4,992,0.56,0.98,0.23,0.35,9,5,17,4,992,0.56,0.98,0.23,0.35
PF12608,PF14317,0,0,0,0,0,1018,0,1.0,0,0,0,0,0,0,1018,0,1.0,0,0
PF15519,PF12220,10,5,2,8,3,1005,0.4,0.99,0.2,0.28,5,2,8,3,1005,0.4,0.99,0.2,0.28
PF01179,PF02728,28,18,18,10,0,990,1.0,0.99,0.64,0.8,18,18,10,0,990,1.0,0.99,0.64,0.8
PF10189,PF02213,8,16,2,6,14,996,0.12,0.98,0.25,0.17,16,2,6,14,996,0.12,0.98,0.25,0.17
PF02731,PF10188,8,0,0,8,0,1010,0,0.99,0.0,0,0,0,8,0,1010,0,0.99,0.0,0
PF11865,PF02260,9,24,8,1,16,993,0.33,0.98,0.89,0.54,24,8,1,16,993,0.33,0.98,0.89,0.54
PF14531,PF15067,1,4,0,1,4,1013,0.0,1.0,0.0,-0.0,4,0,1,4,1013,0.0,1.0,0.0,-0.0
PF00088,PF16863,16,19,8,8,11,991,0.42,0.98,0.5,0.45,19,8,8,11,991,0.42,0.98,0.5,0.45
PF00356,PF00532,13,5,5,8,0,1005,1.0,0.99,0.38,0.62,5,5,8,0,1005,1.0,0.99,0.38,0.62
PF04542,PF04539,21,15,12,9,3,994,0.8,0.99,0.57,0.67,15,12,9,3,994,0.8,0.99,0.57,0.67
PF07324,PF02126,3,8,0,3,8,1007,0.0,0.99,0.0,-0.0,8,0,3,8,1007,0.0,0.99,0.0,-0.0
PF04057,PF16900,11,15,8,3,7,1000,0.53,0.99,0.73,0.62,15,8,3,7,1000,0.53,0.99,0.73,0.62
PF00706,PF15119,0,1,0,0,1,1017,0.0,1.0,0,0,1,0,0,1,1017,0.0,1.0,0,0
PF13519,PF08487,35,11,5,30,6,977,0.45,0.96,0.14,0.24,11,5,30,6,977,0.45,0.96,0.14,0.24
PF15577,PF15856,3,1,0,3,1,1014,0.0,1.0,0.0,-0.0,1,0,3,1,1014,0.0,1.0,0.0,-0.0
PF00345,PF13954,3,3,3,0,0,1015,1.0,1.0,1.0,1.0,3,3,0,0,1015,1.0,1.0,1.0,1.0
PF04977,PF00387,0,18,0,0,18,1000,0.0,0.98,0,0,18,0,0,18,1000,0.0,0.98,0,0
PF14759,PF14962,7,2,1,6,1,1010,0.5,0.99,0.14,0.26,2,1,6,1,1010,0.5,0.99,0.14,0.26
PF16987,PF08495,14,4,2,12,2,1002,0.5,0.99,0.14,0.26,4,2,12,2,1002,0.5,0.99,0.14,0.26
PF00848,PF08802,13,3,2,11,1,1004,0.67,0.99,0.15,0.32,3,2,11,1,1004,0.67,0.99,0.15,0.32
PF06415,PF10143,4,4,2,2,2,1012,0.5,1.0,0.5,0.5,4,2,2,2,1012,0.5,1.0,0.5,0.5
PF10356,PF10303,2,1,0,2,1,1015,0.0,1.0,0.0,-0.0,1,0,2,1,1015,0.0,1.0,0.0,-0.0
PF03611,PF02302,2,1,1,1,0,1016,1.0,1.0,0.5,0.71,1,1,1,0,1016,1.0,1.0,0.5,0.71
PF00337,PF13334,26,3,3,23,0,992,1.0,0.98,0.12,0.34,3,3,23,0,992,1.0,0.98,0.12,0.34
PF07408,PF04999,1,1,0,1,1,1016,0.0,1.0,0.0,-0.0,1,0,1,1,1016,0.0,1.0,0.0,-0.0
PF04857,PF08675,23,4,4,19,0,995,1.0,0.98,0.17,0.41,4,4,19,0,995,1.0,0.98,0.17,0.41
PF16957,PF01312,2,0,0,2,0,1016,0,1.0,0.0,0,0,0,2,0,1016,0,1.0,0.0,0
PF10009,PF06890,0,0,0,0,0,1018,0,1.0,0,0,0,0,0,0,1018,0,1.0,0,0
PF04225,PF08437,6,2,0,6,2,1010,0.0,0.99,0.0,-0.0,2,0,6,2,1010,0.0,0.99,0.0,-0.0
PF04218,PF03221,14,55,14,0,41,963,0.25,0.96,1.0,0.49,55,14,0,41,963,0.25,0.96,1.0,0.49
PF05181,PF07111,8,3,1,7,2,1008,0.33,0.99,0.12,0.2,3,1,7,2,1008,0.33,0.99,0.12,0.2
PF00352,PF13259,22,5,3,19,2,994,0.6,0.98,0.14,0.28,5,3,19,2,994,0.6,0.98,0.14,0.28
PF08453,PF01752,2,2,2,0,0,1016,1.0,1.0,1.0,1.0,2,2,0,0,1016,1.0,1.0,1.0,1.0
PF12795,PF10473,4,4,0,4,4,1010,0.0,0.99,0.0,-0.0,4,0,4,4,1010,0.0,0.99,0.0,-0.0
PF11711,PF10775,1,0,0,1,0,1017,0,1.0,0.0,0,0,0,1,0,1017,0,1.0,0.0,0
PF05953,PF04120,1,0,0,1,0,1017,0,1.0,0.0,0,0,0,1,0,1017,0,1.0,0.0,0
PF15152,PF15107,1,0,0,1,0,1017,0,1.0,0.0,0,0,0,1,0,1017,0,1.0,0.0,0
PF15827,PF08504,1,2,0,1,2,1015,0.0,1.0,0.0,-0.0,2,0,1,2,1015,0.0,1.0,0.0,-0.0
PF13765,PF00622,19,67,16,3,51,948,0.24,0.95,0.84,0.43,67,16,3,51,948,0.24,0.95,0.84,0.43
PF02234,PF08209,8,10,0,8,10,1000,0.0,0.98,0.0,-0.01,10,0,8,10,1000,0.0,0.98,0.0,-0.01
PF11967,PF01514,0,0,0,0,0,1018,0,1.0,0,0,0,0,0,0,1018,0,1.0,0,0
PF15193,PF15107,0,0,0,0,0,1018,0,1.0,0,0,0,0,0,0,1018,0,1.0,0,0
PF15096,PF15623,0,0,0,0,0,1018,0,1.0,0,0,0,0,0,0,1018,0,1.0,0,0
PF01796,PF12106,1,1,0,1,1,1016,0.0,1.0,0.0,-0.0,1,0,1,1,1016,0.0,1.0,0.0,-0.0
PF08532,PF07117,8,0,0,8,0,1010,0,0.99,0.0,0,0,0,8,0,1010,0,0.99,0.0,0
PF10502,PF13911,4,17,1,3,16,998,0.06,0.98,0.25,0.11,17,1,3,16,998,0.06,0.98,0.25,0.11
PF02326,PF09363,4,2,0,4,2,1012,0.0,0.99,0.0,-0.0,2,0,4,2,1012,0.0,0.99,0.0,-0.0
PF14779,PF07034,2,5,0,2,5,1011,0.0,0.99,0.0,-0.0,5,0,2,5,1011,0.0,0.99,0.0,-0.0
PF01463,PF01462,6,8,6,0,2,1010,0.75,1.0,1.0,0.87,8,6,0,2,1010,0.75,1.0,1.0,0.87
PF15901,PF15902,9,13,9,0,4,1005,0.69,1.0,1.0,0.83,13,9,0,4,1005,0.69,1.0,1.0,0.83
PF11857,PF08924,3,0,0,3,0,1015,0,1.0,0.0,0,0,0,3,0,1015,0,1.0,0.0,0
PF05577,PF00232,28,36,7,21,29,961,0.19,0.95,0.25,0.2,36,7,21,29,961,0.19,0.95,0.25,0.2
PF04232,PF07963,3,2,0,3,2,1013,0.0,1.0,0.0,-0.0,2,0,3,2,1013,0.0,1.0,0.0,-0.0
PF12704,PF08352,6,4,2,4,2,1010,0.5,0.99,0.33,0.41,4,2,4,2,1010,0.5,0.99,0.33,0.41
PF04795,PF04925,2,7,1,1,6,1010,0.14,0.99,0.5,0.26,7,1,1,6,1010,0.14,0.99,0.5,0.26
PF13741,PF10775,2,0,0,2,0,1016,0,1.0,0.0,0,0,0,2,0,1016,0,1.0,0.0,0
PF03790,PF03791,1,3,1,0,2,1015,0.33,1.0,1.0,0.58,3,1,0,2,1015,0.33,1.0,1.0,0.58
PF04260,PF07399,3,2,0,3,2,1013,0.0,1.0,0.0,-0.0,2,0,3,2,1013,0.0,1.0,0.0,-0.0
PF05064,PF13874,5,15,2,3,13,1000,0.13,0.98,0.4,0.22,15,2,3,13,1000,0.13,0.98,0.4,0.22
PF02099,PF08059,9,10,3,6,7,1002,0.3,0.99,0.33,0.31,10,3,6,7,1002,0.3,0.99,0.33,0.31
PF17192,PF03882,0,0,0,0,0,1018,0,1.0,0,0,0,0,0,0,1018,0,1.0,0,0
PF06480,PF16193,16,14,4,12,10,992,0.29,0.98,0.25,0.26,14,4,12,10,992,0.29,0.98,0.25,0.26
PF12924,PF02177,8,9,8,0,1,1009,0.89,1.0,1.0,0.94,9,8,0,1,1009,0.89,1.0,1.0,0.94
PF04637,PF17164,0,0,0,0,0,1018,0,1.0,0,0,0,0,0,0,1018,0,1.0,0,0
PF14934,PF10195,2,1,0,2,1,1015,0.0,1.0,0.0,-0.0,1,0,2,1,1015,0.0,1.0,0.0,-0.0
PF05086,PF05109,0,0,0,0,0,1018,0,1.0,0,0,0,0,0,0,1018,0,1.0,0,0
PF12903,PF15681,0,3,0,0,3,1015,0.0,1.0,0,0,3,0,0,3,1015,0.0,1.0,0,0
PF04186,PF15713,0,2,0,0,2,1016,0.0,1.0,0,0,2,0,0,2,1016,0.0,1.0,0,0
PF09577,PF10399,0,3,0,0,3,1015,0.0,1.0,0,0,3,0,0,3,1015,0.0,1.0,0,0
PF03126,PF02201,16,28,11,5,17,985,0.39,0.98,0.69,0.51,28,11,5,17,985,0.39,0.98,0.69,0.51
PF15709,PF06890,0,0,0,0,0,1018,0,1.0,0,0,0,0,0,0,1018,0,1.0,0,0
PF15772,PF15119,0,1,0,0,1,1017,0.0,1.0,0,0,1,0,0,1,1017,0.0,1.0,0,0
PF15400,PF15482,0,0,0,0,0,1018,0,1.0,0,0,0,0,0,0,1018,0,1.0,0,0
PF14818,PF07558,7,3,1,6,2,1009,0.33,0.99,0.14,0.21,3,1,6,2,1009,0.33,0.99,0.14,0.21
PF03402,PF00143,3,1,0,3,1,1014,0.0,1.0,0.0,-0.0,1,0,3,1,1014,0.0,1.0,0.0,-0.0
PF16474,PF08687,11,4,1,10,3,1004,0.25,0.99,0.09,0.15,4,1,10,3,1004,0.25,0.99,0.09,0.15
PF03782,PF00094,12,36,11,1,25,981,0.31,0.97,0.92,0.52,36,11,1,25,981,0.31,0.97,0.92,0.52
PF02774,PF01118,14,13,10,4,3,1001,0.77,0.99,0.71,0.74,13,10,4,3,1001,0.77,0.99,0.71,0.74
PF03514,PF07887,20,11,10,10,1,997,0.91,0.99,0.5,0.67,11,10,10,1,997,0.91,0.99,0.5,0.67
PF10791,PF03389,0,0,0,0,0,1018,0,1.0,0,0,0,0,0,0,1018,0,1.0,0,0
PF12072,PF10470,1,0,0,1,0,1017,0,1.0,0.0,0,0,0,1,0,1017,0,1.0,0.0,0
PF11551,PF06827,3,9,3,0,6,1009,0.33,0.99,1.0,0.58,9,3,0,6,1009,0.33,0.99,1.0,0.58
PF14831,PF09804,2,3,2,0,1,1015,0.67,1.0,1.0,0.82,3,2,0,1,1015,0.67,1.0,1.0,0.82
PF16086,PF04845,0,6,0,0,6,1012,0.0,0.99,0,0,6,0,0,6,1012,0.0,0.99,0,0
PF00216,PF08194,5,0,0,5,0,1013,0,1.0,0.0,0,0,0,5,0,1013,0,1.0,0.0,0
PF06472,PF01061,13,54,8,5,46,959,0.15,0.95,0.62,0.29,54,8,5,46,959,0.15,0.95,0.62,0.29
PF11654,PF03379,1,1,0,1,1,1016,0.0,1.0,0.0,-0.0,1,0,1,1,1016,0.0,1.0,0.0,-0.0
PF01927,PF08066,4,11,2,2,9,1005,0.18,0.99,0.5,0.3,11,2,2,9,1005,0.18,0.99,0.5,0.3
PF04987,PF01663,16,38,13,3,25,977,0.34,0.97,0.81,0.52,38,13,3,25,977,0.34,0.97,0.81,0.52
PF14616,PF03918,5,1,1,4,0,1013,1.0,1.0,0.2,0.45,1,1,4,0,1013,1.0,1.0,0.2,0.45
PF00067,PF00667,177,36,28,149,8,833,0.78,0.85,0.16,0.31,36,28,149,8,833,0.78,0.85,0.16,0.31
PF03100,PF02531,0,2,0,0,2,1016,0.0,1.0,0,0,2,0,0,2,1016,0.0,1.0,0,0
PF00675,PF05193,57,57,50,7,7,954,0.88,0.99,0.88,0.87,57,50,7,7,954,0.88,0.99,0.88,0.87
PF07762,PF04859,18,3,2,16,1,999,0.67,0.98,0.11,0.27,3,2,16,1,999,0.67,0.98,0.11,0.27
PF10195,PF15011,1,4,0,1,4,1013,0.0,1.0,0.0,-0.0,4,0,1,4,1013,0.0,1.0,0.0,-0.0
PF03004,PF03017,20,3,2,18,1,997,0.67,0.98,0.1,0.25,3,2,18,1,997,0.67,0.98,0.1,0.25
PF02767,PF02768,7,7,7,0,0,1011,1.0,1.0,1.0,1.0,7,7,0,0,1011,1.0,1.0,1.0,1.0
PF06303,PF02020,1,32,1,0,31,986,0.03,0.97,1.0,0.17,32,1,0,31,986,0.03,0.97,1.0,0.17
PF16489,PF02793,17,20,8,9,12,989,0.4,0.98,0.47,0.42,20,8,9,12,989,0.4,0.98,0.47,0.42
PF00185,PF02729,21,20,20,1,0,997,1.0,1.0,0.95,0.98,20,20,1,0,997,1.0,1.0,0.95,0.98
PF09429,PF00649,9,8,1,8,7,1002,0.12,0.99,0.11,0.11,8,1,8,7,1002,0.12,0.99,0.11,0.11
PF09207,PF16011,0,2,0,0,2,1016,0.0,1.0,0,0,2,0,0,2,1016,0.0,1.0,0,0
PF06003,PF04144,6,14,2,4,12,1000,0.14,0.98,0.33,0.21,14,2,4,12,1000,0.14,0.98,0.33,0.21
PF03768,PF03769,0,1,0,0,1,1017,0.0,1.0,0,0,1,0,0,1,1017,0.0,1.0,0,0
PF00867,PF12247,38,2,1,37,1,979,0.5,0.96,0.03,0.11,2,1,37,1,979,0.5,0.96,0.03,0.11
PF17082,PF00170,1,33,0,1,33,984,0.0,0.97,0.0,-0.01,33,0,1,33,984,0.0,0.97,0.0,-0.01
PF00289,PF02785,34,33,33,1,0,984,1.0,1.0,0.97,0.98,33,33,1,0,984,1.0,1.0,0.97,0.98
PF07224,PF11017,3,0,0,3,0,1015,0,1.0,0.0,0,0,0,3,0,1015,0,1.0,0.0,0
PF10698,PF06724,0,0,0,0,0,1018,0,1.0,0,0,0,0,0,0,1018,0,1.0,0,0
PF06789,PF14251,2,2,0,2,2,1014,0.0,1.0,0.0,-0.0,2,0,2,2,1014,0.0,1.0,0.0,-0.0
PF15990,PF15820,4,0,0,4,0,1014,0,1.0,0.0,0,0,0,4,0,1014,0,1.0,0.0,0
PF15927,PF12366,6,2,2,4,0,1012,1.0,1.0,0.33,0.58,2,2,4,0,1012,1.0,1.0,0.33,0.58
PF15116,PF11341,0,2,0,0,2,1016,0.0,1.0,0,0,2,0,0,2,1016,0.0,1.0,0,0
PF13477,PF05159,0,0,0,0,0,1018,0,1.0,0,0,0,0,0,0,1018,0,1.0,0,0
PF08202,PF13230,9,3,0,9,3,1006,0.0,0.99,0.0,-0.01,3,0,9,3,1006,0.0,0.99,0.0,-0.01
PF16060,PF03703,5,1,1,4,0,1013,1.0,1.0,0.2,0.45,1,1,4,0,1013,1.0,1.0,0.2,0.45
PF14667,PF01554,2,28,2,0,26,990,0.07,0.97,1.0,0.26,28,2,0,26,990,0.07,0.97,1.0,0.26
PF07142,PF09462,4,2,1,3,1,1013,0.5,1.0,0.25,0.35,2,1,3,1,1013,0.5,1.0,0.25,0.35
PF13750,PF02413,0,0,0,0,0,1018,0,1.0,0,0,0,0,0,0,1018,0,1.0,0,0
PF03389,PF04740,0,0,0,0,0,1018,0,1.0,0,0,0,0,0,0,1018,0,1.0,0,0
PF15902,PF15901,13,9,9,4,0,1005,1.0,1.0,0.69,0.83,9,9,4,0,1005,1.0,1.0,0.69,0.83
PF05728,PF13094,4,1,0,4,1,1013,0.0,1.0,0.0,-0.0,1,0,4,1,1013,0.0,1.0,0.0,-0.0
PF00036,PF13833,37,53,25,12,28,953,0.47,0.96,0.68,0.55,53,25,12,28,953,0.47,0.96,0.68,0.55
PF05518,PF04301,0,0,0,0,0,1018,0,1.0,0,0,0,0,0,0,1018,0,1.0,0,0
PF08195,PF05811,0,4,0,0,4,1014,0.0,1.0,0,0,4,0,0,4,1014,0.0,1.0,0,0
PF11980,PF00629,0,35,0,0,35,983,0.0,0.97,0,0,35,0,0,35,983,0.0,0.97,0,0
PF11496,PF09762,9,3,0,9,3,1006,0.0,0.99,0.0,-0.01,3,0,9,3,1006,0.0,0.99,0.0,-0.01
PF14671,PF09192,4,3,1,3,2,1012,0.33,1.0,0.25,0.29,3,1,3,2,1012,0.33,1.0,0.25,0.29
PF11544,PF06586,0,1,0,0,1,1017,0.0,1.0,0,0,1,0,0,1,1017,0.0,1.0,0,0
PF13194,PF04370,0,0,0,0,0,1018,0,1.0,0,0,0,0,0,0,1018,0,1.0,0,0
PF05068,PF17188,0,0,0,0,0,1018,0,1.0,0,0,0,0,0,0,1018,0,1.0,0,0
PF05920,PF00907,25,19,8,17,11,982,0.42,0.97,0.32,0.35,19,8,17,11,982,0.42,0.97,0.32,0.35
PF06760,PF14786,2,2,2,0,0,1016,1.0,1.0,1.0,1.0,2,2,0,0,1016,1.0,1.0,1.0,1.0
PF04592,PF07561,1,1,1,0,0,1017,1.0,1.0,1.0,1.0,1,1,0,0,1017,1.0,1.0,1.0,1.0
PF02891,PF02037,13,61,9,4,52,953,0.15,0.94,0.69,0.3,61,9,4,52,953,0.15,0.94,0.69,0.3
PF04484,PF12023,8,4,0,8,4,1006,0.0,0.99,0.0,-0.01,4,0,8,4,1006,0.0,0.99,0.0,-0.01
PF03941,PF13836,11,0,0,11,0,1007,0,0.99,0.0,0,0,0,11,0,1007,0,0.99,0.0,0
PF06521,PF11264,1,1,0,1,1,1016,0.0,1.0,0.0,-0.0,1,0,1,1,1016,0.0,1.0,0.0,-0.0
PF09047,PF15232,1,0,0,1,0,1017,0,1.0,0.0,0,0,0,1,0,1017,0,1.0,0.0,0
PF09246,PF16533,2,2,1,1,1,1015,0.5,1.0,0.5,0.5,2,1,1,1,1015,0.5,1.0,0.5,0.5
PF08168,PF15027,0,0,0,0,0,1018,0,1.0,0,0,0,0,0,0,1018,0,1.0,0,0
PF15407,PF15082,0,3,0,0,3,1015,0.0,1.0,0,0,3,0,0,3,1015,0.0,1.0,0,0
PF03837,PF08203,1,1,0,1,1,1016,0.0,1.0,0.0,-0.0,1,0,1,1,1016,0.0,1.0,0.0,-0.0
PF04790,PF05007,5,9,3,2,6,1007,0.33,0.99,0.6,0.44,9,3,2,6,1007,0.33,0.99,0.6,0.44
PF03150,PF00950,8,4,2,6,2,1008,0.5,0.99,0.25,0.35,4,2,6,2,1008,0.5,0.99,0.25,0.35
PF07599,PF07471,0,0,0,0,0,1018,0,1.0,0,0,0,0,0,0,1018,0,1.0,0,0
PF09285,PF01132,6,6,6,0,0,1012,1.0,1.0,1.0,1.0,6,6,0,0,1012,1.0,1.0,1.0,1.0
PF10577,PF06484,6,2,1,5,1,1011,0.5,0.99,0.17,0.29,2,1,5,1,1011,0.5,0.99,0.17,0.29
PF06413,PF15247,7,7,2,5,5,1006,0.29,0.99,0.29,0.28,7,2,5,5,1006,0.29,0.99,0.29,0.28
PF09988,PF02295,0,11,0,0,11,1007,0.0,0.99,0,0,11,0,0,11,1007,0.0,0.99,0,0
PF03719,PF00333,22,20,18,4,2,994,0.9,0.99,0.82,0.86,20,18,4,2,994,0.9,0.99,0.82,0.86
PF02045,PF02234,6,8,2,4,6,1006,0.25,0.99,0.33,0.28,8,2,4,6,1006,0.25,0.99,0.33,0.28
PF02376,PF16534,8,3,3,5,0,1010,1.0,1.0,0.38,0.61,3,3,5,0,1010,1.0,1.0,0.38,0.61
PF05188,PF01624,28,28,27,1,1,989,0.96,1.0,0.96,0.96,28,27,1,1,989,0.96,1.0,0.96,0.96
PF08609,PF10179,5,3,0,5,3,1010,0.0,0.99,0.0,-0.0,3,0,5,3,1010,0.0,0.99,0.0,-0.0
PF05593,PF06484,4,2,0,4,2,1012,0.0,0.99,0.0,-0.0,2,0,4,2,1012,0.0,0.99,0.0,-0.0
PF08846,PF08850,0,0,0,0,0,1018,0,1.0,0,0,0,0,0,0,1018,0,1.0,0,0
PF12477,PF11130,0,0,0,0,0,1018,0,1.0,0,0,0,0,0,0,1018,0,1.0,0,0
PF14103,PF15756,0,1,0,0,1,1017,0.0,1.0,0,0,1,0,0,1,1017,0.0,1.0,0,0
PF04818,PF01805,29,32,12,17,20,969,0.38,0.96,0.41,0.38,32,12,17,20,969,0.38,0.96,0.41,0.38
PF07196,PF01258,0,6,0,0,6,1012,0.0,0.99,0,0,6,0,0,6,1012,0.0,0.99,0,0
PF09384,PF14077,11,4,1,10,3,1004,0.25,0.99,0.09,0.15,4,1,10,3,1004,0.25,0.99,0.09,0.15
PF13101,PF17164,0,0,0,0,0,1018,0,1.0,0,0,0,0,0,0,1018,0,1.0,0,0
PF14046,PF12743,0,6,0,0,6,1012,0.0,0.99,0,0,6,0,0,6,1012,0.0,0.99,0,0
PF08946,PF02452,1,2,1,0,1,1016,0.5,1.0,1.0,0.71,2,1,0,1,1016,0.5,1.0,1.0,0.71
PF16562,PF15625,5,3,1,4,2,1011,0.33,0.99,0.2,0.26,3,1,4,2,1011,0.33,0.99,0.2,0.26
PF01338,PF00706,0,0,0,0,0,1018,0,1.0,0,0,0,0,0,0,1018,0,1.0,0,0
PF07279,PF15302,1,0,0,1,0,1017,0,1.0,0.0,0,0,0,1,0,1017,0,1.0,0.0,0
PF16048,PF08018,0,0,0,0,0,1018,0,1.0,0,0,0,0,0,0,1018,0,1.0,0,0
PF02091,PF02092,5,11,4,1,7,1006,0.36,0.99,0.8,0.54,11,4,1,7,1006,0.36,0.99,0.8,0.54
PF03379,PF02950,1,1,0,1,1,1016,0.0,1.0,0.0,-0.0,1,0,1,1,1016,0.0,1.0,0.0,-0.0
PF10961,PF07449,6,0,0,6,0,1012,0,0.99,0.0,0,0,0,6,0,1012,0,0.99,0.0,0
PF11303,PF12328,1,4,0,1,4,1013,0.0,1.0,0.0,-0.0,4,0,1,4,1013,0.0,1.0,0.0,-0.0
PF13645,PF15102,0,3,0,0,3,1015,0.0,1.0,0,0,3,0,0,3,1015,0.0,1.0,0,0
PF04420,PF09749,9,10,3,6,7,1002,0.3,0.99,0.33,0.31,10,3,6,7,1002,0.3,0.99,0.33,0.31
PF03025,PF14121,0,0,0,0,0,1018,0,1.0,0,0,0,0,0,0,1018,0,1.0,0,0
PF12584,PF12742,11,3,1,10,2,1005,0.33,0.99,0.09,0.17,3,1,10,2,1005,0.33,0.99,0.09,0.17
PF03081,PF04859,24,3,2,22,1,993,0.67,0.98,0.08,0.23,3,2,22,1,993,0.67,0.98,0.08,0.23
PF17098,PF15311,6,6,0,6,6,1006,0.0,0.99,0.0,-0.01,6,0,6,6,1006,0.0,0.99,0.0,-0.01
PF15132,PF08945,0,0,0,0,0,1018,0,1.0,0,0,0,0,0,0,1018,0,1.0,0,0
PF15636,PF05593,1,4,0,1,4,1013,0.0,1.0,0.0,-0.0,4,0,1,4,1013,0.0,1.0,0.0,-0.0
PF15148,PF15293,1,1,0,1,1,1016,0.0,1.0,0.0,-0.0,1,0,1,1,1016,0.0,1.0,0.0,-0.0
PF13726,PF14983,0,2,0,0,2,1016,0.0,1.0,0,0,2,0,0,2,1016,0.0,1.0,0,0
PF15725,PF10994,0,0,0,0,0,1018,0,1.0,0,0,0,0,0,0,1018,0,1.0,0,0
PF09425,PF06200,7,12,6,1,6,1005,0.5,0.99,0.86,0.65,12,6,1,6,1005,0.5,0.99,0.86,0.65
PF10540,PF06292,9,13,6,3,7,1002,0.46,0.99,0.67,0.55,13,6,3,7,1002,0.46,0.99,0.67,0.55
PF10443,PF08081,7,1,1,6,0,1011,1.0,0.99,0.14,0.38,1,1,6,0,1011,1.0,0.99,0.14,0.38
PF00878,PF00040,4,20,3,1,17,997,0.15,0.98,0.75,0.33,20,3,1,17,997,0.15,0.98,0.75,0.33
PF10719,PF09269,3,4,1,2,3,1012,0.25,1.0,0.33,0.29,4,1,2,3,1012,0.25,1.0,0.33,0.29
PF16667,PF05671,1,2,0,1,2,1015,0.0,1.0,0.0,-0.0,2,0,1,2,1015,0.0,1.0,0.0,-0.0
PF16880,PF12761,15,7,4,11,3,1000,0.57,0.99,0.27,0.38,7,4,11,3,1000,0.57,0.99,0.27,0.38
PF02174,PF08174,16,7,3,13,4,998,0.43,0.98,0.19,0.28,7,3,13,4,998,0.43,0.98,0.19,0.28
PF16646,PF08833,0,2,0,0,2,1016,0.0,1.0,0,0,2,0,0,2,1016,0.0,1.0,0,0
PF15281,PF02277,3,3,0,3,3,1012,0.0,0.99,0.0,-0.0,3,0,3,3,1012,0.0,0.99,0.0,-0.0
PF04426,PF04425,3,0,0,3,0,1015,0,1.0,0.0,0,0,0,3,0,1015,0,1.0,0.0,0
PF13918,PF13091,6,29,4,2,25,987,0.14,0.97,0.67,0.3,29,4,2,25,987,0.14,0.97,0.67,0.3
PF11351,PF15040,0,0,0,0,0,1018,0,1.0,0,0,0,0,0,0,1018,0,1.0,0,0
PF01097,PF16541,3,2,0,3,2,1013,0.0,1.0,0.0,-0.0,2,0,3,2,1013,0.0,1.0,0.0,-0.0
PF11702,PF07573,1,4,0,1,4,1013,0.0,1.0,0.0,-0.0,4,0,1,4,1013,0.0,1.0,0.0,-0.0
PF16005,PF00714,0,1,0,0,1,1017,0.0,1.0,0,0,1,0,0,1,1017,0.0,1.0,0,0
PF07906,PF05726,0,10,0,0,10,1008,0.0,0.99,0,0,10,0,0,10,1008,0.0,0.99,0,0
PF16872,PF02108,0,0,0,0,0,1018,0,1.0,0,0,0,0,0,0,1018,0,1.0,0,0
PF14665,PF12129,0,4,0,0,4,1014,0.0,1.0,0,0,4,0,0,4,1014,0.0,1.0,0,0
PF01509,PF01472,19,16,7,12,9,990,0.44,0.98,0.37,0.39,16,7,12,9,990,0.44,0.98,0.37,0.39
PF06127,PF10780,4,0,0,4,0,1014,0,1.0,0.0,0,0,0,4,0,1014,0,1.0,0.0,0
PF00561,PF12146,82,51,35,47,16,920,0.69,0.94,0.43,0.51,51,35,47,16,920,0.69,0.94,0.43,0.51
PF04922,PF06172,9,0,0,9,0,1009,0,0.99,0.0,0,0,0,9,0,1009,0,0.99,0.0,0
PF16978,PF05422,13,3,1,12,2,1003,0.33,0.99,0.08,0.16,3,1,12,2,1003,0.33,0.99,0.08,0.16
PF04097,PF03074,17,6,2,15,4,997,0.33,0.98,0.12,0.19,6,2,15,4,997,0.33,0.98,0.12,0.19
PF09792,PF12351,2,3,0,2,3,1013,0.0,1.0,0.0,-0.0,3,0,2,3,1013,0.0,1.0,0.0,-0.0
PF13783,PF00827,0,14,0,0,14,1004,0.0,0.99,0,0,14,0,0,14,1004,0.0,0.99,0,0
PF04446,PF14413,11,10,10,1,0,1007,1.0,1.0,0.91,0.95,10,10,1,0,1007,1.0,1.0,0.91,0.95
PF05157,PF03922,1,0,0,1,0,1017,0,1.0,0.0,0,0,0,1,0,1017,0,1.0,0.0,0
PF11352,PF04461,0,0,0,0,0,1018,0,1.0,0,0,0,0,0,0,1018,0,1.0,0,0
PF03989,PF00521,12,19,10,2,9,997,0.53,0.99,0.83,0.66,19,10,2,9,997,0.53,0.99,0.83,0.66
PF13990,PF07699,0,20,0,0,20,998,0.0,0.98,0,0,20,0,0,20,998,0.0,0.98,0,0
PF05656,PF15224,0,0,0,0,0,1018,0,1.0,0,0,0,0,0,0,1018,0,1.0,0,0
PF04002,PF08544,1,35,1,0,34,983,0.03,0.97,1.0,0.17,35,1,0,34,983,0.03,0.97,1.0,0.17
PF03268,PF15556,0,0,0,0,0,1018,0,1.0,0,0,0,0,0,0,1018,0,1.0,0,0
PF04976,PF05018,0,15,0,0,15,1003,0.0,0.99,0,0,15,0,0,15,1003,0.0,0.99,0,0
PF02645,PF09904,1,0,0,1,0,1017,0,1.0,0.0,0,0,0,1,0,1017,0,1.0,0.0,0
PF04345,PF15674,2,3,1,1,2,1014,0.33,1.0,0.5,0.41,3,1,1,2,1014,0.33,1.0,0.5,0.41
PF03761,PF03703,4,1,1,3,0,1014,1.0,1.0,0.25,0.5,1,1,3,0,1014,1.0,1.0,0.25,0.5
PF13887,PF13888,6,6,6,0,0,1012,1.0,1.0,1.0,1.0,6,6,0,0,1012,1.0,1.0,1.0,1.0
PF01081,PF07582,3,0,0,3,0,1015,0,1.0,0.0,0,0,0,3,0,1015,0,1.0,0.0,0
PF08193,PF07544,1,6,0,1,6,1011,0.0,0.99,0.0,-0.0,6,0,1,6,1011,0.0,0.99,0.0,-0.0
PF04608,PF03082,1,0,0,1,0,1017,0,1.0,0.0,0,0,0,1,0,1017,0,1.0,0.0,0
PF14686,PF06045,15,3,3,12,0,1003,1.0,0.99,0.2,0.44,3,3,12,0,1003,1.0,0.99,0.2,0.44
PF11413,PF08778,6,3,2,4,1,1011,0.67,1.0,0.33,0.47,3,2,4,1,1011,0.67,1.0,0.33,0.47
PF06951,PF14954,11,2,1,10,1,1006,0.5,0.99,0.09,0.21,2,1,10,1,1006,0.5,0.99,0.09,0.21
PF02457,PF15212,0,0,0,0,0,1018,0,1.0,0,0,0,0,0,0,1018,0,1.0,0,0
PF03773,PF06756,0,0,0,0,0,1018,0,1.0,0,0,0,0,0,0,1018,0,1.0,0,0
PF12068,PF15733,9,0,0,9,0,1009,0,0.99,0.0,0,0,0,9,0,1009,0,0.99,0.0,0
PF14703,PF02714,22,22,21,1,1,995,0.95,1.0,0.95,0.95,22,21,1,1,995,0.95,1.0,0.95,0.95
PF05838,PF09951,0,0,0,0,0,1018,0,1.0,0,0,0,0,0,0,1018,0,1.0,0,0
PF16903,PF02572,1,2,0,1,2,1015,0.0,1.0,0.0,-0.0,2,0,1,2,1015,0.0,1.0,0.0,-0.0
PF14186,PF16276,5,2,0,5,2,1011,0.0,0.99,0.0,-0.0,2,0,5,2,1011,0.0,0.99,0.0,-0.0
PF01637,PF17008,2,0,0,2,0,1016,0,1.0,0.0,0,0,0,2,0,1016,0,1.0,0.0,0
PF15358,PF15162,0,0,0,0,0,1018,0,1.0,0,0,0,0,0,0,1018,0,1.0,0,0
PF00940,PF14700,9,10,8,1,2,1007,0.8,1.0,0.89,0.84,10,8,1,2,1007,0.8,1.0,0.89,0.84
PF14200,PF03762,5,2,0,5,2,1011,0.0,0.99,0.0,-0.0,2,0,5,2,1011,0.0,0.99,0.0,-0.0
PF14949,PF12596,8,5,2,6,3,1007,0.4,0.99,0.25,0.31,5,2,6,3,1007,0.4,0.99,0.25,0.31
PF04101,PF06925,13,4,4,9,0,1005,1.0,0.99,0.31,0.55,4,4,9,0,1005,1.0,0.99,0.31,0.55
PF01958,PF00742,11,9,2,9,7,1000,0.22,0.98,0.18,0.19,9,2,9,7,1000,0.22,0.98,0.18,0.19
PF15030,PF03344,1,1,0,1,1,1016,0.0,1.0,0.0,-0.0,1,0,1,1,1016,0.0,1.0,0.0,-0.0
PF16783,PF10927,5,0,0,5,0,1013,0,1.0,0.0,0,0,0,5,0,1013,0,1.0,0.0,0
PF11719,PF16783,10,5,4,6,1,1007,0.8,0.99,0.4,0.56,5,4,6,1,1007,0.8,0.99,0.4,0.56
PF16220,PF04546,7,4,3,4,1,1010,0.75,1.0,0.43,0.56,4,3,4,1,1010,0.75,1.0,0.43,0.56
PF08005,PF08239,4,9,4,0,5,1009,0.44,1.0,1.0,0.67,9,4,0,5,1009,0.44,1.0,1.0,0.67
PF05216,PF06404,8,1,0,8,1,1009,0.0,0.99,0.0,-0.0,1,0,8,1,1009,0.0,0.99,0.0,-0.0
PF01020,PF04758,12,11,2,10,9,997,0.18,0.98,0.17,0.16,11,2,10,9,997,0.18,0.98,0.17,0.16
PF03058,PF15823,0,0,0,0,0,1018,0,1.0,0,0,0,0,0,0,1018,0,1.0,0,0
PF15307,PF13011,0,0,0,0,0,1018,0,1.0,0,0,0,0,0,0,1018,0,1.0,0,0
PF13902,PF12752,9,12,3,6,9,1000,0.25,0.99,0.33,0.28,12,3,6,9,1000,0.25,0.99,0.33,0.28
PF09736,PF15280,5,2,0,5,2,1011,0.0,0.99,0.0,-0.0,2,0,5,2,1011,0.0,0.99,0.0,-0.0
PF00145,PF12047,28,12,12,16,0,990,1.0,0.98,0.43,0.65,12,12,16,0,990,1.0,0.98,0.43,0.65
PF15622,PF11699,0,6,0,0,6,1012,0.0,0.99,0,0,6,0,0,6,1012,0.0,0.99,0,0
PF01579,PF15002,5,12,0,5,12,1001,0.0,0.98,0.0,-0.01,12,0,5,12,1001,0.0,0.98,0.0,-0.01
PF11277,PF10479,7,8,3,4,5,1006,0.38,0.99,0.43,0.4,8,3,4,5,1006,0.38,0.99,0.43,0.4
PF02677,PF01312,2,0,0,2,0,1016,0,1.0,0.0,0,0,0,2,0,1016,0,1.0,0.0,0
PF02309,PF06507,12,11,2,10,9,997,0.18,0.98,0.17,0.16,11,2,10,9,997,0.18,0.98,0.17,0.16
PF08879,PF08880,4,10,2,2,8,1006,0.2,0.99,0.5,0.31,10,2,2,8,1006,0.2,0.99,0.5,0.31
PF08660,PF06925,9,4,2,7,2,1007,0.5,0.99,0.22,0.33,4,2,7,2,1007,0.5,0.99,0.22,0.33
PF05986,PF01421,14,33,11,3,22,982,0.33,0.98,0.79,0.5,33,11,3,22,982,0.33,0.98,0.79,0.5
PF11392,PF04895,0,0,0,0,0,1018,0,1.0,0,0,0,0,0,0,1018,0,1.0,0,0
PF14364,PF13724,1,1,0,1,1,1016,0.0,1.0,0.0,-0.0,1,0,1,1,1016,0.0,1.0,0.0,-0.0
PF14519,PF03379,0,1,0,0,1,1017,0.0,1.0,0,0,1,0,0,1,1017,0.0,1.0,0,0
PF08458,PF05703,6,6,6,0,0,1012,1.0,1.0,1.0,1.0,6,6,0,0,1012,1.0,1.0,1.0,1.0
PF11527,PF10501,4,2,0,4,2,1012,0.0,0.99,0.0,-0.0,2,0,4,2,1012,0.0,0.99,0.0,-0.0
PF02378,PF09648,8,0,0,8,0,1010,0,0.99,0.0,0,0,0,8,0,1010,0,0.99,0.0,0
PF15710,PF16829,0,0,0,0,0,1018,0,1.0,0,0,0,0,0,0,1018,0,1.0,0,0
PF14469,PF15172,2,1,0,2,1,1015,0.0,1.0,0.0,-0.0,1,0,2,1,1015,0.0,1.0,0.0,-0.0
PF12228,PF03241,0,0,0,0,0,1018,0,1.0,0,0,0,0,0,0,1018,0,1.0,0,0
PF17188,PF03888,0,0,0,0,0,1018,0,1.0,0,0,0,0,0,0,1018,0,1.0,0,0
PF10290,PF10287,1,3,1,0,2,1015,0.33,1.0,1.0,0.58,3,1,0,2,1015,0.33,1.0,1.0,0.58
PF00083,PF07690,133,241,88,45,153,732,0.37,0.81,0.66,0.39,241,88,45,153,732,0.37,0.81,0.66,0.39
PF05456,PF15325,3,1,1,2,0,1015,1.0,1.0,0.33,0.58,1,1,2,0,1015,1.0,1.0,0.33,0.58
PF05130,PF06621,1,4,1,0,3,1014,0.25,1.0,1.0,0.5,4,1,0,3,1014,0.25,1.0,1.0,0.5
PF08393,PF12780,36,37,31,5,6,976,0.84,0.99,0.86,0.84,37,31,5,6,976,0.84,0.99,0.86,0.84
PF13949,PF03097,22,33,21,1,12,984,0.64,0.99,0.95,0.77,33,21,1,12,984,0.64,0.99,0.95,0.77
PF00413,PF01471,35,32,26,9,6,977,0.81,0.99,0.74,0.77,32,26,9,6,977,0.81,0.99,0.74,0.77
PF03412,PF03459,4,3,2,2,1,1013,0.67,1.0,0.5,0.58,3,2,2,1,1013,0.67,1.0,0.5,0.58
PF01206,PF07945,1,0,0,1,0,1017,0,1.0,0.0,0,0,0,1,0,1017,0,1.0,0.0,0
PF05979,PF07301,0,0,0,0,0,1018,0,1.0,0,0,0,0,0,0,1018,0,1.0,0,0
PF06100,PF14519,2,0,0,2,0,1016,0,1.0,0.0,0,0,0,2,0,1016,0,1.0,0.0,0
PF12220,PF08081,5,1,1,4,0,1013,1.0,1.0,0.2,0.45,1,1,4,0,1013,1.0,1.0,0.2,0.45
PF04473,PF03234,0,7,0,0,7,1011,0.0,0.99,0,0,7,0,0,7,1011,0.0,0.99,0,0
PF04192,PF15512,8,2,1,7,1,1009,0.5,0.99,0.12,0.25,2,1,7,1,1009,0.5,0.99,0.12,0.25
PF06398,PF06462,15,8,3,12,5,998,0.38,0.98,0.2,0.27,8,3,12,5,998,0.38,0.98,0.2,0.27
PF15906,PF11571,9,8,1,8,7,1002,0.12,0.99,0.11,0.11,8,1,8,7,1002,0.12,0.99,0.11,0.11
PF09206,PF05270,3,7,2,1,5,1010,0.29,0.99,0.67,0.43,7,2,1,5,1010,0.29,0.99,0.67,0.43
PF10214,PF08639,6,4,1,5,3,1009,0.25,0.99,0.17,0.2,4,1,5,3,1009,0.25,0.99,0.17,0.2
PF07890,PF15063,5,0,0,5,0,1013,0,1.0,0.0,0,0,0,5,0,1013,0,1.0,0.0,0
PF14875,PF14382,2,11,2,0,9,1007,0.18,0.99,1.0,0.42,11,2,0,9,1007,0.18,0.99,1.0,0.42
PF06529,PF12498,2,2,2,0,0,1016,1.0,1.0,1.0,1.0,2,2,0,0,1016,1.0,1.0,1.0,1.0
PF06877,PF13813,0,14,0,0,14,1004,0.0,0.99,0,0,14,0,0,14,1004,0.0,0.99,0,0
PF02532,PF10856,0,0,0,0,0,1018,0,1.0,0,0,0,0,0,0,1018,0,1.0,0,0
PF15254,PF03306,1,6,0,1,6,1011,0.0,0.99,0.0,-0.0,6,0,1,6,1011,0.0,0.99,0.0,-0.0
PF03094,PF00244,11,24,5,6,19,988,0.21,0.98,0.45,0.3,24,5,6,19,988,0.21,0.98,0.45,0.3
PF08634,PF16944,2,2,0,2,2,1014,0.0,1.0,0.0,-0.0,2,0,2,2,1014,0.0,1.0,0.0,-0.0
PF07549,PF02355,4,4,3,1,1,1013,0.75,1.0,0.75,0.75,4,3,1,1,1013,0.75,1.0,0.75,0.75
PF10714,PF08497,3,0,0,3,0,1015,0,1.0,0.0,0,0,0,3,0,1015,0,1.0,0.0,0
PF17039,PF00852,16,23,15,1,8,994,0.65,0.99,0.94,0.78,23,15,1,8,994,0.65,0.99,0.94,0.78
PF11900,PF12313,4,4,4,0,0,1014,1.0,1.0,1.0,1.0,4,4,0,0,1014,1.0,1.0,1.0,1.0
PF01738,PF03211,19,12,3,16,9,990,0.25,0.98,0.16,0.19,12,3,16,9,990,0.25,0.98,0.16,0.19
PF00809,PF02607,13,4,3,10,1,1004,0.75,0.99,0.23,0.41,4,3,10,1,1004,0.75,0.99,0.23,0.41
PF07520,PF10139,0,0,0,0,0,1018,0,1.0,0,0,0,0,0,0,1018,0,1.0,0,0
PF10368,PF14512,0,0,0,0,0,1018,0,1.0,0,0,0,0,0,0,1018,0,1.0,0,0
PF01959,PF11017,3,0,0,3,0,1015,0,1.0,0.0,0,0,0,3,0,1015,0,1.0,0.0,0
PF02971,PF04961,4,4,4,0,0,1014,1.0,1.0,1.0,1.0,4,4,0,0,1014,1.0,1.0,1.0,1.0
PF01303,PF08093,0,1,0,0,1,1017,0.0,1.0,0,0,1,0,0,1,1017,0.0,1.0,0,0
PF00892,PF13127,35,1,0,35,1,982,0.0,0.96,0.0,-0.01,1,0,35,1,982,0.0,0.96,0.0,-0.01
PF00022,PF10357,60,12,8,52,4,954,0.67,0.94,0.13,0.28,12,8,52,4,954,0.67,0.94,0.13,0.28
PF01565,PF04030,105,21,20,85,1,912,0.95,0.92,0.19,0.41,21,20,85,1,912,0.95,0.92,0.19,0.41
PF01373,PF05687,8,6,4,4,2,1008,0.67,0.99,0.5,0.57,6,4,4,2,1008,0.67,0.99,0.5,0.57
PF03271,PF15147,14,1,1,13,0,1004,1.0,0.99,0.07,0.27,1,1,13,0,1004,1.0,0.99,0.07,0.27
PF01273,PF02886,12,13,12,0,1,1005,0.92,1.0,1.0,0.96,13,12,0,1,1005,0.92,1.0,1.0,0.96
PF16177,PF13193,14,85,13,1,72,932,0.15,0.93,0.93,0.36,85,13,1,72,932,0.15,0.93,0.93,0.36
PF02554,PF01580,0,5,0,0,5,1013,0.0,1.0,0,0,5,0,0,5,1013,0.0,1.0,0,0
PF09856,PF02561,0,0,0,0,0,1018,0,1.0,0,0,0,0,0,0,1018,0,1.0,0,0
PF09380,PF09379,32,40,30,2,10,976,0.75,0.99,0.94,0.83,40,30,2,10,976,0.75,0.99,0.94,0.83
PF16166,PF05996,2,3,1,1,2,1014,0.33,1.0,0.5,0.41,3,1,1,2,1014,0.33,1.0,0.5,0.41
PF13054,PF03748,0,0,0,0,0,1018,0,1.0,0,0,0,0,0,0,1018,0,1.0,0,0
PF00074,PF02422,2,2,0,2,2,1014,0.0,1.0,0.0,-0.0,2,0,2,2,1014,0.0,1.0,0.0,-0.0
PF08681,PF01580,1,5,0,1,5,1012,0.0,0.99,0.0,-0.0,5,0,1,5,1012,0.0,0.99,0.0,-0.0
PF05140,PF09425,3,7,0,3,7,1008,0.0,0.99,0.0,-0.0,7,0,3,7,1008,0.0,0.99,0.0,-0.0
PF10445,PF15776,1,2,0,1,2,1015,0.0,1.0,0.0,-0.0,2,0,1,2,1015,0.0,1.0,0.0,-0.0
PF02611,PF05488,1,0,0,1,0,1017,0,1.0,0.0,0,0,0,1,0,1017,0,1.0,0.0,0
PF09369,PF03880,7,5,2,5,3,1008,0.4,0.99,0.29,0.33,5,2,5,3,1008,0.4,0.99,0.29,0.33
PF15440,PF07260,3,1,0,3,1,1014,0.0,1.0,0.0,-0.0,1,0,3,1,1014,0.0,1.0,0.0,-0.0
PF02005,PF06881,10,4,1,9,3,1005,0.25,0.99,0.1,0.15,4,1,9,3,1005,0.25,0.99,0.1,0.15
PF13986,PF06167,1,1,1,0,0,1017,1.0,1.0,1.0,1.0,1,1,0,0,1017,1.0,1.0,1.0,1.0
PF12112,PF11289,0,0,0,0,0,1018,0,1.0,0,0,0,0,0,0,1018,0,1.0,0,0
PF13012,PF12134,24,17,4,20,13,981,0.24,0.97,0.17,0.18,17,4,20,13,981,0.24,0.97,0.17,0.18
PF00348,PF03834,45,14,10,35,4,969,0.71,0.96,0.22,0.38,14,10,35,4,969,0.71,0.96,0.22,0.38
PF07352,PF01325,1,3,0,1,3,1014,0.0,1.0,0.0,-0.0,3,0,1,3,1014,0.0,1.0,0.0,-0.0
PF16338,PF17137,1,6,1,0,5,1012,0.17,1.0,1.0,0.41,6,1,0,5,1012,0.17,1.0,1.0,0.41
PF16810,PF10504,8,1,0,8,1,1009,0.0,0.99,0.0,-0.0,1,0,8,1,1009,0.0,0.99,0.0,-0.0
PF04423,PF16034,4,2,0,4,2,1012,0.0,0.99,0.0,-0.0,2,0,4,2,1012,0.0,0.99,0.0,-0.0
PF07023,PF12416,0,3,0,0,3,1015,0.0,1.0,0,0,3,0,0,3,1015,0.0,1.0,0,0
PF16591,PF03605,0,1,0,0,1,1017,0.0,1.0,0,0,1,0,0,1,1017,0.0,1.0,0,0
PF11974,PF02655,1,2,0,1,2,1015,0.0,1.0,0.0,-0.0,2,0,1,2,1015,0.0,1.0,0.0,-0.0
PF04881,PF11593,1,2,0,1,2,1015,0.0,1.0,0.0,-0.0,2,0,1,2,1015,0.0,1.0,0.0,-0.0
PF11727,PF10361,0,0,0,0,0,1018,0,1.0,0,0,0,0,0,0,1018,0,1.0,0,0
PF12315,PF15936,8,7,2,6,5,1005,0.29,0.99,0.25,0.26,7,2,6,5,1005,0.29,0.99,0.25,0.26
PF02694,PF03459,2,3,2,0,1,1015,0.67,1.0,1.0,0.82,3,2,0,1,1015,0.67,1.0,1.0,0.82
PF00031,PF16845,9,4,3,6,1,1008,0.75,0.99,0.33,0.5,4,3,6,1,1008,0.75,0.99,0.33,0.5
PF12022,PF10474,5,1,1,4,0,1013,1.0,1.0,0.2,0.45,1,1,4,0,1013,1.0,1.0,0.2,0.45
PF08444,PF06021,2,4,2,0,2,1014,0.5,1.0,1.0,0.71,4,2,0,2,1014,0.5,1.0,1.0,0.71
PF00858,PF02320,57,13,5,52,8,953,0.38,0.94,0.09,0.16,13,5,52,8,953,0.38,0.94,0.09,0.16
PF08586,PF05204,0,5,0,0,5,1013,0.0,1.0,0,0,5,0,0,5,1013,0.0,1.0,0,0
PF10671,PF13269,0,0,0,0,0,1018,0,1.0,0,0,0,0,0,0,1018,0,1.0,0,0
PF00299,PF00323,1,0,0,1,0,1017,0,1.0,0.0,0,0,0,1,0,1017,0,1.0,0.0,0
PF04940,PF08376,4,4,1,3,3,1011,0.25,0.99,0.25,0.25,4,1,3,3,1011,0.25,0.99,0.25,0.25
PF02486,PF04451,2,1,0,2,1,1015,0.0,1.0,0.0,-0.0,1,0,2,1,1015,0.0,1.0,0.0,-0.0
PF01405,PF02119,0,2,0,0,2,1016,0.0,1.0,0,0,2,0,0,2,1016,0.0,1.0,0,0
PF13374,PF01048,52,30,19,33,11,955,0.63,0.96,0.37,0.46,30,19,33,11,955,0.63,0.96,0.37,0.46
PF09287,PF01337,0,0,0,0,0,1018,0,1.0,0,0,0,0,0,0,1018,0,1.0,0,0
PF15036,PF15125,1,3,0,1,3,1014,0.0,1.0,0.0,-0.0,3,0,1,3,1014,0.0,1.0,0.0,-0.0
PF08391,PF03954,1,1,0,1,1,1016,0.0,1.0,0.0,-0.0,1,0,1,1,1016,0.0,1.0,0.0,-0.0
PF02678,PF16912,17,0,0,17,0,1001,0,0.98,0.0,0,0,0,17,0,1001,0,0.98,0.0,0
PF14668,PF14664,12,11,11,1,0,1006,1.0,1.0,0.92,0.96,11,11,1,0,1006,1.0,1.0,0.92,0.96
PF10141,PF12779,1,0,0,1,0,1017,0,1.0,0.0,0,0,0,1,0,1017,0,1.0,0.0,0
PF01464,PF13462,4,10,1,3,9,1005,0.1,0.99,0.25,0.15,10,1,3,9,1005,0.1,0.99,0.25,0.15
PF14769,PF00212,3,1,0,3,1,1014,0.0,1.0,0.0,-0.0,1,0,3,1,1014,0.0,1.0,0.0,-0.0
PF04572,PF04488,2,30,2,0,28,988,0.07,0.97,1.0,0.25,30,2,0,28,988,0.07,0.97,1.0,0.25
PF07690,PF00083,241,133,88,153,45,732,0.66,0.81,0.37,0.39,133,88,153,45,732,0.66,0.81,0.37,0.39
PF00962,PF08451,22,5,4,18,1,995,0.8,0.98,0.18,0.38,5,4,18,1,995,0.8,0.98,0.18,0.38
PF04500,PF15423,23,0,0,23,0,995,0,0.98,0.0,0,0,0,23,0,995,0,0.98,0.0,0
PF12146,PF03982,51,19,11,40,8,959,0.58,0.95,0.22,0.33,19,11,40,8,959,0.58,0.95,0.22,0.33
PF10267,PF13865,9,11,3,6,8,1001,0.27,0.99,0.33,0.29,11,3,6,8,1001,0.27,0.99,0.33,0.29
PF04697,PF04783,1,7,0,1,7,1010,0.0,0.99,0.0,-0.0,7,0,1,7,1010,0.0,0.99,0.0,-0.0
PF08483,PF05857,1,0,0,1,0,1017,0,1.0,0.0,0,0,0,1,0,1017,0,1.0,0.0,0
PF10142,PF10370,6,1,0,6,1,1011,0.0,0.99,0.0,-0.0,1,0,6,1,1011,0.0,0.99,0.0,-0.0
PF01439,PF05659,5,5,2,3,3,1010,0.4,0.99,0.4,0.4,5,2,3,3,1010,0.4,0.99,0.4,0.4
PF15729,PF02601,1,2,0,1,2,1015,0.0,1.0,0.0,-0.0,2,0,1,2,1015,0.0,1.0,0.0,-0.0
PF00538,PF14379,19,7,2,17,5,994,0.29,0.98,0.11,0.16,7,2,17,5,994,0.29,0.98,0.11,0.16
PF13237,PF00499,8,2,1,7,1,1009,0.5,0.99,0.12,0.25,2,1,7,1,1009,0.5,0.99,0.12,0.25
PF04300,PF08495,8,4,1,7,3,1007,0.25,0.99,0.12,0.17,4,1,7,3,1007,0.25,0.99,0.12,0.17
PF11931,PF12108,6,6,5,1,1,1011,0.83,1.0,0.83,0.83,6,5,1,1,1011,0.83,1.0,0.83,0.83
PF14444,PF08729,3,4,1,2,3,1012,0.25,1.0,0.33,0.29,4,1,2,3,1012,0.25,1.0,0.33,0.29
PF06552,PF03842,4,0,0,4,0,1014,0,1.0,0.0,0,0,0,4,0,1014,0,1.0,0.0,0
PF16034,PF04423,2,4,0,2,4,1012,0.0,0.99,0.0,-0.0,4,0,2,4,1012,0.0,0.99,0.0,-0.0
PF09292,PF01149,4,9,4,0,5,1009,0.44,1.0,1.0,0.67,9,4,0,5,1009,0.44,1.0,1.0,0.67
PF17010,PF01668,0,2,0,0,2,1016,0.0,1.0,0,0,2,0,0,2,1016,0.0,1.0,0,0
PF05494,PF16216,1,0,0,1,0,1017,0,1.0,0.0,0,0,0,1,0,1017,0,1.0,0.0,0
PF07074,PF14290,8,0,0,8,0,1010,0,0.99,0.0,0,0,0,8,0,1010,0,0.99,0.0,0
PF00838,PF04628,14,11,3,11,8,996,0.27,0.98,0.21,0.23,11,3,11,8,996,0.27,0.98,0.21,0.23
PF04214,PF01249,0,16,0,0,16,1002,0.0,0.98,0,0,16,0,0,16,1002,0.0,0.98,0,0
PF10255,PF01896,9,8,3,6,5,1004,0.38,0.99,0.33,0.35,8,3,6,5,1004,0.38,0.99,0.33,0.35
PF01010,PF06455,1,2,1,0,1,1016,0.5,1.0,1.0,0.71,2,1,0,1,1016,0.5,1.0,1.0,0.71
PF10520,PF07933,4,11,0,4,11,1003,0.0,0.99,0.0,-0.01,11,0,4,11,1003,0.0,0.99,0.0,-0.01
PF06372,PF12095,2,1,0,2,1,1015,0.0,1.0,0.0,-0.0,1,0,2,1,1015,0.0,1.0,0.0,-0.0
PF00433,PF12179,34,3,2,32,1,983,0.67,0.97,0.06,0.19,3,2,32,1,983,0.67,0.97,0.06,0.19
PF00421,PF00124,17,2,2,15,0,1001,1.0,0.99,0.12,0.34,2,2,15,0,1001,1.0,0.99,0.12,0.34
PF02217,PF06505,3,0,0,3,0,1015,0,1.0,0.0,0,0,0,3,0,1015,0,1.0,0.0,0
PF16559,PF08518,2,8,2,0,6,1010,0.25,0.99,1.0,0.5,8,2,0,6,1010,0.25,0.99,1.0,0.5
PF03162,PF07896,4,5,2,2,3,1011,0.4,1.0,0.5,0.44,5,2,2,3,1011,0.4,1.0,0.5,0.44
PF04722,PF10166,10,2,1,9,1,1007,0.5,0.99,0.1,0.22,2,1,9,1,1007,0.5,0.99,0.1,0.22
PF14528,PF07453,1,3,1,0,2,1015,0.33,1.0,1.0,0.58,3,1,0,2,1015,0.33,1.0,1.0,0.58
PF13878,PF13880,5,4,4,1,0,1013,1.0,1.0,0.8,0.89,4,4,1,0,1013,1.0,1.0,0.8,0.89
PF05697,PF05698,3,0,0,3,0,1015,0,1.0,0.0,0,0,0,3,0,1015,0,1.0,0.0,0
PF09459,PF12046,1,0,0,1,0,1017,0,1.0,0.0,0,0,0,1,0,1017,0,1.0,0.0,0
PF04536,PF11282,4,2,0,4,2,1012,0.0,0.99,0.0,-0.0,2,0,4,2,1012,0.0,0.99,0.0,-0.0
PF10056,PF15082,2,3,0,2,3,1013,0.0,1.0,0.0,-0.0,3,0,2,3,1013,0.0,1.0,0.0,-0.0
PF16976,PF13629,1,1,1,0,0,1017,1.0,1.0,1.0,1.0,1,1,0,0,1017,1.0,1.0,1.0,1.0
PF01660,PF15476,6,0,0,6,0,1012,0,0.99,0.0,0,0,0,6,0,1012,0,0.99,0.0,0
PF16487,PF16488,23,31,21,2,10,985,0.68,0.99,0.91,0.78,31,21,2,10,985,0.68,0.99,0.91,0.78
PF01632,PF10218,5,0,0,5,0,1013,0,1.0,0.0,0,0,0,5,0,1013,0,1.0,0.0,0
PF08576,PF12046,3,0,0,3,0,1015,0,1.0,0.0,0,0,0,3,0,1015,0,1.0,0.0,0
PF14675,PF14676,1,1,1,0,0,1017,1.0,1.0,1.0,1.0,1,1,0,0,1017,1.0,1.0,1.0,1.0
PF06870,PF05995,9,10,1,8,9,1000,0.1,0.98,0.11,0.1,10,1,8,9,1000,0.1,0.98,0.11,0.1
PF02901,PF01228,7,2,2,5,0,1011,1.0,1.0,0.29,0.53,2,2,5,0,1011,1.0,1.0,0.29,0.53
PF04952,PF01114,3,1,0,3,1,1014,0.0,1.0,0.0,-0.0,1,0,3,1,1014,0.0,1.0,0.0,-0.0
PF00073,PF00548,12,12,12,0,0,1006,1.0,1.0,1.0,1.0,12,12,0,0,1006,1.0,1.0,1.0,1.0
PF09307,PF08831,3,3,3,0,0,1015,1.0,1.0,1.0,1.0,3,3,0,0,1015,1.0,1.0,1.0,1.0
PF10470,PF09005,0,10,0,0,10,1008,0.0,0.99,0,0,10,0,0,10,1008,0.0,0.99,0,0
PF06165,PF17167,3,3,3,0,0,1015,1.0,1.0,1.0,1.0,3,3,0,0,1015,1.0,1.0,1.0,1.0
PF06645,PF01279,8,2,0,8,2,1008,0.0,0.99,0.0,-0.0,2,0,8,2,1008,0.0,0.99,0.0,-0.0
PF12260,PF14875,10,2,1,9,1,1007,0.5,0.99,0.1,0.22,2,1,9,1,1007,0.5,0.99,0.1,0.22
PF05613,PF16834,0,0,0,0,0,1018,0,1.0,0,0,0,0,0,0,1018,0,1.0,0,0
PF03978,PF13618,0,0,0,0,0,1018,0,1.0,0,0,0,0,0,0,1018,0,1.0,0,0
PF00324,PF03522,50,17,16,34,1,967,0.94,0.97,0.32,0.54,17,16,34,1,967,0.94,0.97,0.32,0.54
PF01418,PF01380,2,14,2,0,12,1004,0.14,0.99,1.0,0.38,14,2,0,12,1004,0.14,0.99,1.0,0.38
PF01136,PF01706,1,1,0,1,1,1016,0.0,1.0,0.0,-0.0,1,0,1,1,1016,0.0,1.0,0.0,-0.0
PF06691,PF11130,1,0,0,1,0,1017,0,1.0,0.0,0,0,0,1,0,1017,0,1.0,0.0,0
PF16455,PF01599,8,6,2,6,4,1006,0.33,0.99,0.25,0.28,6,2,6,4,1006,0.33,0.99,0.25,0.28
PF15460,PF09715,1,0,0,1,0,1017,0,1.0,0.0,0,0,0,1,0,1017,0,1.0,0.0,0
PF14360,PF09246,10,2,1,9,1,1007,0.5,0.99,0.1,0.22,2,1,9,1,1007,0.5,0.99,0.1,0.22
PF13689,PF12019,0,1,0,0,1,1017,0.0,1.0,0,0,1,0,0,1,1017,0.0,1.0,0,0
PF14954,PF14935,2,2,0,2,2,1014,0.0,1.0,0.0,-0.0,2,0,2,2,1014,0.0,1.0,0.0,-0.0
PF07017,PF04465,0,0,0,0,0,1018,0,1.0,0,0,0,0,0,0,1018,0,1.0,0,0
PF16168,PF15355,0,0,0,0,0,1018,0,1.0,0,0,0,0,0,0,1018,0,1.0,0,0
PF13761,PF14328,1,0,0,1,0,1017,0,1.0,0.0,0,0,0,1,0,1017,0,1.0,0.0,0
PF06626,PF06724,1,0,0,1,0,1017,0,1.0,0.0,0,0,0,1,0,1017,0,1.0,0.0,0
PF04847,PF14935,7,2,1,6,1,1010,0.5,0.99,0.14,0.26,2,1,6,1,1010,0.5,0.99,0.14,0.26
PF13369,PF08755,7,11,6,1,5,1006,0.55,0.99,0.86,0.68,11,6,1,5,1006,0.55,0.99,0.86,0.68
PF03309,PF02654,1,3,0,1,3,1014,0.0,1.0,0.0,-0.0,3,0,1,3,1014,0.0,1.0,0.0,-0.0
PF11779,PF08561,6,5,1,5,4,1008,0.2,0.99,0.17,0.18,5,1,5,4,1008,0.2,0.99,0.17,0.18
PF17061,PF03745,0,0,0,0,0,1018,0,1.0,0,0,0,0,0,0,1018,0,1.0,0,0
PF00780,PF08826,38,5,4,34,1,979,0.8,0.97,0.11,0.28,5,4,34,1,979,0.8,0.97,0.11,0.28
PF03986,PF10381,10,9,9,1,0,1008,1.0,1.0,0.9,0.95,9,9,1,0,1008,1.0,1.0,0.9,0.95
PF04533,PF04311,0,0,0,0,0,1018,0,1.0,0,0,0,0,0,0,1018,0,1.0,0,0
PF11677,PF04691,0,1,0,0,1,1017,0.0,1.0,0,0,1,0,0,1,1017,0.0,1.0,0,0
PF04433,PF08558,23,4,0,23,4,991,0.0,0.97,0.0,-0.01,4,0,23,4,991,0.0,0.97,0.0,-0.01
PF16740,PF11703,4,0,0,4,0,1014,0,1.0,0.0,0,0,0,4,0,1014,0,1.0,0.0,0
PF00294,PF04227,41,7,6,35,1,976,0.86,0.96,0.15,0.35,7,6,35,1,976,0.86,0.96,0.15,0.35
PF08635,PF09166,2,3,1,1,2,1014,0.33,1.0,0.5,0.41,3,1,1,2,1014,0.33,1.0,0.5,0.41
PF14517,PF08535,1,1,0,1,1,1016,0.0,1.0,0.0,-0.0,1,0,1,1,1016,0.0,1.0,0.0,-0.0
PF11976,PF01150,23,22,7,16,15,980,0.32,0.97,0.3,0.3,22,7,16,15,980,0.32,0.97,0.3,0.3
PF05084,PF01300,0,17,0,0,17,1001,0.0,0.98,0,0,17,0,0,17,1001,0.0,0.98,0,0
PF11134,PF02979,0,3,0,0,3,1015,0.0,1.0,0,0,3,0,0,3,1015,0.0,1.0,0,0
PF13709,PF01455,1,0,0,1,0,1017,0,1.0,0.0,0,0,0,1,0,1017,0,1.0,0.0,0
PF15837,PF06681,0,0,0,0,0,1018,0,1.0,0,0,0,0,0,0,1018,0,1.0,0,0
PF12783,PF16213,24,22,16,8,6,988,0.73,0.99,0.67,0.69,22,16,8,6,988,0.73,0.99,0.67,0.69
PF00963,PF15705,6,2,0,6,2,1010,0.0,0.99,0.0,-0.0,2,0,6,2,1010,0.0,0.99,0.0,-0.0
PF09273,PF05033,17,25,6,11,19,982,0.24,0.97,0.35,0.28,25,6,11,19,982,0.24,0.97,0.35,0.28
PF00657,PF10604,39,17,10,29,7,972,0.59,0.96,0.26,0.37,17,10,29,7,972,0.59,0.96,0.26,0.37
PF01032,PF09383,5,2,2,3,0,1013,1.0,1.0,0.4,0.63,2,2,3,0,1013,1.0,1.0,0.4,0.63
PF15071,PF15370,0,3,0,0,3,1015,0.0,1.0,0,0,3,0,0,3,1015,0.0,1.0,0,0
PF01825,PF02793,33,20,6,27,14,971,0.3,0.96,0.18,0.21,20,6,27,14,971,0.3,0.96,0.18,0.21
PF12867,PF10017,6,8,2,4,6,1006,0.25,0.99,0.33,0.28,8,2,4,6,1006,0.25,0.99,0.33,0.28
PF13971,PF15556,0,0,0,0,0,1018,0,1.0,0,0,0,0,0,0,1018,0,1.0,0,0
PF02026,PF01365,8,9,5,3,4,1006,0.56,0.99,0.62,0.59,9,5,3,4,1006,0.56,0.99,0.62,0.59
PF04738,PF07409,0,0,0,0,0,1018,0,1.0,0,0,0,0,0,0,1018,0,1.0,0,0
PF10162,PF13330,10,16,4,6,12,996,0.25,0.98,0.4,0.31,16,4,6,12,996,0.25,0.98,0.4,0.31
PF13276,PF02022,7,5,0,7,5,1006,0.0,0.99,0.0,-0.01,5,0,7,5,1006,0.0,0.99,0.0,-0.01
PF04333,PF08249,0,0,0,0,0,1018,0,1.0,0,0,0,0,0,0,1018,0,1.0,0,0
PF10344,PF10359,2,3,1,1,2,1014,0.33,1.0,0.5,0.41,3,1,1,2,1014,0.33,1.0,0.5,0.41
PF15855,PF16590,0,1,0,0,1,1017,0.0,1.0,0,0,1,0,0,1,1017,0.0,1.0,0,0
PF10613,PF00497,33,29,11,22,18,967,0.38,0.96,0.33,0.34,29,11,22,18,967,0.38,0.96,0.33,0.34
PF15909,PF03703,4,1,0,4,1,1013,0.0,1.0,0.0,-0.0,1,0,4,1,1013,0.0,1.0,0.0,-0.0
PF01208,PF05562,12,3,1,11,2,1004,0.33,0.99,0.08,0.16,3,1,11,2,1004,0.33,0.99,0.08,0.16
PF00961,PF14528,9,1,1,8,0,1009,1.0,0.99,0.11,0.33,1,1,8,0,1009,1.0,0.99,0.11,0.33
PF13089,PF13090,1,2,1,0,1,1016,0.5,1.0,1.0,0.71,2,1,0,1,1016,0.5,1.0,1.0,0.71
PF00589,PF12259,21,5,4,17,1,996,0.8,0.98,0.19,0.39,5,4,17,1,996,0.8,0.98,0.19,0.39
PF01400,PF05821,46,6,5,41,1,971,0.83,0.96,0.11,0.29,6,5,41,1,971,0.83,0.96,0.11,0.29
PF15125,PF15036,3,1,0,3,1,1014,0.0,1.0,0.0,-0.0,1,0,3,1,1014,0.0,1.0,0.0,-0.0
PF04893,PF03208,14,8,2,12,6,998,0.25,0.98,0.14,0.18,8,2,12,6,998,0.25,0.98,0.14,0.18
PF04135,PF15014,6,1,0,6,1,1011,0.0,0.99,0.0,-0.0,1,0,6,1,1011,0.0,0.99,0.0,-0.0
PF15265,PF15302,0,0,0,0,0,1018,0,1.0,0,0,0,0,0,0,1018,0,1.0,0,0
PF17121,PF14824,4,10,0,4,10,1004,0.0,0.99,0.0,-0.01,10,0,4,10,1004,0.0,0.99,0.0,-0.01
PF10846,PF15211,8,0,0,8,0,1010,0,0.99,0.0,0,0,0,8,0,1010,0,0.99,0.0,0
PF07904,PF06989,3,0,0,3,0,1015,0,1.0,0.0,0,0,0,3,0,1015,0,1.0,0.0,0
PF08144,PF05715,4,3,2,2,1,1013,0.67,1.0,0.5,0.58,3,2,2,1,1013,0.67,1.0,0.5,0.58
PF17008,PF11162,0,0,0,0,0,1018,0,1.0,0,0,0,0,0,0,1018,0,1.0,0,0
PF03118,PF01333,6,5,0,6,5,1007,0.0,0.99,0.0,-0.01,5,0,6,5,1007,0.0,0.99,0.0,-0.01
PF02933,PF02359,10,11,8,2,3,1005,0.73,1.0,0.8,0.76,11,8,2,3,1005,0.73,1.0,0.8,0.76
PF06271,PF15305,2,2,0,2,2,1014,0.0,1.0,0.0,-0.0,2,0,2,2,1014,0.0,1.0,0.0,-0.0
PF05282,PF05197,12,5,1,11,4,1002,0.2,0.99,0.08,0.12,5,1,11,4,1002,0.2,0.99,0.08,0.12
PF02772,PF02773,4,4,4,0,0,1014,1.0,1.0,1.0,1.0,4,4,0,0,1014,1.0,1.0,1.0,1.0
PF11952,PF13821,6,7,4,2,3,1009,0.57,1.0,0.67,0.61,7,4,2,3,1009,0.57,1.0,0.67,0.61
PF10347,PF10293,5,5,5,0,0,1013,1.0,1.0,1.0,1.0,5,5,0,0,1013,1.0,1.0,1.0,1.0
PF04832,PF10184,10,11,3,7,8,1000,0.27,0.99,0.3,0.28,11,3,7,8,1000,0.27,0.99,0.3,0.28
PF10962,PF12608,0,0,0,0,0,1018,0,1.0,0,0,0,0,0,0,1018,0,1.0,0,0
PF04845,PF15388,6,2,0,6,2,1010,0.0,0.99,0.0,-0.0,2,0,6,2,1010,0.0,0.99,0.0,-0.0
PF01186,PF00530,5,39,4,1,35,978,0.1,0.96,0.8,0.28,39,4,1,35,978,0.1,0.96,0.8,0.28
PF15139,PF15555,1,1,0,1,1,1016,0.0,1.0,0.0,-0.0,1,0,1,1,1016,0.0,1.0,0.0,-0.0
PF11055,PF08093,0,1,0,0,1,1017,0.0,1.0,0,0,1,0,0,1,1017,0.0,1.0,0,0
PF02863,PF08021,2,0,0,2,0,1016,0,1.0,0.0,0,0,0,2,0,1016,0,1.0,0.0,0
PF15237,PF10217,2,1,0,2,1,1015,0.0,1.0,0.0,-0.0,1,0,2,1,1015,0.0,1.0,0.0,-0.0
PF04810,PF04815,25,26,22,3,4,989,0.85,0.99,0.88,0.86,26,22,3,4,989,0.85,0.99,0.88,0.86
PF06459,PF08454,8,14,8,0,6,1004,0.57,0.99,1.0,0.75,14,8,0,6,1004,0.57,0.99,1.0,0.75
PF11942,PF03439,7,14,7,0,7,1004,0.5,0.99,1.0,0.7,14,7,0,7,1004,0.5,0.99,1.0,0.7
PF03864,PF02924,1,0,0,1,0,1017,0,1.0,0.0,0,0,0,1,0,1017,0,1.0,0.0,0
PF15181,PF16477,1,0,0,1,0,1017,0,1.0,0.0,0,0,0,1,0,1017,0,1.0,0.0,0
PF04384,PF02072,0,0,0,0,0,1018,0,1.0,0,0,0,0,0,0,1018,0,1.0,0,0
PF15289,PF09991,0,0,0,0,0,1018,0,1.0,0,0,0,0,0,0,1018,0,1.0,0,0
PF05111,PF15064,1,2,0,1,2,1015,0.0,1.0,0.0,-0.0,2,0,1,2,1015,0.0,1.0,0.0,-0.0
PF03384,PF14922,3,4,1,2,3,1012,0.25,1.0,0.33,0.29,4,1,2,3,1012,0.25,1.0,0.33,0.29
PF12579,PF11669,0,3,0,0,3,1015,0.0,1.0,0,0,3,0,0,3,1015,0.0,1.0,0,0
PF07222,PF15093,2,2,0,2,2,1014,0.0,1.0,0.0,-0.0,2,0,2,2,1014,0.0,1.0,0.0,-0.0
PF06258,PF15699,4,0,0,4,0,1014,0,1.0,0.0,0,0,0,4,0,1014,0,1.0,0.0,0
PF02200,PF15997,1,0,0,1,0,1017,0,1.0,0.0,0,0,0,1,0,1017,0,1.0,0.0,0
PF12318,PF03090,0,0,0,0,0,1018,0,1.0,0,0,0,0,0,0,1018,0,1.0,0,0
PF09929,PF13211,0,0,0,0,0,1018,0,1.0,0,0,0,0,0,0,1018,0,1.0,0,0
PF08778,PF11413,3,6,2,1,4,1011,0.33,1.0,0.67,0.47,6,2,1,4,1011,0.33,1.0,0.67,0.47
PF15512,PF14077,2,4,1,1,3,1013,0.25,1.0,0.5,0.35,4,1,1,3,1013,0.25,1.0,0.5,0.35
PF01925,PF04406,9,17,4,5,13,996,0.24,0.98,0.44,0.32,17,4,5,13,996,0.24,0.98,0.44,0.32
PF03043,PF17188,0,0,0,0,0,1018,0,1.0,0,0,0,0,0,0,1018,0,1.0,0,0
PF04062,PF07219,10,2,1,9,1,1007,0.5,0.99,0.1,0.22,2,1,9,1,1007,0.5,0.99,0.1,0.22
PF02467,PF14552,0,1,0,0,1,1017,0.0,1.0,0,0,1,0,0,1,1017,0.0,1.0,0,0
PF08187,PF05572,1,10,0,1,10,1007,0.0,0.99,0.0,-0.0,10,0,1,10,1007,0.0,0.99,0.0,-0.0
PF14750,PF09797,10,10,3,7,7,1001,0.3,0.99,0.3,0.29,10,3,7,7,1001,0.3,0.99,0.3,0.29
PF12002,PF16193,14,14,14,0,0,1004,1.0,1.0,1.0,1.0,14,14,0,0,1004,1.0,1.0,1.0,1.0
PF00104,PF00105,45,46,40,5,6,967,0.87,0.99,0.89,0.87,46,40,5,6,967,0.87,0.99,0.89,0.87
PF02776,PF02775,27,25,22,5,3,988,0.88,0.99,0.81,0.84,25,22,5,3,988,0.88,0.99,0.81,0.84
PF00326,PF02897,47,15,15,32,0,971,1.0,0.97,0.32,0.56,15,15,32,0,971,1.0,0.97,0.32,0.56
PF06035,PF14715,0,0,0,0,0,1018,0,1.0,0,0,0,0,0,0,1018,0,1.0,0,0
PF13296,PF01580,1,5,0,1,5,1012,0.0,0.99,0.0,-0.0,5,0,1,5,1012,0.0,0.99,0.0,-0.0
PF01775,PF02284,9,6,3,6,3,1006,0.5,0.99,0.33,0.4,6,3,6,3,1006,0.5,0.99,0.33,0.4
PF05355,PF15119,3,1,1,2,0,1015,1.0,1.0,0.33,0.58,1,1,2,0,1015,1.0,1.0,0.33,0.58
PF07282,PF12600,2,0,0,2,0,1016,0,1.0,0.0,0,0,0,2,0,1016,0,1.0,0.0,0
PF16193,PF12002,14,14,14,0,0,1004,1.0,1.0,1.0,1.0,14,14,0,0,1004,1.0,1.0,1.0,1.0
PF11977,PF05030,10,6,0,10,6,1002,0.0,0.98,0.0,-0.01,6,0,10,6,1002,0.0,0.98,0.0,-0.01
PF07240,PF15883,0,0,0,0,0,1018,0,1.0,0,0,0,0,0,0,1018,0,1.0,0,0
PF01730,PF08286,2,0,0,2,0,1016,0,1.0,0.0,0,0,0,2,0,1016,0,1.0,0.0,0
PF02615,PF03962,8,7,3,5,4,1006,0.43,0.99,0.38,0.4,7,3,5,4,1006,0.43,0.99,0.38,0.4
PF12862,PF05183,15,27,5,10,22,981,0.19,0.97,0.33,0.23,27,5,10,22,981,0.19,0.97,0.33,0.23
PF01673,PF04355,0,0,0,0,0,1018,0,1.0,0,0,0,0,0,0,1018,0,1.0,0,0
PF08368,PF06743,7,8,6,1,2,1009,0.75,1.0,0.86,0.8,8,6,1,2,1009,0.75,1.0,0.86,0.8
PF01880,PF11245,2,0,0,2,0,1016,0,1.0,0.0,0,0,0,2,0,1016,0,1.0,0.0,0
PF01243,PF10590,12,8,8,4,0,1006,1.0,1.0,0.67,0.81,8,8,4,0,1006,1.0,1.0,0.67,0.81
PF01114,PF12904,1,0,0,1,0,1017,0,1.0,0.0,0,0,0,1,0,1017,0,1.0,0.0,0
PF09836,PF06001,0,12,0,0,12,1006,0.0,0.99,0,0,12,0,0,12,1006,0.0,0.99,0,0
PF01790,PF11751,2,0,0,2,0,1016,0,1.0,0.0,0,0,0,2,0,1016,0,1.0,0.0,0
PF02070,PF12153,0,0,0,0,0,1018,0,1.0,0,0,0,0,0,0,1018,0,1.0,0,0
PF03544,PF05874,4,1,0,4,1,1013,0.0,1.0,0.0,-0.0,1,0,4,1,1013,0.0,1.0,0.0,-0.0
PF00900,PF08071,15,14,11,4,3,1000,0.79,0.99,0.73,0.76,14,11,4,3,1000,0.79,0.99,0.73,0.76
PF15171,PF06351,1,2,0,1,2,1015,0.0,1.0,0.0,-0.0,2,0,1,2,1015,0.0,1.0,0.0,-0.0
PF03851,PF10361,14,0,0,14,0,1004,0,0.99,0.0,0,0,0,14,0,1004,0,0.99,0.0,0
PF10275,PF11303,7,1,0,7,1,1010,0.0,0.99,0.0,-0.0,1,0,7,1,1010,0.0,0.99,0.0,-0.0
PF13657,PF02399,4,2,1,3,1,1013,0.5,1.0,0.25,0.35,2,1,3,1,1013,0.5,1.0,0.25,0.35
PF04357,PF15912,0,2,0,0,2,1016,0.0,1.0,0,0,2,0,0,2,1016,0.0,1.0,0,0
PF05432,PF07343,2,0,0,2,0,1016,0,1.0,0.0,0,0,0,2,0,1016,0,1.0,0.0,0
PF05488,PF17188,0,0,0,0,0,1018,0,1.0,0,0,0,0,0,0,1018,0,1.0,0,0
PF12927,PF05841,3,0,0,3,0,1015,0,1.0,0.0,0,0,0,3,0,1015,0,1.0,0.0,0
PF02921,PF08802,15,3,2,13,1,1002,0.67,0.99,0.13,0.29,3,2,13,1,1002,0.67,0.99,0.13,0.29
PF07139,PF07223,4,1,0,4,1,1013,0.0,1.0,0.0,-0.0,1,0,4,1,1013,0.0,1.0,0.0,-0.0
PF10596,PF10597,18,15,15,3,0,1000,1.0,1.0,0.83,0.91,15,15,3,0,1000,1.0,1.0,0.83,0.91
PF06421,PF00679,21,50,21,0,29,968,0.42,0.97,1.0,0.64,50,21,0,29,968,0.42,0.97,1.0,0.64
PF08416,PF08919,12,10,2,10,8,998,0.2,0.98,0.17,0.17,10,2,10,8,998,0.2,0.98,0.17,0.17
PF11955,PF02431,7,2,1,6,1,1010,0.5,0.99,0.14,0.26,2,1,6,1,1010,0.5,0.99,0.14,0.26
PF03967,PF08748,1,0,0,1,0,1017,0,1.0,0.0,0,0,0,1,0,1017,0,1.0,0.0,0
PF06689,PF00574,3,18,3,0,15,1000,0.17,0.99,1.0,0.41,18,3,0,15,1000,0.17,0.99,1.0,0.41
PF13841,PF01099,0,1,0,0,1,1017,0.0,1.0,0,0,1,0,0,1,1017,0.0,1.0,0,0
PF03269,PF03710,0,3,0,0,3,1015,0.0,1.0,0,0,3,0,0,3,1015,0.0,1.0,0,0
PF09468,PF07106,9,7,2,7,5,1004,0.29,0.99,0.22,0.25,7,2,7,5,1004,0.29,0.99,0.22,0.25
PF15720,PF15441,1,2,1,0,1,1016,0.5,1.0,1.0,0.71,2,1,0,1,1016,0.5,1.0,1.0,0.71
PF09177,PF11416,7,5,1,6,4,1007,0.2,0.99,0.14,0.16,5,1,6,4,1007,0.2,0.99,0.14,0.16
PF01292,PF11794,6,0,0,6,0,1012,0,0.99,0.0,0,0,0,6,0,1012,0,0.99,0.0,0
PF01176,PF01907,13,9,6,7,3,1002,0.67,0.99,0.46,0.55,9,6,7,3,1002,0.67,0.99,0.46,0.55
PF01385,PF17030,0,0,0,0,0,1018,0,1.0,0,0,0,0,0,0,1018,0,1.0,0,0
PF13439,PF15924,23,5,2,21,3,992,0.4,0.98,0.09,0.18,5,2,21,3,992,0.4,0.98,0.09,0.18
PF01484,PF09006,37,0,0,37,0,981,0,0.96,0.0,0,0,0,37,0,981,0,0.96,0.0,0
PF00210,PF02284,13,6,2,11,4,1001,0.33,0.99,0.15,0.22,6,2,11,4,1001,0.33,0.99,0.15,0.22
PF08504,PF15827,2,1,0,2,1,1015,0.0,1.0,0.0,-0.0,1,0,2,1,1015,0.0,1.0,0.0,-0.0
PF11034,PF04355,4,0,0,4,0,1014,0,1.0,0.0,0,0,0,4,0,1014,0,1.0,0.0,0
PF03336,PF04014,0,1,0,0,1,1017,0.0,1.0,0,0,1,0,0,1,1017,0.0,1.0,0,0
PF09667,PF16090,0,4,0,0,4,1014,0.0,1.0,0,0,4,0,0,4,1014,0.0,1.0,0,0
PF10511,PF08831,1,3,0,1,3,1014,0.0,1.0,0.0,-0.0,3,0,1,3,1014,0.0,1.0,0.0,-0.0
PF10161,PF15884,1,3,0,1,3,1014,0.0,1.0,0.0,-0.0,3,0,1,3,1014,0.0,1.0,0.0,-0.0
PF14611,PF11331,4,3,0,4,3,1011,0.0,0.99,0.0,-0.0,3,0,4,3,1011,0.0,0.99,0.0,-0.0
PF02318,PF04698,8,3,2,6,1,1009,0.67,0.99,0.25,0.41,3,2,6,1,1009,0.67,0.99,0.25,0.41
PF06041,PF11734,8,3,1,7,2,1008,0.33,0.99,0.12,0.2,3,1,7,2,1008,0.33,0.99,0.12,0.2
PF03070,PF08543,13,18,10,3,8,997,0.56,0.99,0.77,0.65,18,10,3,8,997,0.56,0.99,0.77,0.65
PF08030,PF08022,51,42,42,9,0,967,1.0,0.99,0.82,0.9,42,42,9,0,967,1.0,0.99,0.82,0.9
PF15203,PF11435,1,1,0,1,1,1016,0.0,1.0,0.0,-0.0,1,0,1,1,1016,0.0,1.0,0.0,-0.0
PF02818,PF12509,4,4,0,4,4,1010,0.0,0.99,0.0,-0.0,4,0,4,4,1010,0.0,0.99,0.0,-0.0
PF16507,PF11919,9,8,8,1,0,1009,1.0,1.0,0.89,0.94,8,8,1,0,1009,1.0,1.0,0.89,0.94
PF15779,PF14914,4,2,1,3,1,1013,0.5,1.0,0.25,0.35,2,1,3,1,1013,0.5,1.0,0.25,0.35
PF01654,PF07681,5,2,2,3,0,1013,1.0,1.0,0.4,0.63,2,2,3,0,1013,1.0,1.0,0.4,0.63
PF16543,PF01205,18,18,5,13,13,987,0.28,0.97,0.28,0.26,18,5,13,13,987,0.28,0.97,0.28,0.26
PF01232,PF08125,6,7,6,0,1,1011,0.86,1.0,1.0,0.93,7,6,0,1,1011,0.86,1.0,1.0,0.93
PF05746,PF03485,30,17,15,15,2,986,0.88,0.98,0.5,0.66,17,15,15,2,986,0.88,0.98,0.5,0.66
PF02701,PF09816,10,6,1,9,5,1003,0.17,0.99,0.1,0.12,6,1,9,5,1003,0.17,0.99,0.1,0.12
PF10906,PF12615,2,0,0,2,0,1016,0,1.0,0.0,0,0,0,2,0,1016,0,1.0,0.0,0
PF15913,PF01483,8,21,8,0,13,997,0.38,0.99,1.0,0.61,21,8,0,13,997,0.38,0.99,1.0,0.61
PF02009,PF08027,0,1,0,0,1,1017,0.0,1.0,0,0,1,0,0,1,1017,0.0,1.0,0,0
PF12440,PF01454,1,13,1,0,12,1005,0.08,0.99,1.0,0.28,13,1,0,12,1005,0.08,0.99,1.0,0.28
PF00225,PF16540,102,8,8,94,0,916,1.0,0.91,0.08,0.27,8,8,94,0,916,1.0,0.91,0.08,0.27
PF11084,PF09732,0,11,0,0,11,1007,0.0,0.99,0,0,11,0,0,11,1007,0.0,0.99,0,0
PF00602,PF06122,1,0,0,1,0,1017,0,1.0,0.0,0,0,0,1,0,1017,0,1.0,0.0,0
PF01470,PF04716,12,13,3,9,10,996,0.23,0.98,0.25,0.23,13,3,9,10,996,0.23,0.98,0.25,0.23
PF06814,PF03195,15,8,3,12,5,998,0.38,0.98,0.2,0.27,8,3,12,5,998,0.38,0.98,0.2,0.27
PF08238,PF07720,42,7,4,38,3,973,0.57,0.96,0.1,0.22,7,4,38,3,973,0.57,0.96,0.1,0.22
PF04155,PF15973,12,0,0,12,0,1006,0,0.99,0.0,0,0,0,12,0,1006,0,0.99,0.0,0
PF04442,PF00436,10,22,3,7,19,989,0.14,0.97,0.3,0.19,22,3,7,19,989,0.14,0.97,0.3,0.19
PF12872,PF01936,13,11,4,9,7,998,0.36,0.98,0.31,0.33,11,4,9,7,998,0.36,0.98,0.31,0.33
PF00637,PF12816,29,4,2,27,2,987,0.5,0.97,0.07,0.18,4,2,27,2,987,0.5,0.97,0.07,0.18
PF06462,PF06398,8,15,3,5,12,998,0.2,0.98,0.38,0.27,15,3,5,12,998,0.2,0.98,0.38,0.27
PF01713,PF08590,12,14,12,0,2,1004,0.86,1.0,1.0,0.92,14,12,0,2,1004,0.86,1.0,1.0,0.92
PF02304,PF09095,0,2,0,0,2,1016,0.0,1.0,0,0,2,0,0,2,1016,0.0,1.0,0,0
PF10529,PF14920,1,0,0,1,0,1017,0,1.0,0.0,0,0,0,1,0,1017,0,1.0,0.0,0
PF09257,PF15443,1,1,0,1,1,1016,0.0,1.0,0.0,-0.0,1,0,1,1,1016,0.0,1.0,0.0,-0.0
PF07458,PF15120,0,1,0,0,1,1017,0.0,1.0,0,0,1,0,0,1,1017,0.0,1.0,0,0
PF04545,PF04539,22,15,15,7,0,996,1.0,0.99,0.68,0.82,15,15,7,0,996,1.0,0.99,0.68,0.82
PF05927,PF07294,1,1,0,1,1,1016,0.0,1.0,0.0,-0.0,1,0,1,1,1016,0.0,1.0,0.0,-0.0
PF00794,PF00792,23,24,21,2,3,992,0.88,1.0,0.91,0.89,24,21,2,3,992,0.88,1.0,0.91,0.89
PF06749,PF04720,7,8,2,5,6,1005,0.25,0.99,0.29,0.26,8,2,5,6,1005,0.25,0.99,0.29,0.26
PF02427,PF02448,0,0,0,0,0,1018,0,1.0,0,0,0,0,0,0,1018,0,1.0,0,0
PF14862,PF15754,0,0,0,0,0,1018,0,1.0,0,0,0,0,0,0,1018,0,1.0,0,0
PF16494,PF03733,1,4,0,1,4,1013,0.0,1.0,0.0,-0.0,4,0,1,4,1013,0.0,1.0,0.0,-0.0
PF10284,PF10285,0,0,0,0,0,1018,0,1.0,0,0,0,0,0,0,1018,0,1.0,0,0
PF13543,PF09128,2,5,0,2,5,1011,0.0,0.99,0.0,-0.0,5,0,2,5,1011,0.0,0.99,0.0,-0.0
PF12447,PF02873,3,6,2,1,4,1011,0.33,1.0,0.67,0.47,6,2,1,4,1011,0.33,1.0,0.67,0.47
PF13435,PF10567,0,1,0,0,1,1017,0.0,1.0,0,0,1,0,0,1,1017,0.0,1.0,0,0
PF01137,PF05189,11,3,3,8,0,1007,1.0,0.99,0.27,0.52,3,3,8,0,1007,1.0,0.99,0.27,0.52
PF05297,PF11981,0,0,0,0,0,1018,0,1.0,0,0,0,0,0,0,1018,0,1.0,0,0
PF01311,PF01752,0,2,0,0,2,1016,0.0,1.0,0,0,2,0,0,2,1016,0.0,1.0,0,0
PF12214,PF04087,7,0,0,7,0,1011,0,0.99,0.0,0,0,0,7,0,1011,0,0.99,0.0,0
PF16088,PF07914,1,8,1,0,7,1010,0.12,0.99,1.0,0.35,8,1,0,7,1010,0.12,0.99,1.0,0.35
PF05421,PF14289,2,2,2,0,0,1016,1.0,1.0,1.0,1.0,2,2,0,0,1016,1.0,1.0,1.0,1.0
PF11767,PF03864,7,1,0,7,1,1010,0.0,0.99,0.0,-0.0,1,0,7,1,1010,0.0,0.99,0.0,-0.0
PF06406,PF13876,0,1,0,0,1,1017,0.0,1.0,0,0,1,0,0,1,1017,0.0,1.0,0,0
PF01500,PF05287,1,0,0,1,0,1017,0,1.0,0.0,0,0,0,1,0,1017,0,1.0,0.0,0
PF06155,PF05141,10,9,3,7,6,1002,0.33,0.99,0.3,0.31,9,3,7,6,1002,0.33,0.99,0.3,0.31
PF09173,PF16658,5,1,1,4,0,1013,1.0,1.0,0.2,0.45,1,1,4,0,1013,1.0,1.0,0.2,0.45
PF08430,PF09354,5,4,4,1,0,1013,1.0,1.0,0.8,0.89,4,4,1,0,1013,1.0,1.0,0.8,0.89
PF07499,PF06798,2,0,0,2,0,1016,0,1.0,0.0,0,0,0,2,0,1016,0,1.0,0.0,0
PF13162,PF14015,0,0,0,0,0,1018,0,1.0,0,0,0,0,0,0,1018,0,1.0,0,0
PF01167,PF07734,12,16,3,9,13,993,0.19,0.98,0.25,0.21,16,3,9,13,993,0.19,0.98,0.25,0.21
PF14297,PF02557,0,2,0,0,2,1016,0.0,1.0,0,0,2,0,0,2,1016,0.0,1.0,0,0
PF00366,PF16205,15,12,9,6,3,1000,0.75,0.99,0.6,0.67,12,9,6,3,1000,0.75,0.99,0.6,0.67
PF11690,PF12855,0,2,0,0,2,1016,0.0,1.0,0,0,2,0,0,2,1016,0.0,1.0,0,0
PF06991,PF08209,7,10,1,6,9,1002,0.1,0.99,0.14,0.11,10,1,6,9,1002,0.1,0.99,0.14,0.11
PF13116,PF00116,9,15,8,1,7,1002,0.53,0.99,0.89,0.69,15,8,1,7,1002,0.53,0.99,0.89,0.69
PF08748,PF04848,0,3,0,0,3,1015,0.0,1.0,0,0,3,0,0,3,1015,0.0,1.0,0,0
PF08207,PF09285,8,6,6,2,0,1010,1.0,1.0,0.75,0.87,6,6,2,0,1010,1.0,1.0,0.75,0.87
PF09029,PF07706,2,2,1,1,1,1015,0.5,1.0,0.5,0.5,2,1,1,1,1015,0.5,1.0,0.5,0.5
PF02951,PF15976,4,0,0,4,0,1014,0,1.0,0.0,0,0,0,4,0,1014,0,1.0,0.0,0
PF06055,PF05325,4,0,0,4,0,1014,0,1.0,0.0,0,0,0,4,0,1014,0,1.0,0.0,0
PF05956,PF05937,3,3,3,0,0,1015,1.0,1.0,1.0,1.0,3,3,0,0,1015,1.0,1.0,1.0,1.0
PF05853,PF15050,1,2,0,1,2,1015,0.0,1.0,0.0,-0.0,2,0,1,2,1015,0.0,1.0,0.0,-0.0
PF10423,PF05299,1,0,0,1,0,1017,0,1.0,0.0,0,0,0,1,0,1017,0,1.0,0.0,0
PF06461,PF08074,12,12,12,0,0,1006,1.0,1.0,1.0,1.0,12,12,0,0,1006,1.0,1.0,1.0,1.0
PF07884,PF07896,6,5,1,5,4,1008,0.2,0.99,0.17,0.18,5,1,5,4,1008,0.2,0.99,0.17,0.18
PF16839,PF05912,0,3,0,0,3,1015,0.0,1.0,0,0,3,0,0,3,1015,0.0,1.0,0,0
PF11923,PF03159,10,18,4,6,14,994,0.22,0.98,0.4,0.29,18,4,6,14,994,0.22,0.98,0.4,0.29
PF02978,PF00448,28,37,27,1,10,980,0.73,0.99,0.96,0.83,37,27,1,10,980,0.73,0.99,0.96,0.83
PF02344,PF01056,5,11,4,1,7,1006,0.36,0.99,0.8,0.54,11,4,1,7,1006,0.36,0.99,0.8,0.54
PF12362,PF15182,1,0,0,1,0,1017,0,1.0,0.0,0,0,0,1,0,1017,0,1.0,0.0,0
PF12482,PF06357,1,1,0,1,1,1016,0.0,1.0,0.0,-0.0,1,0,1,1,1016,0.0,1.0,0.0,-0.0
PF08082,PF10598,13,13,13,0,0,1005,1.0,1.0,1.0,1.0,13,13,0,0,1005,1.0,1.0,1.0,1.0
PF08654,PF15770,2,0,0,2,0,1016,0,1.0,0.0,0,0,0,2,0,1016,0,1.0,0.0,0
PF01411,PF07973,27,26,17,10,9,982,0.65,0.98,0.63,0.63,26,17,10,9,982,0.65,0.98,0.63,0.63
PF03436,PF02343,1,2,1,0,1,1016,0.5,1.0,1.0,0.71,2,1,0,1,1016,0.5,1.0,1.0,0.71
PF04869,PF14932,14,4,2,12,2,1002,0.5,0.99,0.14,0.26,4,2,12,2,1002,0.5,0.99,0.14,0.26
PF08443,PF00328,3,49,3,0,46,969,0.06,0.95,1.0,0.24,49,3,0,46,969,0.06,0.95,1.0,0.24
PF12142,PF12143,2,2,2,0,0,1016,1.0,1.0,1.0,1.0,2,2,0,0,1016,1.0,1.0,1.0,1.0
PF16131,PF04098,17,9,2,15,7,994,0.22,0.98,0.12,0.15,9,2,15,7,994,0.22,0.98,0.12,0.15
PF04109,PF15279,10,0,0,10,0,1008,0,0.99,0.0,0,0,0,10,0,1008,0,0.99,0.0,0
PF05951,PF00555,0,2,0,0,2,1016,0.0,1.0,0,0,2,0,0,2,1016,0.0,1.0,0,0
PF14073,PF09073,3,2,0,3,2,1013,0.0,1.0,0.0,-0.0,2,0,3,2,1013,0.0,1.0,0.0,-0.0
PF10396,PF12631,12,6,6,6,0,1006,1.0,0.99,0.5,0.71,6,6,6,0,1006,1.0,0.99,0.5,0.71
PF07477,PF07488,4,4,4,0,0,1014,1.0,1.0,1.0,1.0,4,4,0,0,1014,1.0,1.0,1.0,1.0
PF15324,PF07260,3,1,0,3,1,1014,0.0,1.0,0.0,-0.0,1,0,3,1,1014,0.0,1.0,0.0,-0.0
PF02536,PF01066,38,35,14,24,21,959,0.4,0.96,0.37,0.36,35,14,24,21,959,0.4,0.96,0.37,0.36
PF12932,PF12931,11,12,10,1,2,1005,0.83,1.0,0.91,0.87,12,10,1,2,1005,0.83,1.0,0.91,0.87
PF14383,PF12552,3,4,1,2,3,1012,0.25,1.0,0.33,0.29,4,1,2,3,1012,0.25,1.0,0.33,0.29
PF16652,PF12763,8,35,6,2,29,981,0.17,0.97,0.75,0.35,35,6,2,29,981,0.17,0.97,0.75,0.35
PF09014,PF10511,1,1,1,0,0,1017,1.0,1.0,1.0,1.0,1,1,0,0,1017,1.0,1.0,1.0,1.0
PF16366,PF16368,12,3,3,9,0,1006,1.0,0.99,0.25,0.5,3,3,9,0,1006,1.0,0.99,0.25,0.5
PF00037,PF04068,16,20,12,4,8,994,0.6,0.99,0.75,0.67,20,12,4,8,994,0.6,0.99,0.75,0.67
PF00341,PF14554,7,2,2,5,0,1011,1.0,1.0,0.29,0.53,2,2,5,0,1011,1.0,1.0,0.29,0.53
PF04437,PF08318,13,14,3,10,11,994,0.21,0.98,0.23,0.21,14,3,10,11,994,0.21,0.98,0.23,0.21
PF01610,PF14690,2,0,0,2,0,1016,0,1.0,0.0,0,0,0,2,0,1016,0,1.0,0.0,0
PF10451,PF02938,1,7,0,1,7,1010,0.0,0.99,0.0,-0.0,7,0,1,7,1010,0.0,0.99,0.0,-0.0
PF14524,PF11803,1,3,0,1,3,1014,0.0,1.0,0.0,-0.0,3,0,1,3,1014,0.0,1.0,0.0,-0.0
PF12258,PF16892,0,2,0,0,2,1016,0.0,1.0,0,0,2,0,0,2,1016,0.0,1.0,0,0
PF08566,PF09348,5,1,0,5,1,1012,0.0,0.99,0.0,-0.0,1,0,5,1,1012,0.0,0.99,0.0,-0.0
PF06579,PF10259,5,10,2,3,8,1005,0.2,0.99,0.4,0.28,10,2,3,8,1005,0.2,0.99,0.4,0.28
PF02732,PF11977,25,10,4,21,6,987,0.4,0.97,0.16,0.24,10,4,21,6,987,0.4,0.97,0.16,0.24
PF11891,PF03479,6,6,0,6,6,1006,0.0,0.99,0.0,-0.01,6,0,6,6,1006,0.0,0.99,0.0,-0.01
PF01798,PF08156,26,25,19,7,6,986,0.76,0.99,0.73,0.74,25,19,7,6,986,0.76,0.99,0.73,0.74
PF06721,PF13689,2,0,0,2,0,1016,0,1.0,0.0,0,0,0,2,0,1016,0,1.0,0.0,0
PF01501,PF06427,42,10,8,34,2,974,0.8,0.96,0.19,0.38,10,8,34,2,974,0.8,0.96,0.19,0.38
PF03759,PF04729,7,7,1,6,6,1005,0.14,0.99,0.14,0.14,7,1,6,6,1005,0.14,0.99,0.14,0.14
PF10017,PF12867,8,6,2,6,4,1006,0.33,0.99,0.25,0.28,6,2,6,4,1006,0.33,0.99,0.25,0.28
PF00982,PF02358,22,28,22,0,6,990,0.79,0.99,1.0,0.88,28,22,0,6,990,0.79,0.99,1.0,0.88
PF08848,PF05448,0,2,0,0,2,1016,0.0,1.0,0,0,2,0,0,2,1016,0.0,1.0,0,0
PF06799,PF09597,3,1,0,3,1,1014,0.0,1.0,0.0,-0.0,1,0,3,1,1014,0.0,1.0,0.0,-0.0
PF13182,PF15182,0,0,0,0,0,1018,0,1.0,0,0,0,0,0,0,1018,0,1.0,0,0
PF12497,PF02166,3,6,3,0,3,1012,0.5,1.0,1.0,0.71,6,3,0,3,1012,0.5,1.0,1.0,0.71
PF02861,PF02577,9,2,1,8,1,1008,0.5,0.99,0.11,0.23,2,1,8,1,1008,0.5,0.99,0.11,0.23
PF13865,PF08081,11,1,1,10,0,1007,1.0,0.99,0.09,0.3,1,1,10,0,1007,1.0,0.99,0.09,0.3
PF16770,PF12258,12,0,0,12,0,1006,0,0.99,0.0,0,0,0,12,0,1006,0,0.99,0.0,0
PF12171,PF08648,42,8,3,39,5,971,0.38,0.96,0.07,0.15,8,3,39,5,971,0.38,0.96,0.07,0.15
PF07672,PF04212,0,35,0,0,35,983,0.0,0.97,0,0,35,0,0,35,983,0.0,0.97,0,0
PF14432,PF03178,41,29,14,27,15,962,0.48,0.96,0.34,0.39,29,14,27,15,962,0.48,0.96,0.34,0.39
PF12256,PF03534,0,0,0,0,0,1018,0,1.0,0,0,0,0,0,0,1018,0,1.0,0,0
PF00526,PF17210,1,6,0,1,6,1011,0.0,0.99,0.0,-0.0,6,0,1,6,1011,0.0,0.99,0.0,-0.0
PF08640,PF08216,10,5,2,8,3,1005,0.4,0.99,0.2,0.28,5,2,8,3,1005,0.4,0.99,0.2,0.28
PF00969,PF00993,3,0,0,3,0,1015,0,1.0,0.0,0,0,0,3,0,1015,0,1.0,0.0,0
PF00438,PF02773,5,4,4,1,0,1013,1.0,1.0,0.8,0.89,4,4,1,0,1013,1.0,1.0,0.8,0.89
PF08515,PF01064,8,18,8,0,10,1000,0.44,0.99,1.0,0.66,18,8,0,10,1000,0.44,0.99,1.0,0.66
PF00524,PF05065,4,1,0,4,1,1013,0.0,1.0,0.0,-0.0,1,0,4,1,1013,0.0,1.0,0.0,-0.0
PF10348,PF10355,7,5,5,2,0,1011,1.0,1.0,0.71,0.84,5,5,2,0,1011,1.0,1.0,0.71,0.84
PF11579,PF15334,0,0,0,0,0,1018,0,1.0,0,0,0,0,0,0,1018,0,1.0,0,0
PF04034,PF12800,13,2,1,12,1,1004,0.5,0.99,0.08,0.19,2,1,12,1,1004,0.5,0.99,0.08,0.19
PF11415,PF16716,0,0,0,0,0,1018,0,1.0,0,0,0,0,0,0,1018,0,1.0,0,0
PF04432,PF04422,0,0,0,0,0,1018,0,1.0,0,0,0,0,0,0,1018,0,1.0,0,0
PF05425,PF13753,0,0,0,0,0,1018,0,1.0,0,0,0,0,0,0,1018,0,1.0,0,0
PF13915,PF16788,6,3,1,5,2,1010,0.33,0.99,0.17,0.23,3,1,5,2,1010,0.33,0.99,0.17,0.23
PF01193,PF01066,16,35,7,9,28,974,0.2,0.96,0.44,0.28,35,7,9,28,974,0.2,0.96,0.44,0.28
PF13907,PF08074,14,12,5,9,7,997,0.42,0.98,0.36,0.38,12,5,9,7,997,0.42,0.98,0.36,0.38
PF16690,PF15390,3,0,0,3,0,1015,0,1.0,0.0,0,0,0,3,0,1015,0,1.0,0.0,0
PF02501,PF03934,2,2,2,0,0,1016,1.0,1.0,1.0,1.0,2,2,0,0,1016,1.0,1.0,1.0,1.0
PF10179,PF06414,3,11,0,3,11,1004,0.0,0.99,0.0,-0.01,11,0,3,11,1004,0.0,0.99,0.0,-0.01
PF02635,PF10279,0,0,0,0,0,1018,0,1.0,0,0,0,0,0,0,1018,0,1.0,0,0
PF17147,PF01558,8,6,6,2,0,1010,1.0,1.0,0.75,0.87,6,6,2,0,1010,1.0,1.0,0.75,0.87
PF02562,PF17020,2,1,0,2,1,1015,0.0,1.0,0.0,-0.0,1,0,2,1,1015,0.0,1.0,0.0,-0.0
PF09281,PF06394,2,7,0,2,7,1009,0.0,0.99,0.0,-0.0,7,0,2,7,1009,0.0,0.99,0.0,-0.0
PF08657,PF14232,2,0,0,2,0,1016,0,1.0,0.0,0,0,0,2,0,1016,0,1.0,0.0,0
PF06808,PF00950,8,4,3,5,1,1009,0.75,0.99,0.38,0.53,4,3,5,1,1009,0.75,0.99,0.38,0.53
PF12609,PF15060,1,0,0,1,0,1017,0,1.0,0.0,0,0,0,1,0,1017,0,1.0,0.0,0
PF06500,PF06108,2,6,0,2,6,1010,0.0,0.99,0.0,-0.0,6,0,2,6,1010,0.0,0.99,0.0,-0.0
PF02163,PF15019,10,1,0,10,1,1007,0.0,0.99,0.0,-0.0,1,0,10,1,1007,0.0,0.99,0.0,-0.0
PF06200,PF09425,12,7,6,6,1,1005,0.86,0.99,0.5,0.65,7,6,6,1,1005,0.86,0.99,0.5,0.65
PF04630,PF00006,0,46,0,0,46,972,0.0,0.95,0,0,46,0,0,46,972,0.0,0.95,0,0
PF12544,PF05707,0,0,0,0,0,1018,0,1.0,0,0,0,0,0,0,1018,0,1.0,0,0
PF10087,PF06009,0,2,0,0,2,1016,0.0,1.0,0,0,2,0,0,2,1016,0.0,1.0,0,0
PF03796,PF02132,12,1,0,12,1,1005,0.0,0.99,0.0,-0.0,1,0,12,1,1005,0.0,0.99,0.0,-0.0
PF05990,PF04632,1,0,0,1,0,1017,0,1.0,0.0,0,0,0,1,0,1017,0,1.0,0.0,0
PF06989,PF11460,0,0,0,0,0,1018,0,1.0,0,0,0,0,0,0,1018,0,1.0,0,0
PF03712,PF01082,17,19,17,0,2,999,0.89,1.0,1.0,0.94,19,17,0,2,999,0.89,1.0,1.0,0.94
PF15722,PF16829,0,0,0,0,0,1018,0,1.0,0,0,0,0,0,0,1018,0,1.0,0,0
PF01051,PF06403,1,1,0,1,1,1016,0.0,1.0,0.0,-0.0,1,0,1,1,1016,0.0,1.0,0.0,-0.0
PF03971,PF07805,1,1,0,1,1,1016,0.0,1.0,0.0,-0.0,1,0,1,1,1016,0.0,1.0,0.0,-0.0
PF08220,PF03829,5,2,2,3,0,1013,1.0,1.0,0.4,0.63,2,2,3,0,1013,1.0,1.0,0.4,0.63
PF04170,PF05939,0,0,0,0,0,1018,0,1.0,0,0,0,0,0,0,1018,0,1.0,0,0
PF04042,PF00429,27,5,2,25,3,988,0.4,0.97,0.07,0.16,5,2,25,3,988,0.4,0.97,0.07,0.16
PF12610,PF09267,0,0,0,0,0,1018,0,1.0,0,0,0,0,0,0,1018,0,1.0,0,0
PF09471,PF03601,2,0,0,2,0,1016,0,1.0,0.0,0,0,0,2,0,1016,0,1.0,0.0,0
PF04956,PF06744,3,0,0,3,0,1015,0,1.0,0.0,0,0,0,3,0,1015,0,1.0,0.0,0
PF04911,PF02565,2,0,0,2,0,1016,0,1.0,0.0,0,0,0,2,0,1016,0,1.0,0.0,0
PF10208,PF05529,7,11,3,4,8,1003,0.27,0.99,0.43,0.34,11,3,4,8,1003,0.27,0.99,0.43,0.34
PF00044,PF02672,28,3,2,26,1,989,0.67,0.97,0.07,0.21,3,2,26,1,989,0.67,0.97,0.07,0.21
PF15821,PF15934,0,0,0,0,0,1018,0,1.0,0,0,0,0,0,0,1018,0,1.0,0,0
PF03155,PF04493,18,8,3,15,5,995,0.38,0.98,0.17,0.24,8,3,15,5,995,0.38,0.98,0.17,0.24
PF13553,PF02760,6,1,0,6,1,1011,0.0,0.99,0.0,-0.0,1,0,6,1,1011,0.0,0.99,0.0,-0.0
PF04631,PF03379,0,1,0,0,1,1017,0.0,1.0,0,0,1,0,0,1,1017,0.0,1.0,0,0
PF16174,PF09598,1,1,0,1,1,1016,0.0,1.0,0.0,-0.0,1,0,1,1,1016,0.0,1.0,0.0,-0.0
PF01960,PF01680,11,7,1,10,6,1001,0.14,0.98,0.09,0.11,7,1,10,6,1001,0.14,0.98,0.09,0.11
PF03024,PF07995,9,14,6,3,8,1001,0.43,0.99,0.67,0.53,14,6,3,8,1001,0.43,0.99,0.67,0.53
PF13426,PF08447,33,25,16,17,9,976,0.64,0.97,0.48,0.54,25,16,17,9,976,0.64,0.97,0.48,0.54
PF16845,PF00031,4,9,3,1,6,1008,0.33,0.99,0.75,0.5,9,3,1,6,1008,0.33,0.99,0.75,0.5
PF13976,PF07727,60,121,50,10,71,887,0.41,0.92,0.83,0.55,121,50,10,71,887,0.41,0.92,0.83,0.55
PF06412,PF06134,0,2,0,0,2,1016,0.0,1.0,0,0,2,0,0,2,1016,0.0,1.0,0,0
PF04065,PF00649,7,8,2,5,6,1005,0.25,0.99,0.29,0.26,8,2,5,6,1005,0.25,0.99,0.29,0.26
PF12767,PF08652,3,5,0,3,5,1010,0.0,0.99,0.0,-0.0,5,0,3,5,1010,0.0,0.99,0.0,-0.0
PF14984,PF15129,0,1,0,0,1,1017,0.0,1.0,0,0,1,0,0,1,1017,0.0,1.0,0,0
PF15488,PF00054,0,15,0,0,15,1003,0.0,0.99,0,0,15,0,0,15,1003,0.0,0.99,0,0
PF05076,PF12470,3,4,3,0,1,1014,0.75,1.0,1.0,0.87,4,3,0,1,1014,0.75,1.0,1.0,0.87
PF13184,PF08529,4,4,4,0,0,1014,1.0,1.0,1.0,1.0,4,4,0,0,1014,1.0,1.0,1.0,1.0
PF12040,PF12679,0,0,0,0,0,1018,0,1.0,0,0,0,0,0,0,1018,0,1.0,0,0
PF03893,PF01098,4,10,0,4,10,1004,0.0,0.99,0.0,-0.01,10,0,4,10,1004,0.0,0.99,0.0,-0.01
PF01098,PF07361,10,6,1,9,5,1003,0.17,0.99,0.1,0.12,6,1,9,5,1003,0.17,0.99,0.1,0.12
PF12047,PF02008,12,17,7,5,10,996,0.41,0.99,0.58,0.48,17,7,5,10,996,0.41,0.99,0.58,0.48
PF12768,PF12026,1,4,1,0,3,1014,0.25,1.0,1.0,0.5,4,1,0,3,1014,0.25,1.0,1.0,0.5
PF08560,PF10212,4,4,2,2,2,1012,0.5,1.0,0.5,0.5,4,2,2,2,1012,0.5,1.0,0.5,0.5
PF07765,PF11577,8,4,1,7,3,1007,0.25,0.99,0.12,0.17,4,1,7,3,1007,0.25,0.99,0.12,0.17
PF12121,PF08023,0,0,0,0,0,1018,0,1.0,0,0,0,0,0,0,1018,0,1.0,0,0
PF04667,PF01987,5,6,1,4,5,1008,0.17,0.99,0.2,0.18,6,1,4,5,1008,0.17,0.99,0.2,0.18
PF01055,PF13802,38,21,20,18,1,979,0.95,0.98,0.53,0.7,21,20,18,1,979,0.95,0.98,0.53,0.7
PF13366,PF15547,0,0,0,0,0,1018,0,1.0,0,0,0,0,0,0,1018,0,1.0,0,0
PF00474,PF01545,39,41,12,27,29,950,0.29,0.94,0.31,0.27,41,12,27,29,950,0.29,0.94,0.31,0.27
PF08964,PF03710,0,3,0,0,3,1015,0.0,1.0,0,0,3,0,0,3,1015,0.0,1.0,0,0
PF13243,PF13249,17,16,16,1,0,1001,1.0,1.0,0.94,0.97,16,16,1,0,1001,1.0,1.0,0.94,0.97
PF00837,PF02106,3,0,0,3,0,1015,0,1.0,0.0,0,0,0,3,0,1015,0,1.0,0.0,0
PF03529,PF12284,2,1,1,1,0,1016,1.0,1.0,0.5,0.71,1,1,1,0,1016,1.0,1.0,0.5,0.71
PF06087,PF10283,22,16,8,14,8,988,0.5,0.98,0.36,0.42,16,8,14,8,988,0.5,0.98,0.36,0.42
PF04438,PF14773,20,8,3,17,5,993,0.38,0.98,0.15,0.23,8,3,17,5,993,0.38,0.98,0.15,0.23
PF09272,PF02983,4,2,1,3,1,1013,0.5,1.0,0.25,0.35,2,1,3,1,1013,0.5,1.0,0.25,0.35
PF10583,PF06994,0,0,0,0,0,1018,0,1.0,0,0,0,0,0,0,1018,0,1.0,0,0
PF08061,PF03880,2,5,2,0,3,1013,0.4,1.0,1.0,0.63,5,2,0,3,1013,0.4,1.0,1.0,0.63
PF12505,PF07173,5,6,1,4,5,1008,0.17,0.99,0.2,0.18,6,1,4,5,1008,0.17,0.99,0.2,0.18
PF05997,PF05030,10,6,0,10,6,1002,0.0,0.98,0.0,-0.01,6,0,10,6,1002,0.0,0.98,0.0,-0.01
PF12076,PF08079,5,11,1,4,10,1003,0.09,0.99,0.2,0.13,11,1,4,10,1003,0.09,0.99,0.2,0.13
PF07244,PF01103,6,23,6,0,17,995,0.26,0.98,1.0,0.51,23,6,0,17,995,0.26,0.98,1.0,0.51
PF00659,PF08332,9,7,4,5,3,1006,0.57,0.99,0.44,0.5,7,4,5,3,1006,0.57,0.99,0.44,0.5
PF11697,PF17206,0,1,0,0,1,1017,0.0,1.0,0,0,1,0,0,1,1017,0.0,1.0,0,0
PF03878,PF07809,11,0,0,11,0,1007,0,0.99,0.0,0,0,0,11,0,1007,0,0.99,0.0,0
PF10236,PF05602,7,11,4,3,7,1004,0.36,0.99,0.57,0.45,11,4,3,7,1004,0.36,0.99,0.57,0.45
PF03934,PF02501,2,2,2,0,0,1016,1.0,1.0,1.0,1.0,2,2,0,0,1016,1.0,1.0,1.0,1.0
PF07938,PF12118,4,1,0,4,1,1013,0.0,1.0,0.0,-0.0,1,0,4,1,1013,0.0,1.0,0.0,-0.0
PF09337,PF07245,14,5,3,11,2,1002,0.6,0.99,0.21,0.35,5,3,11,2,1002,0.6,0.99,0.21,0.35
PF01979,PF07969,47,17,8,39,9,962,0.47,0.95,0.17,0.26,17,8,39,9,962,0.47,0.95,0.17,0.26
PF01201,PF06658,12,3,1,11,2,1004,0.33,0.99,0.08,0.16,3,1,11,2,1004,0.33,0.99,0.08,0.16
PF07573,PF11702,4,1,0,4,1,1013,0.0,1.0,0.0,-0.0,1,0,4,1,1013,0.0,1.0,0.0,-0.0
PF15353,PF04087,5,0,0,5,0,1013,0,1.0,0.0,0,0,0,5,0,1013,0,1.0,0.0,0
PF10578,PF02420,0,0,0,0,0,1018,0,1.0,0,0,0,0,0,0,1018,0,1.0,0,0
PF09309,PF16892,0,2,0,0,2,1016,0.0,1.0,0,0,2,0,0,2,1016,0.0,1.0,0,0
PF11855,PF10467,2,1,0,2,1,1015,0.0,1.0,0.0,-0.0,1,0,2,1,1015,0.0,1.0,0.0,-0.0
PF00344,PF10559,17,8,8,9,0,1001,1.0,0.99,0.47,0.68,8,8,9,0,1001,1.0,0.99,0.47,0.68
PF01871,PF03350,4,1,0,4,1,1013,0.0,1.0,0.0,-0.0,1,0,4,1,1013,0.0,1.0,0.0,-0.0
PF07468,PF01117,4,0,0,4,0,1014,0,1.0,0.0,0,0,0,4,0,1014,0,1.0,0.0,0
PF01997,PF01680,9,7,1,8,6,1003,0.14,0.99,0.11,0.12,7,1,8,6,1003,0.14,0.99,0.11,0.12
PF15845,PF15483,0,1,0,0,1,1017,0.0,1.0,0,0,1,0,0,1,1017,0.0,1.0,0,0
PF16931,PF10279,0,0,0,0,0,1018,0,1.0,0,0,0,0,0,0,1018,0,1.0,0,0
PF07782,PF13890,12,4,1,11,3,1003,0.25,0.99,0.08,0.14,4,1,11,3,1003,0.25,0.99,0.08,0.14
PF15552,PF15180,1,3,1,0,2,1015,0.33,1.0,1.0,0.58,3,1,0,2,1015,0.33,1.0,1.0,0.58
PF08248,PF08110,0,0,0,0,0,1018,0,1.0,0,0,0,0,0,0,1018,0,1.0,0,0
PF05686,PF04777,29,26,9,20,17,972,0.35,0.96,0.31,0.31,26,9,20,17,972,0.35,0.96,0.31,0.31
PF08939,PF10161,7,1,0,7,1,1010,0.0,0.99,0.0,-0.0,1,0,7,1,1010,0.0,0.99,0.0,-0.0
PF02765,PF16686,9,3,3,6,0,1009,1.0,0.99,0.33,0.58,3,3,6,0,1009,1.0,0.99,0.33,0.58
PF05510,PF09384,3,11,1,2,10,1005,0.09,0.99,0.33,0.17,11,1,2,10,1005,0.09,0.99,0.33,0.17
PF04230,PF03151,2,31,0,2,31,985,0.0,0.97,0.0,-0.01,31,0,2,31,985,0.0,0.97,0.0,-0.01
PF05831,PF12764,2,5,2,0,3,1013,0.4,1.0,1.0,0.63,5,2,0,3,1013,0.4,1.0,1.0,0.63
PF01753,PF09273,66,17,8,58,9,943,0.47,0.93,0.12,0.21,17,8,58,9,943,0.47,0.93,0.12,0.21
PF03740,PF04539,6,15,6,0,9,1003,0.4,0.99,1.0,0.63,15,6,0,9,1003,0.4,0.99,1.0,0.63
PF02055,PF17189,17,13,13,4,0,1001,1.0,1.0,0.76,0.87,13,13,4,0,1001,1.0,1.0,0.76,0.87
PF05978,PF06813,16,6,1,15,5,997,0.17,0.98,0.06,0.09,6,1,15,5,997,0.17,0.98,0.06,0.09
PF01480,PF16131,24,17,9,15,8,986,0.53,0.98,0.38,0.43,17,9,15,8,986,0.53,0.98,0.38,0.43
PF00712,PF02768,7,7,7,0,0,1011,1.0,1.0,1.0,1.0,7,7,0,0,1011,1.0,1.0,1.0,1.0
PF04382,PF05902,5,5,5,0,0,1013,1.0,1.0,1.0,1.0,5,5,0,0,1013,1.0,1.0,1.0,1.0
PF01938,PF00919,18,20,14,4,6,994,0.7,0.99,0.78,0.73,20,14,4,6,994,0.7,0.99,0.78,0.73
PF03446,PF14833,37,25,22,15,3,978,0.88,0.98,0.59,0.72,25,22,15,3,978,0.88,0.98,0.59,0.72
PF08507,PF08641,6,4,2,4,2,1010,0.5,0.99,0.33,0.41,4,2,4,2,1010,0.5,0.99,0.33,0.41
PF00174,PF03404,20,20,20,0,0,998,1.0,1.0,1.0,1.0,20,20,0,0,998,1.0,1.0,1.0,1.0
PF12764,PF13876,5,1,0,5,1,1012,0.0,0.99,0.0,-0.0,1,0,5,1,1012,0.0,0.99,0.0,-0.0
PF11875,PF14308,5,11,1,4,10,1003,0.09,0.99,0.2,0.13,11,1,4,10,1003,0.09,0.99,0.2,0.13
PF08728,PF00649,5,8,1,4,7,1006,0.12,0.99,0.2,0.15,8,1,4,7,1006,0.12,0.99,0.2,0.15
PF03399,PF16769,23,1,1,22,0,995,1.0,0.98,0.04,0.21,1,1,22,0,995,1.0,0.98,0.04,0.21
PF10279,PF11751,0,0,0,0,0,1018,0,1.0,0,0,0,0,0,0,1018,0,1.0,0,0
PF01191,PF03871,10,12,10,0,2,1006,0.83,1.0,1.0,0.91,12,10,0,2,1006,0.83,1.0,1.0,0.91
PF01797,PF08571,2,8,0,2,8,1008,0.0,0.99,0.0,-0.0,8,0,2,8,1008,0.0,0.99,0.0,-0.0
PF02399,PF11751,2,0,0,2,0,1016,0,1.0,0.0,0,0,0,2,0,1016,0,1.0,0.0,0
PF13375,PF15483,0,1,0,0,1,1017,0.0,1.0,0,0,1,0,0,1,1017,0.0,1.0,0,0
PF02155,PF02161,6,6,5,1,1,1011,0.83,1.0,0.83,0.83,6,5,1,1,1011,0.83,1.0,0.83,0.83
PF15135,PF15207,1,1,0,1,1,1016,0.0,1.0,0.0,-0.0,1,0,1,1,1016,0.0,1.0,0.0,-0.0
PF03011,PF15447,1,1,1,0,0,1017,1.0,1.0,1.0,1.0,1,1,0,0,1017,1.0,1.0,1.0,1.0
PF15494,PF09272,10,4,2,8,2,1006,0.5,0.99,0.2,0.31,4,2,8,2,1006,0.5,0.99,0.2,0.31
PF01873,PF05508,13,1,1,12,0,1005,1.0,0.99,0.08,0.28,1,1,12,0,1005,1.0,0.99,0.08,0.28
PF00734,PF02013,39,5,5,34,0,979,1.0,0.97,0.13,0.35,5,5,34,0,979,1.0,0.97,0.13,0.35
PF05351,PF08038,6,1,0,6,1,1011,0.0,0.99,0.0,-0.0,1,0,6,1,1011,0.0,0.99,0.0,-0.0
PF11892,PF14793,0,0,0,0,0,1018,0,1.0,0,0,0,0,0,0,1018,0,1.0,0,0
PF16837,PF11931,6,6,5,1,1,1011,0.83,1.0,0.83,0.83,6,5,1,1,1011,0.83,1.0,0.83,0.83
PF02420,PF02084,0,0,0,0,0,1018,0,1.0,0,0,0,0,0,0,1018,0,1.0,0,0
PF02797,PF00195,20,23,18,2,5,993,0.78,0.99,0.9,0.84,23,18,2,5,993,0.78,0.99,0.9,0.84
PF10021,PF08588,12,3,2,10,1,1005,0.67,0.99,0.17,0.33,3,2,10,1,1005,0.67,0.99,0.17,0.33
PF04403,PF15395,3,0,0,3,0,1015,0,1.0,0.0,0,0,0,3,0,1015,0,1.0,0.0,0
PF02660,PF12398,1,4,0,1,4,1013,0.0,1.0,0.0,-0.0,4,0,1,4,1013,0.0,1.0,0.0,-0.0
PF00493,PF17207,49,48,47,2,1,968,0.98,1.0,0.96,0.97,48,47,2,1,968,0.98,1.0,0.96,0.97
PF10480,PF03306,0,6,0,0,6,1012,0.0,0.99,0,0,6,0,0,6,1012,0.0,0.99,0,0
PF08647,PF10375,9,1,0,9,1,1008,0.0,0.99,0.0,-0.0,1,0,9,1,1008,0.0,0.99,0.0,-0.0
PF00557,PF14826,53,10,10,43,0,965,1.0,0.96,0.19,0.43,10,10,43,0,965,1.0,0.96,0.19,0.43
PF01335,PF13820,13,2,2,11,0,1005,1.0,0.99,0.15,0.39,2,2,11,0,1005,1.0,0.99,0.15,0.39
PF13331,PF11341,0,2,0,0,2,1016,0.0,1.0,0,0,2,0,0,2,1016,0.0,1.0,0,0
PF07497,PF11421,3,3,1,2,2,1013,0.33,1.0,0.33,0.33,3,1,2,2,1013,0.33,1.0,0.33,0.33
PF06805,PF05939,0,0,0,0,0,1018,0,1.0,0,0,0,0,0,0,1018,0,1.0,0,0
PF13356,PF09003,3,2,1,2,1,1014,0.5,1.0,0.33,0.41,2,1,2,1,1014,0.5,1.0,0.33,0.41
PF01581,PF08257,5,0,0,5,0,1013,0,1.0,0.0,0,0,0,5,0,1013,0,1.0,0.0,0
PF15226,PF05135,0,0,0,0,0,1018,0,1.0,0,0,0,0,0,0,1018,0,1.0,0,0
PF15803,PF15805,0,0,0,0,0,1018,0,1.0,0,0,0,0,0,0,1018,0,1.0,0,0
PF01258,PF12465,6,3,1,5,2,1010,0.33,0.99,0.17,0.23,3,1,5,2,1010,0.33,0.99,0.17,0.23
PF06839,PF01396,28,7,5,23,2,988,0.71,0.98,0.18,0.35,7,5,23,2,988,0.71,0.98,0.18,0.35
PF10224,PF10780,4,0,0,4,0,1014,0,1.0,0.0,0,0,0,4,0,1014,0,1.0,0.0,0
PF05416,PF10106,2,1,0,2,1,1015,0.0,1.0,0.0,-0.0,1,0,2,1,1015,0.0,1.0,0.0,-0.0
PF01537,PF17007,0,0,0,0,0,1018,0,1.0,0,0,0,0,0,0,1018,0,1.0,0,0
PF02010,PF01477,14,32,10,4,22,982,0.31,0.97,0.71,0.46,32,10,4,22,982,0.31,0.97,0.71,0.46
PF01301,PF13364,31,10,10,21,0,987,1.0,0.98,0.32,0.56,10,10,21,0,987,1.0,0.98,0.32,0.56
PF09995,PF07542,10,12,5,5,7,1001,0.42,0.99,0.5,0.45,12,5,5,7,1001,0.42,0.99,0.5,0.45
PF02417,PF05422,7,3,0,7,3,1008,0.0,0.99,0.0,-0.0,3,0,7,3,1008,0.0,0.99,0.0,-0.0
PF05164,PF02108,0,0,0,0,0,1018,0,1.0,0,0,0,0,0,0,1018,0,1.0,0,0
PF11935,PF15917,8,2,1,7,1,1009,0.5,0.99,0.12,0.25,2,1,7,1,1009,0.5,0.99,0.12,0.25
PF11770,PF10295,0,3,0,0,3,1015,0.0,1.0,0,0,3,0,0,3,1015,0.0,1.0,0,0
PF13414,PF00515,40,55,26,14,29,949,0.47,0.96,0.65,0.53,55,26,14,29,949,0.47,0.96,0.65,0.53
PF13811,PF08610,0,9,0,0,9,1009,0.0,0.99,0,0,9,0,0,9,1009,0.0,0.99,0,0
PF10354,PF03147,14,19,7,7,12,992,0.37,0.98,0.5,0.42,19,7,7,12,992,0.37,0.98,0.5,0.42
PF03178,PF07035,29,7,2,27,5,984,0.29,0.97,0.07,0.13,7,2,27,5,984,0.29,0.97,0.07,0.13
PF04666,PF05191,11,12,2,9,10,997,0.17,0.98,0.18,0.16,12,2,9,10,997,0.17,0.98,0.18,0.16
PF08149,PF08145,7,4,2,5,2,1009,0.5,0.99,0.29,0.37,4,2,5,2,1009,0.5,0.99,0.29,0.37
PF10604,PF06749,17,7,2,15,5,996,0.29,0.98,0.12,0.17,7,2,15,5,996,0.29,0.98,0.12,0.17
PF03258,PF17154,1,1,0,1,1,1016,0.0,1.0,0.0,-0.0,1,0,1,1,1016,0.0,1.0,0.0,-0.0
PF09331,PF03384,4,3,0,4,3,1011,0.0,0.99,0.0,-0.0,3,0,4,3,1011,0.0,0.99,0.0,-0.0
PF02588,PF10035,2,2,2,0,0,1016,1.0,1.0,1.0,1.0,2,2,0,0,1016,1.0,1.0,1.0,1.0
PF08223,PF08093,0,1,0,0,1,1017,0.0,1.0,0,0,1,0,0,1,1017,0.0,1.0,0,0
PF08161,PF14952,5,2,0,5,2,1011,0.0,0.99,0.0,-0.0,2,0,5,2,1011,0.0,0.99,0.0,-0.0
PF09044,PF04232,2,3,0,2,3,1013,0.0,1.0,0.0,-0.0,3,0,2,3,1013,0.0,1.0,0.0,-0.0
PF00679,PF03764,50,23,23,27,0,968,1.0,0.97,0.46,0.67,23,23,27,0,968,1.0,0.97,0.46,0.67
PF15312,PF15482,0,0,0,0,0,1018,0,1.0,0,0,0,0,0,0,1018,0,1.0,0,0
PF07798,PF04729,8,7,2,6,5,1005,0.29,0.99,0.25,0.26,7,2,6,5,1005,0.29,0.99,0.25,0.26
PF10543,PF14791,0,15,0,0,15,1003,0.0,0.99,0,0,15,0,0,15,1003,0.0,0.99,0,0
PF02371,PF10994,3,0,0,3,0,1015,0,1.0,0.0,0,0,0,3,0,1015,0,1.0,0.0,0
PF12606,PF11831,2,12,0,2,12,1004,0.0,0.99,0.0,-0.0,12,0,2,12,1004,0.0,0.99,0.0,-0.0
PF12392,PF01514,1,0,0,1,0,1017,0,1.0,0.0,0,0,0,1,0,1017,0,1.0,0.0,0
PF14994,PF15023,1,0,0,1,0,1017,0,1.0,0.0,0,0,0,1,0,1017,0,1.0,0.0,0
PF05722,PF12731,1,1,1,0,0,1017,1.0,1.0,1.0,1.0,1,1,0,0,1017,1.0,1.0,1.0,1.0
PF03009,PF03105,33,31,12,21,19,966,0.39,0.96,0.36,0.35,31,12,21,19,966,0.39,0.96,0.36,0.35
PF04641,PF15906,13,9,5,8,4,1001,0.56,0.99,0.38,0.46,9,5,8,4,1001,0.56,0.99,0.38,0.46
PF00383,PF01872,51,15,10,41,5,962,0.67,0.95,0.2,0.35,15,10,41,5,962,0.67,0.95,0.2,0.35
PF08744,PF03525,0,0,0,0,0,1018,0,1.0,0,0,0,0,0,0,1018,0,1.0,0,0
PF07847,PF00197,9,1,0,9,1,1008,0.0,0.99,0.0,-0.0,1,0,9,1,1008,0.0,0.99,0.0,-0.0
PF05534,PF02329,0,1,0,0,1,1017,0.0,1.0,0,0,1,0,0,1,1017,0.0,1.0,0,0
PF14255,PF03244,0,0,0,0,0,1018,0,1.0,0,0,0,0,0,0,1018,0,1.0,0,0
PF05057,PF12394,32,2,2,30,0,986,1.0,0.97,0.06,0.25,2,2,30,0,986,1.0,0.97,0.06,0.25
PF06699,PF06218,14,6,4,10,2,1002,0.67,0.99,0.29,0.43,6,4,10,2,1002,0.67,0.99,0.29,0.43
PF00985,PF12782,0,0,0,0,0,1018,0,1.0,0,0,0,0,0,0,1018,0,1.0,0,0
PF04335,PF12883,7,2,2,5,0,1011,1.0,1.0,0.29,0.53,2,2,5,0,1011,1.0,1.0,0.29,0.53
PF14782,PF14781,8,4,4,4,0,1010,1.0,1.0,0.5,0.71,4,4,4,0,1010,1.0,1.0,0.5,0.71
PF15763,PF01668,0,2,0,0,2,1016,0.0,1.0,0,0,2,0,0,2,1016,0.0,1.0,0,0
PF16808,PF16579,3,14,2,1,12,1003,0.14,0.99,0.67,0.3,14,2,1,12,1003,0.14,0.99,0.67,0.3
PF05493,PF00543,18,4,1,17,3,997,0.25,0.98,0.06,0.11,4,1,17,3,997,0.25,0.98,0.06,0.11
PF12843,PF09951,0,0,0,0,0,1018,0,1.0,0,0,0,0,0,0,1018,0,1.0,0,0
PF04478,PF11282,3,2,0,3,2,1013,0.0,1.0,0.0,-0.0,2,0,3,2,1013,0.0,1.0,0.0,-0.0
PF07806,PF01114,0,1,0,0,1,1017,0.0,1.0,0,0,1,0,0,1,1017,0.0,1.0,0,0
PF05591,PF05943,0,0,0,0,0,1018,0,1.0,0,0,0,0,0,0,1018,0,1.0,0,0
PF15794,PF01387,9,0,0,9,0,1009,0,0.99,0.0,0,0,0,9,0,1009,0,0.99,0.0,0
PF00189,PF12333,10,6,1,9,5,1003,0.17,0.99,0.1,0.12,6,1,9,5,1003,0.17,0.99,0.1,0.12
PF16816,PF03092,0,8,0,0,8,1010,0.0,0.99,0,0,8,0,0,8,1010,0.0,0.99,0,0
PF00347,PF03719,23,22,11,12,11,984,0.5,0.98,0.48,0.48,22,11,12,11,984,0.5,0.98,0.48,0.48
PF15786,PF13933,1,0,0,1,0,1017,0,1.0,0.0,0,0,0,1,0,1017,0,1.0,0.0,0
PF12488,PF00796,1,0,0,1,0,1017,0,1.0,0.0,0,0,0,1,0,1017,0,1.0,0.0,0
PF01172,PF09377,10,8,7,3,1,1007,0.88,1.0,0.7,0.78,8,7,3,1,1007,0.88,1.0,0.7,0.78
PF05805,PF05296,7,2,0,7,2,1009,0.0,0.99,0.0,-0.0,2,0,7,2,1009,0.0,0.99,0.0,-0.0
PF12125,PF16856,6,1,1,5,0,1012,1.0,1.0,0.17,0.41,1,1,5,0,1012,1.0,1.0,0.17,0.41
PF15486,PF04296,1,0,0,1,0,1017,0,1.0,0.0,0,0,0,1,0,1017,0,1.0,0.0,0
PF03770,PF01513,25,13,7,18,6,987,0.54,0.98,0.28,0.38,13,7,18,6,987,0.54,0.98,0.28,0.38
PF03994,PF11751,1,0,0,1,0,1017,0,1.0,0.0,0,0,0,1,0,1017,0,1.0,0.0,0
PF13922,PF05066,4,6,4,0,2,1012,0.67,1.0,1.0,0.82,6,4,0,2,1012,0.67,1.0,1.0,0.82
PF08506,PF08389,16,39,9,7,30,972,0.23,0.96,0.56,0.35,39,9,7,30,972,0.23,0.96,0.56,0.35
PF15732,PF04370,0,0,0,0,0,1018,0,1.0,0,0,0,0,0,0,1018,0,1.0,0,0
PF05458,PF15872,5,0,0,5,0,1013,0,1.0,0.0,0,0,0,5,0,1013,0,1.0,0.0,0
PF03835,PF10405,12,10,10,2,0,1006,1.0,1.0,0.83,0.91,10,10,2,0,1006,1.0,1.0,0.83,0.91
PF04863,PF04864,2,4,2,0,2,1014,0.5,1.0,1.0,0.71,4,2,0,2,1014,0.5,1.0,1.0,0.71
PF02338,PF01754,42,10,5,37,5,971,0.5,0.96,0.12,0.23,10,5,37,5,971,0.5,0.96,0.12,0.23
PF16012,PF07530,9,6,2,7,4,1005,0.33,0.99,0.22,0.27,6,2,7,4,1005,0.33,0.99,0.22,0.27
PF06514,PF14866,0,0,0,0,0,1018,0,1.0,0,0,0,0,0,0,1018,0,1.0,0,0
PF03458,PF16829,1,0,0,1,0,1017,0,1.0,0.0,0,0,0,1,0,1017,0,1.0,0.0,0
PF09028,PF11162,1,0,0,1,0,1017,0,1.0,0.0,0,0,0,1,0,1017,0,1.0,0.0,0
PF15776,PF15343,2,0,0,2,0,1016,0,1.0,0.0,0,0,0,2,0,1016,0,1.0,0.0,0
PF04593,PF07561,0,1,0,0,1,1017,0.0,1.0,0,0,1,0,0,1,1017,0.0,1.0,0,0
PF16568,PF16551,1,1,1,0,0,1017,1.0,1.0,1.0,1.0,1,1,0,0,1017,1.0,1.0,1.0,1.0
PF10371,PF01558,5,6,5,0,1,1012,0.83,1.0,1.0,0.91,6,5,0,1,1012,0.83,1.0,1.0,0.91
PF08584,PF02284,4,6,1,3,5,1009,0.17,0.99,0.25,0.2,6,1,3,5,1009,0.17,0.99,0.25,0.2
PF10213,PF10260,10,2,1,9,1,1007,0.5,0.99,0.1,0.22,2,1,9,1,1007,0.5,0.99,0.1,0.22
PF12381,PF08762,4,4,4,0,0,1014,1.0,1.0,1.0,1.0,4,4,0,0,1014,1.0,1.0,1.0,1.0
PF12141,PF09775,1,0,0,1,0,1017,0,1.0,0.0,0,0,0,1,0,1017,0,1.0,0.0,0
PF06742,PF06863,3,0,0,3,0,1015,0,1.0,0.0,0,0,0,3,0,1015,0,1.0,0.0,0
PF00836,PF03285,10,0,0,10,0,1008,0,0.99,0.0,0,0,0,10,0,1008,0,0.99,0.0,0
PF02114,PF01784,6,3,1,5,2,1010,0.33,0.99,0.17,0.23,3,1,5,2,1010,0.33,0.99,0.17,0.23
PF07540,PF12329,4,11,0,4,11,1003,0.0,0.99,0.0,-0.01,11,0,4,11,1003,0.0,0.99,0.0,-0.01
PF10618,PF10109,0,0,0,0,0,1018,0,1.0,0,0,0,0,0,0,1018,0,1.0,0,0
PF15515,PF15400,0,0,0,0,0,1018,0,1.0,0,0,0,0,0,0,1018,0,1.0,0,0
PF08395,PF06151,25,2,1,24,1,992,0.5,0.98,0.04,0.14,2,1,24,1,992,0.5,0.98,0.04,0.14
PF10166,PF15252,2,0,0,2,0,1016,0,1.0,0.0,0,0,0,2,0,1016,0,1.0,0.0,0
PF09917,PF12628,0,0,0,0,0,1018,0,1.0,0,0,0,0,0,0,1018,0,1.0,0,0
PF07392,PF15120,0,1,0,0,1,1017,0.0,1.0,0,0,1,0,0,1,1017,0.0,1.0,0,0
PF09796,PF04229,6,5,1,5,4,1008,0.2,0.99,0.17,0.18,5,1,5,4,1008,0.2,0.99,0.17,0.18
PF06804,PF03412,4,4,2,2,2,1012,0.5,1.0,0.5,0.5,4,2,2,2,1012,0.5,1.0,0.5,0.5
PF00516,PF08497,0,0,0,0,0,1018,0,1.0,0,0,0,0,0,0,1018,0,1.0,0,0
PF04556,PF07496,2,20,1,1,19,997,0.05,0.98,0.5,0.15,20,1,1,19,997,0.05,0.98,0.5,0.15
PF03172,PF16737,4,1,1,3,0,1014,1.0,1.0,0.25,0.5,1,1,3,0,1014,1.0,1.0,0.25,0.5
PF05092,PF05787,0,0,0,0,0,1018,0,1.0,0,0,0,0,0,0,1018,0,1.0,0,0
PF13793,PF14572,23,14,14,9,0,995,1.0,0.99,0.61,0.78,14,14,9,0,995,1.0,0.99,0.61,0.78
PF01964,PF12049,5,0,0,5,0,1013,0,1.0,0.0,0,0,0,5,0,1013,0,1.0,0.0,0
PF01553,PF00924,63,14,10,53,4,951,0.71,0.94,0.16,0.32,14,10,53,4,951,0.71,0.94,0.16,0.32
PF05942,PF03739,0,5,0,0,5,1013,0.0,1.0,0,0,5,0,0,5,1013,0.0,1.0,0,0
PF07511,PF06834,0,0,0,0,0,1018,0,1.0,0,0,0,0,0,0,1018,0,1.0,0,0
PF17018,PF11210,0,0,0,0,0,1018,0,1.0,0,0,0,0,0,0,1018,0,1.0,0,0
PF16991,PF17007,0,0,0,0,0,1018,0,1.0,0,0,0,0,0,0,1018,0,1.0,0,0
PF07996,PF08808,3,0,0,3,0,1015,0,1.0,0.0,0,0,0,3,0,1015,0,1.0,0.0,0
PF14970,PF05111,3,1,0,3,1,1014,0.0,1.0,0.0,-0.0,1,0,3,1,1014,0.0,1.0,0.0,-0.0
PF01198,PF02284,24,6,2,22,4,990,0.33,0.97,0.08,0.16,6,2,22,4,990,0.33,0.97,0.08,0.16
PF10171,PF01776,7,6,2,5,4,1007,0.33,0.99,0.29,0.3,6,2,5,4,1007,0.33,0.99,0.29,0.3
PF05357,PF11954,0,5,0,0,5,1013,0.0,1.0,0,0,5,0,0,5,1013,0.0,1.0,0,0
PF15661,PF08275,2,4,0,2,4,1012,0.0,0.99,0.0,-0.0,4,0,2,4,1012,0.0,0.99,0.0,-0.0
PF12621,PF13967,10,22,10,0,12,996,0.45,0.99,1.0,0.67,22,10,0,12,996,0.45,0.99,1.0,0.67
PF15119,PF14866,1,0,0,1,0,1017,0,1.0,0.0,0,0,0,1,0,1017,0,1.0,0.0,0
PF00956,PF01214,22,19,7,15,12,984,0.37,0.97,0.32,0.33,19,7,15,12,984,0.37,0.97,0.32,0.33
PF00272,PF01716,0,1,0,0,1,1017,0.0,1.0,0,0,1,0,0,1,1017,0.0,1.0,0,0
PF03386,PF06825,0,4,0,0,4,1014,0.0,1.0,0,0,4,0,0,4,1014,0.0,1.0,0,0
PF03461,PF03880,3,5,2,1,3,1012,0.4,1.0,0.67,0.51,5,2,1,3,1012,0.4,1.0,0.67,0.51
PF01645,PF04898,6,7,6,0,1,1011,0.86,1.0,1.0,0.93,7,6,0,1,1011,0.86,1.0,1.0,0.93
PF10146,PF14931,3,1,0,3,1,1014,0.0,1.0,0.0,-0.0,1,0,3,1,1014,0.0,1.0,0.0,-0.0
PF00393,PF03446,12,37,11,1,26,980,0.3,0.97,0.92,0.51,37,11,1,26,980,0.3,0.97,0.92,0.51
PF12935,PF08579,0,1,0,0,1,1017,0.0,1.0,0,0,1,0,0,1,1017,0.0,1.0,0,0
PF04921,PF09496,11,4,1,10,3,1004,0.25,0.99,0.09,0.15,4,1,10,3,1004,0.25,0.99,0.09,0.15
PF04250,PF12054,0,10,0,0,10,1008,0.0,0.99,0,0,10,0,0,10,1008,0.0,0.99,0,0
PF09200,PF01419,0,15,0,0,15,1003,0.0,0.99,0,0,15,0,0,15,1003,0.0,0.99,0,0
PF11071,PF17010,0,0,0,0,0,1018,0,1.0,0,0,0,0,0,0,1018,0,1.0,0,0
PF10338,PF10471,1,6,0,1,6,1011,0.0,0.99,0.0,-0.0,6,0,1,6,1011,0.0,0.99,0.0,-0.0
PF12349,PF16414,21,16,10,11,6,991,0.62,0.98,0.48,0.54,16,10,11,6,991,0.62,0.98,0.48,0.54
PF12682,PF15097,1,1,0,1,1,1016,0.0,1.0,0.0,-0.0,1,0,1,1,1016,0.0,1.0,0.0,-0.0
PF15759,PF15918,0,0,0,0,0,1018,0,1.0,0,0,0,0,0,0,1018,0,1.0,0,0
PF08995,PF11934,0,2,0,0,2,1016,0.0,1.0,0,0,2,0,0,2,1016,0.0,1.0,0,0
PF07780,PF11861,14,15,14,0,1,1003,0.93,1.0,1.0,0.97,15,14,0,1,1003,0.93,1.0,1.0,0.97
PF01844,PF08388,12,6,6,6,0,1006,1.0,0.99,0.5,0.71,6,6,6,0,1006,1.0,0.99,0.5,0.71
PF00621,PF08174,78,7,5,73,2,938,0.71,0.93,0.06,0.2,7,5,73,2,938,0.71,0.93,0.06,0.2
PF06482,PF06121,5,2,2,3,0,1013,1.0,1.0,0.4,0.63,2,2,3,0,1013,1.0,1.0,0.4,0.63
PF04986,PF03050,2,0,0,2,0,1016,0,1.0,0.0,0,0,0,2,0,1016,0,1.0,0.0,0
PF07899,PF09730,6,5,1,5,4,1008,0.2,0.99,0.17,0.18,5,1,5,4,1008,0.2,0.99,0.17,0.18
PF16922,PF00525,6,3,1,5,2,1010,0.33,0.99,0.17,0.23,3,1,5,2,1010,0.33,0.99,0.17,0.23
PF01910,PF15744,1,0,0,1,0,1017,0,1.0,0.0,0,0,0,1,0,1017,0,1.0,0.0,0
PF00999,PF16644,55,2,2,53,0,963,1.0,0.95,0.04,0.19,2,2,53,0,963,1.0,0.95,0.04,0.19
PF06097,PF15771,0,0,0,0,0,1018,0,1.0,0,0,0,0,0,0,1018,0,1.0,0,0
PF10320,PF06784,8,5,1,7,4,1006,0.2,0.99,0.12,0.15,5,1,7,4,1006,0.2,0.99,0.12,0.15
PF08025,PF04111,0,12,0,0,12,1006,0.0,0.99,0,0,12,0,0,12,1006,0.0,0.99,0,0
PF11580,PF12101,0,0,0,0,0,1018,0,1.0,0,0,0,0,0,0,1018,0,1.0,0,0
PF06437,PF08591,3,0,0,3,0,1015,0,1.0,0.0,0,0,0,3,0,1015,0,1.0,0.0,0
PF12422,PF05041,2,8,0,2,8,1008,0.0,0.99,0.0,-0.0,8,0,2,8,1008,0.0,0.99,0.0,-0.0
PF07435,PF09648,0,0,0,0,0,1018,0,1.0,0,0,0,0,0,0,1018,0,1.0,0,0
PF10995,PF01913,0,1,0,0,1,1017,0.0,1.0,0,0,1,0,0,1,1017,0.0,1.0,0,0
PF12081,PF08479,0,0,0,0,0,1018,0,1.0,0,0,0,0,0,0,1018,0,1.0,0,0
PF09470,PF10856,0,0,0,0,0,1018,0,1.0,0,0,0,0,0,0,1018,0,1.0,0,0
PF10548,PF17007,0,0,0,0,0,1018,0,1.0,0,0,0,0,0,0,1018,0,1.0,0,0
PF09055,PF16843,5,1,1,4,0,1013,1.0,1.0,0.2,0.45,1,1,4,0,1013,1.0,1.0,0.2,0.45
PF09744,PF04388,9,8,1,8,7,1002,0.12,0.99,0.11,0.11,8,1,8,7,1002,0.12,0.99,0.11,0.11
PF02932,PF02931,69,78,65,4,13,936,0.83,0.98,0.94,0.88,78,65,4,13,936,0.83,0.98,0.94,0.88
PF06930,PF08373,0,16,0,0,16,1002,0.0,0.98,0,0,16,0,0,16,1002,0.0,0.98,0,0
PF01715,PF01745,15,2,2,13,0,1003,1.0,0.99,0.13,0.36,2,2,13,0,1003,1.0,0.99,0.13,0.36
PF15177,PF06679,6,0,0,6,0,1012,0,0.99,0.0,0,0,0,6,0,1012,0,0.99,0.0,0
PF04535,PF06749,5,7,2,3,5,1008,0.29,0.99,0.4,0.33,7,2,3,5,1008,0.29,0.99,0.4,0.33
PF15858,PF02931,0,78,0,0,78,940,0.0,0.92,0,0,78,0,0,78,940,0.0,0.92,0,0
PF13270,PF11460,3,0,0,3,0,1015,0,1.0,0.0,0,0,0,3,0,1015,0,1.0,0.0,0
PF15118,PF06056,3,1,1,2,0,1015,1.0,1.0,0.33,0.58,1,1,2,0,1015,1.0,1.0,0.33,0.58
PF00121,PF02672,13,3,1,12,2,1003,0.33,0.99,0.08,0.16,3,1,12,2,1003,0.33,0.99,0.08,0.16
PF00751,PF08828,6,1,1,5,0,1012,1.0,1.0,0.17,0.41,1,1,5,0,1012,1.0,1.0,0.17,0.41
PF11786,PF11787,4,4,4,0,0,1014,1.0,1.0,1.0,1.0,4,4,0,0,1014,1.0,1.0,1.0,1.0
PF10933,PF08744,0,0,0,0,0,1018,0,1.0,0,0,0,0,0,0,1018,0,1.0,0,0
PF09290,PF08275,3,4,0,3,4,1011,0.0,0.99,0.0,-0.0,4,0,3,4,1011,0.0,0.99,0.0,-0.0
PF05033,PF11764,25,7,5,20,2,991,0.71,0.98,0.2,0.37,7,5,20,2,991,0.71,0.98,0.2,0.37
PF09361,PF16967,0,0,0,0,0,1018,0,1.0,0,0,0,0,0,0,1018,0,1.0,0,0
PF08732,PF07464,3,1,0,3,1,1014,0.0,1.0,0.0,-0.0,1,0,3,1,1014,0.0,1.0,0.0,-0.0
PF15506,PF11697,0,0,0,0,0,1018,0,1.0,0,0,0,0,0,0,1018,0,1.0,0,0
PF03104,PF00136,36,37,35,1,2,980,0.95,1.0,0.97,0.96,37,35,1,2,980,0.95,1.0,0.97,0.96
PF17215,PF17216,6,9,6,0,3,1009,0.67,1.0,1.0,0.82,9,6,0,3,1009,0.67,1.0,1.0,0.82
PF13721,PF03428,3,0,0,3,0,1015,0,1.0,0.0,0,0,0,3,0,1015,0,1.0,0.0,0
PF08669,PF01571,25,26,22,3,4,989,0.85,0.99,0.88,0.86,26,22,3,4,989,0.85,0.99,0.88,0.86
PF13628,PF05707,0,0,0,0,0,1018,0,1.0,0,0,0,0,0,0,1018,0,1.0,0,0
PF06342,PF14799,1,6,0,1,6,1011,0.0,0.99,0.0,-0.0,6,0,1,6,1011,0.0,0.99,0.0,-0.0
PF09478,PF00553,9,3,3,6,0,1009,1.0,0.99,0.33,0.58,3,3,6,0,1009,1.0,0.99,0.33,0.58
PF14092,PF11249,0,0,0,0,0,1018,0,1.0,0,0,0,0,0,0,1018,0,1.0,0,0
PF05569,PF03831,1,0,0,1,0,1017,0,1.0,0.0,0,0,0,1,0,1017,0,1.0,0.0,0
PF17060,PF08411,1,1,0,1,1,1016,0.0,1.0,0.0,-0.0,1,0,1,1,1016,0.0,1.0,0.0,-0.0
PF15684,PF14653,0,0,0,0,0,1018,0,1.0,0,0,0,0,0,0,1018,0,1.0,0,0
PF09049,PF09051,0,0,0,0,0,1018,0,1.0,0,0,0,0,0,0,1018,0,1.0,0,0
PF10927,PF07652,0,6,0,0,6,1012,0.0,0.99,0,0,6,0,0,6,1012,0.0,0.99,0,0
PF04202,PF16469,0,2,0,0,2,1016,0.0,1.0,0,0,2,0,0,2,1016,0.0,1.0,0,0
PF07265,PF12044,0,4,0,0,4,1014,0.0,1.0,0,0,4,0,0,4,1014,0.0,1.0,0,0
PF14877,PF15050,4,2,0,4,2,1012,0.0,0.99,0.0,-0.0,2,0,4,2,1012,0.0,0.99,0.0,-0.0
PF01936,PF14418,11,1,1,10,0,1007,1.0,0.99,0.09,0.3,1,1,10,0,1007,1.0,0.99,0.09,0.3
PF09041,PF15557,3,0,0,3,0,1015,0,1.0,0.0,0,0,0,3,0,1015,0,1.0,0.0,0
PF06114,PF08805,3,1,1,2,0,1015,1.0,1.0,0.33,0.58,1,1,2,0,1015,1.0,1.0,0.33,0.58
PF09532,PF12701,17,15,13,4,2,999,0.87,0.99,0.76,0.81,15,13,4,2,999,0.87,0.99,0.76,0.81
PF02057,PF10285,1,0,0,1,0,1017,0,1.0,0.0,0,0,0,1,0,1017,0,1.0,0.0,0
PF14710,PF02613,2,1,1,1,0,1016,1.0,1.0,0.5,0.71,1,1,1,0,1016,1.0,1.0,0.5,0.71
PF02520,PF01277,3,1,0,3,1,1014,0.0,1.0,0.0,-0.0,1,0,3,1,1014,0.0,1.0,0.0,-0.0
PF00176,PF08797,115,20,17,98,3,900,0.85,0.9,0.15,0.33,20,17,98,3,900,0.85,0.9,0.15,0.33
PF16421,PF08781,8,11,1,7,10,1000,0.09,0.98,0.12,0.1,11,1,7,10,1000,0.09,0.98,0.12,0.1
PF03979,PF04546,6,4,4,2,0,1012,1.0,1.0,0.67,0.82,4,4,2,0,1012,1.0,1.0,0.67,0.82
PF12919,PF06651,1,0,0,1,0,1017,0,1.0,0.0,0,0,0,1,0,1017,0,1.0,0.0,0
PF15076,PF15107,0,0,0,0,0,1018,0,1.0,0,0,0,0,0,0,1018,0,1.0,0,0
PF01101,PF04222,16,0,0,16,0,1002,0,0.98,0.0,0,0,0,16,0,1002,0,0.98,0.0,0
PF13804,PF09003,5,2,0,5,2,1011,0.0,0.99,0.0,-0.0,2,0,5,2,1011,0.0,0.99,0.0,-0.0
PF09064,PF03954,3,1,1,2,0,1015,1.0,1.0,0.33,0.58,1,1,2,0,1015,1.0,1.0,0.33,0.58
PF16921,PF09371,3,3,3,0,0,1015,1.0,1.0,1.0,1.0,3,3,0,0,1015,1.0,1.0,1.0,1.0
PF16471,PF04388,2,8,0,2,8,1008,0.0,0.99,0.0,-0.0,8,0,2,8,1008,0.0,0.99,0.0,-0.0
PF05029,PF12166,7,9,0,7,9,1002,0.0,0.98,0.0,-0.01,9,0,7,9,1002,0.0,0.98,0.0,-0.01
PF16719,PF00157,6,8,3,3,5,1007,0.38,0.99,0.5,0.43,8,3,3,5,1007,0.38,0.99,0.5,0.43
PF06220,PF12237,33,4,2,31,2,983,0.5,0.97,0.06,0.17,4,2,31,2,983,0.5,0.97,0.06,0.17
PF03401,PF13247,1,0,0,1,0,1017,0,1.0,0.0,0,0,0,1,0,1017,0,1.0,0.0,0
PF07276,PF06753,0,1,0,0,1,1017,0.0,1.0,0,0,1,0,0,1,1017,0.0,1.0,0,0
PF15549,PF14986,1,0,0,1,0,1017,0,1.0,0.0,0,0,0,1,0,1017,0,1.0,0.0,0
PF16380,PF04994,0,0,0,0,0,1018,0,1.0,0,0,0,0,0,0,1018,0,1.0,0,0
PF01476,PF14856,39,10,10,29,0,979,1.0,0.97,0.26,0.5,10,10,29,0,979,1.0,0.97,0.26,0.5
PF16091,PF15759,1,0,0,1,0,1017,0,1.0,0.0,0,0,0,1,0,1017,0,1.0,0.0,0
PF09813,PF00398,3,19,3,0,16,999,0.16,0.98,1.0,0.39,19,3,0,16,999,0.16,0.98,1.0,0.39
PF06631,PF11618,4,4,2,2,2,1012,0.5,1.0,0.5,0.5,4,2,2,2,1012,0.5,1.0,0.5,0.5
PF00681,PF06202,7,3,0,7,3,1008,0.0,0.99,0.0,-0.0,3,0,7,3,1008,0.0,0.99,0.0,-0.0
PF10245,PF05219,8,5,1,7,4,1006,0.2,0.99,0.12,0.15,5,1,7,4,1006,0.2,0.99,0.12,0.15
PF08751,PF13610,4,1,0,4,1,1013,0.0,1.0,0.0,-0.0,1,0,4,1,1013,0.0,1.0,0.0,-0.0
PF04644,PF04643,1,2,1,0,1,1016,0.5,1.0,1.0,0.71,2,1,0,1,1016,0.5,1.0,1.0,0.71
PF05418,PF15662,1,0,0,1,0,1017,0,1.0,0.0,0,0,0,1,0,1017,0,1.0,0.0,0
PF15344,PF06989,1,0,0,1,0,1017,0,1.0,0.0,0,0,0,1,0,1017,0,1.0,0.0,0
PF09820,PF07444,4,0,0,4,0,1014,0,1.0,0.0,0,0,0,4,0,1014,0,1.0,0.0,0
PF13091,PF00614,29,17,11,18,6,983,0.65,0.98,0.38,0.48,17,11,18,6,983,0.65,0.98,0.38,0.48
PF15994,PF15995,0,0,0,0,0,1018,0,1.0,0,0,0,0,0,0,1018,0,1.0,0,0
PF04774,PF13339,7,15,4,3,11,1000,0.27,0.99,0.57,0.38,15,4,3,11,1000,0.27,0.99,0.57,0.38
PF13011,PF05418,0,1,0,0,1,1017,0.0,1.0,0,0,1,0,0,1,1017,0.0,1.0,0,0
PF04090,PF10104,2,8,1,1,7,1009,0.12,0.99,0.5,0.25,8,1,1,7,1009,0.12,0.99,0.5,0.25
PF10632,PF09072,1,7,1,0,6,1011,0.14,0.99,1.0,0.38,7,1,0,6,1011,0.14,0.99,1.0,0.38
PF02796,PF01969,5,0,0,5,0,1013,0,1.0,0.0,0,0,0,5,0,1013,0,1.0,0.0,0
PF02547,PF03401,8,1,0,8,1,1009,0.0,0.99,0.0,-0.0,1,0,8,1,1009,0.0,0.99,0.0,-0.0
PF03556,PF01160,16,1,0,16,1,1001,0.0,0.98,0.0,-0.0,1,0,16,1,1001,0.0,0.98,0.0,-0.0
PF06026,PF05915,6,2,0,6,2,1010,0.0,0.99,0.0,-0.0,2,0,6,2,1010,0.0,0.99,0.0,-0.0
PF05704,PF10329,5,4,0,5,4,1009,0.0,0.99,0.0,-0.0,4,0,5,4,1009,0.0,0.99,0.0,-0.0
PF12548,PF12411,3,1,1,2,0,1015,1.0,1.0,0.33,0.58,1,1,2,0,1015,1.0,1.0,0.33,0.58
PF00027,PF08412,83,6,4,79,2,933,0.67,0.92,0.05,0.16,6,4,79,2,933,0.67,0.92,0.05,0.16
PF00214,PF14473,1,0,0,1,0,1017,0,1.0,0.0,0,0,0,1,0,1017,0,1.0,0.0,0
PF03266,PF15741,3,1,0,3,1,1014,0.0,1.0,0.0,-0.0,1,0,3,1,1014,0.0,1.0,0.0,-0.0
PF06320,PF10542,7,0,0,7,0,1011,0,0.99,0.0,0,0,0,7,0,1011,0,0.99,0.0,0
PF13232,PF08847,0,0,0,0,0,1018,0,1.0,0,0,0,0,0,0,1018,0,1.0,0,0
PF15877,PF14775,0,4,0,0,4,1014,0.0,1.0,0,0,4,0,0,4,1014,0.0,1.0,0,0
PF15804,PF16766,1,1,0,1,1,1016,0.0,1.0,0.0,-0.0,1,0,1,1,1016,0.0,1.0,0.0,-0.0
PF00628,PF12269,97,6,6,91,0,921,1.0,0.91,0.06,0.24,6,6,91,0,921,1.0,0.91,0.06,0.24
PF16980,PF05944,0,2,0,0,2,1016,0.0,1.0,0,0,2,0,0,2,1016,0.0,1.0,0,0
PF05541,PF05366,0,1,0,0,1,1017,0.0,1.0,0,0,1,0,0,1,1017,0.0,1.0,0,0
PF07817,PF11527,5,4,1,4,3,1010,0.25,0.99,0.2,0.22,4,1,4,3,1010,0.25,0.99,0.2,0.22
PF10252,PF01632,1,5,0,1,5,1012,0.0,0.99,0.0,-0.0,5,0,1,5,1012,0.0,0.99,0.0,-0.0
PF01764,PF04577,55,21,13,42,8,955,0.62,0.95,0.24,0.36,21,13,42,8,955,0.62,0.95,0.24,0.36
PF14840,PF06144,3,5,3,0,2,1013,0.6,1.0,1.0,0.77,5,3,0,2,1013,0.6,1.0,1.0,0.77
PF03745,PF03238,0,0,0,0,0,1018,0,1.0,0,0,0,0,0,0,1018,0,1.0,0,0
PF02260,PF11865,24,9,8,16,1,993,0.89,0.98,0.33,0.54,9,8,16,1,993,0.89,0.98,0.33,0.54
PF12265,PF16699,7,4,2,5,2,1009,0.5,0.99,0.29,0.37,4,2,5,2,1009,0.5,0.99,0.29,0.37
PF15767,PF13270,2,3,0,2,3,1013,0.0,1.0,0.0,-0.0,3,0,2,3,1013,0.0,1.0,0.0,-0.0
PF16846,PF08493,2,4,2,0,2,1014,0.5,1.0,1.0,0.71,4,2,0,2,1014,0.5,1.0,1.0,0.71
PF00887,PF00651,46,138,29,17,109,863,0.21,0.88,0.63,0.31,138,29,17,109,863,0.21,0.88,0.63,0.31
PF13301,PF16218,2,0,0,2,0,1016,0,1.0,0.0,0,0,0,2,0,1016,0,1.0,0.0,0
PF10312,PF10998,12,3,0,12,3,1003,0.0,0.99,0.0,-0.01,3,0,12,3,1003,0.0,0.99,0.0,-0.01
PF11992,PF11932,0,0,0,0,0,1018,0,1.0,0,0,0,0,0,0,1018,0,1.0,0,0
PF05552,PF04586,0,1,0,0,1,1017,0.0,1.0,0,0,1,0,0,1,1017,0.0,1.0,0,0
PF15860,PF08561,6,5,0,6,5,1007,0.0,0.99,0.0,-0.01,5,0,6,5,1007,0.0,0.99,0.0,-0.01
PF13550,PF17050,0,1,0,0,1,1017,0.0,1.0,0,0,1,0,0,1,1017,0.0,1.0,0,0
PF05919,PF09216,2,0,0,2,0,1016,0,1.0,0.0,0,0,0,2,0,1016,0,1.0,0.0,0
PF03968,PF05853,1,1,0,1,1,1016,0.0,1.0,0.0,-0.0,1,0,1,1,1016,0.0,1.0,0.0,-0.0
PF00709,PF05212,12,12,1,11,11,995,0.08,0.98,0.08,0.07,12,1,11,11,995,0.08,0.98,0.08,0.07
PF01956,PF02996,11,28,4,7,24,983,0.14,0.97,0.36,0.21,28,4,7,24,983,0.14,0.97,0.36,0.21
PF03484,PF03483,14,18,14,0,4,1000,0.78,1.0,1.0,0.88,18,14,0,4,1000,0.78,1.0,1.0,0.88
PF07692,PF15872,2,0,0,2,0,1016,0,1.0,0.0,0,0,0,2,0,1016,0,1.0,0.0,0
PF06291,PF02297,0,18,0,0,18,1000,0.0,0.98,0,0,18,0,0,18,1000,0.0,0.98,0,0
PF15793,PF15491,0,0,0,0,0,1018,0,1.0,0,0,0,0,0,0,1018,0,1.0,0,0
PF03928,PF06912,8,3,0,8,3,1007,0.0,0.99,0.0,-0.0,3,0,8,3,1007,0.0,0.99,0.0,-0.0
PF14914,PF15304,2,1,0,2,1,1015,0.0,1.0,0.0,-0.0,1,0,2,1,1015,0.0,1.0,0.0,-0.0
PF07260,PF07223,1,1,0,1,1,1016,0.0,1.0,0.0,-0.0,1,0,1,1,1016,0.0,1.0,0.0,-0.0
PF10110,PF03925,1,1,0,1,1,1016,0.0,1.0,0.0,-0.0,1,0,1,1,1016,0.0,1.0,0.0,-0.0
PF01161,PF15430,28,5,2,26,3,987,0.4,0.97,0.07,0.16,5,2,26,3,987,0.4,0.97,0.07,0.16
PF06071,PF01018,9,10,3,6,7,1002,0.3,0.99,0.33,0.31,10,3,6,7,1002,0.3,0.99,0.33,0.31
PF08075,PF10443,9,7,1,8,6,1003,0.14,0.99,0.11,0.12,7,1,8,6,1003,0.14,0.99,0.11,0.12
PF15659,PF16804,0,0,0,0,0,1018,0,1.0,0,0,0,0,0,0,1018,0,1.0,0,0
PF12343,PF04892,1,0,0,1,0,1017,0,1.0,0.0,0,0,0,1,0,1017,0,1.0,0.0,0
PF09695,PF01753,0,66,0,0,66,952,0.0,0.94,0,0,66,0,0,66,952,0.0,0.94,0,0
PF02916,PF11604,1,0,0,1,0,1017,0,1.0,0.0,0,0,0,1,0,1017,0,1.0,0.0,0
PF09698,PF04740,0,0,0,0,0,1018,0,1.0,0,0,0,0,0,0,1018,0,1.0,0,0
PF02342,PF16562,4,5,1,3,4,1010,0.2,0.99,0.25,0.22,5,1,3,4,1010,0.2,0.99,0.25,0.22
PF13679,PF04577,24,21,7,17,14,980,0.33,0.97,0.29,0.3,21,7,17,14,980,0.33,0.97,0.29,0.3
PF11618,PF16056,4,3,1,3,2,1012,0.33,1.0,0.25,0.29,3,1,3,2,1012,0.33,1.0,0.25,0.29
PF07127,PF16029,8,6,3,5,3,1007,0.5,0.99,0.38,0.43,6,3,5,3,1007,0.5,0.99,0.38,0.43
PF06723,PF10712,5,6,2,3,4,1009,0.33,0.99,0.4,0.36,6,2,3,4,1009,0.33,0.99,0.4,0.36
PF15270,PF09937,1,0,0,1,0,1017,0,1.0,0.0,0,0,0,1,0,1017,0,1.0,0.0,0
PF03613,PF14328,0,0,0,0,0,1018,0,1.0,0,0,0,0,0,0,1018,0,1.0,0,0
PF06495,PF12196,3,1,1,2,0,1015,1.0,1.0,0.33,0.58,1,1,2,0,1015,1.0,1.0,0.33,0.58
PF02563,PF10481,3,4,0,3,4,1011,0.0,0.99,0.0,-0.0,4,0,3,4,1011,0.0,0.99,0.0,-0.0
PF17107,PF17100,25,20,11,14,9,984,0.55,0.98,0.44,0.48,20,11,14,9,984,0.55,0.98,0.44,0.48
PF01586,PF12533,3,3,1,2,2,1013,0.33,1.0,0.33,0.33,3,1,2,2,1013,0.33,1.0,0.33,0.33
PF00043,PF14497,49,37,22,27,15,954,0.59,0.96,0.45,0.5,37,22,27,15,954,0.59,0.96,0.45,0.5
PF02545,PF16864,18,11,4,14,7,993,0.36,0.98,0.22,0.27,11,4,14,7,993,0.36,0.98,0.22,0.27
PF04892,PF09216,0,0,0,0,0,1018,0,1.0,0,0,0,0,0,0,1018,0,1.0,0,0
PF07671,PF16485,2,1,0,2,1,1015,0.0,1.0,0.0,-0.0,1,0,2,1,1015,0.0,1.0,0.0,-0.0
PF07805,PF08497,1,0,0,1,0,1017,0,1.0,0.0,0,0,0,1,0,1017,0,1.0,0.0,0
PF02824,PF16897,24,10,10,14,0,994,1.0,0.99,0.42,0.64,10,10,14,0,994,1.0,0.99,0.42,0.64
PF10999,PF05874,0,1,0,0,1,1017,0.0,1.0,0,0,1,0,0,1,1017,0.0,1.0,0,0
PF01432,PF05652,25,11,7,18,4,989,0.64,0.98,0.28,0.41,11,7,18,4,989,0.64,0.98,0.28,0.41
PF11938,PF02221,15,19,4,11,15,988,0.21,0.97,0.27,0.22,19,4,11,15,988,0.21,0.97,0.27,0.22
PF00048,PF13841,13,0,0,13,0,1005,0,0.99,0.0,0,0,0,13,0,1005,0,0.99,0.0,0
PF02201,PF02229,28,14,8,20,6,984,0.57,0.97,0.29,0.39,14,8,20,6,984,0.57,0.97,0.29,0.39
PF06042,PF06681,1,0,0,1,0,1017,0,1.0,0.0,0,0,0,1,0,1017,0,1.0,0.0,0
PF11968,PF10218,8,0,0,8,0,1010,0,0.99,0.0,0,0,0,8,0,1010,0,0.99,0.0,0
PF01366,PF05343,0,10,0,0,10,1008,0.0,0.99,0,0,10,0,0,10,1008,0.0,0.99,0,0
PF10412,PF12615,0,0,0,0,0,1018,0,1.0,0,0,0,0,0,0,1018,0,1.0,0,0
PF01989,PF04412,1,1,1,0,0,1017,1.0,1.0,1.0,1.0,1,1,0,0,1017,1.0,1.0,1.0,1.0
PF01895,PF15272,2,0,0,2,0,1016,0,1.0,0.0,0,0,0,2,0,1016,0,1.0,0.0,0
PF14521,PF16089,7,0,0,7,0,1011,0,0.99,0.0,0,0,0,7,0,1011,0,0.99,0.0,0
PF01549,PF08768,43,3,3,40,0,975,1.0,0.96,0.07,0.26,3,3,40,0,975,1.0,0.96,0.07,0.26
PF01719,PF10694,2,3,1,1,2,1014,0.33,1.0,0.5,0.41,3,1,1,2,1014,0.33,1.0,0.5,0.41
PF04157,PF16988,10,3,3,7,0,1008,1.0,0.99,0.3,0.55,3,3,7,0,1008,1.0,0.99,0.3,0.55
PF03973,PF12238,0,0,0,0,0,1018,0,1.0,0,0,0,0,0,0,1018,0,1.0,0,0
PF12297,PF10481,0,4,0,0,4,1014,0.0,1.0,0,0,4,0,0,4,1014,0.0,1.0,0,0
PF15435,PF05869,0,3,0,0,3,1015,0.0,1.0,0,0,3,0,0,3,1015,0.0,1.0,0,0
PF07823,PF08189,5,0,0,5,0,1013,0,1.0,0.0,0,0,0,5,0,1013,0,1.0,0.0,0
PF09863,PF08220,0,5,0,0,5,1013,0.0,1.0,0,0,5,0,0,5,1013,0.0,1.0,0,0
PF06448,PF09172,4,10,4,0,6,1008,0.4,0.99,1.0,0.63,10,4,0,6,1008,0.4,0.99,1.0,0.63
PF03481,PF10437,8,2,1,7,1,1009,0.5,0.99,0.12,0.25,2,1,7,1,1009,0.5,0.99,0.12,0.25
PF02430,PF02915,1,2,0,1,2,1015,0.0,1.0,0.0,-0.0,2,0,1,2,1015,0.0,1.0,0.0,-0.0
PF15966,PF15965,4,6,4,0,2,1012,0.67,1.0,1.0,0.82,6,4,0,2,1012,0.67,1.0,1.0,0.82
PF00902,PF00159,8,2,0,8,2,1008,0.0,0.99,0.0,-0.0,2,0,8,2,1008,0.0,0.99,0.0,-0.0
PF01031,PF00350,47,66,41,6,25,946,0.62,0.97,0.87,0.72,66,41,6,25,946,0.62,0.97,0.87,0.72
PF09791,PF01613,7,15,1,6,14,997,0.07,0.98,0.14,0.09,15,1,6,14,997,0.07,0.98,0.14,0.09
PF11837,PF08244,2,13,2,0,11,1005,0.15,0.99,1.0,0.39,13,2,0,11,1005,0.15,0.99,1.0,0.39
PF15391,PF12628,1,0,0,1,0,1017,0,1.0,0.0,0,0,0,1,0,1017,0,1.0,0.0,0
PF05024,PF06584,8,5,1,7,4,1006,0.2,0.99,0.12,0.15,5,1,7,4,1006,0.2,0.99,0.12,0.15
PF06333,PF11597,8,5,5,3,0,1010,1.0,1.0,0.62,0.79,5,5,3,0,1010,1.0,1.0,0.62,0.79
PF07209,PF03713,1,0,0,1,0,1017,0,1.0,0.0,0,0,0,1,0,1017,0,1.0,0.0,0
PF09776,PF09837,1,1,0,1,1,1016,0.0,1.0,0.0,-0.0,1,0,1,1,1016,0.0,1.0,0.0,-0.0
PF09370,PF02091,2,5,0,2,5,1011,0.0,0.99,0.0,-0.0,5,0,2,5,1011,0.0,0.99,0.0,-0.0
PF04567,PF04565,12,19,12,0,7,999,0.63,0.99,1.0,0.79,19,12,0,7,999,0.63,0.99,1.0,0.79
PF10131,PF15340,0,2,0,0,2,1016,0.0,1.0,0,0,2,0,0,2,1016,0.0,1.0,0,0
PF03071,PF04133,11,5,2,9,3,1004,0.4,0.99,0.18,0.26,5,2,9,3,1004,0.4,0.99,0.18,0.26
PF01358,PF03618,1,2,0,1,2,1015,0.0,1.0,0.0,-0.0,2,0,1,2,1015,0.0,1.0,0.0,-0.0
PF08591,PF07961,0,0,0,0,0,1018,0,1.0,0,0,0,0,0,0,1018,0,1.0,0,0
PF01805,PF04818,32,29,12,20,17,969,0.41,0.96,0.38,0.38,29,12,20,17,969,0.41,0.96,0.38,0.38
PF08126,PF15518,2,1,0,2,1,1015,0.0,1.0,0.0,-0.0,1,0,2,1,1015,0.0,1.0,0.0,-0.0
PF06379,PF12081,1,0,0,1,0,1017,0,1.0,0.0,0,0,0,1,0,1017,0,1.0,0.0,0
PF01412,PF01237,47,41,16,31,25,946,0.39,0.94,0.34,0.34,41,16,31,25,946,0.39,0.94,0.34,0.34
PF02990,PF00197,29,1,0,29,1,988,0.0,0.97,0.0,-0.01,1,0,29,1,988,0.0,0.97,0.0,-0.01
PF09350,PF12572,3,11,0,3,11,1004,0.0,0.99,0.0,-0.01,11,0,3,11,1004,0.0,0.99,0.0,-0.01
PF01840,PF08964,0,0,0,0,0,1018,0,1.0,0,0,0,0,0,0,1018,0,1.0,0,0
PF01809,PF15550,0,0,0,0,0,1018,0,1.0,0,0,0,0,0,0,1018,0,1.0,0,0
PF15244,PF15369,1,2,0,1,2,1015,0.0,1.0,0.0,-0.0,2,0,1,2,1015,0.0,1.0,0.0,-0.0
PF09676,PF00994,0,36,0,0,36,982,0.0,0.96,0,0,36,0,0,36,982,0.0,0.96,0,0
PF01442,PF15239,6,1,1,5,0,1012,1.0,1.0,0.17,0.41,1,1,5,0,1012,1.0,1.0,0.17,0.41
PF12353,PF12220,18,5,4,14,1,999,0.8,0.99,0.22,0.42,5,4,14,1,999,0.8,0.99,0.22,0.42
PF05837,PF13096,1,0,0,1,0,1017,0,1.0,0.0,0,0,0,1,0,1017,0,1.0,0.0,0
PF01074,PF09261,24,21,20,4,1,993,0.95,1.0,0.83,0.89,21,20,4,1,993,0.95,1.0,0.83,0.89
PF10496,PF05334,14,1,0,14,1,1003,0.0,0.99,0.0,-0.0,1,0,14,1,1003,0.0,0.99,0.0,-0.0
PF07712,PF06404,0,1,0,0,1,1017,0.0,1.0,0,0,1,0,0,1,1017,0.0,1.0,0,0
PF05762,PF10407,4,0,0,4,0,1014,0,1.0,0.0,0,0,0,4,0,1014,0,1.0,0.0,0
PF15053,PF11017,2,0,0,2,0,1016,0,1.0,0.0,0,0,0,2,0,1016,0,1.0,0.0,0
PF02639,PF14467,2,0,0,2,0,1016,0,1.0,0.0,0,0,0,2,0,1016,0,1.0,0.0,0
PF03457,PF08426,6,0,0,6,0,1012,0,0.99,0.0,0,0,0,6,0,1012,0,0.99,0.0,0
PF05760,PF10488,0,1,0,0,1,1017,0.0,1.0,0,0,1,0,0,1,1017,0.0,1.0,0,0
PF06524,PF04643,3,2,1,2,1,1014,0.5,1.0,0.33,0.41,2,1,2,1,1014,0.5,1.0,0.33,0.41
PF03589,PF03831,1,0,0,1,0,1017,0,1.0,0.0,0,0,0,1,0,1017,0,1.0,0.0,0
PF07096,PF04110,5,8,1,4,7,1006,0.12,0.99,0.2,0.15,8,1,4,7,1006,0.12,0.99,0.2,0.15
PF00588,PF08032,25,4,4,21,0,993,1.0,0.98,0.16,0.4,4,4,21,0,993,1.0,0.98,0.16,0.4
PF01613,PF09791,15,7,1,14,6,997,0.14,0.98,0.07,0.09,7,1,14,6,997,0.14,0.98,0.07,0.09
PF12284,PF12045,1,1,1,0,0,1017,1.0,1.0,1.0,1.0,1,1,0,0,1017,1.0,1.0,1.0,1.0
PF16959,PF01401,2,12,2,0,10,1006,0.17,0.99,1.0,0.41,12,2,0,10,1006,0.17,0.99,1.0,0.41
PF00726,PF06679,1,0,0,1,0,1017,0,1.0,0.0,0,0,0,1,0,1017,0,1.0,0.0,0
PF16825,PF10924,0,0,0,0,0,1018,0,1.0,0,0,0,0,0,0,1018,0,1.0,0,0
PF08650,PF16799,1,2,1,0,1,1016,0.5,1.0,1.0,0.71,2,1,0,1,1016,0.5,1.0,1.0,0.71
PF02949,PF07035,41,7,2,39,5,972,0.29,0.96,0.05,0.1,7,2,39,5,972,0.29,0.96,0.05,0.1
PF14056,PF00519,0,5,0,0,5,1013,0.0,1.0,0,0,5,0,0,5,1013,0.0,1.0,0,0
PF13967,PF02714,22,22,21,1,1,995,0.95,1.0,0.95,0.95,22,21,1,1,995,0.95,1.0,0.95,0.95
PF03154,PF08674,7,0,0,7,0,1011,0,0.99,0.0,0,0,0,7,0,1011,0,0.99,0.0,0
PF02781,PF00479,14,14,13,1,1,1003,0.93,1.0,0.93,0.93,14,13,1,1,1003,0.93,1.0,0.93,0.93
PF00825,PF08795,2,0,0,2,0,1016,0,1.0,0.0,0,0,0,2,0,1016,0,1.0,0.0,0
PF05448,PF03745,2,0,0,2,0,1016,0,1.0,0.0,0,0,0,2,0,1016,0,1.0,0.0,0
PF15445,PF15447,1,1,1,0,0,1017,1.0,1.0,1.0,1.0,1,1,0,0,1017,1.0,1.0,1.0,1.0
PF09613,PF02252,0,12,0,0,12,1006,0.0,0.99,0,0,12,0,0,12,1006,0.0,0.99,0,0
PF00595,PF00625,115,40,26,89,14,889,0.65,0.9,0.23,0.34,40,26,89,14,889,0.65,0.9,0.23,0.34
PF05826,PF10192,11,8,2,9,6,1001,0.25,0.99,0.18,0.21,8,2,9,6,1001,0.25,0.99,0.18,0.21
PF15140,PF07248,6,0,0,6,0,1012,0,0.99,0.0,0,0,0,6,0,1012,0,0.99,0.0,0
PF05987,PF08766,1,32,0,1,32,985,0.0,0.97,0.0,-0.01,32,0,1,32,985,0.0,0.97,0.0,-0.01
PF08722,PF12696,1,1,1,0,0,1017,1.0,1.0,1.0,1.0,1,1,0,0,1017,1.0,1.0,1.0,1.0
PF13597,PF12345,4,2,2,2,0,1014,1.0,1.0,0.5,0.71,2,2,2,0,1014,1.0,1.0,0.5,0.71
PF01869,PF10294,14,39,7,7,32,972,0.18,0.96,0.5,0.28,39,7,7,32,972,0.18,0.96,0.5,0.28
PF07728,PF08385,38,26,20,18,6,974,0.77,0.98,0.53,0.63,26,20,18,6,974,0.77,0.98,0.53,0.63
PF10917,PF07411,1,0,0,1,0,1017,0,1.0,0.0,0,0,0,1,0,1017,0,1.0,0.0,0
PF06422,PF08370,15,7,4,11,3,1000,0.57,0.99,0.27,0.38,7,4,11,3,1000,0.57,0.99,0.27,0.38
PF11587,PF11466,0,0,0,0,0,1018,0,1.0,0,0,0,0,0,0,1018,0,1.0,0,0
PF05261,PF12827,1,0,0,1,0,1017,0,1.0,0.0,0,0,0,1,0,1017,0,1.0,0.0,0
PF14497,PF00043,37,49,22,15,27,954,0.45,0.96,0.59,0.5,49,22,15,27,954,0.45,0.96,0.59,0.5
PF00135,PF08674,82,0,0,82,0,936,0,0.92,0.0,0,0,0,82,0,936,0,0.92,0.0,0
PF12735,PF12955,0,4,0,0,4,1014,0.0,1.0,0,0,4,0,0,4,1014,0.0,1.0,0,0
PF02499,PF04196,0,1,0,0,1,1017,0.0,1.0,0,0,1,0,0,1,1017,0.0,1.0,0,0
PF02059,PF10343,2,15,0,2,15,1001,0.0,0.98,0.0,-0.01,15,0,2,15,1001,0.0,0.98,0.0,-0.01
PF08174,PF08916,7,3,1,6,2,1009,0.33,0.99,0.14,0.21,3,1,6,2,1009,0.33,0.99,0.14,0.21
PF15302,PF02106,0,0,0,0,0,1018,0,1.0,0,0,0,0,0,0,1018,0,1.0,0,0
PF15708,PF06890,0,0,0,0,0,1018,0,1.0,0,0,0,0,0,0,1018,0,1.0,0,0
PF02617,PF02207,6,12,5,1,7,1005,0.42,0.99,0.83,0.59,12,5,1,7,1005,0.42,0.99,0.83,0.59
PF15194,PF05939,1,0,0,1,0,1017,0,1.0,0.0,0,0,0,1,0,1017,0,1.0,0.0,0
PF07296,PF04453,0,0,0,0,0,1018,0,1.0,0,0,0,0,0,0,1018,0,1.0,0,0
PF10834,PF13844,0,13,0,0,13,1005,0.0,0.99,0,0,13,0,0,13,1005,0.0,0.99,0,0
PF14712,PF00159,10,2,1,9,1,1007,0.5,0.99,0.1,0.22,2,1,9,1,1007,0.5,0.99,0.1,0.22
PF13443,PF03238,1,0,0,1,0,1017,0,1.0,0.0,0,0,0,1,0,1017,0,1.0,0.0,0
PF02917,PF09109,2,0,0,2,0,1016,0,1.0,0.0,0,0,0,2,0,1016,0,1.0,0.0,0
PF03114,PF08824,28,1,1,27,0,990,1.0,0.97,0.04,0.19,1,1,27,0,990,1.0,0.97,0.04,0.19
PF04060,PF12883,4,2,2,2,0,1014,1.0,1.0,0.5,0.71,2,2,2,0,1014,1.0,1.0,0.5,0.71
PF03760,PF04852,1,5,1,0,4,1013,0.2,1.0,1.0,0.45,5,1,0,4,1013,0.2,1.0,1.0,0.45
PF00382,PF08271,20,12,12,8,0,998,1.0,0.99,0.6,0.77,12,12,8,0,998,1.0,0.99,0.6,0.77
PF00552,PF02022,5,5,5,0,0,1013,1.0,1.0,1.0,1.0,5,5,0,0,1013,1.0,1.0,1.0,1.0
PF01217,PF09786,45,7,3,42,4,969,0.43,0.95,0.07,0.16,7,3,42,4,969,0.43,0.95,0.07,0.16
PF01200,PF15216,12,1,0,12,1,1005,0.0,0.99,0.0,-0.0,1,0,12,1,1005,0.0,0.99,0.0,-0.0
PF09128,PF02196,5,12,2,3,10,1003,0.17,0.99,0.4,0.25,12,2,3,10,1003,0.17,0.99,0.4,0.25
PF08523,PF09363,6,2,0,6,2,1010,0.0,0.99,0.0,-0.0,2,0,6,2,1010,0.0,0.99,0.0,-0.0
PF15863,PF03907,1,1,1,0,0,1017,1.0,1.0,1.0,1.0,1,1,0,0,1017,1.0,1.0,1.0,1.0
PF01158,PF07074,9,8,2,7,6,1003,0.25,0.99,0.22,0.23,8,2,7,6,1003,0.25,0.99,0.22,0.23
PF10690,PF11061,0,0,0,0,0,1018,0,1.0,0,0,0,0,0,0,1018,0,1.0,0,0
PF05393,PF08945,0,0,0,0,0,1018,0,1.0,0,0,0,0,0,0,1018,0,1.0,0,0
PF03722,PF03723,7,9,7,0,2,1009,0.78,1.0,1.0,0.88,9,7,0,2,1009,0.78,1.0,1.0,0.88
PF03467,PF04098,11,9,2,9,7,1000,0.22,0.98,0.18,0.19,9,2,9,7,1000,0.22,0.98,0.18,0.19
PF03616,PF08497,1,0,0,1,0,1017,0,1.0,0.0,0,0,0,1,0,1017,0,1.0,0.0,0
PF08448,PF13188,11,5,5,6,0,1007,1.0,0.99,0.45,0.67,5,5,6,0,1007,1.0,0.99,0.45,0.67
PF01053,PF04828,34,23,12,22,11,973,0.52,0.97,0.35,0.41,23,12,22,11,973,0.52,0.97,0.35,0.41
PF11402,PF08093,0,1,0,0,1,1017,0.0,1.0,0,0,1,0,0,1,1017,0.0,1.0,0,0
PF07231,PF07014,0,0,0,0,0,1018,0,1.0,0,0,0,0,0,0,1018,0,1.0,0,0
PF07466,PF04107,3,5,0,3,5,1010,0.0,0.99,0.0,-0.0,5,0,3,5,1010,0.0,0.99,0.0,-0.0
PF02943,PF15109,1,0,0,1,0,1017,0,1.0,0.0,0,0,0,1,0,1017,0,1.0,0.0,0
PF09084,PF02653,18,11,5,13,6,994,0.45,0.98,0.28,0.35,11,5,13,6,994,0.45,0.98,0.28,0.35
PF14939,PF15997,7,0,0,7,0,1011,0,0.99,0.0,0,0,0,7,0,1011,0,0.99,0.0,0
PF15021,PF15518,0,1,0,0,1,1017,0.0,1.0,0,0,1,0,0,1,1017,0.0,1.0,0,0
PF02305,PF11751,1,0,0,1,0,1017,0,1.0,0.0,0,0,0,1,0,1017,0,1.0,0.0,0
PF02284,PF05915,6,2,0,6,2,1010,0.0,0.99,0.0,-0.0,2,0,6,2,1010,0.0,0.99,0.0,-0.0
PF15008,PF05497,0,5,0,0,5,1013,0.0,1.0,0,0,5,0,0,5,1013,0.0,1.0,0,0
PF10497,PF02375,11,19,3,8,16,991,0.16,0.98,0.27,0.2,19,3,8,16,991,0.16,0.98,0.27,0.2
PF16026,PF15821,5,0,0,5,0,1013,0,1.0,0.0,0,0,0,5,0,1013,0,1.0,0.0,0
PF05005,PF15884,11,3,1,10,2,1005,0.33,0.99,0.09,0.17,3,1,10,2,1005,0.33,0.99,0.09,0.17
PF12520,PF04576,4,12,0,4,12,1002,0.0,0.98,0.0,-0.01,12,0,4,12,1002,0.0,0.98,0.0,-0.01
PF06364,PF02952,2,1,0,2,1,1015,0.0,1.0,0.0,-0.0,1,0,2,1,1015,0.0,1.0,0.0,-0.0
PF15029,PF11902,0,0,0,0,0,1018,0,1.0,0,0,0,0,0,0,1018,0,1.0,0,0
PF06375,PF14796,4,6,3,1,3,1011,0.5,1.0,0.75,0.61,6,3,1,3,1011,0.5,1.0,0.75,0.61
PF10662,PF05128,2,1,1,1,0,1016,1.0,1.0,0.5,0.71,1,1,1,0,1016,1.0,1.0,0.5,0.71
PF01475,PF15483,4,1,0,4,1,1013,0.0,1.0,0.0,-0.0,1,0,4,1,1013,0.0,1.0,0.0,-0.0
PF14677,PF14680,1,1,1,0,0,1017,1.0,1.0,1.0,1.0,1,1,0,0,1017,1.0,1.0,1.0,1.0
PF01077,PF03460,15,15,15,0,0,1003,1.0,1.0,1.0,1.0,15,15,0,0,1003,1.0,1.0,1.0,1.0
PF03125,PF10317,8,9,2,6,7,1003,0.22,0.99,0.25,0.23,9,2,6,7,1003,0.22,0.99,0.25,0.23
PF16928,PF11811,0,0,0,0,0,1018,0,1.0,0,0,0,0,0,0,1018,0,1.0,0,0
PF04229,PF09796,5,6,1,4,5,1008,0.17,0.99,0.2,0.18,6,1,4,5,1008,0.17,0.99,0.2,0.18
PF15027,PF13910,0,2,0,0,2,1016,0.0,1.0,0,0,2,0,0,2,1016,0.0,1.0,0,0
PF16689,PF05956,3,3,3,0,0,1015,1.0,1.0,1.0,1.0,3,3,0,0,1015,1.0,1.0,1.0,1.0
PF12347,PF01486,7,10,3,4,7,1004,0.3,0.99,0.43,0.35,10,3,4,7,1004,0.3,0.99,0.43,0.35
PF00253,PF00124,16,2,0,16,2,1000,0.0,0.98,0.0,-0.01,2,0,16,2,1000,0.0,0.98,0.0,-0.01
PF12165,PF12269,3,6,1,2,5,1010,0.17,0.99,0.33,0.23,6,1,2,5,1010,0.17,0.99,0.33,0.23
PF05715,PF15914,3,3,1,2,2,1013,0.33,1.0,0.33,0.33,3,1,2,2,1013,0.33,1.0,0.33,0.33
PF07054,PF11265,2,4,0,2,4,1012,0.0,0.99,0.0,-0.0,4,0,2,4,1012,0.0,0.99,0.0,-0.0
PF04658,PF10234,10,3,0,10,3,1005,0.0,0.99,0.0,-0.01,3,0,10,3,1005,0.0,0.99,0.0,-0.01
PF13249,PF13243,16,17,16,0,1,1001,0.94,1.0,1.0,0.97,17,16,0,1,1001,0.94,1.0,1.0,0.97
PF14615,PF03713,7,0,0,7,0,1011,0,0.99,0.0,0,0,0,7,0,1011,0,0.99,0.0,0
PF07201,PF07411,0,0,0,0,0,1018,0,1.0,0,0,0,0,0,0,1018,0,1.0,0,0
PF15829,PF15576,1,1,0,1,1,1016,0.0,1.0,0.0,-0.0,1,0,1,1,1016,0.0,1.0,0.0,-0.0
PF13625,PF16203,11,15,11,0,4,1003,0.73,1.0,1.0,0.85,15,11,0,4,1003,0.73,1.0,1.0,0.85
PF00386,PF00229,24,8,3,21,5,989,0.38,0.97,0.12,0.21,8,3,21,5,989,0.38,0.97,0.12,0.21
PF11750,PF12996,0,0,0,0,0,1018,0,1.0,0,0,0,0,0,0,1018,0,1.0,0,0
PF00011,PF00525,34,3,3,31,0,984,1.0,0.97,0.09,0.29,3,3,31,0,984,1.0,0.97,0.09,0.29
PF02689,PF05970,7,41,6,1,35,976,0.15,0.96,0.86,0.35,41,6,1,35,976,0.15,0.96,0.86,0.35
PF15157,PF10206,2,4,1,1,3,1013,0.25,1.0,0.5,0.35,4,1,1,3,1013,0.25,1.0,0.5,0.35
PF02541,PF01966,6,25,5,1,20,992,0.2,0.98,0.83,0.4,25,5,1,20,992,0.2,0.98,0.83,0.4
PF12899,PF14159,2,0,0,2,0,1016,0,1.0,0.0,0,0,0,2,0,1016,0,1.0,0.0,0
PF05258,PF15680,0,0,0,0,0,1018,0,1.0,0,0,0,0,0,0,1018,0,1.0,0,0
PF05611,PF07353,0,2,0,0,2,1016,0.0,1.0,0,0,2,0,0,2,1016,0.0,1.0,0,0
PF12724,PF15555,0,1,0,0,1,1017,0.0,1.0,0,0,1,0,0,1,1017,0.0,1.0,0,0
PF15001,PF15312,1,0,0,1,0,1017,0,1.0,0.0,0,0,0,1,0,1017,0,1.0,0.0,0
PF01269,PF03103,15,7,1,14,6,997,0.14,0.98,0.07,0.09,7,1,14,6,997,0.14,0.98,0.07,0.09
PF01341,PF02015,8,7,4,4,3,1007,0.57,0.99,0.5,0.53,7,4,4,3,1007,0.57,0.99,0.5,0.53
PF01386,PF14693,2,3,2,0,1,1015,0.67,1.0,1.0,0.82,3,2,0,1,1015,0.67,1.0,1.0,0.82
PF08792,PF15211,0,0,0,0,0,1018,0,1.0,0,0,0,0,0,0,1018,0,1.0,0,0
PF06747,PF10276,10,1,0,10,1,1007,0.0,0.99,0.0,-0.0,1,0,10,1,1007,0.0,0.99,0.0,-0.0
PF16954,PF15008,2,0,0,2,0,1016,0,1.0,0.0,0,0,0,2,0,1016,0,1.0,0.0,0
PF00528,PF08402,34,7,6,28,1,983,0.86,0.97,0.18,0.38,7,6,28,1,983,0.86,0.97,0.18,0.38
PF02535,PF04592,57,1,1,56,0,961,1.0,0.94,0.02,0.13,1,1,56,0,961,1.0,0.94,0.02,0.13
PF13826,PF08656,0,2,0,0,2,1016,0.0,1.0,0,0,2,0,0,2,1016,0.0,1.0,0,0
PF14604,PF00018,68,98,50,18,48,902,0.51,0.94,0.74,0.58,98,50,18,48,902,0.51,0.94,0.74,0.58
PF07021,PF08497,1,0,0,1,0,1017,0,1.0,0.0,0,0,0,1,0,1017,0,1.0,0.0,0
PF00195,PF02797,23,20,18,5,2,993,0.9,0.99,0.78,0.84,20,18,5,2,993,0.9,0.99,0.78,0.84
PF06454,PF12906,8,32,3,5,29,981,0.09,0.97,0.38,0.18,32,3,5,29,981,0.09,0.97,0.38,0.18
PF04979,PF09696,21,9,4,17,5,992,0.44,0.98,0.19,0.28,9,4,17,5,992,0.44,0.98,0.19,0.28
PF08668,PF13098,5,5,0,5,5,1008,0.0,0.99,0.0,-0.0,5,0,5,5,1008,0.0,0.99,0.0,-0.0
PF14257,PF14985,0,2,0,0,2,1016,0.0,1.0,0,0,2,0,0,2,1016,0.0,1.0,0,0
PF01771,PF17053,1,0,0,1,0,1017,0,1.0,0.0,0,0,0,1,0,1017,0,1.0,0.0,0
PF05226,PF02991,3,16,1,2,15,1000,0.06,0.98,0.33,0.14,16,1,2,15,1000,0.06,0.98,0.33,0.14
PF11714,PF00618,0,40,0,0,40,978,0.0,0.96,0,0,40,0,0,40,978,0.0,0.96,0,0
PF16858,PF16869,5,0,0,5,0,1013,0,1.0,0.0,0,0,0,5,0,1013,0,1.0,0.0,0
PF14856,PF03427,10,3,1,9,2,1006,0.33,0.99,0.1,0.18,3,1,9,2,1006,0.33,0.99,0.1,0.18
PF00403,PF00080,31,19,7,24,12,975,0.37,0.96,0.23,0.27,19,7,24,12,975,0.37,0.96,0.23,0.27
PF03409,PF10325,2,3,0,2,3,1013,0.0,1.0,0.0,-0.0,3,0,2,3,1013,0.0,1.0,0.0,-0.0
PF15558,PF10506,1,4,0,1,4,1013,0.0,1.0,0.0,-0.0,4,0,1,4,1013,0.0,1.0,0.0,-0.0
PF08234,PF16516,2,5,0,2,5,1011,0.0,0.99,0.0,-0.0,5,0,2,5,1011,0.0,0.99,0.0,-0.0
PF04499,PF04109,20,10,4,16,6,992,0.4,0.98,0.2,0.27,10,4,16,6,992,0.4,0.98,0.2,0.27
PF00169,PF00620,137,82,56,81,26,855,0.68,0.89,0.41,0.48,82,56,81,26,855,0.68,0.89,0.41,0.48
PF05404,PF02752,3,30,1,2,29,986,0.03,0.97,0.33,0.1,30,1,2,29,986,0.03,0.97,0.33,0.1
PF16352,PF16346,0,0,0,0,0,1018,0,1.0,0,0,0,0,0,0,1018,0,1.0,0,0
PF14542,PF04402,2,6,1,1,5,1011,0.17,0.99,0.5,0.29,6,1,1,5,1011,0.17,0.99,0.5,0.29
PF06781,PF11625,0,0,0,0,0,1018,0,1.0,0,0,0,0,0,0,1018,0,1.0,0,0
PF16037,PF07240,0,0,0,0,0,1018,0,1.0,0,0,0,0,0,0,1018,0,1.0,0,0
PF00365,PF12036,16,2,0,16,2,1000,0.0,0.98,0.0,-0.01,2,0,16,2,1000,0.0,0.98,0.0,-0.01
PF09439,PF02284,6,6,0,6,6,1006,0.0,0.99,0.0,-0.01,6,0,6,6,1006,0.0,0.99,0.0,-0.01
PF01478,PF07203,1,1,0,1,1,1016,0.0,1.0,0.0,-0.0,1,0,1,1,1016,0.0,1.0,0.0,-0.0
PF01133,PF04253,3,15,0,3,15,1000,0.0,0.98,0.0,-0.01,15,0,3,15,1000,0.0,0.98,0.0,-0.01
PF09755,PF04139,4,11,2,2,9,1005,0.18,0.99,0.5,0.3,11,2,2,9,1005,0.18,0.99,0.5,0.3
PF00133,PF08264,52,41,36,16,5,961,0.88,0.98,0.69,0.77,41,36,16,5,961,0.88,0.98,0.69,0.77
PF14343,PF15771,0,0,0,0,0,1018,0,1.0,0,0,0,0,0,0,1018,0,1.0,0,0
PF01902,PF01042,7,23,4,3,19,992,0.17,0.98,0.57,0.31,23,4,3,19,992,0.17,0.98,0.57,0.31
PF09719,PF00112,0,60,0,0,60,958,0.0,0.94,0,0,60,0,0,60,958,0.0,0.94,0,0
PF11327,PF14610,4,3,0,4,3,1011,0.0,0.99,0.0,-0.0,3,0,4,3,1011,0.0,0.99,0.0,-0.0
PF17017,PF05939,0,0,0,0,0,1018,0,1.0,0,0,0,0,0,0,1018,0,1.0,0,0
PF09675,PF08503,0,1,0,0,1,1017,0.0,1.0,0,0,1,0,0,1,1017,0.0,1.0,0,0
PF15366,PF08404,0,0,0,0,0,1018,0,1.0,0,0,0,0,0,0,1018,0,1.0,0,0
PF01014,PF00731,3,11,2,1,9,1006,0.18,0.99,0.67,0.34,11,2,1,9,1006,0.18,0.99,0.67,0.34
PF04011,PF06744,0,0,0,0,0,1018,0,1.0,0,0,0,0,0,0,1018,0,1.0,0,0
PF02372,PF15071,1,0,0,1,0,1017,0,1.0,0.0,0,0,0,1,0,1017,0,1.0,0.0,0
PF11775,PF03090,0,0,0,0,0,1018,0,1.0,0,0,0,0,0,0,1018,0,1.0,0,0
PF03352,PF07545,4,1,0,4,1,1013,0.0,1.0,0.0,-0.0,1,0,4,1,1013,0.0,1.0,0.0,-0.0
PF13632,PF08174,15,7,3,12,4,999,0.43,0.98,0.2,0.29,7,3,12,4,999,0.43,0.98,0.2,0.29
PF13299,PF07521,14,24,6,8,18,986,0.25,0.97,0.43,0.32,24,6,8,18,986,0.25,0.97,0.43,0.32
PF13874,PF05064,15,5,2,13,3,1000,0.4,0.98,0.13,0.22,5,2,13,3,1000,0.4,0.98,0.13,0.22
PF01821,PF07677,6,14,6,0,8,1004,0.43,0.99,1.0,0.65,14,6,0,8,1004,0.43,0.99,1.0,0.65
PF16130,PF17070,0,0,0,0,0,1018,0,1.0,0,0,0,0,0,0,1018,0,1.0,0,0
PF00040,PF00039,20,3,3,17,0,998,1.0,0.98,0.15,0.38,3,3,17,0,998,1.0,0.98,0.15,0.38
PF04668,PF00159,3,2,1,2,1,1014,0.5,1.0,0.33,0.41,2,1,2,1,1014,0.5,1.0,0.33,0.41
PF05787,PF08411,0,1,0,0,1,1017,0.0,1.0,0,0,1,0,0,1,1017,0.0,1.0,0,0
PF15888,PF12478,0,5,0,0,5,1013,0.0,1.0,0,0,5,0,0,5,1013,0.0,1.0,0,0
PF16544,PF16274,4,2,1,3,1,1013,0.5,1.0,0.25,0.35,2,1,3,1,1013,0.5,1.0,0.25,0.35
PF12968,PF05979,3,0,0,3,0,1015,0,1.0,0.0,0,0,0,3,0,1015,0,1.0,0.0,0
PF09322,PF15082,0,3,0,0,3,1015,0.0,1.0,0,0,3,0,0,3,1015,0.0,1.0,0,0
PF01712,PF04176,7,9,3,4,6,1005,0.33,0.99,0.43,0.37,9,3,4,6,1005,0.33,0.99,0.43,0.37
PF08442,PF02629,16,16,6,10,10,992,0.38,0.98,0.38,0.37,16,6,10,10,992,0.38,0.98,0.38,0.37
PF15144,PF17075,0,0,0,0,0,1018,0,1.0,0,0,0,0,0,0,1018,0,1.0,0,0
PF05265,PF02557,0,2,0,0,2,1016,0.0,1.0,0,0,2,0,0,2,1016,0.0,1.0,0,0
PF11958,PF16871,5,0,0,5,0,1013,0,1.0,0.0,0,0,0,5,0,1013,0,1.0,0.0,0
PF09906,PF09860,0,0,0,0,0,1018,0,1.0,0,0,0,0,0,0,1018,0,1.0,0,0
PF05706,PF11032,4,3,0,4,3,1011,0.0,0.99,0.0,-0.0,3,0,4,3,1011,0.0,0.99,0.0,-0.0
PF05350,PF06382,2,1,0,2,1,1015,0.0,1.0,0.0,-0.0,1,0,2,1,1015,0.0,1.0,0.0,-0.0
PF01213,PF08603,11,10,9,2,1,1006,0.9,1.0,0.82,0.86,10,9,2,1,1006,0.9,1.0,0.82,0.86
PF04886,PF09272,12,4,1,11,3,1003,0.25,0.99,0.08,0.14,4,1,11,3,1003,0.25,0.99,0.08,0.14
PF00581,PF06617,53,2,2,51,0,965,1.0,0.95,0.04,0.19,2,2,51,0,965,1.0,0.95,0.04,0.19
PF02001,PF13739,0,0,0,0,0,1018,0,1.0,0,0,0,0,0,0,1018,0,1.0,0,0
PF07856,PF12824,7,7,2,5,5,1006,0.29,0.99,0.29,0.28,7,2,5,5,1006,0.29,0.99,0.29,0.28
PF15127,PF10616,1,0,0,1,0,1017,0,1.0,0.0,0,0,0,1,0,1017,0,1.0,0.0,0
PF01455,PF01706,0,1,0,0,1,1017,0.0,1.0,0,0,1,0,0,1,1017,0.0,1.0,0,0
PF00674,PF00799,0,2,0,0,2,1016,0.0,1.0,0,0,2,0,0,2,1016,0.0,1.0,0,0
PF07130,PF05488,0,0,0,0,0,1018,0,1.0,0,0,0,0,0,0,1018,0,1.0,0,0
PF08117,PF06134,1,2,0,1,2,1015,0.0,1.0,0.0,-0.0,2,0,1,2,1015,0.0,1.0,0.0,-0.0
PF00017,PF00779,74,7,5,69,2,942,0.71,0.93,0.07,0.21,7,5,69,2,942,0.71,0.93,0.07,0.21
PF04693,PF14862,0,0,0,0,0,1018,0,1.0,0,0,0,0,0,0,1018,0,1.0,0,0
PF09479,PF01436,1,37,1,0,36,981,0.03,0.96,1.0,0.16,37,1,0,36,981,0.03,0.96,1.0,0.16
PF03734,PF08924,3,0,0,3,0,1015,0,1.0,0.0,0,0,0,3,0,1015,0,1.0,0.0,0
PF12490,PF08159,5,12,3,2,9,1004,0.25,0.99,0.6,0.38,12,3,2,9,1004,0.25,0.99,0.6,0.38
PF13409,PF02798,16,47,7,9,40,962,0.15,0.95,0.44,0.24,47,7,9,40,962,0.15,0.95,0.44,0.24
PF01900,PF01680,15,7,1,14,6,997,0.14,0.98,0.07,0.09,7,1,14,6,997,0.14,0.98,0.07,0.09
PF12561,PF11681,0,0,0,0,0,1018,0,1.0,0,0,0,0,0,0,1018,0,1.0,0,0
PF16417,PF16418,11,9,9,2,0,1007,1.0,1.0,0.82,0.9,9,9,2,0,1007,1.0,1.0,0.82,0.9
PF06507,PF02362,11,30,9,2,21,986,0.3,0.98,0.82,0.49,30,9,2,21,986,0.3,0.98,0.82,0.49
PF06278,PF16869,4,0,0,4,0,1014,0,1.0,0.0,0,0,0,4,0,1014,0,1.0,0.0,0
PF01359,PF06159,45,2,1,44,1,972,0.5,0.96,0.02,0.1,2,1,44,1,972,0.5,0.96,0.02,0.1
PF03944,PF04349,2,0,0,2,0,1016,0,1.0,0.0,0,0,0,2,0,1016,0,1.0,0.0,0
PF04781,PF04780,2,5,2,0,3,1013,0.4,1.0,1.0,0.63,5,2,0,3,1013,0.4,1.0,1.0,0.63
PF16062,PF00821,3,3,0,3,3,1012,0.0,0.99,0.0,-0.0,3,0,3,3,1012,0.0,0.99,0.0,-0.0
PF08738,PF03576,0,0,0,0,0,1018,0,1.0,0,0,0,0,0,0,1018,0,1.0,0,0
PF01949,PF01527,0,9,0,0,9,1009,0.0,0.99,0,0,9,0,0,9,1009,0.0,0.99,0,0
PF12350,PF12243,3,2,2,1,0,1015,1.0,1.0,0.67,0.82,2,2,1,0,1015,1.0,1.0,0.67,0.82
PF10843,PF13750,0,0,0,0,0,1018,0,1.0,0,0,0,0,0,0,1018,0,1.0,0,0
PF09238,PF15914,2,3,1,1,2,1014,0.33,1.0,0.5,0.41,3,1,1,2,1014,0.33,1.0,0.5,0.41
PF01105,PF15011,37,4,2,35,2,979,0.5,0.96,0.05,0.16,4,2,35,2,979,0.5,0.96,0.05,0.16
PF11093,PF08649,0,2,0,0,2,1016,0.0,1.0,0,0,2,0,0,2,1016,0.0,1.0,0,0
PF04379,PF13369,10,7,2,8,5,1003,0.29,0.99,0.2,0.23,7,2,8,5,1003,0.29,0.99,0.2,0.23
PF05010,PF12372,5,6,1,4,5,1008,0.17,0.99,0.2,0.18,6,1,4,5,1008,0.17,0.99,0.2,0.18
PF13947,PF08488,19,6,6,13,0,999,1.0,0.99,0.32,0.56,6,6,13,0,999,1.0,0.99,0.32,0.56
PF15169,PF03745,0,0,0,0,0,1018,0,1.0,0,0,0,0,0,0,1018,0,1.0,0,0
PF12226,PF15222,0,0,0,0,0,1018,0,1.0,0,0,0,0,0,0,1018,0,1.0,0,0
PF08336,PF13640,10,39,8,2,31,977,0.21,0.97,0.8,0.4,39,8,2,31,977,0.21,0.97,0.8,0.4
PF01888,PF07538,1,0,0,1,0,1017,0,1.0,0.0,0,0,0,1,0,1017,0,1.0,0.0,0
PF16517,PF09235,7,1,1,6,0,1011,1.0,0.99,0.14,0.38,1,1,6,0,1011,1.0,0.99,0.14,0.38
PF04212,PF16565,35,1,1,34,0,983,1.0,0.97,0.03,0.17,1,1,34,0,983,1.0,0.97,0.03,0.17
PF03650,PF06093,15,2,1,14,1,1002,0.5,0.99,0.07,0.18,2,1,14,1,1002,0.5,0.99,0.07,0.18
PF07478,PF01820,11,1,1,10,0,1007,1.0,0.99,0.09,0.3,1,1,10,0,1007,1.0,0.99,0.09,0.3
PF12150,PF07956,2,7,0,2,7,1009,0.0,0.99,0.0,-0.0,7,0,2,7,1009,0.0,0.99,0.0,-0.0
PF03367,PF03074,8,6,1,7,5,1005,0.17,0.99,0.12,0.14,6,1,7,5,1005,0.17,0.99,0.12,0.14
PF07014,PF09051,0,0,0,0,0,1018,0,1.0,0,0,0,0,0,0,1018,0,1.0,0,0
PF00994,PF01507,36,19,8,28,11,971,0.42,0.96,0.22,0.29,19,8,28,11,971,0.42,0.96,0.22,0.29
PF03029,PF10178,22,6,2,20,4,992,0.33,0.98,0.09,0.17,6,2,20,4,992,0.33,0.98,0.09,0.17
PF09108,PF03090,0,0,0,0,0,1018,0,1.0,0,0,0,0,0,0,1018,0,1.0,0,0
PF05321,PF00550,0,68,0,0,68,950,0.0,0.93,0,0,68,0,0,68,950,0.0,0.93,0,0
PF07804,PF08404,1,0,0,1,0,1017,0,1.0,0.0,0,0,0,1,0,1017,0,1.0,0.0,0
PF04548,PF11886,22,3,3,19,0,996,1.0,0.98,0.14,0.37,3,3,19,0,996,1.0,0.98,0.14,0.37
PF09234,PF03268,2,0,0,2,0,1016,0,1.0,0.0,0,0,0,2,0,1016,0,1.0,0.0,0
PF01262,PF12769,11,6,6,5,0,1007,1.0,1.0,0.55,0.74,6,6,5,0,1007,1.0,1.0,0.55,0.74
PF07902,PF09365,1,2,0,1,2,1015,0.0,1.0,0.0,-0.0,2,0,1,2,1015,0.0,1.0,0.0,-0.0
PF12377,PF12361,1,1,1,0,0,1017,1.0,1.0,1.0,1.0,1,1,0,0,1017,1.0,1.0,1.0,1.0
PF11756,PF01476,0,39,0,0,39,979,0.0,0.96,0,0,39,0,0,39,979,0.0,0.96,0,0
PF04909,PF16952,38,2,2,36,0,980,1.0,0.96,0.05,0.23,2,2,36,0,980,1.0,0.96,0.05,0.23
PF05793,PF10200,10,5,1,9,4,1004,0.2,0.99,0.1,0.14,5,1,9,4,1004,0.2,0.99,0.1,0.14
PF09966,PF11907,1,1,1,0,0,1017,1.0,1.0,1.0,1.0,1,1,0,0,1017,1.0,1.0,1.0,1.0
PF05119,PF04235,0,0,0,0,0,1018,0,1.0,0,0,0,0,0,0,1018,0,1.0,0,0
PF00606,PF13721,4,3,0,4,3,1011,0.0,0.99,0.0,-0.0,3,0,4,3,1011,0.0,0.99,0.0,-0.0
PF03128,PF14554,2,2,1,1,1,1015,0.5,1.0,0.5,0.5,2,1,1,1,1015,0.5,1.0,0.5,0.5
PF04489,PF07445,0,0,0,0,0,1018,0,1.0,0,0,0,0,0,0,1018,0,1.0,0,0
PF07312,PF09614,0,0,0,0,0,1018,0,1.0,0,0,0,0,0,0,1018,0,1.0,0,0
PF15259,PF15241,1,0,0,1,0,1017,0,1.0,0.0,0,0,0,1,0,1017,0,1.0,0.0,0
PF02514,PF11965,1,2,1,0,1,1016,0.5,1.0,1.0,0.71,2,1,0,1,1016,0.5,1.0,1.0,0.71
PF04515,PF01757,15,33,6,9,27,976,0.18,0.96,0.4,0.25,33,6,9,27,976,0.18,0.96,0.4,0.25
PF03404,PF00174,20,20,20,0,0,998,1.0,1.0,1.0,1.0,20,20,0,0,998,1.0,1.0,1.0,1.0
PF00398,PF09813,19,3,3,16,0,999,1.0,0.98,0.16,0.39,3,3,16,0,999,1.0,0.98,0.16,0.39
PF02470,PF07039,4,9,1,3,8,1006,0.11,0.99,0.25,0.16,9,1,3,8,1006,0.11,0.99,0.25,0.16
PF03658,PF05934,0,6,0,0,6,1012,0.0,0.99,0,0,6,0,0,6,1012,0.0,0.99,0,0
PF03886,PF04288,1,0,0,1,0,1017,0,1.0,0.0,0,0,0,1,0,1017,0,1.0,0.0,0
PF03997,PF01775,6,9,1,5,8,1004,0.11,0.99,0.17,0.13,9,1,5,8,1004,0.11,0.99,0.17,0.13
PF12879,PF12887,0,0,0,0,0,1018,0,1.0,0,0,0,0,0,0,1018,0,1.0,0,0
PF09260,PF16028,5,1,1,4,0,1013,1.0,1.0,0.2,0.45,1,1,4,0,1013,1.0,1.0,0.2,0.45
PF10323,PF02118,9,4,1,8,3,1006,0.25,0.99,0.11,0.16,4,1,8,3,1006,0.25,0.99,0.11,0.16
PF00314,PF03822,21,4,3,18,1,996,0.75,0.98,0.14,0.32,4,3,18,1,996,0.75,0.98,0.14,0.32
PF08572,PF06544,4,13,4,0,9,1005,0.31,0.99,1.0,0.55,13,4,0,9,1005,0.31,0.99,1.0,0.55
PF16699,PF04158,4,7,1,3,6,1008,0.14,0.99,0.25,0.18,7,1,3,6,1008,0.14,0.99,0.25,0.18
PF02448,PF15559,0,0,0,0,0,1018,0,1.0,0,0,0,0,0,0,1018,0,1.0,0,0
PF08730,PF15825,0,0,0,0,0,1018,0,1.0,0,0,0,0,0,0,1018,0,1.0,0,0
PF15875,PF03033,0,23,0,0,23,995,0.0,0.98,0,0,23,0,0,23,995,0.0,0.98,0,0
PF03841,PF13382,1,3,1,0,2,1015,0.33,1.0,1.0,0.58,3,1,0,2,1015,0.33,1.0,1.0,0.58
PF03748,PF14882,0,0,0,0,0,1018,0,1.0,0,0,0,0,0,0,1018,0,1.0,0,0
PF15098,PF13466,1,1,1,0,0,1017,1.0,1.0,1.0,1.0,1,1,0,0,1017,1.0,1.0,1.0,1.0
PF02816,PF16519,10,8,6,4,2,1006,0.75,0.99,0.6,0.67,8,6,4,2,1006,0.75,0.99,0.6,0.67
PF10513,PF12064,24,3,1,23,2,992,0.33,0.98,0.04,0.11,3,1,23,2,992,0.33,0.98,0.04,0.11
PF16683,PF15314,3,0,0,3,0,1015,0,1.0,0.0,0,0,0,3,0,1015,0,1.0,0.0,0
PF05517,PF03607,9,17,3,6,14,995,0.18,0.98,0.33,0.23,17,3,6,14,995,0.18,0.98,0.33,0.23
PF06861,PF06821,1,2,0,1,2,1015,0.0,1.0,0.0,-0.0,2,0,1,2,1015,0.0,1.0,0.0,-0.0
PF09034,PF11957,2,5,1,1,4,1012,0.2,1.0,0.5,0.31,5,1,1,4,1012,0.2,1.0,0.5,0.31
PF08235,PF16876,11,9,9,2,0,1007,1.0,1.0,0.82,0.9,9,9,2,0,1007,1.0,1.0,0.82,0.9
PF01138,PF03725,61,29,29,32,0,957,1.0,0.97,0.48,0.68,29,29,32,0,957,1.0,0.97,0.48,0.68
PF11022,PF03401,0,1,0,0,1,1017,0.0,1.0,0,0,1,0,0,1,1017,0.0,1.0,0,0
PF04398,PF06749,9,7,2,7,5,1004,0.29,0.99,0.22,0.25,7,2,7,5,1004,0.29,0.99,0.22,0.25
PF03643,PF09751,13,7,2,11,5,1000,0.29,0.98,0.15,0.2,7,2,11,5,1000,0.29,0.98,0.15,0.2
PF01658,PF07994,1,4,1,0,3,1014,0.25,1.0,1.0,0.5,4,1,0,3,1014,0.25,1.0,1.0,0.5
PF04632,PF16967,0,0,0,0,0,1018,0,1.0,0,0,0,0,0,0,1018,0,1.0,0,0
PF01300,PF01184,17,21,7,10,14,987,0.33,0.98,0.41,0.36,21,7,10,14,987,0.33,0.98,0.41,0.36
PF06057,PF12191,0,0,0,0,0,1018,0,1.0,0,0,0,0,0,0,1018,0,1.0,0,0
PF16014,PF04632,0,0,0,0,0,1018,0,1.0,0,0,0,0,0,0,1018,0,1.0,0,0
PF03074,PF07971,6,16,2,4,14,998,0.12,0.98,0.33,0.2,16,2,4,14,998,0.12,0.98,0.33,0.2
PF03060,PF06052,23,3,1,22,2,993,0.33,0.98,0.04,0.11,3,1,22,2,993,0.33,0.98,0.04,0.11
PF01403,PF08337,22,11,8,14,3,993,0.73,0.98,0.36,0.51,11,8,14,3,993,0.73,0.98,0.36,0.51
PF07286,PF00220,3,2,0,3,2,1013,0.0,1.0,0.0,-0.0,2,0,3,2,1013,0.0,1.0,0.0,-0.0
PF00111,PF03450,40,22,20,20,2,976,0.91,0.98,0.5,0.67,22,20,20,2,976,0.91,0.98,0.5,0.67
PF08023,PF16047,0,0,0,0,0,1018,0,1.0,0,0,0,0,0,0,1018,0,1.0,0,0
PF17126,PF13636,3,1,1,2,0,1015,1.0,1.0,0.33,0.58,1,1,2,0,1015,1.0,1.0,0.33,0.58
PF11566,PF09346,7,2,2,5,0,1011,1.0,1.0,0.29,0.53,2,2,5,0,1011,1.0,1.0,0.29,0.53
PF11997,PF14573,0,0,0,0,0,1018,0,1.0,0,0,0,0,0,0,1018,0,1.0,0,0
PF04108,PF03468,1,6,0,1,6,1011,0.0,0.99,0.0,-0.0,6,0,1,6,1011,0.0,0.99,0.0,-0.0
PF00127,PF10542,3,0,0,3,0,1015,0,1.0,0.0,0,0,0,3,0,1015,0,1.0,0.0,0
PF00977,PF00697,16,5,0,16,5,997,0.0,0.98,0.0,-0.01,5,0,16,5,997,0.0,0.98,0.0,-0.01
PF07716,PF00170,36,33,14,22,19,963,0.42,0.96,0.39,0.39,33,14,22,19,963,0.42,0.96,0.39,0.39
PF00452,PF01146,10,10,2,8,8,1000,0.2,0.98,0.2,0.19,10,2,8,8,1000,0.2,0.98,0.2,0.19
PF14690,PF02211,0,3,0,0,3,1015,0.0,1.0,0,0,3,0,0,3,1015,0.0,1.0,0,0
PF06388,PF10244,1,8,0,1,8,1009,0.0,0.99,0.0,-0.0,8,0,1,8,1009,0.0,0.99,0.0,-0.0
PF16748,PF13320,0,0,0,0,0,1018,0,1.0,0,0,0,0,0,0,1018,0,1.0,0,0
PF00806,PF07990,21,4,3,18,1,996,0.75,0.98,0.14,0.32,4,3,18,1,996,0.75,0.98,0.14,0.32
PF06595,PF03155,0,18,0,0,18,1000,0.0,0.98,0,0,18,0,0,18,1000,0.0,0.98,0,0
PF09440,PF08375,5,8,1,4,7,1006,0.12,0.99,0.2,0.15,8,1,4,7,1006,0.12,0.99,0.2,0.15
PF00237,PF00902,23,8,2,21,6,989,0.25,0.97,0.09,0.14,8,2,21,6,989,0.25,0.97,0.09,0.14
PF02416,PF09419,9,11,3,6,8,1001,0.27,0.99,0.33,0.29,11,3,6,8,1001,0.27,0.99,0.33,0.29
PF13683,PF08298,8,0,0,8,0,1010,0,0.99,0.0,0,0,0,8,0,1010,0,0.99,0.0,0
PF02656,PF03124,22,8,3,19,5,991,0.38,0.98,0.14,0.22,8,3,19,5,991,0.38,0.98,0.14,0.22
PF03167,PF15342,21,4,0,21,4,993,0.0,0.98,0.0,-0.01,4,0,21,4,993,0.0,0.98,0.0,-0.01
PF12577,PF02161,3,6,3,0,3,1012,0.5,1.0,1.0,0.71,6,3,0,3,1012,0.5,1.0,1.0,0.71
PF03547,PF00610,16,38,7,9,31,971,0.18,0.96,0.44,0.27,38,7,9,31,971,0.18,0.96,0.44,0.27
PF13491,PF09397,5,5,5,0,0,1013,1.0,1.0,1.0,1.0,5,5,0,0,1013,1.0,1.0,1.0,1.0
PF14433,PF09932,0,0,0,0,0,1018,0,1.0,0,0,0,0,0,0,1018,0,1.0,0,0
PF11316,PF08707,0,1,0,0,1,1017,0.0,1.0,0,0,1,0,0,1,1017,0.0,1.0,0,0
PF10692,PF00560,0,50,0,0,50,968,0.0,0.95,0,0,50,0,0,50,968,0.0,0.95,0,0
PF00694,PF00330,31,36,28,3,8,979,0.78,0.99,0.9,0.83,36,28,3,8,979,0.78,0.99,0.9,0.83
PF02628,PF05630,12,4,0,12,4,1002,0.0,0.98,0.0,-0.01,4,0,12,4,1002,0.0,0.98,0.0,-0.01
PF05553,PF02701,7,10,2,5,8,1003,0.2,0.99,0.29,0.23,10,2,5,8,1003,0.2,0.99,0.29,0.23
PF04106,PF08561,16,5,1,15,4,998,0.2,0.98,0.06,0.1,5,1,15,4,998,0.2,0.98,0.06,0.1
PF09694,PF01722,0,16,0,0,16,1002,0.0,0.98,0,0,16,0,0,16,1002,0.0,0.98,0,0
PF07399,PF10694,2,3,1,1,2,1014,0.33,1.0,0.5,0.41,3,1,1,2,1014,0.33,1.0,0.5,0.41
PF02833,PF01368,13,21,11,2,10,995,0.52,0.99,0.85,0.66,21,11,2,10,995,0.52,0.99,0.85,0.66
PF11467,PF10513,7,24,5,2,19,992,0.21,0.98,0.71,0.38,24,5,2,19,992,0.21,0.98,0.71,0.38
PF03185,PF09051,7,0,0,7,0,1011,0,0.99,0.0,0,0,0,7,0,1011,0,0.99,0.0,0
PF09829,PF08411,0,1,0,0,1,1017,0.0,1.0,0,0,1,0,0,1,1017,0.0,1.0,0,0
PF00905,PF03717,19,17,16,3,1,998,0.94,1.0,0.84,0.89,17,16,3,1,998,0.94,1.0,0.84,0.89
PF15337,PF15553,3,0,0,3,0,1015,0,1.0,0.0,0,0,0,3,0,1015,0,1.0,0.0,0
PF15610,PF08744,1,0,0,1,0,1017,0,1.0,0.0,0,0,0,1,0,1017,0,1.0,0.0,0
PF01991,PF16454,8,7,2,6,5,1005,0.29,0.99,0.25,0.26,7,2,6,5,1005,0.29,0.99,0.25,0.26
PF10303,PF09810,1,4,0,1,4,1013,0.0,1.0,0.0,-0.0,4,0,1,4,1013,0.0,1.0,0.0,-0.0
PF12416,PF16056,3,3,1,2,2,1013,0.33,1.0,0.33,0.33,3,1,2,2,1013,0.33,1.0,0.33,0.33
PF11658,PF05001,0,7,0,0,7,1011,0.0,0.99,0,0,7,0,0,7,1011,0.0,0.99,0,0
PF13438,PF11798,1,6,1,0,5,1012,0.17,1.0,1.0,0.41,6,1,0,5,1012,0.17,1.0,1.0,0.41
PF15234,PF15851,0,0,0,0,0,1018,0,1.0,0,0,0,0,0,0,1018,0,1.0,0,0
PF01289,PF07157,1,0,0,1,0,1017,0,1.0,0.0,0,0,0,1,0,1017,0,1.0,0.0,0
PF01286,PF09775,4,0,0,4,0,1014,0,1.0,0.0,0,0,0,4,0,1014,0,1.0,0.0,0
PF02561,PF13722,0,0,0,0,0,1018,0,1.0,0,0,0,0,0,0,1018,0,1.0,0,0
PF07677,PF01835,14,9,9,5,0,1004,1.0,1.0,0.64,0.8,9,9,5,0,1004,1.0,1.0,0.64,0.8
PF06456,PF09007,14,2,1,13,1,1003,0.5,0.99,0.07,0.19,2,1,13,1,1003,0.5,0.99,0.07,0.19
PF06850,PF07209,0,1,0,0,1,1017,0.0,1.0,0,0,1,0,0,1,1017,0.0,1.0,0,0
PF09249,PF17007,2,0,0,2,0,1016,0,1.0,0.0,0,0,0,2,0,1016,0,1.0,0.0,0
PF01820,PF07478,1,11,1,0,10,1007,0.09,0.99,1.0,0.3,11,1,0,10,1007,0.09,0.99,1.0,0.3
PF07679,PF07645,92,60,37,55,23,903,0.62,0.92,0.4,0.46,60,37,55,23,903,0.62,0.92,0.4,0.46
PF02892,PF04937,31,20,12,19,8,979,0.6,0.97,0.39,0.47,20,12,19,8,979,0.6,0.97,0.39,0.47
PF16891,PF04152,14,14,4,10,10,994,0.29,0.98,0.29,0.28,14,4,10,10,994,0.29,0.98,0.29,0.28
PF01197,PF15724,4,0,0,4,0,1014,0,1.0,0.0,0,0,0,4,0,1014,0,1.0,0.0,0
PF05349,PF01610,4,2,1,3,1,1013,0.5,1.0,0.25,0.35,2,1,3,1,1013,0.5,1.0,0.25,0.35
PF09785,PF08156,5,25,1,4,24,989,0.04,0.97,0.2,0.08,25,1,4,24,989,0.04,0.97,0.2,0.08
PF02743,PF08473,14,5,3,11,2,1002,0.6,0.99,0.21,0.35,5,3,11,2,1002,0.6,0.99,0.21,0.35
PF11852,PF03714,2,2,2,0,0,1016,1.0,1.0,1.0,1.0,2,2,0,0,1016,1.0,1.0,1.0,1.0
PF14739,PF13931,3,8,3,0,5,1010,0.38,1.0,1.0,0.61,8,3,0,5,1010,0.38,1.0,1.0,0.61
PF05209,PF07499,4,2,1,3,1,1013,0.5,1.0,0.25,0.35,2,1,3,1,1013,0.5,1.0,0.25,0.35
PF13859,PF16692,0,4,0,0,4,1014,0.0,1.0,0,0,4,0,0,4,1014,0.0,1.0,0,0
PF02909,PF05043,3,5,3,0,2,1013,0.6,1.0,1.0,0.77,5,3,0,2,1013,0.6,1.0,1.0,0.77
PF06292,PF10540,13,9,6,7,3,1002,0.67,0.99,0.46,0.55,9,6,7,3,1002,0.67,0.99,0.46,0.55
PF16499,PF09072,20,7,4,16,3,995,0.57,0.98,0.2,0.33,7,4,16,3,995,0.57,0.98,0.2,0.33
PF09175,PF06448,2,4,1,1,3,1013,0.25,1.0,0.5,0.35,4,1,1,3,1013,0.25,1.0,0.5,0.35
PF10539,PF14738,9,4,1,8,3,1006,0.25,0.99,0.11,0.16,4,1,8,3,1006,0.25,0.99,0.11,0.16
PF13095,PF07444,2,0,0,2,0,1016,0,1.0,0.0,0,0,0,2,0,1016,0,1.0,0.0,0
PF03390,PF08291,1,0,0,1,0,1017,0,1.0,0.0,0,0,0,1,0,1017,0,1.0,0.0,0
PF03710,PF00419,3,1,0,3,1,1014,0.0,1.0,0.0,-0.0,1,0,3,1,1014,0.0,1.0,0.0,-0.0
PF14819,PF14690,1,0,0,1,0,1017,0,1.0,0.0,0,0,0,1,0,1017,0,1.0,0.0,0
PF10634,PF10080,0,0,0,0,0,1018,0,1.0,0,0,0,0,0,0,1018,0,1.0,0,0
PF14612,PF04148,1,4,0,1,4,1013,0.0,1.0,0.0,-0.0,4,0,1,4,1013,0.0,1.0,0.0,-0.0
PF04236,PF09026,4,5,1,3,4,1010,0.2,0.99,0.25,0.22,5,1,3,4,1010,0.2,0.99,0.25,0.22
PF15188,PF15556,0,0,0,0,0,1018,0,1.0,0,0,0,0,0,0,1018,0,1.0,0,0
PF12660,PF06469,4,3,1,3,2,1012,0.33,1.0,0.25,0.29,3,1,3,2,1012,0.33,1.0,0.25,0.29
PF09648,PF07435,0,0,0,0,0,1018,0,1.0,0,0,0,0,0,0,1018,0,1.0,0,0
PF03302,PF09132,4,0,0,4,0,1014,0,1.0,0.0,0,0,0,4,0,1014,0,1.0,0.0,0
PF15718,PF15302,2,0,0,2,0,1016,0,1.0,0.0,0,0,0,2,0,1016,0,1.0,0.0,0
PF02785,PF00289,33,34,33,0,1,984,0.97,1.0,1.0,0.98,34,33,0,1,984,0.97,1.0,1.0,0.98
PF14108,PF10868,2,0,0,2,0,1016,0,1.0,0.0,0,0,0,2,0,1016,0,1.0,0.0,0
PF08017,PF15485,7,0,0,7,0,1011,0,0.99,0.0,0,0,0,7,0,1011,0,0.99,0.0,0
PF07750,PF01927,2,4,2,0,2,1014,0.5,1.0,1.0,0.71,4,2,0,2,1014,0.5,1.0,1.0,0.71
PF15351,PF12090,2,2,0,2,2,1014,0.0,1.0,0.0,-0.0,2,0,2,2,1014,0.0,1.0,0.0,-0.0
PF10422,PF15356,1,0,0,1,0,1017,0,1.0,0.0,0,0,0,1,0,1017,0,1.0,0.0,0
PF02604,PF03831,0,0,0,0,0,1018,0,1.0,0,0,0,0,0,0,1018,0,1.0,0,0
PF16492,PF08374,2,1,1,1,0,1016,1.0,1.0,0.5,0.71,1,1,1,0,1016,1.0,1.0,0.5,0.71
PF07724,PF10431,27,26,25,2,1,990,0.96,1.0,0.93,0.94,26,25,2,1,990,0.96,1.0,0.93,0.94
PF08731,PF13810,1,1,0,1,1,1016,0.0,1.0,0.0,-0.0,1,0,1,1,1016,0.0,1.0,0.0,-0.0
PF01376,PF04366,0,11,0,0,11,1007,0.0,0.99,0,0,11,0,0,11,1007,0.0,0.99,0,0
PF14307,PF08762,0,4,0,0,4,1014,0.0,1.0,0,0,4,0,0,4,1014,0.0,1.0,0,0
PF00245,PF04430,15,22,7,8,15,988,0.32,0.98,0.47,0.37,22,7,8,15,988,0.32,0.98,0.47,0.37
PF00857,PF14923,36,2,2,34,0,982,1.0,0.97,0.06,0.23,2,2,34,0,982,1.0,0.97,0.06,0.23
PF02556,PF13972,5,1,0,5,1,1012,0.0,0.99,0.0,-0.0,1,0,5,1,1012,0.0,0.99,0.0,-0.0
PF08080,PF15519,1,10,1,0,9,1008,0.1,0.99,1.0,0.31,10,1,0,9,1008,0.1,0.99,1.0,0.31
PF03859,PF00710,7,16,4,3,12,999,0.25,0.99,0.57,0.37,16,4,3,12,999,0.25,0.99,0.57,0.37
PF13988,PF06594,0,1,0,0,1,1017,0.0,1.0,0,0,1,0,0,1,1017,0.0,1.0,0,0
PF05605,PF14571,13,2,2,11,0,1005,1.0,0.99,0.15,0.39,2,2,11,0,1005,1.0,0.99,0.15,0.39
PF14539,PF05962,0,1,0,0,1,1017,0.0,1.0,0,0,1,0,0,1,1017,0.0,1.0,0,0
PF15214,PF03241,2,0,0,2,0,1016,0,1.0,0.0,0,0,0,2,0,1016,0,1.0,0.0,0
PF08260,PF12276,0,0,0,0,0,1018,0,1.0,0,0,0,0,0,0,1018,0,1.0,0,0
PF02341,PF16974,4,0,0,4,0,1014,0,1.0,0.0,0,0,0,4,0,1014,0,1.0,0.0,0
PF02063,PF02399,3,2,0,3,2,1013,0.0,1.0,0.0,-0.0,2,0,3,2,1013,0.0,1.0,0.0,-0.0
PF13821,PF07713,7,11,4,3,7,1004,0.36,0.99,0.57,0.45,11,4,3,7,1004,0.36,0.99,0.57,0.45
PF07670,PF07662,7,17,4,3,13,998,0.24,0.98,0.57,0.36,17,4,3,13,998,0.24,0.98,0.57,0.36
PF03784,PF16720,0,1,0,0,1,1017,0.0,1.0,0,0,1,0,0,1,1017,0.0,1.0,0,0
PF11703,PF15703,0,0,0,0,0,1018,0,1.0,0,0,0,0,0,0,1018,0,1.0,0,0
PF06240,PF04290,7,6,6,1,0,1011,1.0,1.0,0.86,0.93,6,6,1,0,1011,1.0,1.0,0.86,0.93
PF15467,PF15398,0,1,0,0,1,1017,0.0,1.0,0,0,1,0,0,1,1017,0.0,1.0,0,0
PF03234,PF08564,7,9,6,1,3,1008,0.67,1.0,0.86,0.75,9,6,1,3,1008,0.67,1.0,0.86,0.75
PF15323,PF00379,2,32,1,1,31,985,0.03,0.97,0.5,0.12,32,1,1,31,985,0.03,0.97,0.5,0.12
PF00586,PF02843,12,13,7,5,6,1000,0.54,0.99,0.58,0.55,13,7,5,6,1000,0.54,0.99,0.58,0.55
PF02306,PF17193,1,0,0,1,0,1017,0,1.0,0.0,0,0,0,1,0,1017,0,1.0,0.0,0
PF02213,PF14738,16,4,1,15,3,999,0.25,0.98,0.06,0.12,4,1,15,3,999,0.25,0.98,0.06,0.12
PF03949,PF00390,16,19,14,2,5,997,0.74,0.99,0.88,0.8,19,14,2,5,997,0.74,0.99,0.88,0.8
PF15548,PF04610,2,3,0,2,3,1013,0.0,1.0,0.0,-0.0,3,0,2,3,1013,0.0,1.0,0.0,-0.0
PF08186,PF06070,1,1,0,1,1,1016,0.0,1.0,0.0,-0.0,1,0,1,1,1016,0.0,1.0,0.0,-0.0
PF00915,PF15518,1,1,0,1,1,1016,0.0,1.0,0.0,-0.0,1,0,1,1,1016,0.0,1.0,0.0,-0.0
PF07085,PF01515,6,8,5,1,3,1009,0.62,1.0,0.83,0.72,8,5,1,3,1009,0.62,1.0,0.83,0.72
PF14661,PF15678,1,0,0,1,0,1017,0,1.0,0.0,0,0,0,1,0,1017,0,1.0,0.0,0
PF04504,PF01868,8,10,1,7,9,1001,0.1,0.98,0.12,0.1,10,1,7,9,1001,0.1,0.98,0.12,0.1
PF10483,PF05129,3,10,1,2,9,1006,0.1,0.99,0.33,0.18,10,1,2,9,1006,0.1,0.99,0.33,0.18
PF15210,PF15683,0,0,0,0,0,1018,0,1.0,0,0,0,0,0,0,1018,0,1.0,0,0
PF12873,PF14251,0,2,0,0,2,1016,0.0,1.0,0,0,2,0,0,2,1016,0.0,1.0,0,0
PF16524,PF07695,2,1,1,1,0,1016,1.0,1.0,0.5,0.71,1,1,1,0,1016,1.0,1.0,0.5,0.71
PF12796,PF00023,246,108,104,142,4,768,0.96,0.86,0.42,0.58,108,104,142,4,768,0.96,0.86,0.42,0.58
PF08828,PF15791,1,2,1,0,1,1016,0.5,1.0,1.0,0.71,2,1,0,1,1016,0.5,1.0,1.0,0.71
PF03313,PF03315,4,4,4,0,0,1014,1.0,1.0,1.0,1.0,4,4,0,0,1014,1.0,1.0,1.0,1.0
PF02056,PF11975,8,8,8,0,0,1010,1.0,1.0,1.0,1.0,8,8,0,0,1010,1.0,1.0,1.0,1.0
PF15775,PF14251,0,2,0,0,2,1016,0.0,1.0,0,0,2,0,0,2,1016,0.0,1.0,0,0
PF09637,PF00220,7,2,0,7,2,1009,0.0,0.99,0.0,-0.0,2,0,7,2,1009,0.0,0.99,0.0,-0.0
PF14808,PF06951,3,11,0,3,11,1004,0.0,0.99,0.0,-0.01,11,0,3,11,1004,0.0,0.99,0.0,-0.01
PF16039,PF09057,0,0,0,0,0,1018,0,1.0,0,0,0,0,0,0,1018,0,1.0,0,0
PF12955,PF15798,4,0,0,4,0,1014,0,1.0,0.0,0,0,0,4,0,1014,0,1.0,0.0,0
PF08245,PF10288,32,5,2,30,3,983,0.4,0.97,0.06,0.15,5,2,30,3,983,0.4,0.97,0.06,0.15
PF09699,PF15834,0,0,0,0,0,1018,0,1.0,0,0,0,0,0,0,1018,0,1.0,0,0
PF00514,PF16689,63,3,3,60,0,955,1.0,0.94,0.05,0.21,3,3,60,0,955,1.0,0.94,0.05,0.21
PF16204,PF08072,7,7,7,0,0,1011,1.0,1.0,1.0,1.0,7,7,0,0,1011,1.0,1.0,1.0,1.0
PF12188,PF14596,1,1,1,0,0,1017,1.0,1.0,1.0,1.0,1,1,0,0,1017,1.0,1.0,1.0,1.0
PF00697,PF00218,5,4,2,3,2,1011,0.5,1.0,0.4,0.44,4,2,3,2,1011,0.5,1.0,0.4,0.44
PF00110,PF00822,13,9,3,10,6,999,0.33,0.98,0.23,0.27,9,3,10,6,999,0.33,0.98,0.23,0.27
PF14971,PF11052,1,1,0,1,1,1016,0.0,1.0,0.0,-0.0,1,0,1,1,1016,0.0,1.0,0.0,-0.0
PF11365,PF04880,8,3,1,7,2,1008,0.33,0.99,0.12,0.2,3,1,7,2,1008,0.33,0.99,0.12,0.2
PF08579,PF15491,1,0,0,1,0,1017,0,1.0,0.0,0,0,0,1,0,1017,0,1.0,0.0,0
PF04116,PF04765,31,10,6,25,4,983,0.6,0.97,0.19,0.33,10,6,25,4,983,0.6,0.97,0.19,0.33
PF14762,PF14763,0,0,0,0,0,1018,0,1.0,0,0,0,0,0,0,1018,0,1.0,0,0
PF05398,PF05611,0,0,0,0,0,1018,0,1.0,0,0,0,0,0,0,1018,0,1.0,0,0
PF09297,PF09296,6,8,6,0,2,1010,0.75,1.0,1.0,0.87,8,6,0,2,1010,0.75,1.0,1.0,0.87
PF10248,PF09340,3,6,1,2,5,1010,0.17,0.99,0.33,0.23,6,1,2,5,1010,0.17,0.99,0.33,0.23
PF17187,PF08622,2,2,2,0,0,1016,1.0,1.0,1.0,1.0,2,2,0,0,1016,1.0,1.0,1.0,1.0
PF15051,PF06702,1,11,0,1,11,1006,0.0,0.99,0.0,-0.0,11,0,1,11,1006,0.0,0.99,0.0,-0.0
PF04493,PF03155,8,18,3,5,15,995,0.17,0.98,0.38,0.24,18,3,5,15,995,0.17,0.98,0.38,0.24
PF15476,PF09327,0,0,0,0,0,1018,0,1.0,0,0,0,0,0,0,1018,0,1.0,0,0
PF17119,PF06883,4,5,2,2,3,1011,0.4,1.0,0.5,0.44,5,2,2,3,1011,0.4,1.0,0.5,0.44
PF04917,PF11751,1,0,0,1,0,1017,0,1.0,0.0,0,0,0,1,0,1017,0,1.0,0.0,0
PF06298,PF01091,1,2,0,1,2,1015,0.0,1.0,0.0,-0.0,2,0,1,2,1015,0.0,1.0,0.0,-0.0
PF11991,PF01828,5,7,3,2,4,1009,0.43,0.99,0.6,0.5,7,3,2,4,1009,0.43,0.99,0.6,0.5
PF05170,PF13502,1,1,0,1,1,1016,0.0,1.0,0.0,-0.0,1,0,1,1,1016,0.0,1.0,0.0,-0.0
PF01835,PF07677,9,14,9,0,5,1004,0.64,1.0,1.0,0.8,14,9,0,5,1004,0.64,1.0,1.0,0.8
PF13851,PF12180,3,1,0,3,1,1014,0.0,1.0,0.0,-0.0,1,0,3,1,1014,0.0,1.0,0.0,-0.0
PF15345,PF02253,1,1,0,1,1,1016,0.0,1.0,0.0,-0.0,1,0,1,1,1016,0.0,1.0,0.0,-0.0
PF00822,PF07803,9,0,0,9,0,1009,0,0.99,0.0,0,0,0,9,0,1009,0,0.99,0.0,0
PF00124,PF00119,2,9,0,2,9,1007,0.0,0.99,0.0,-0.0,9,0,2,9,1007,0.0,0.99,0.0,-0.0
PF10369,PF00351,10,22,2,8,20,988,0.09,0.97,0.2,0.12,22,2,8,20,988,0.09,0.97,0.2,0.12
PF06110,PF03079,10,17,4,6,13,995,0.24,0.98,0.4,0.3,17,4,6,13,995,0.24,0.98,0.4,0.3
PF10226,PF10998,3,3,0,3,3,1012,0.0,0.99,0.0,-0.0,3,0,3,3,1012,0.0,0.99,0.0,-0.0
PF04264,PF13722,0,0,0,0,0,1018,0,1.0,0,0,0,0,0,0,1018,0,1.0,0,0
PF11713,PF14113,1,0,0,1,0,1017,0,1.0,0.0,0,0,0,1,0,1017,0,1.0,0.0,0
PF08530,PF02129,17,20,17,0,3,998,0.85,1.0,1.0,0.92,20,17,0,3,998,0.85,1.0,1.0,0.92
PF15038,PF08034,1,0,0,1,0,1017,0,1.0,0.0,0,0,0,1,0,1017,0,1.0,0.0,0
PF12787,PF10917,2,1,0,2,1,1015,0.0,1.0,0.0,-0.0,1,0,2,1,1015,0.0,1.0,0.0,-0.0
PF01266,PF16901,67,9,6,61,3,948,0.67,0.94,0.09,0.23,9,6,61,3,948,0.67,0.94,0.09,0.23
PF07000,PF14033,11,18,1,10,17,990,0.06,0.97,0.09,0.06,18,1,10,17,990,0.06,0.97,0.09,0.06
PF04434,PF03108,24,16,13,11,3,991,0.81,0.99,0.54,0.66,16,13,11,3,991,0.81,0.99,0.54,0.66
PF14613,PF13320,0,0,0,0,0,1018,0,1.0,0,0,0,0,0,0,1018,0,1.0,0,0
PF00616,PF00779,20,7,6,14,1,997,0.86,0.99,0.3,0.5,7,6,14,1,997,0.86,0.99,0.3,0.5
PF14785,PF05591,0,0,0,0,0,1018,0,1.0,0,0,0,0,0,0,1018,0,1.0,0,0
PF06602,PF02893,35,33,14,21,19,964,0.42,0.96,0.4,0.39,33,14,21,19,964,0.42,0.96,0.4,0.39
PF06992,PF08890,0,0,0,0,0,1018,0,1.0,0,0,0,0,0,0,1018,0,1.0,0,0
PF02156,PF16990,7,7,7,0,0,1011,1.0,1.0,1.0,1.0,7,7,0,0,1011,1.0,1.0,1.0,1.0
PF09286,PF16470,15,14,5,10,9,994,0.36,0.98,0.33,0.34,14,5,10,9,994,0.36,0.98,0.33,0.34
PF06481,PF02790,3,12,2,1,10,1005,0.17,0.99,0.67,0.33,12,2,1,10,1005,0.17,0.99,0.67,0.33
PF06819,PF05565,0,0,0,0,0,1018,0,1.0,0,0,0,0,0,0,1018,0,1.0,0,0
PF00284,PF00223,2,7,0,2,7,1009,0.0,0.99,0.0,-0.0,7,0,2,7,1009,0.0,0.99,0.0,-0.0
PF06144,PF16725,5,3,1,4,2,1011,0.33,0.99,0.2,0.26,3,1,4,2,1011,0.33,0.99,0.2,0.26
PF15727,PF09669,0,1,0,0,1,1017,0.0,1.0,0,0,1,0,0,1,1017,0.0,1.0,0,0
PF12542,PF16741,12,2,0,12,2,1004,0.0,0.99,0.0,-0.0,2,0,12,2,1004,0.0,0.99,0.0,-0.0
PF03164,PF01068,18,19,8,10,11,989,0.42,0.98,0.44,0.42,19,8,10,11,989,0.42,0.98,0.44,0.42
PF08704,PF05871,8,11,3,5,8,1002,0.27,0.99,0.38,0.31,11,3,5,8,1002,0.27,0.99,0.38,0.31
PF02948,PF09394,4,0,0,4,0,1014,0,1.0,0.0,0,0,0,4,0,1014,0,1.0,0.0,0
PF08688,PF08687,2,4,2,0,2,1014,0.5,1.0,1.0,0.71,4,2,0,2,1014,0.5,1.0,1.0,0.71
PF10355,PF10348,5,7,5,0,2,1011,0.71,1.0,1.0,0.84,7,5,0,2,1011,0.71,1.0,1.0,0.84
PF05250,PF16037,3,0,0,3,0,1015,0,1.0,0.0,0,0,0,3,0,1015,0,1.0,0.0,0
PF03929,PF02975,3,3,0,3,3,1012,0.0,0.99,0.0,-0.0,3,0,3,3,1012,0.0,0.99,0.0,-0.0
PF07494,PF01580,1,5,0,1,5,1012,0.0,0.99,0.0,-0.0,5,0,1,5,1012,0.0,0.99,0.0,-0.0
PF04739,PF00478,6,20,3,3,17,995,0.15,0.98,0.5,0.27,20,3,3,17,995,0.15,0.98,0.5,0.27
PF04388,PF15905,8,1,0,8,1,1009,0.0,0.99,0.0,-0.0,1,0,8,1,1009,0.0,0.99,0.0,-0.0
PF06897,PF15281,0,3,0,0,3,1015,0.0,1.0,0,0,3,0,0,3,1015,0.0,1.0,0,0
PF05420,PF06406,0,0,0,0,0,1018,0,1.0,0,0,0,0,0,0,1018,0,1.0,0,0
PF03938,PF03090,6,0,0,6,0,1012,0,0.99,0.0,0,0,0,6,0,1012,0,0.99,0.0,0
PF02084,PF02420,0,0,0,0,0,1018,0,1.0,0,0,0,0,0,0,1018,0,1.0,0,0
PF01832,PF14600,2,0,0,2,0,1016,0,1.0,0.0,0,0,0,2,0,1016,0,1.0,0.0,0
PF14719,PF13908,4,2,0,4,2,1012,0.0,0.99,0.0,-0.0,2,0,4,2,1012,0.0,0.99,0.0,-0.0
PF15298,PF07809,0,0,0,0,0,1018,0,1.0,0,0,0,0,0,0,1018,0,1.0,0,0
PF02130,PF02348,5,5,0,5,5,1008,0.0,0.99,0.0,-0.0,5,0,5,5,1008,0.0,0.99,0.0,-0.0
PF16399,PF15917,14,2,2,12,0,1004,1.0,0.99,0.14,0.38,2,2,12,0,1004,1.0,0.99,0.14,0.38
PF16836,PF15483,0,1,0,0,1,1017,0.0,1.0,0,0,1,0,0,1,1017,0.0,1.0,0,0
PF02583,PF02348,4,5,0,4,5,1009,0.0,0.99,0.0,-0.0,5,0,4,5,1009,0.0,0.99,0.0,-0.0
PF09588,PF15299,15,8,3,12,5,998,0.38,0.98,0.2,0.27,8,3,12,5,998,0.38,0.98,0.2,0.27
PF08713,PF04691,0,1,0,0,1,1017,0.0,1.0,0,0,1,0,0,1,1017,0.0,1.0,0,0
PF04265,PF04263,14,19,13,1,6,998,0.68,0.99,0.93,0.79,19,13,1,6,998,0.68,0.99,0.93,0.79
PF16420,PF08825,11,6,2,9,4,1003,0.33,0.99,0.18,0.24,6,2,9,4,1003,0.33,0.99,0.18,0.24
PF06623,PF00195,1,23,1,0,22,995,0.04,0.98,1.0,0.21,23,1,0,22,995,0.04,0.98,1.0,0.21
PF01833,PF08337,37,11,10,27,1,980,0.91,0.97,0.27,0.49,11,10,27,1,980,0.91,0.97,0.27,0.49
PF03260,PF17206,0,1,0,0,1,1017,0.0,1.0,0,0,1,0,0,1,1017,0.0,1.0,0,0
PF12452,PF05683,1,6,0,1,6,1011,0.0,0.99,0.0,-0.0,6,0,1,6,1011,0.0,0.99,0.0,-0.0
PF02482,PF16829,2,0,0,2,0,1016,0,1.0,0.0,0,0,0,2,0,1016,0,1.0,0.0,0
PF01435,PF16491,24,17,15,9,2,992,0.88,0.99,0.62,0.74,17,15,9,2,992,0.88,0.99,0.62,0.74
PF12131,PF08773,2,1,1,1,0,1016,1.0,1.0,0.5,0.71,1,1,1,0,1016,1.0,1.0,0.5,0.71
PF02839,PF08329,8,1,0,8,1,1009,0.0,0.99,0.0,-0.0,1,0,8,1,1009,0.0,0.99,0.0,-0.0
PF12996,PF11750,0,0,0,0,0,1018,0,1.0,0,0,0,0,0,0,1018,0,1.0,0,0
PF02714,PF13967,22,22,21,1,1,995,0.95,1.0,0.95,0.95,22,21,1,1,995,0.95,1.0,0.95,0.95
PF17088,PF15036,0,1,0,0,1,1017,0.0,1.0,0,0,1,0,0,1,1017,0.0,1.0,0,0
PF11765,PF15146,1,0,0,1,0,1017,0,1.0,0.0,0,0,0,1,0,1017,0,1.0,0.0,0
PF16094,PF14829,6,2,1,5,1,1011,0.5,0.99,0.17,0.29,2,1,5,1,1011,0.5,0.99,0.17,0.29
PF06697,PF00321,2,0,0,2,0,1016,0,1.0,0.0,0,0,0,2,0,1016,0,1.0,0.0,0
PF15798,PF15089,0,0,0,0,0,1018,0,1.0,0,0,0,0,0,0,1018,0,1.0,0,0
PF00277,PF00272,0,0,0,0,0,1018,0,1.0,0,0,0,0,0,0,1018,0,1.0,0,0
PF01474,PF07168,17,2,0,17,2,999,0.0,0.98,0.0,-0.01,2,0,17,2,999,0.0,0.98,0.0,-0.01
PF09511,PF08302,10,4,4,6,0,1008,1.0,0.99,0.4,0.63,4,4,6,0,1008,1.0,0.99,0.4,0.63
PF14723,PF16756,1,0,0,1,0,1017,0,1.0,0.0,0,0,0,1,0,1017,0,1.0,0.0,0
PF08617,PF12414,8,4,2,6,2,1008,0.5,0.99,0.25,0.35,4,2,6,2,1008,0.5,0.99,0.25,0.35
PF13660,PF05161,12,7,7,5,0,1006,1.0,1.0,0.58,0.76,7,7,5,0,1006,1.0,1.0,0.58,0.76
PF00122,PF12409,106,14,14,92,0,912,1.0,0.91,0.13,0.35,14,14,92,0,912,1.0,0.91,0.13,0.35
PF12849,PF13458,11,8,4,7,4,1003,0.5,0.99,0.36,0.42,8,4,7,4,1003,0.5,0.99,0.36,0.42
PF12540,PF07545,1,1,0,1,1,1016,0.0,1.0,0.0,-0.0,1,0,1,1,1016,0.0,1.0,0.0,-0.0
PF08706,PF13722,5,0,0,5,0,1013,0,1.0,0.0,0,0,0,5,0,1013,0,1.0,0.0,0
PF12357,PF16165,7,8,4,3,4,1007,0.5,0.99,0.57,0.53,8,4,3,4,1007,0.5,0.99,0.57,0.53
PF05558,PF15125,1,3,0,1,3,1014,0.0,1.0,0.0,-0.0,3,0,1,3,1014,0.0,1.0,0.0,-0.0
PF15314,PF15863,0,1,0,0,1,1017,0.0,1.0,0,0,1,0,0,1,1017,0.0,1.0,0,0
PF09815,PF10744,18,2,2,16,0,1000,1.0,0.98,0.11,0.33,2,2,16,0,1000,1.0,0.98,0.11,0.33
PF01226,PF15245,8,0,0,8,0,1010,0,0.99,0.0,0,0,0,8,0,1010,0,0.99,0.0,0
PF13699,PF04476,0,0,0,0,0,1018,0,1.0,0,0,0,0,0,0,1018,0,1.0,0,0
PF14684,PF11818,2,2,2,0,0,1016,1.0,1.0,1.0,1.0,2,2,0,0,1016,1.0,1.0,1.0,1.0
PF15153,PF13421,0,0,0,0,0,1018,0,1.0,0,0,0,0,0,0,1018,0,1.0,0,0
PF03575,PF05405,1,8,0,1,8,1009,0.0,0.99,0.0,-0.0,8,0,1,8,1009,0.0,0.99,0.0,-0.0
PF12765,PF10441,13,5,1,12,4,1001,0.2,0.98,0.08,0.12,5,1,12,4,1001,0.2,0.98,0.08,0.12
PF15032,PF09108,0,0,0,0,0,1018,0,1.0,0,0,0,0,0,0,1018,0,1.0,0,0
PF00551,PF02911,24,11,10,14,1,993,0.91,0.99,0.42,0.61,11,10,14,1,993,0.91,0.99,0.42,0.61
PF03573,PF04392,2,2,1,1,1,1015,0.5,1.0,0.5,0.5,2,1,1,1,1015,0.5,1.0,0.5,0.5
PF00633,PF10576,6,3,1,5,2,1010,0.33,0.99,0.17,0.23,3,1,5,2,1010,0.33,0.99,0.17,0.23
PF14701,PF06202,2,3,2,0,1,1015,0.67,1.0,1.0,0.82,3,2,0,1,1015,0.67,1.0,1.0,0.82
PF08633,PF14534,4,0,0,4,0,1014,0,1.0,0.0,0,0,0,4,0,1014,0,1.0,0.0,0
PF16470,PF01483,14,21,10,4,11,993,0.48,0.99,0.71,0.58,21,10,4,11,993,0.48,0.99,0.71,0.58
PF08747,PF02759,0,32,0,0,32,986,0.0,0.97,0,0,32,0,0,32,986,0.0,0.97,0,0
PF15905,PF17045,1,0,0,1,0,1017,0,1.0,0.0,0,0,0,1,0,1017,0,1.0,0.0,0
PF14766,PF14768,3,0,0,3,0,1015,0,1.0,0.0,0,0,0,3,0,1015,0,1.0,0.0,0
PF02392,PF03040,8,6,6,2,0,1010,1.0,1.0,0.75,0.87,6,6,2,0,1010,1.0,1.0,0.75,0.87
PF00407,PF03032,7,3,1,6,2,1009,0.33,0.99,0.14,0.21,3,1,6,2,1009,0.33,0.99,0.14,0.21
PF08627,PF08137,0,0,0,0,0,1018,0,1.0,0,0,0,0,0,0,1018,0,1.0,0,0
PF05117,PF02217,0,3,0,0,3,1015,0.0,1.0,0,0,3,0,0,3,1015,0.0,1.0,0,0
PF10629,PF05782,3,2,0,3,2,1013,0.0,1.0,0.0,-0.0,2,0,3,2,1013,0.0,1.0,0.0,-0.0
PF03662,PF07542,9,12,0,9,12,997,0.0,0.98,0.0,-0.01,12,0,9,12,997,0.0,0.98,0.0,-0.01
PF01120,PF16757,19,6,6,13,0,999,1.0,0.99,0.32,0.56,6,6,13,0,999,1.0,0.99,0.32,0.56
PF07974,PF02333,34,4,1,33,3,981,0.25,0.96,0.03,0.08,4,1,33,3,981,0.25,0.96,0.03,0.08
PF12891,PF11214,2,0,0,2,0,1016,0,1.0,0.0,0,0,0,2,0,1016,0,1.0,0.0,0
PF16752,PF06374,4,2,0,4,2,1012,0.0,0.99,0.0,-0.0,2,0,4,2,1012,0.0,0.99,0.0,-0.0
PF16608,PF12938,4,4,1,3,3,1011,0.25,0.99,0.25,0.25,4,1,3,3,1011,0.25,0.99,0.25,0.25
PF06990,PF01244,13,14,1,12,13,992,0.07,0.98,0.08,0.06,14,1,12,13,992,0.07,0.98,0.08,0.06
PF02277,PF15281,3,3,0,3,3,1012,0.0,0.99,0.0,-0.0,3,0,3,3,1012,0.0,0.99,0.0,-0.0
PF10137,PF13545,0,3,0,0,3,1015,0.0,1.0,0,0,3,0,0,3,1015,0.0,1.0,0,0
PF14653,PF06875,0,0,0,0,0,1018,0,1.0,0,0,0,0,0,0,1018,0,1.0,0,0
PF12414,PF08081,4,1,1,3,0,1014,1.0,1.0,0.25,0.5,1,1,3,0,1014,1.0,1.0,0.25,0.5
PF07700,PF16214,14,9,1,13,8,996,0.11,0.98,0.07,0.08,9,1,13,8,996,0.11,0.98,0.07,0.08
PF09201,PF03320,4,5,0,4,5,1009,0.0,0.99,0.0,-0.0,5,0,4,5,1009,0.0,0.99,0.0,-0.0
PF03610,PF13876,3,1,0,3,1,1014,0.0,1.0,0.0,-0.0,1,0,3,1,1014,0.0,1.0,0.0,-0.0
PF09827,PF01258,0,6,0,0,6,1012,0.0,0.99,0,0,6,0,0,6,1012,0.0,0.99,0,0
PF15612,PF02791,15,21,11,4,10,993,0.52,0.99,0.73,0.61,21,11,4,10,993,0.52,0.99,0.73,0.61
PF10607,PF13765,23,19,4,19,15,980,0.21,0.97,0.17,0.17,19,4,19,15,980,0.21,0.97,0.17,0.17
PF15221,PF14841,1,1,0,1,1,1016,0.0,1.0,0.0,-0.0,1,0,1,1,1016,0.0,1.0,0.0,-0.0
PF01361,PF09500,1,0,0,1,0,1017,0,1.0,0.0,0,0,0,1,0,1017,0,1.0,0.0,0
PF02290,PF07911,14,2,0,14,2,1002,0.0,0.98,0.0,-0.01,2,0,14,2,1002,0.0,0.98,0.0,-0.01
PF13335,PF03090,0,0,0,0,0,1018,0,1.0,0,0,0,0,0,0,1018,0,1.0,0,0
PF09382,PF08072,17,7,7,10,0,1001,1.0,0.99,0.41,0.64,7,7,10,0,1001,1.0,0.99,0.41,0.64
PF01672,PF02259,0,29,0,0,29,989,0.0,0.97,0,0,29,0,0,29,989,0.0,0.97,0,0
PF00459,PF12311,27,4,2,25,2,989,0.5,0.97,0.07,0.19,4,2,25,2,989,0.5,0.97,0.07,0.19
PF11369,PF17084,0,0,0,0,0,1018,0,1.0,0,0,0,0,0,0,1018,0,1.0,0,0
PF11251,PF16968,0,0,0,0,0,1018,0,1.0,0,0,0,0,0,0,1018,0,1.0,0,0
PF10375,PF15453,1,0,0,1,0,1017,0,1.0,0.0,0,0,0,1,0,1017,0,1.0,0.0,0
PF16732,PF03613,0,0,0,0,0,1018,0,1.0,0,0,0,0,0,0,1018,0,1.0,0,0
PF02582,PF01025,16,15,2,14,13,989,0.13,0.97,0.12,0.12,15,2,14,13,989,0.13,0.97,0.12,0.12
PF09611,PF15529,0,0,0,0,0,1018,0,1.0,0,0,0,0,0,0,1018,0,1.0,0,0
PF04006,PF05693,10,9,2,8,7,1001,0.22,0.99,0.2,0.2,9,2,8,7,1001,0.22,0.99,0.2,0.2
PF13448,PF05894,0,0,0,0,0,1018,0,1.0,0,0,0,0,0,0,1018,0,1.0,0,0
PF00696,PF00171,39,106,26,13,80,899,0.25,0.91,0.67,0.37,106,26,13,80,899,0.25,0.91,0.67,0.37
PF09367,PF17085,0,0,0,0,0,1018,0,1.0,0,0,0,0,0,0,1018,0,1.0,0,0
PF07941,PF11404,3,1,1,2,0,1015,1.0,1.0,0.33,0.58,1,1,2,0,1015,1.0,1.0,0.33,0.58
PF02117,PF01387,2,0,0,2,0,1016,0,1.0,0.0,0,0,0,2,0,1016,0,1.0,0.0,0
PF12134,PF10596,17,18,17,0,1,1000,0.94,1.0,1.0,0.97,18,17,0,1,1000,0.94,1.0,1.0,0.97
PF05006,PF05234,0,1,0,0,1,1017,0.0,1.0,0,0,1,0,0,1,1017,0.0,1.0,0,0
PF14880,PF15055,5,0,0,5,0,1013,0,1.0,0.0,0,0,0,5,0,1013,0,1.0,0.0,0
PF04303,PF03972,13,7,5,8,2,1003,0.71,0.99,0.38,0.52,7,5,8,2,1003,0.71,0.99,0.38,0.52
PF07249,PF01241,3,0,0,3,0,1015,0,1.0,0.0,0,0,0,3,0,1015,0,1.0,0.0,0
PF02606,PF01701,2,1,0,2,1,1015,0.0,1.0,0.0,-0.0,1,0,2,1,1015,0.0,1.0,0.0,-0.0
PF14490,PF15128,0,0,0,0,0,1018,0,1.0,0,0,0,0,0,0,1018,0,1.0,0,0
PF10534,PF06663,2,1,1,1,0,1016,1.0,1.0,0.5,0.71,1,1,1,0,1016,1.0,1.0,0.5,0.71
PF05827,PF16692,8,4,0,8,4,1006,0.0,0.99,0.0,-0.01,4,0,8,4,1006,0.0,0.99,0.0,-0.01
PF09334,PF10458,33,7,5,28,2,983,0.71,0.97,0.15,0.32,7,5,28,2,983,0.71,0.97,0.15,0.32
PF17070,PF04296,0,0,0,0,0,1018,0,1.0,0,0,0,0,0,0,1018,0,1.0,0,0
PF05015,PF14655,0,13,0,0,13,1005,0.0,0.99,0,0,13,0,0,13,1005,0.0,0.99,0,0
PF00707,PF03479,9,6,1,8,5,1004,0.17,0.99,0.11,0.13,6,1,8,5,1004,0.17,0.99,0.11,0.13
PF06369,PF09056,1,4,0,1,4,1013,0.0,1.0,0.0,-0.0,4,0,1,4,1013,0.0,1.0,0.0,-0.0
PF08264,PF00133,41,52,36,5,16,961,0.69,0.98,0.88,0.77,52,36,5,16,961,0.69,0.98,0.88,0.77
PF16679,PF08839,3,7,2,1,5,1010,0.29,0.99,0.67,0.43,7,2,1,5,1010,0.29,0.99,0.67,0.43
PF01060,PF00213,31,16,5,26,11,976,0.31,0.96,0.16,0.21,16,5,26,11,976,0.31,0.96,0.16,0.21
PF09232,PF07448,0,0,0,0,0,1018,0,1.0,0,0,0,0,0,0,1018,0,1.0,0,0
PF05281,PF05361,2,4,1,1,3,1013,0.25,1.0,0.5,0.35,4,1,1,3,1013,0.25,1.0,0.5,0.35
PF06297,PF12315,6,8,2,4,6,1006,0.25,0.99,0.33,0.28,8,2,4,6,1006,0.25,0.99,0.33,0.28
PF05390,PF12243,2,2,0,2,2,1014,0.0,1.0,0.0,-0.0,2,0,2,2,1014,0.0,1.0,0.0,-0.0
PF11489,PF06420,0,1,0,0,1,1017,0.0,1.0,0,0,1,0,0,1,1017,0.0,1.0,0,0
PF11605,PF16988,5,3,3,2,0,1013,1.0,1.0,0.6,0.77,3,3,2,0,1013,1.0,1.0,0.6,0.77
PF08621,PF12830,5,9,1,4,8,1005,0.11,0.99,0.2,0.14,9,1,4,8,1005,0.11,0.99,0.2,0.14
PF00565,PF00567,16,33,8,8,25,977,0.24,0.97,0.5,0.33,33,8,8,25,977,0.24,0.97,0.5,0.33
PF01653,PF03119,8,3,3,5,0,1010,1.0,1.0,0.38,0.61,3,3,5,0,1010,1.0,1.0,0.38,0.61
PF03707,PF16415,7,13,1,6,12,999,0.08,0.98,0.14,0.1,13,1,6,12,999,0.08,0.98,0.14,0.1
PF04654,PF03386,5,0,0,5,0,1013,0,1.0,0.0,0,0,0,5,0,1013,0,1.0,0.0,0
PF04520,PF06376,0,2,0,0,2,1016,0.0,1.0,0,0,2,0,0,2,1016,0.0,1.0,0,0
PF17042,PF07005,6,6,6,0,0,1012,1.0,1.0,1.0,1.0,6,6,0,0,1012,1.0,1.0,1.0,1.0
PF04151,PF14841,0,1,0,0,1,1017,0.0,1.0,0,0,1,0,0,1,1017,0.0,1.0,0,0
PF07836,PF13809,2,0,0,2,0,1016,0,1.0,0.0,0,0,0,2,0,1016,0,1.0,0.0,0
PF01817,PF01958,7,11,0,7,11,1000,0.0,0.98,0.0,-0.01,11,0,7,11,1000,0.0,0.98,0.0,-0.01
PF08651,PF08853,1,0,0,1,0,1017,0,1.0,0.0,0,0,0,1,0,1017,0,1.0,0.0,0
PF15061,PF09690,2,0,0,2,0,1016,0,1.0,0.0,0,0,0,2,0,1016,0,1.0,0.0,0
PF01037,PF15750,3,1,0,3,1,1014,0.0,1.0,0.0,-0.0,1,0,3,1,1014,0.0,1.0,0.0,-0.0
PF16757,PF01120,6,19,6,0,13,999,0.32,0.99,1.0,0.56,19,6,0,13,999,0.32,0.99,1.0,0.56
PF14659,PF05666,2,0,0,2,0,1016,0,1.0,0.0,0,0,0,2,0,1016,0,1.0,0.0,0
PF04356,PF03659,0,19,0,0,19,999,0.0,0.98,0,0,19,0,0,19,999,0.0,0.98,0,0
PF16782,PF11291,1,0,0,1,0,1017,0,1.0,0.0,0,0,0,1,0,1017,0,1.0,0.0,0
PF01914,PF13995,0,0,0,0,0,1018,0,1.0,0,0,0,0,0,0,1018,0,1.0,0,0
PF02355,PF07549,4,4,3,1,1,1013,0.75,1.0,0.75,0.75,4,3,1,1,1013,0.75,1.0,0.75,0.75
PF12436,PF14533,10,7,7,3,0,1008,1.0,1.0,0.7,0.84,7,7,3,0,1008,1.0,1.0,0.7,0.84
PF03691,PF12843,0,0,0,0,0,1018,0,1.0,0,0,0,0,0,0,1018,0,1.0,0,0
PF06067,PF10517,0,6,0,0,6,1012,0.0,0.99,0,0,6,0,0,6,1012,0.0,0.99,0,0
PF05592,PF08531,20,13,13,7,0,998,1.0,0.99,0.65,0.8,13,13,7,0,998,1.0,0.99,0.65,0.8
PF02654,PF01752,3,2,0,3,2,1013,0.0,1.0,0.0,-0.0,2,0,3,2,1013,0.0,1.0,0.0,-0.0
PF15740,PF12886,1,3,0,1,3,1014,0.0,1.0,0.0,-0.0,3,0,1,3,1014,0.0,1.0,0.0,-0.0
PF14392,PF14111,29,57,24,5,33,956,0.42,0.96,0.83,0.57,57,24,5,33,956,0.42,0.96,0.83,0.57
PF14919,PF14918,0,0,0,0,0,1018,0,1.0,0,0,0,0,0,0,1018,0,1.0,0,0
PF14870,PF15334,1,0,0,1,0,1017,0,1.0,0.0,0,0,0,1,0,1017,0,1.0,0.0,0
PF05378,PF02538,28,26,26,2,0,990,1.0,1.0,0.93,0.96,26,26,2,0,990,1.0,1.0,0.93,0.96
PF11699,PF15622,6,0,0,6,0,1012,0,0.99,0.0,0,0,0,6,0,1012,0,0.99,0.0,0
PF05100,PF06805,0,0,0,0,0,1018,0,1.0,0,0,0,0,0,0,1018,0,1.0,0,0
PF00882,PF00357,0,2,0,0,2,1016,0.0,1.0,0,0,2,0,0,2,1016,0.0,1.0,0,0
PF04565,PF04561,19,4,3,16,1,998,0.75,0.98,0.16,0.34,4,3,16,1,998,0.75,0.98,0.16,0.34
PF08492,PF13174,8,14,4,4,10,1000,0.29,0.99,0.5,0.37,14,4,4,10,1000,0.29,0.99,0.5,0.37
PF07111,PF13097,3,4,0,3,4,1011,0.0,0.99,0.0,-0.0,4,0,3,4,1011,0.0,0.99,0.0,-0.0
PF15359,PF05039,2,0,0,2,0,1016,0,1.0,0.0,0,0,0,2,0,1016,0,1.0,0.0,0
PF12031,PF01388,8,31,6,2,25,985,0.19,0.97,0.75,0.37,31,6,2,25,985,0.19,0.97,0.75,0.37
PF12462,PF00516,2,0,0,2,0,1016,0,1.0,0.0,0,0,0,2,0,1016,0,1.0,0.0,0
PF02207,PF02617,12,6,5,7,1,1005,0.83,0.99,0.42,0.59,6,5,7,1,1005,0.83,0.99,0.42,0.59
PF08763,PF16885,8,2,2,6,0,1010,1.0,0.99,0.25,0.5,2,2,6,0,1010,1.0,0.99,0.25,0.5
PF13724,PF14364,1,1,0,1,1,1016,0.0,1.0,0.0,-0.0,1,0,1,1,1016,0.0,1.0,0.0,-0.0
PF06407,PF06890,0,0,0,0,0,1018,0,1.0,0,0,0,0,0,0,1018,0,1.0,0,0
PF00967,PF00187,3,13,3,0,10,1005,0.23,0.99,1.0,0.48,13,3,0,10,1005,0.23,0.99,1.0,0.48
PF13099,PF09074,0,0,0,0,0,1018,0,1.0,0,0,0,0,0,0,1018,0,1.0,0,0
PF03459,PF03412,3,4,2,1,2,1013,0.5,1.0,0.67,0.58,4,2,1,2,1013,0.5,1.0,0.67,0.58
PF10585,PF16190,4,3,3,1,0,1014,1.0,1.0,0.75,0.87,3,3,1,0,1014,1.0,1.0,0.75,0.87
PF07719,PF00515,38,55,24,14,31,949,0.44,0.96,0.63,0.5,55,24,14,31,949,0.44,0.96,0.63,0.5
PF12140,PF17208,7,3,1,6,2,1009,0.33,0.99,0.14,0.21,3,1,6,2,1009,0.33,0.99,0.14,0.21
PF08240,PF00107,100,95,80,20,15,903,0.84,0.97,0.8,0.8,95,80,20,15,903,0.84,0.97,0.8,0.8
PF08400,PF15068,0,1,0,0,1,1017,0.0,1.0,0,0,1,0,0,1,1017,0.0,1.0,0,0
PF05324,PF04644,0,1,0,0,1,1017,0.0,1.0,0,0,1,0,0,1,1017,0.0,1.0,0,0
PF06738,PF14231,5,0,0,5,0,1013,0,1.0,0.0,0,0,0,5,0,1013,0,1.0,0.0,0
PF06527,PF10266,0,3,0,0,3,1015,0.0,1.0,0,0,3,0,0,3,1015,0.0,1.0,0,0
PF08308,PF17049,0,1,0,0,1,1017,0.0,1.0,0,0,1,0,0,1,1017,0.0,1.0,0,0
PF00787,PF09325,78,19,19,59,0,940,1.0,0.94,0.24,0.48,19,19,59,0,940,1.0,0.94,0.24,0.48
PF02690,PF04261,8,13,4,4,9,1001,0.31,0.99,0.5,0.39,13,4,4,9,1001,0.31,0.99,0.5,0.39
PF03920,PF08232,1,8,1,0,7,1010,0.12,0.99,1.0,0.35,8,1,0,7,1010,0.12,0.99,1.0,0.35
PF10256,PF04716,18,13,4,14,9,991,0.31,0.98,0.22,0.25,13,4,14,9,991,0.31,0.98,0.22,0.25
PF03868,PF01159,13,19,9,4,10,995,0.47,0.99,0.69,0.57,19,9,4,10,995,0.47,0.99,0.69,0.57
PF00988,PF00185,18,21,13,5,8,992,0.62,0.99,0.72,0.66,21,13,5,8,992,0.62,0.99,0.72,0.66
PF00580,PF13361,18,19,16,2,3,997,0.84,1.0,0.89,0.86,19,16,2,3,997,0.84,1.0,0.89,0.86
PF10912,PF15847,1,3,0,1,3,1014,0.0,1.0,0.0,-0.0,3,0,1,3,1014,0.0,1.0,0.0,-0.0
PF07681,PF01654,2,5,2,0,3,1013,0.4,1.0,1.0,0.63,5,2,0,3,1013,0.4,1.0,1.0,0.63
PF06777,PF06733,15,22,15,0,7,996,0.68,0.99,1.0,0.82,22,15,0,7,996,0.68,0.99,1.0,0.82
PF02270,PF17223,17,1,0,17,1,1000,0.0,0.98,0.0,-0.0,1,0,17,1,1000,0.0,0.98,0.0,-0.0
PF08656,PF16594,2,1,0,2,1,1015,0.0,1.0,0.0,-0.0,1,0,2,1,1015,0.0,1.0,0.0,-0.0
PF06259,PF13036,0,0,0,0,0,1018,0,1.0,0,0,0,0,0,0,1018,0,1.0,0,0
PF00159,PF00446,2,3,1,1,2,1014,0.33,1.0,0.5,0.41,3,1,1,2,1014,0.33,1.0,0.5,0.41
PF03952,PF00113,13,15,11,2,4,1001,0.73,0.99,0.85,0.78,15,11,2,4,1001,0.73,0.99,0.85,0.78
PF06451,PF02025,0,2,0,0,2,1016,0.0,1.0,0,0,2,0,0,2,1016,0.0,1.0,0,0
PF04720,PF06749,8,7,2,6,5,1005,0.29,0.99,0.25,0.26,7,2,6,5,1005,0.29,0.99,0.25,0.26
PF00363,PF07139,1,4,0,1,4,1013,0.0,1.0,0.0,-0.0,4,0,1,4,1013,0.0,1.0,0.0,-0.0
PF11629,PF14593,4,3,3,1,0,1014,1.0,1.0,0.75,0.87,3,3,1,0,1014,1.0,1.0,0.75,0.87
PF15547,PF11402,0,0,0,0,0,1018,0,1.0,0,0,0,0,0,0,1018,0,1.0,0,0
PF05399,PF15333,0,0,0,0,0,1018,0,1.0,0,0,0,0,0,0,1018,0,1.0,0,0
PF06505,PF06070,0,1,0,0,1,1017,0.0,1.0,0,0,1,0,0,1,1017,0.0,1.0,0,0
PF02115,PF09778,13,2,1,12,1,1004,0.5,0.99,0.08,0.19,2,1,12,1,1004,0.5,0.99,0.08,0.19
PF00057,PF16472,74,5,5,69,0,944,1.0,0.93,0.07,0.25,5,5,69,0,944,1.0,0.93,0.07,0.25
PF01346,PF03704,4,2,1,3,1,1013,0.5,1.0,0.25,0.35,2,1,3,1,1013,0.5,1.0,0.25,0.35
PF12243,PF12350,2,3,2,0,1,1015,0.67,1.0,1.0,0.82,3,2,0,1,1015,0.67,1.0,1.0,0.82
PF14765,PF16073,36,20,14,22,6,976,0.7,0.97,0.39,0.51,20,14,22,6,976,0.7,0.97,0.39,0.51
PF02910,PF00890,17,48,16,1,32,969,0.33,0.97,0.94,0.55,48,16,1,32,969,0.33,0.97,0.94,0.55
PF10806,PF00816,2,1,0,2,1,1015,0.0,1.0,0.0,-0.0,1,0,2,1,1015,0.0,1.0,0.0,-0.0
PF09130,PF14833,4,25,2,2,23,991,0.08,0.98,0.5,0.19,25,2,2,23,991,0.08,0.98,0.5,0.19
PF05463,PF05111,1,1,0,1,1,1016,0.0,1.0,0.0,-0.0,1,0,1,1,1016,0.0,1.0,0.0,-0.0
PF04799,PF01031,5,47,3,2,44,969,0.06,0.95,0.6,0.19,47,3,2,44,969,0.06,0.95,0.6,0.19
PF05711,PF08848,0,0,0,0,0,1018,0,1.0,0,0,0,0,0,0,1018,0,1.0,0,0
PF03951,PF12437,10,2,2,8,0,1008,1.0,0.99,0.2,0.45,2,2,8,0,1008,1.0,0.99,0.2,0.45
PF01419,PF12044,15,4,0,15,4,999,0.0,0.98,0.0,-0.01,4,0,15,4,999,0.0,0.98,0.0,-0.01
PF14945,PF00770,1,1,0,1,1,1016,0.0,1.0,0.0,-0.0,1,0,1,1,1016,0.0,1.0,0.0,-0.0
PF02153,PF00800,14,15,5,9,10,994,0.33,0.98,0.36,0.34,15,5,9,10,994,0.33,0.98,0.36,0.34
PF13127,PF00892,1,35,0,1,35,982,0.0,0.96,0.0,-0.01,35,0,1,35,982,0.0,0.96,0.0,-0.01
PF11791,PF06434,2,2,2,0,0,1016,1.0,1.0,1.0,1.0,2,2,0,0,1016,1.0,1.0,1.0,1.0
PF16908,PF12624,18,27,16,2,11,989,0.59,0.99,0.89,0.72,27,16,2,11,989,0.59,0.99,0.89,0.72
PF15670,PF12527,1,0,0,1,0,1017,0,1.0,0.0,0,0,0,1,0,1017,0,1.0,0.0,0
PF09962,PF09428,1,1,0,1,1,1016,0.0,1.0,0.0,-0.0,1,0,1,1,1016,0.0,1.0,0.0,-0.0
PF06374,PF16752,2,4,0,2,4,1012,0.0,0.99,0.0,-0.0,4,0,2,4,1012,0.0,0.99,0.0,-0.0
PF02782,PF00370,38,42,33,5,9,971,0.79,0.99,0.87,0.82,42,33,5,9,971,0.79,0.99,0.87,0.82
PF10410,PF01807,4,6,4,0,2,1012,0.67,1.0,1.0,0.82,6,4,0,2,1012,0.67,1.0,1.0,0.82
PF12317,PF03760,2,1,0,2,1,1015,0.0,1.0,0.0,-0.0,1,0,2,1,1015,0.0,1.0,0.0,-0.0
PF05301,PF15991,3,0,0,3,0,1015,0,1.0,0.0,0,0,0,3,0,1015,0,1.0,0.0,0
PF06994,PF10583,0,0,0,0,0,1018,0,1.0,0,0,0,0,0,0,1018,0,1.0,0,0
PF04888,PF09688,0,0,0,0,0,1018,0,1.0,0,0,0,0,0,0,1018,0,1.0,0,0
PF09335,PF01789,22,6,2,20,4,992,0.33,0.98,0.09,0.17,6,2,20,4,992,0.33,0.98,0.09,0.17
PF01107,PF03732,5,58,4,1,54,959,0.07,0.95,0.8,0.23,58,4,1,54,959,0.07,0.95,0.8,0.23
PF01075,PF10446,3,1,0,3,1,1014,0.0,1.0,0.0,-0.0,1,0,3,1,1014,0.0,1.0,0.0,-0.0
PF00517,PF12600,5,0,0,5,0,1013,0,1.0,0.0,0,0,0,5,0,1013,0,1.0,0.0,0
PF15499,PF15255,5,0,0,5,0,1013,0,1.0,0.0,0,0,0,5,0,1013,0,1.0,0.0,0
PF01316,PF01668,2,2,0,2,2,1014,0.0,1.0,0.0,-0.0,2,0,2,2,1014,0.0,1.0,0.0,-0.0
PF11437,PF15281,0,3,0,0,3,1015,0.0,1.0,0,0,3,0,0,3,1015,0.0,1.0,0,0
PF03741,PF06420,7,1,0,7,1,1010,0.0,0.99,0.0,-0.0,1,0,7,1,1010,0.0,0.99,0.0,-0.0
PF04234,PF03389,1,0,0,1,0,1017,0,1.0,0.0,0,0,0,1,0,1017,0,1.0,0.0,0
PF13559,PF15460,1,1,0,1,1,1016,0.0,1.0,0.0,-0.0,1,0,1,1,1016,0.0,1.0,0.0,-0.0
PF10184,PF04832,11,10,3,8,7,1000,0.3,0.99,0.27,0.28,10,3,8,7,1000,0.3,0.99,0.27,0.28
PF05901,PF06651,0,0,0,0,0,1018,0,1.0,0,0,0,0,0,0,1018,0,1.0,0,0
PF11961,PF07540,2,4,0,2,4,1012,0.0,0.99,0.0,-0.0,4,0,2,4,1012,0.0,0.99,0.0,-0.0
PF10726,PF01735,0,16,0,0,16,1002,0.0,0.98,0,0,16,0,0,16,1002,0.0,0.98,0,0
PF13180,PF12812,32,1,1,31,0,986,1.0,0.97,0.03,0.17,1,1,31,0,986,1.0,0.97,0.03,0.17
PF07400,PF15211,0,0,0,0,0,1018,0,1.0,0,0,0,0,0,0,1018,0,1.0,0,0
PF01144,PF02886,19,13,3,16,10,989,0.23,0.97,0.16,0.18,13,3,16,10,989,0.23,0.97,0.16,0.18
PF08752,PF16381,5,5,5,0,0,1013,1.0,1.0,1.0,1.0,5,5,0,0,1013,1.0,1.0,1.0,1.0
PF00238,PF02284,14,6,0,14,6,998,0.0,0.98,0.0,-0.01,6,0,14,6,998,0.0,0.98,0.0,-0.01
PF00201,PF00328,66,49,24,42,25,927,0.49,0.93,0.36,0.39,49,24,42,25,927,0.49,0.93,0.36,0.39
PF10591,PF09289,9,4,4,5,0,1009,1.0,1.0,0.44,0.67,4,4,5,0,1009,1.0,1.0,0.44,0.67
PF11068,PF00014,0,48,0,0,48,970,0.0,0.95,0,0,48,0,0,48,970,0.0,0.95,0,0
PF12442,PF11264,5,1,1,4,0,1013,1.0,1.0,0.2,0.45,1,1,4,0,1013,1.0,1.0,0.2,0.45
PF06247,PF14911,0,1,0,0,1,1017,0.0,1.0,0,0,1,0,0,1,1017,0.0,1.0,0,0
PF08562,PF00188,0,53,0,0,53,965,0.0,0.95,0,0,53,0,0,53,965,0.0,0.95,0,0
PF16531,PF07989,3,13,0,3,13,1002,0.0,0.98,0.0,-0.01,13,0,3,13,1002,0.0,0.98,0.0,-0.01
PF03550,PF10798,0,0,0,0,0,1018,0,1.0,0,0,0,0,0,0,1018,0,1.0,0,0
PF10437,PF02237,2,3,1,1,2,1014,0.33,1.0,0.5,0.41,3,1,1,2,1014,0.33,1.0,0.5,0.41
PF02577,PF13474,2,3,1,1,2,1014,0.33,1.0,0.5,0.41,3,1,1,2,1014,0.33,1.0,0.5,0.41
PF12467,PF13780,5,0,0,5,0,1013,0,1.0,0.0,0,0,0,5,0,1013,0,1.0,0.0,0
PF13239,PF13811,0,0,0,0,0,1018,0,1.0,0,0,0,0,0,0,1018,0,1.0,0,0
PF13016,PF04788,2,5,0,2,5,1011,0.0,0.99,0.0,-0.0,5,0,2,5,1011,0.0,0.99,0.0,-0.0
PF05285,PF08158,15,7,6,9,1,1002,0.86,0.99,0.4,0.58,7,6,9,1,1002,0.86,0.99,0.4,0.58
PF13576,PF08744,0,0,0,0,0,1018,0,1.0,0,0,0,0,0,0,1018,0,1.0,0,0
PF09117,PF11630,0,0,0,0,0,1018,0,1.0,0,0,0,0,0,0,1018,0,1.0,0,0
PF15935,PF16449,0,0,0,0,0,1018,0,1.0,0,0,0,0,0,0,1018,0,1.0,0,0
PF07117,PF15976,0,0,0,0,0,1018,0,1.0,0,0,0,0,0,0,1018,0,1.0,0,0
PF07558,PF14818,3,7,1,2,6,1009,0.14,0.99,0.33,0.21,7,1,2,6,1009,0.14,0.99,0.33,0.21
PF03775,PF06890,0,0,0,0,0,1018,0,1.0,0,0,0,0,0,0,1018,0,1.0,0,0
PF08765,PF11421,0,3,0,0,3,1015,0.0,1.0,0,0,3,0,0,3,1015,0.0,1.0,0,0
PF03425,PF03442,2,6,1,1,5,1011,0.17,0.99,0.5,0.29,6,1,1,5,1011,0.17,0.99,0.5,0.29
PF00472,PF03462,38,21,21,17,0,980,1.0,0.98,0.55,0.74,21,21,17,0,980,1.0,0.98,0.55,0.74
PF07495,PF11863,1,0,0,1,0,1017,0,1.0,0.0,0,0,0,1,0,1017,0,1.0,0.0,0
PF10626,PF02059,0,2,0,0,2,1016,0.0,1.0,0,0,2,0,0,2,1016,0.0,1.0,0,0
PF07080,PF09056,3,4,1,2,3,1012,0.25,1.0,0.33,0.29,4,1,2,3,1012,0.25,1.0,0.33,0.29
PF13090,PF02503,2,2,2,0,0,1016,1.0,1.0,1.0,1.0,2,2,0,0,1016,1.0,1.0,1.0,1.0
PF03119,PF01653,3,8,3,0,5,1010,0.38,1.0,1.0,0.61,8,3,0,5,1010,0.38,1.0,1.0,0.61
PF10923,PF02489,2,0,0,2,0,1016,0,1.0,0.0,0,0,0,2,0,1016,0,1.0,0.0,0
PF07295,PF09676,0,0,0,0,0,1018,0,1.0,0,0,0,0,0,0,1018,0,1.0,0,0
PF01794,PF08022,41,42,39,2,3,974,0.93,1.0,0.95,0.94,42,39,2,3,974,0.93,1.0,0.95,0.94
PF01094,PF00211,65,59,32,33,27,926,0.54,0.94,0.49,0.49,59,32,33,27,926,0.54,0.94,0.49,0.49
PF16122,PF00318,14,25,9,5,16,988,0.36,0.98,0.64,0.47,25,9,5,16,988,0.36,0.98,0.64,0.47
PF14957,PF00568,6,22,3,3,19,993,0.14,0.98,0.5,0.25,22,3,3,19,993,0.14,0.98,0.5,0.25
PF07593,PF10393,1,3,1,0,2,1015,0.33,1.0,1.0,0.58,3,1,0,2,1015,0.33,1.0,1.0,0.58
PF05254,PF09748,8,14,2,6,12,998,0.14,0.98,0.25,0.18,14,2,6,12,998,0.14,0.98,0.25,0.18
PF04598,PF15718,3,2,1,2,1,1014,0.5,1.0,0.33,0.41,2,1,2,1,1014,0.5,1.0,0.33,0.41
PF03806,PF04764,1,0,0,1,0,1017,0,1.0,0.0,0,0,0,1,0,1017,0,1.0,0.0,0
PF04704,PF15350,2,0,0,2,0,1016,0,1.0,0.0,0,0,0,2,0,1016,0,1.0,0.0,0
PF03089,PF13341,2,1,1,1,0,1016,1.0,1.0,0.5,0.71,1,1,1,0,1016,1.0,1.0,0.5,0.71
PF04587,PF00698,13,46,8,5,38,967,0.17,0.96,0.62,0.31,46,8,5,38,967,0.17,0.96,0.62,0.31
PF15094,PF15914,0,3,0,0,3,1015,0.0,1.0,0,0,3,0,0,3,1015,0.0,1.0,0,0
PF06968,PF13597,8,4,2,6,2,1008,0.5,0.99,0.25,0.35,4,2,6,2,1008,0.5,0.99,0.25,0.35
PF14000,PF06977,0,0,0,0,0,1018,0,1.0,0,0,0,0,0,0,1018,0,1.0,0,0
PF10013,PF10707,0,0,0,0,0,1018,0,1.0,0,0,0,0,0,0,1018,0,1.0,0,0
PF09179,PF11734,3,3,3,0,0,1015,1.0,1.0,1.0,1.0,3,3,0,0,1015,1.0,1.0,1.0,1.0
PF08064,PF08163,8,11,3,5,8,1002,0.27,0.99,0.38,0.31,11,3,5,8,1002,0.27,0.99,0.38,0.31
PF02643,PF16903,0,1,0,0,1,1017,0.0,1.0,0,0,1,0,0,1,1017,0.0,1.0,0,0
PF13400,PF06305,0,3,0,0,3,1015,0.0,1.0,0,0,3,0,0,3,1015,0.0,1.0,0,0
PF04216,PF14467,1,0,0,1,0,1017,0,1.0,0.0,0,0,0,1,0,1017,0,1.0,0.0,0
PF13495,PF00524,1,4,1,0,3,1014,0.25,1.0,1.0,0.5,4,1,0,3,1014,0.25,1.0,1.0,0.5
PF11057,PF15212,0,0,0,0,0,1018,0,1.0,0,0,0,0,0,0,1018,0,1.0,0,0
PF09685,PF04714,0,3,0,0,3,1015,0.0,1.0,0,0,3,0,0,3,1015,0.0,1.0,0,0
PF08760,PF16335,5,4,4,1,0,1013,1.0,1.0,0.8,0.89,4,4,1,0,1013,1.0,1.0,0.8,0.89
PF15999,PF05841,3,0,0,3,0,1015,0,1.0,0.0,0,0,0,3,0,1015,0,1.0,0.0,0
PF04970,PF02594,11,10,3,8,7,1000,0.3,0.99,0.27,0.28,10,3,8,7,1000,0.3,0.99,0.27,0.28
PF13599,PF00805,6,17,2,4,15,997,0.12,0.98,0.33,0.19,17,2,4,15,997,0.12,0.98,0.33,0.19
PF15867,PF13877,5,7,3,2,4,1009,0.43,0.99,0.6,0.5,7,3,2,4,1009,0.43,0.99,0.6,0.5
PF15918,PF15759,0,0,0,0,0,1018,0,1.0,0,0,0,0,0,0,1018,0,1.0,0,0
PF11910,PF15334,3,0,0,3,0,1015,0,1.0,0.0,0,0,0,3,0,1015,0,1.0,0.0,0
PF00626,PF04810,48,25,21,27,4,966,0.84,0.97,0.44,0.59,25,21,27,4,966,0.84,0.97,0.44,0.59
PF15014,PF08761,1,1,0,1,1,1016,0.0,1.0,0.0,-0.0,1,0,1,1,1016,0.0,1.0,0.0,-0.0
PF10612,PF12037,0,1,0,0,1,1017,0.0,1.0,0,0,1,0,0,1,1017,0.0,1.0,0,0
PF05633,PF16803,6,6,1,5,5,1007,0.17,0.99,0.17,0.16,6,1,5,5,1007,0.17,0.99,0.17,0.16
PF08808,PF15281,0,3,0,0,3,1015,0.0,1.0,0,0,3,0,0,3,1015,0.0,1.0,0,0
PF06907,PF15831,2,0,0,2,0,1016,0,1.0,0.0,0,0,0,2,0,1016,0,1.0,0.0,0
PF17128,PF16967,1,0,0,1,0,1017,0,1.0,0.0,0,0,0,1,0,1017,0,1.0,0.0,0
PF13304,PF12399,5,9,3,2,6,1007,0.33,0.99,0.6,0.44,9,3,2,6,1007,0.33,0.99,0.6,0.44
PF02415,PF00746,3,0,0,3,0,1015,0,1.0,0.0,0,0,0,3,0,1015,0,1.0,0.0,0
PF12617,PF12139,0,0,0,0,0,1018,0,1.0,0,0,0,0,0,0,1018,0,1.0,0,0
PF01937,PF03630,17,14,6,11,8,993,0.43,0.98,0.35,0.38,14,6,11,8,993,0.43,0.98,0.35,0.38
PF14631,PF10293,1,5,1,0,4,1013,0.2,1.0,1.0,0.45,5,1,0,4,1013,0.2,1.0,1.0,0.45
PF03151,PF04230,31,2,0,31,2,985,0.0,0.97,0.0,-0.01,2,0,31,2,985,0.0,0.97,0.0,-0.01
PF08689,PF15749,5,4,1,4,3,1010,0.25,0.99,0.2,0.22,4,1,4,3,1010,0.25,0.99,0.2,0.22
PF15238,PF15374,1,0,0,1,0,1017,0,1.0,0.0,0,0,0,1,0,1017,0,1.0,0.0,0
PF01522,PF09347,33,5,4,29,1,984,0.8,0.97,0.12,0.3,5,4,29,1,984,0.8,0.97,0.12,0.3
PF06780,PF05128,1,1,1,0,0,1017,1.0,1.0,1.0,1.0,1,1,0,0,1017,1.0,1.0,1.0,1.0
PF05008,PF01980,5,1,0,5,1,1012,0.0,0.99,0.0,-0.0,1,0,5,1,1012,0.0,0.99,0.0,-0.0
PF13942,PF06451,0,0,0,0,0,1018,0,1.0,0,0,0,0,0,0,1018,0,1.0,0,0
PF04343,PF06724,0,0,0,0,0,1018,0,1.0,0,0,0,0,0,0,1018,0,1.0,0,0
PF07546,PF00147,5,51,4,1,47,966,0.08,0.95,0.8,0.24,51,4,1,47,966,0.08,0.95,0.8,0.24
PF01678,PF17187,5,2,0,5,2,1011,0.0,0.99,0.0,-0.0,2,0,5,2,1011,0.0,0.99,0.0,-0.0
PF17132,PF12735,6,0,0,6,0,1012,0,0.99,0.0,0,0,0,6,0,1012,0,0.99,0.0,0
PF12421,PF09327,0,0,0,0,0,1018,0,1.0,0,0,0,0,0,0,1018,0,1.0,0,0
PF03998,PF03214,9,3,0,9,3,1006,0.0,0.99,0.0,-0.01,3,0,9,3,1006,0.0,0.99,0.0,-0.01
PF08325,PF12057,7,2,1,6,1,1010,0.5,0.99,0.14,0.26,2,1,6,1,1010,0.5,0.99,0.14,0.26
PF09764,PF03727,6,22,5,1,17,995,0.23,0.98,0.83,0.43,22,5,1,17,995,0.23,0.98,0.83,0.43
PF04383,PF10544,5,12,2,3,10,1003,0.17,0.99,0.4,0.25,12,2,3,10,1003,0.17,0.99,0.4,0.25
PF14663,PF14664,11,11,10,1,1,1006,0.91,1.0,0.91,0.91,11,10,1,1,1006,0.91,1.0,0.91,0.91
PF02995,PF13383,10,7,2,8,5,1003,0.29,0.99,0.2,0.23,7,2,8,5,1003,0.29,0.99,0.2,0.23
PF10154,PF05529,4,11,2,2,9,1005,0.18,0.99,0.5,0.3,11,2,2,9,1005,0.18,0.99,0.5,0.3
PF14225,PF14222,6,7,6,0,1,1011,0.86,1.0,1.0,0.93,7,6,0,1,1011,0.86,1.0,1.0,0.93
PF10330,PF06420,2,1,0,2,1,1015,0.0,1.0,0.0,-0.0,1,0,2,1,1015,0.0,1.0,0.0,-0.0
PF06782,PF15185,0,2,0,0,2,1016,0.0,1.0,0,0,2,0,0,2,1016,0.0,1.0,0,0
PF12335,PF02141,7,36,5,2,31,980,0.14,0.97,0.71,0.31,36,5,2,31,980,0.14,0.97,0.71,0.31
PF09844,PF15588,0,0,0,0,0,1018,0,1.0,0,0,0,0,0,0,1018,0,1.0,0,0
PF06736,PF08204,1,0,0,1,0,1017,0,1.0,0.0,0,0,0,1,0,1017,0,1.0,0.0,0
PF13795,PF03548,1,3,0,1,3,1014,0.0,1.0,0.0,-0.0,3,0,1,3,1014,0.0,1.0,0.0,-0.0
PF17208,PF12140,3,7,1,2,6,1009,0.14,0.99,0.33,0.21,7,1,2,6,1009,0.14,0.99,0.33,0.21
PF10357,PF00022,12,60,8,4,52,954,0.13,0.94,0.67,0.28,60,8,4,52,954,0.13,0.94,0.67,0.28
PF14452,PF03069,0,12,0,0,12,1006,0.0,0.99,0,0,12,0,0,12,1006,0.0,0.99,0,0
PF10145,PF15186,0,1,0,0,1,1017,0.0,1.0,0,0,1,0,0,1,1017,0.0,1.0,0,0
PF08907,PF11767,3,7,1,2,6,1009,0.14,0.99,0.33,0.21,7,1,2,6,1009,0.14,0.99,0.33,0.21
PF16164,PF05587,2,6,1,1,5,1011,0.17,0.99,0.5,0.29,6,1,1,5,1011,0.17,0.99,0.5,0.29
PF03091,PF02284,13,6,3,10,3,1002,0.5,0.99,0.23,0.33,6,3,10,3,1002,0.5,0.99,0.23,0.33
PF15371,PF02200,4,1,0,4,1,1013,0.0,1.0,0.0,-0.0,1,0,4,1,1013,0.0,1.0,0.0,-0.0
PF12528,PF15938,0,1,0,0,1,1017,0.0,1.0,0,0,1,0,0,1,1017,0.0,1.0,0,0
PF00059,PF08016,80,28,15,65,13,925,0.54,0.92,0.19,0.29,28,15,65,13,925,0.54,0.92,0.19,0.29
PF12763,PF12761,35,7,5,30,2,981,0.71,0.97,0.14,0.31,7,5,30,2,981,0.71,0.97,0.14,0.31
PF09069,PF09068,6,7,6,0,1,1011,0.86,1.0,1.0,0.93,7,6,0,1,1011,0.86,1.0,1.0,0.93
PF04755,PF14547,15,1,0,15,1,1002,0.0,0.98,0.0,-0.0,1,0,15,1,1002,0.0,0.98,0.0,-0.0
PF00997,PF13588,0,2,0,0,2,1016,0.0,1.0,0,0,2,0,0,2,1016,0.0,1.0,0,0
PF03441,PF00875,11,18,10,1,8,999,0.56,0.99,0.91,0.71,18,10,1,8,999,0.56,0.99,0.91,0.71
PF13691,PF12706,15,35,11,4,24,979,0.31,0.97,0.73,0.47,35,11,4,24,979,0.31,0.97,0.73,0.47
PF00280,PF06404,11,1,0,11,1,1006,0.0,0.99,0.0,-0.0,1,0,11,1,1006,0.0,0.99,0.0,-0.0
PF11289,PF00721,0,1,0,0,1,1017,0.0,1.0,0,0,1,0,0,1,1017,0.0,1.0,0,0
PF13451,PF07195,2,0,0,2,0,1016,0,1.0,0.0,0,0,0,2,0,1016,0,1.0,0.0,0
PF15003,PF03760,1,1,0,1,1,1016,0.0,1.0,0.0,-0.0,1,0,1,1,1016,0.0,1.0,0.0,-0.0
PF09686,PF15168,0,3,0,0,3,1015,0.0,1.0,0,0,3,0,0,3,1015,0.0,1.0,0,0
PF12859,PF09743,3,4,0,3,4,1011,0.0,0.99,0.0,-0.0,4,0,3,4,1011,0.0,0.99,0.0,-0.0
PF01365,PF08709,9,12,8,1,4,1005,0.67,1.0,0.89,0.77,12,8,1,4,1005,0.67,1.0,0.89,0.77
PF01028,PF14370,7,6,6,1,0,1011,1.0,1.0,0.86,0.93,6,6,1,0,1011,1.0,1.0,0.86,0.93
PF05871,PF08704,11,8,3,8,5,1002,0.38,0.99,0.27,0.31,8,3,8,5,1002,0.38,0.99,0.27,0.31
PF00566,PF00581,84,53,31,53,22,912,0.58,0.93,0.37,0.43,53,31,53,22,912,0.58,0.93,0.37,0.43
PF05198,PF11567,10,0,0,10,0,1008,0,0.99,0.0,0,0,0,10,0,1008,0,0.99,0.0,0
PF04874,PF01778,7,16,5,2,11,1000,0.31,0.99,0.71,0.47,16,5,2,11,1000,0.31,0.99,0.71,0.47
PF04902,PF04904,0,2,0,0,2,1016,0.0,1.0,0,0,2,0,0,2,1016,0.0,1.0,0,0
PF07715,PF06937,7,0,0,7,0,1011,0,0.99,0.0,0,0,0,7,0,1011,0,0.99,0.0,0
PF15183,PF05387,1,0,0,1,0,1017,0,1.0,0.0,0,0,0,1,0,1017,0,1.0,0.0,0
PF13520,PF13906,74,18,17,57,1,943,0.94,0.94,0.23,0.45,18,17,57,1,943,0.94,0.94,0.23,0.45
PF16058,PF08674,4,0,0,4,0,1014,0,1.0,0.0,0,0,0,4,0,1014,0,1.0,0.0,0
PF08203,PF01316,1,2,0,1,2,1015,0.0,1.0,0.0,-0.0,2,0,1,2,1015,0.0,1.0,0.0,-0.0
PF07010,PF17049,0,1,0,0,1,1017,0.0,1.0,0,0,1,0,0,1,1017,0.0,1.0,0,0
PF09923,PF16416,2,0,0,2,0,1016,0,1.0,0.0,0,0,0,2,0,1016,0,1.0,0.0,0
PF15454,PF10224,4,4,0,4,4,1010,0.0,0.99,0.0,-0.0,4,0,4,4,1010,0.0,0.99,0.0,-0.0
PF03915,PF12126,6,5,3,3,2,1010,0.6,1.0,0.5,0.55,5,3,3,2,1010,0.6,1.0,0.5,0.55
PF08685,PF01681,6,0,0,6,0,1012,0,0.99,0.0,0,0,0,6,0,1012,0,0.99,0.0,0
PF12062,PF00685,8,40,7,1,33,977,0.17,0.97,0.88,0.38,40,7,1,33,977,0.17,0.97,0.88,0.38
PF08267,PF01717,3,14,3,0,11,1004,0.21,0.99,1.0,0.46,14,3,0,11,1004,0.21,0.99,1.0,0.46
PF00665,PF05585,113,23,19,94,4,901,0.83,0.9,0.17,0.35,23,19,94,4,901,0.83,0.9,0.17,0.35
PF05783,PF14612,9,1,0,9,1,1008,0.0,0.99,0.0,-0.0,1,0,9,1,1008,0.0,0.99,0.0,-0.0
PF02375,PF02928,19,10,10,9,0,999,1.0,0.99,0.53,0.72,10,10,9,0,999,1.0,0.99,0.53,0.72
PF12777,PF12780,38,37,34,4,3,977,0.92,0.99,0.89,0.9,37,34,4,3,977,0.92,0.99,0.89,0.9
PF00263,PF17084,3,0,0,3,0,1015,0,1.0,0.0,0,0,0,3,0,1015,0,1.0,0.0,0
PF05649,PF01431,35,38,33,2,5,978,0.87,0.99,0.94,0.9,38,33,2,5,978,0.87,0.99,0.94,0.9
PF12239,PF06172,10,0,0,10,0,1008,0,0.99,0.0,0,0,0,10,0,1008,0,0.99,0.0,0
PF02590,PF10693,3,0,0,3,0,1015,0,1.0,0.0,0,0,0,3,0,1015,0,1.0,0.0,0
PF03669,PF11336,7,0,0,7,0,1011,0,0.99,0.0,0,0,0,7,0,1011,0,0.99,0.0,0
PF15912,PF11526,2,7,0,2,7,1009,0.0,0.99,0.0,-0.0,7,0,2,7,1009,0.0,0.99,0.0,-0.0
PF01333,PF16639,5,9,5,0,4,1009,0.56,1.0,1.0,0.74,9,5,0,4,1009,0.56,1.0,1.0,0.74
PF02899,PF13356,6,3,1,5,2,1010,0.33,0.99,0.17,0.23,3,1,5,2,1010,0.33,0.99,0.17,0.23
PF10420,PF01731,1,4,1,0,3,1014,0.25,1.0,1.0,0.5,4,1,0,3,1014,0.25,1.0,1.0,0.5
PF11209,PF13205,1,3,0,1,3,1014,0.0,1.0,0.0,-0.0,3,0,1,3,1014,0.0,1.0,0.0,-0.0
PF08538,PF10705,5,0,0,5,0,1013,0,1.0,0.0,0,0,0,5,0,1013,0,1.0,0.0,0
PF06159,PF07542,2,12,2,0,10,1006,0.17,0.99,1.0,0.41,12,2,0,10,1006,0.17,0.99,1.0,0.41
PF03285,PF14802,0,0,0,0,0,1018,0,1.0,0,0,0,0,0,0,1018,0,1.0,0,0
PF01049,PF00028,7,48,7,0,41,970,0.15,0.96,1.0,0.37,48,7,0,41,970,0.15,0.96,1.0,0.37
PF08089,PF08092,0,1,0,0,1,1017,0.0,1.0,0,0,1,0,0,1,1017,0.0,1.0,0,0
PF08228,PF01878,3,10,1,2,9,1006,0.1,0.99,0.33,0.18,10,1,2,9,1006,0.1,0.99,0.33,0.18
PF06217,PF02531,0,2,0,0,2,1016,0.0,1.0,0,0,2,0,0,2,1016,0.0,1.0,0,0
PF08595,PF15400,7,0,0,7,0,1011,0,0.99,0.0,0,0,0,7,0,1011,0,0.99,0.0,0
PF17164,PF17206,0,1,0,0,1,1017,0.0,1.0,0,0,1,0,0,1,1017,0.0,1.0,0,0
PF03134,PF01215,25,10,6,19,4,989,0.6,0.98,0.24,0.37,10,6,19,4,989,0.6,0.98,0.24,0.37
PF09812,PF01784,2,3,1,1,2,1014,0.33,1.0,0.5,0.41,3,1,1,2,1014,0.33,1.0,0.5,0.41
PF15680,PF14866,0,0,0,0,0,1018,0,1.0,0,0,0,0,0,0,1018,0,1.0,0,0
PF01247,PF12232,18,3,2,16,1,999,0.67,0.98,0.11,0.27,3,2,16,1,999,0.67,0.98,0.11,0.27
PF13545,PF10137,3,0,0,3,0,1015,0,1.0,0.0,0,0,0,3,0,1015,0,1.0,0.0,0
PF11300,PF16872,1,0,0,1,0,1017,0,1.0,0.0,0,0,0,1,0,1017,0,1.0,0.0,0
PF09717,PF09285,1,6,0,1,6,1011,0.0,0.99,0.0,-0.0,6,0,1,6,1011,0.0,0.99,0.0,-0.0
PF06551,PF06462,0,8,0,0,8,1010,0.0,0.99,0,0,8,0,0,8,1010,0.0,0.99,0,0
PF01866,PF03981,14,7,1,13,6,998,0.14,0.98,0.07,0.09,7,1,13,6,998,0.14,0.98,0.07,0.09
PF07819,PF12612,12,13,2,10,11,995,0.15,0.98,0.17,0.15,13,2,10,11,995,0.15,0.98,0.17,0.15
PF08822,PF13901,0,24,0,0,24,994,0.0,0.98,0,0,24,0,0,24,994,0.0,0.98,0,0
PF02261,PF07499,2,2,0,2,2,1014,0.0,1.0,0.0,-0.0,2,0,2,2,1014,0.0,1.0,0.0,-0.0
PF08166,PF08167,3,5,3,0,2,1013,0.6,1.0,1.0,0.77,5,3,0,2,1013,0.6,1.0,1.0,0.77
PF01446,PF10174,1,10,0,1,10,1007,0.0,0.99,0.0,-0.0,10,0,1,10,1007,0.0,0.99,0.0,-0.0
PF00573,PF14374,18,12,10,8,2,998,0.83,0.99,0.56,0.68,12,10,8,2,998,0.83,0.99,0.56,0.68
PF04778,PF15856,0,1,0,0,1,1017,0.0,1.0,0,0,1,0,0,1,1017,0.0,1.0,0,0
PF08242,PF00109,37,60,26,11,34,947,0.43,0.96,0.7,0.53,60,26,11,34,947,0.43,0.96,0.7,0.53
PF09493,PF08497,0,0,0,0,0,1018,0,1.0,0,0,0,0,0,0,1018,0,1.0,0,0
PF00607,PF02093,11,5,4,7,1,1006,0.8,0.99,0.36,0.54,5,4,7,1,1006,0.8,0.99,0.36,0.54
PF00690,PF16209,63,42,20,43,22,933,0.48,0.94,0.32,0.36,42,20,43,22,933,0.48,0.94,0.32,0.36
PF01980,PF04706,1,7,1,0,6,1011,0.14,0.99,1.0,0.38,7,1,0,6,1011,0.14,0.99,1.0,0.38
PF12695,PF15743,2,0,0,2,0,1016,0,1.0,0.0,0,0,0,2,0,1016,0,1.0,0.0,0
PF15338,PF00721,0,1,0,0,1,1017,0.0,1.0,0,0,1,0,0,1,1017,0.0,1.0,0,0
PF11405,PF01552,0,12,0,0,12,1006,0.0,0.99,0,0,12,0,0,12,1006,0.0,0.99,0,0
PF15290,PF14722,1,7,0,1,7,1010,0.0,0.99,0.0,-0.0,7,0,1,7,1010,0.0,0.99,0.0,-0.0
PF01569,PF04769,40,2,1,39,1,977,0.5,0.96,0.03,0.11,2,1,39,1,977,0.5,0.96,0.03,0.11
PF04770,PF03479,6,6,3,3,3,1009,0.5,0.99,0.5,0.5,6,3,3,3,1009,0.5,0.99,0.5,0.5
PF10211,PF16531,6,3,0,6,3,1009,0.0,0.99,0.0,-0.0,3,0,6,3,1009,0.0,0.99,0.0,-0.0
PF09127,PF11940,7,5,2,5,3,1008,0.4,0.99,0.29,0.33,5,2,5,3,1008,0.4,0.99,0.29,0.33
PF00230,PF04535,40,5,4,36,1,977,0.8,0.96,0.1,0.28,5,4,36,1,977,0.8,0.96,0.1,0.28
PF16350,PF01571,12,26,12,0,14,992,0.46,0.99,1.0,0.67,26,12,0,14,992,0.46,0.99,1.0,0.67
PF00669,PF01752,1,2,0,1,2,1015,0.0,1.0,0.0,-0.0,2,0,1,2,1015,0.0,1.0,0.0,-0.0
PF07714,PF00069,180,346,146,34,200,638,0.42,0.77,0.81,0.46,346,146,34,200,638,0.42,0.77,0.81,0.46
PF06075,PF13537,6,11,1,5,10,1002,0.09,0.99,0.17,0.12,11,1,5,10,1002,0.09,0.99,0.17,0.12
PF05223,PF14344,1,0,0,1,0,1017,0,1.0,0.0,0,0,0,1,0,1017,0,1.0,0.0,0
PF01244,PF15868,14,6,3,11,3,1001,0.5,0.99,0.21,0.32,6,3,11,3,1001,0.5,0.99,0.21,0.32
PF14917,PF10375,1,1,0,1,1,1016,0.0,1.0,0.0,-0.0,1,0,1,1,1016,0.0,1.0,0.0,-0.0
PF14715,PF08093,0,1,0,0,1,1017,0.0,1.0,0,0,1,0,0,1,1017,0.0,1.0,0,0
PF16322,PF01167,1,12,1,0,11,1006,0.08,0.99,1.0,0.29,12,1,0,11,1006,0.08,0.99,1.0,0.29
PF03969,PF04144,15,14,4,11,10,993,0.29,0.98,0.27,0.27,14,4,11,10,993,0.29,0.98,0.27,0.27
PF04665,PF10544,3,12,3,0,9,1006,0.25,0.99,1.0,0.5,12,3,0,9,1006,0.25,0.99,1.0,0.5
PF01396,PF01131,7,20,6,1,14,997,0.3,0.99,0.86,0.5,20,6,1,14,997,0.3,0.99,0.86,0.5
PF09592,PF07418,0,0,0,0,0,1018,0,1.0,0,0,0,0,0,0,1018,0,1.0,0,0
PF05958,PF03467,17,11,5,12,6,995,0.45,0.98,0.29,0.36,11,5,12,6,995,0.45,0.98,0.29,0.36
PF02548,PF11779,13,6,4,9,2,1003,0.67,0.99,0.31,0.45,6,4,9,2,1003,0.67,0.99,0.31,0.45
PF15101,PF03050,1,0,0,1,0,1017,0,1.0,0.0,0,0,0,1,0,1017,0,1.0,0.0,0
PF02119,PF11794,2,0,0,2,0,1016,0,1.0,0.0,0,0,0,2,0,1016,0,1.0,0.0,0
PF09086,PF04339,0,2,0,0,2,1016,0.0,1.0,0,0,2,0,0,2,1016,0.0,1.0,0,0
PF04142,PF14975,21,5,4,17,1,996,0.8,0.98,0.19,0.39,5,4,17,1,996,0.8,0.98,0.19,0.39
PF08482,PF08148,3,9,2,1,7,1008,0.22,0.99,0.67,0.38,9,2,1,7,1008,0.22,0.99,0.67,0.38
PF04045,PF00079,18,29,3,15,26,974,0.1,0.96,0.17,0.11,29,3,15,26,974,0.1,0.96,0.17,0.11
PF12603,PF15518,1,1,1,0,0,1017,1.0,1.0,1.0,1.0,1,1,0,0,1017,1.0,1.0,1.0,1.0
PF05042,PF06376,4,2,0,4,2,1012,0.0,0.99,0.0,-0.0,2,0,4,2,1012,0.0,0.99,0.0,-0.0
PF12044,PF01419,4,15,0,4,15,999,0.0,0.98,0.0,-0.01,15,0,4,15,999,0.0,0.98,0.0,-0.01
PF15880,PF00737,3,1,0,3,1,1014,0.0,1.0,0.0,-0.0,1,0,3,1,1014,0.0,1.0,0.0,-0.0
PF06859,PF01207,4,35,2,2,33,981,0.06,0.97,0.5,0.16,35,2,2,33,981,0.06,0.97,0.5,0.16
PF03062,PF09335,35,22,6,29,16,967,0.27,0.96,0.17,0.19,22,6,29,16,967,0.27,0.96,0.17,0.19
PF04576,PF15275,12,5,1,11,4,1002,0.2,0.99,0.08,0.12,5,1,11,4,1002,0.2,0.99,0.08,0.12
PF07086,PF09347,0,5,0,0,5,1013,0.0,1.0,0,0,5,0,0,5,1013,0.0,1.0,0,0
PF08570,PF06890,2,0,0,2,0,1016,0,1.0,0.0,0,0,0,2,0,1016,0,1.0,0.0,0
PF05030,PF08624,6,4,0,6,4,1008,0.0,0.99,0.0,-0.0,4,0,6,4,1008,0.0,0.99,0.0,-0.0
PF07928,PF10474,9,1,1,8,0,1009,1.0,0.99,0.11,0.33,1,1,8,0,1009,1.0,0.99,0.11,0.33
PF14400,PF01342,0,8,0,0,8,1010,0.0,0.99,0,0,8,0,0,8,1010,0.0,0.99,0,0
PF00932,PF16208,6,4,2,4,2,1010,0.5,0.99,0.33,0.41,4,2,4,2,1010,0.5,0.99,0.33,0.41
PF09937,PF02141,0,36,0,0,36,982,0.0,0.96,0,0,36,0,0,36,982,0.0,0.96,0,0
PF12852,PF06719,2,2,2,0,0,1016,1.0,1.0,1.0,1.0,2,2,0,0,1016,1.0,1.0,1.0,1.0
PF13036,PF13946,0,1,0,0,1,1017,0.0,1.0,0,0,1,0,0,1,1017,0.0,1.0,0,0
PF12406,PF04145,1,24,1,0,23,994,0.04,0.98,1.0,0.2,24,1,0,23,994,0.04,0.98,1.0,0.2
PF07701,PF00211,19,59,19,0,40,959,0.32,0.96,1.0,0.56,59,19,0,40,959,0.32,0.96,1.0,0.56
PF08742,PF00094,29,36,28,1,8,981,0.78,0.99,0.97,0.86,36,28,1,8,981,0.78,0.99,0.97,0.86
PF00109,PF02801,60,58,58,2,0,958,1.0,1.0,0.97,0.98,58,58,2,0,958,1.0,1.0,0.97,0.98
PF12016,PF10574,0,0,0,0,0,1018,0,1.0,0,0,0,0,0,0,1018,0,1.0,0,0
PF04390,PF10458,4,7,1,3,6,1008,0.14,0.99,0.25,0.18,7,1,3,6,1008,0.14,0.99,0.25,0.18
PF12144,PF15778,5,3,0,5,3,1010,0.0,0.99,0.0,-0.0,3,0,5,3,1010,0.0,0.99,0.0,-0.0
PF11531,PF05185,2,22,2,0,20,996,0.09,0.98,1.0,0.3,22,2,0,20,996,0.09,0.98,1.0,0.3
PF10456,PF08944,14,2,2,12,0,1004,1.0,0.99,0.14,0.38,2,2,12,0,1004,1.0,0.99,0.14,0.38
PF08114,PF06934,1,0,0,1,0,1017,0,1.0,0.0,0,0,0,1,0,1017,0,1.0,0.0,0
PF13676,PF16095,21,19,11,10,8,989,0.58,0.98,0.52,0.54,19,11,10,8,989,0.58,0.98,0.52,0.54
PF16044,PF09784,4,0,0,4,0,1014,0,1.0,0.0,0,0,0,4,0,1014,0,1.0,0.0,0
PF15878,PF05326,0,0,0,0,0,1018,0,1.0,0,0,0,0,0,0,1018,0,1.0,0,0
PF03839,PF05046,9,8,2,7,6,1003,0.25,0.99,0.22,0.23,8,2,7,6,1003,0.25,0.99,0.22,0.23
PF03120,PF01653,6,8,6,0,2,1010,0.75,1.0,1.0,0.87,8,6,0,2,1010,0.75,1.0,1.0,0.87
PF16714,PF01588,5,28,5,0,23,990,0.18,0.98,1.0,0.42,28,5,0,23,990,0.18,0.98,1.0,0.42
PF10306,PF12716,3,0,0,3,0,1015,0,1.0,0.0,0,0,0,3,0,1015,0,1.0,0.0,0
PF10664,PF17062,1,0,0,1,0,1017,0,1.0,0.0,0,0,0,1,0,1017,0,1.0,0.0,0
PF15822,PF05299,1,0,0,1,0,1017,0,1.0,0.0,0,0,0,1,0,1017,0,1.0,0.0,0
PF04963,PF04552,1,1,1,0,0,1017,1.0,1.0,1.0,1.0,1,1,0,0,1017,1.0,1.0,1.0,1.0
PF14600,PF07382,0,3,0,0,3,1015,0.0,1.0,0,0,3,0,0,3,1015,0.0,1.0,0,0
PF16176,PF12598,4,1,1,3,0,1014,1.0,1.0,0.25,0.5,1,1,3,0,1014,1.0,1.0,0.25,0.5
PF07746,PF11800,0,0,0,0,0,1018,0,1.0,0,0,0,0,0,0,1018,0,1.0,0,0
PF05482,PF13810,2,1,0,2,1,1015,0.0,1.0,0.0,-0.0,1,0,2,1,1015,0.0,1.0,0.0,-0.0
PF01677,PF06311,0,2,0,0,2,1016,0.0,1.0,0,0,2,0,0,2,1016,0.0,1.0,0,0
PF13211,PF15155,0,4,0,0,4,1014,0.0,1.0,0,0,4,0,0,4,1014,0.0,1.0,0,0
PF09527,PF16096,0,2,0,0,2,1016,0.0,1.0,0,0,2,0,0,2,1016,0.0,1.0,0,0
PF15172,PF14672,1,0,0,1,0,1017,0,1.0,0.0,0,0,0,1,0,1017,0,1.0,0.0,0
PF11886,PF04548,3,22,3,0,19,996,0.14,0.98,1.0,0.37,22,3,0,19,996,0.14,0.98,1.0,0.37
PF12773,PF13287,3,5,2,1,3,1012,0.4,1.0,0.67,0.51,5,2,1,3,1012,0.4,1.0,0.67,0.51
PF06733,PF13307,22,21,21,1,0,996,1.0,1.0,0.95,0.98,21,21,1,0,996,1.0,1.0,0.95,0.98
PF12148,PF16843,5,1,1,4,0,1013,1.0,1.0,0.2,0.45,1,1,4,0,1013,1.0,1.0,0.2,0.45
PF09808,PF09816,5,6,1,4,5,1008,0.17,0.99,0.2,0.18,6,1,4,5,1008,0.17,0.99,0.2,0.18
PF10138,PF11179,2,2,0,2,2,1014,0.0,1.0,0.0,-0.0,2,0,2,2,1014,0.0,1.0,0.0,-0.0
PF01521,PF01025,19,15,3,16,12,987,0.2,0.97,0.16,0.16,15,3,16,12,987,0.2,0.97,0.16,0.16
PF15613,PF02791,19,21,19,0,2,997,0.9,1.0,1.0,0.95,21,19,0,2,997,0.9,1.0,1.0,0.95
PF14952,PF12372,2,6,0,2,6,1010,0.0,0.99,0.0,-0.0,6,0,2,6,1010,0.0,0.99,0.0,-0.0
PF00085,PF04777,99,26,21,78,5,914,0.81,0.92,0.21,0.39,26,21,78,5,914,0.81,0.92,0.21,0.39
PF09326,PF00384,15,23,14,1,9,994,0.61,0.99,0.93,0.75,23,14,1,9,994,0.61,0.99,0.93,0.75
PF09794,PF02732,9,25,4,5,21,988,0.16,0.97,0.44,0.26,25,4,5,21,988,0.16,0.97,0.44,0.26
PF06884,PF12296,7,6,3,4,3,1008,0.5,0.99,0.43,0.46,6,3,4,3,1008,0.5,0.99,0.43,0.46
PF15111,PF07520,1,0,0,1,0,1017,0,1.0,0.0,0,0,0,1,0,1017,0,1.0,0.0,0
PF07687,PF01546,11,37,8,3,29,978,0.22,0.97,0.73,0.39,37,8,3,29,978,0.22,0.97,0.73,0.39
PF15865,PF03511,0,0,0,0,0,1018,0,1.0,0,0,0,0,0,0,1018,0,1.0,0,0
PF02151,PF02577,17,2,2,15,0,1001,1.0,0.99,0.12,0.34,2,2,15,0,1001,1.0,0.99,0.12,0.34
PF10414,PF13404,2,6,1,1,5,1011,0.17,0.99,0.5,0.29,6,1,1,5,1011,0.17,0.99,0.5,0.29
PF03919,PF02940,14,8,2,12,6,998,0.25,0.98,0.14,0.18,8,2,12,6,998,0.25,0.98,0.14,0.18
PF04734,PF17048,8,8,8,0,0,1010,1.0,1.0,1.0,1.0,8,8,0,0,1010,1.0,1.0,1.0,1.0
PF00864,PF03036,10,8,2,8,6,1002,0.25,0.99,0.2,0.22,8,2,8,6,1002,0.25,0.99,0.2,0.22
PF12689,PF09778,11,2,1,10,1,1006,0.5,0.99,0.09,0.21,2,1,10,1,1006,0.5,0.99,0.09,0.21
PF08761,PF01668,1,2,0,1,2,1015,0.0,1.0,0.0,-0.0,2,0,1,2,1015,0.0,1.0,0.0,-0.0
PF10359,PF10305,3,4,3,0,1,1014,0.75,1.0,1.0,0.87,4,3,0,1,1014,0.75,1.0,1.0,0.87
PF09343,PF15175,2,0,0,2,0,1016,0,1.0,0.0,0,0,0,2,0,1016,0,1.0,0.0,0
PF07777,PF12498,2,2,2,0,0,1016,1.0,1.0,1.0,1.0,2,2,0,0,1016,1.0,1.0,1.0,1.0
PF06143,PF00752,0,30,0,0,30,988,0.0,0.97,0,0,30,0,0,30,988,0.0,0.97,0,0
PF00756,PF12311,17,4,2,15,2,999,0.5,0.98,0.12,0.24,4,2,15,2,999,0.5,0.98,0.12,0.24
PF15521,PF09011,0,16,0,0,16,1002,0.0,0.98,0,0,16,0,0,16,1002,0.0,0.98,0,0
PF17096,PF15392,0,0,0,0,0,1018,0,1.0,0,0,0,0,0,0,1018,0,1.0,0,0
PF02296,PF09066,5,7,0,5,7,1006,0.0,0.99,0.0,-0.01,7,0,5,7,1006,0.0,0.99,0.0,-0.01
PF00757,PF01030,7,10,6,1,4,1007,0.6,1.0,0.86,0.71,10,6,1,4,1007,0.6,1.0,0.86,0.71
PF09351,PF11595,10,3,3,7,0,1008,1.0,0.99,0.3,0.55,3,3,7,0,1008,1.0,0.99,0.3,0.55
PF03368,PF11648,14,10,5,9,5,999,0.5,0.99,0.36,0.42,10,5,9,5,999,0.5,0.99,0.36,0.42
PF16416,PF07963,0,2,0,0,2,1016,0.0,1.0,0,0,2,0,0,2,1016,0.0,1.0,0,0
PF10650,PF16574,3,2,1,2,1,1014,0.5,1.0,0.33,0.41,2,1,2,1,1014,0.5,1.0,0.33,0.41
PF09265,PF02913,15,29,4,11,25,978,0.14,0.96,0.27,0.18,29,4,11,25,978,0.14,0.96,0.27,0.18
PF02557,PF06724,2,0,0,2,0,1016,0,1.0,0.0,0,0,0,2,0,1016,0,1.0,0.0,0
PF11916,PF13001,6,14,2,4,12,1000,0.14,0.98,0.33,0.21,14,2,4,12,1000,0.14,0.98,0.33,0.21
PF11331,PF14611,3,4,0,3,4,1011,0.0,0.99,0.0,-0.0,4,0,3,4,1011,0.0,0.99,0.0,-0.0
PF08856,PF10951,0,0,0,0,0,1018,0,1.0,0,0,0,0,0,0,1018,0,1.0,0,0
PF12473,PF16183,20,19,15,5,4,994,0.79,0.99,0.75,0.76,19,15,5,4,994,0.79,0.99,0.75,0.76
PF03448,PF00893,4,1,1,3,0,1014,1.0,1.0,0.25,0.5,1,1,3,0,1014,1.0,1.0,0.25,0.5
PF08525,PF16824,0,0,0,0,0,1018,0,1.0,0,0,0,0,0,0,1018,0,1.0,0,0
PF05770,PF10263,12,22,8,4,14,992,0.36,0.98,0.67,0.48,22,8,4,14,992,0.36,0.98,0.67,0.48
PF12179,PF14593,3,3,2,1,1,1014,0.67,1.0,0.67,0.67,3,2,1,1,1014,0.67,1.0,0.67,0.67
PF08619,PF16644,2,2,1,1,1,1015,0.5,1.0,0.5,0.5,2,1,1,1,1015,0.5,1.0,0.5,0.5
PF08924,PF15225,0,2,0,0,2,1016,0.0,1.0,0,0,2,0,0,2,1016,0.0,1.0,0,0
PF09597,PF08641,1,4,0,1,4,1013,0.0,1.0,0.0,-0.0,4,0,1,4,1013,0.0,1.0,0.0,-0.0
PF00502,PF00427,0,0,0,0,0,1018,0,1.0,0,0,0,0,0,0,1018,0,1.0,0,0
PF09969,PF15107,1,0,0,1,0,1017,0,1.0,0.0,0,0,0,1,0,1017,0,1.0,0.0,0
PF01602,PF06375,41,4,4,37,0,977,1.0,0.96,0.1,0.31,4,4,37,0,977,1.0,0.96,0.1,0.31
PF08676,PF16413,24,15,5,19,10,984,0.33,0.97,0.21,0.25,15,5,19,10,984,0.33,0.97,0.21,0.25
PF03145,PF08511,15,5,3,12,2,1001,0.6,0.99,0.2,0.34,5,3,12,2,1001,0.6,0.99,0.2,0.34
PF08799,PF08145,13,4,2,11,2,1003,0.5,0.99,0.15,0.27,4,2,11,2,1003,0.5,0.99,0.15,0.27
PF06751,PF08708,1,0,0,1,0,1017,0,1.0,0.0,0,0,0,1,0,1017,0,1.0,0.0,0
PF00563,PF00990,9,13,5,4,8,1001,0.38,0.99,0.56,0.46,13,5,4,8,1001,0.38,0.99,0.56,0.46
PF05823,PF01674,2,8,0,2,8,1008,0.0,0.99,0.0,-0.0,8,0,2,8,1008,0.0,0.99,0.0,-0.0
PF02750,PF10581,0,0,0,0,0,1018,0,1.0,0,0,0,0,0,0,1018,0,1.0,0,0
PF08011,PF01136,0,1,0,0,1,1017,0.0,1.0,0,0,1,0,0,1,1017,0.0,1.0,0,0
PF12100,PF11214,0,0,0,0,0,1018,0,1.0,0,0,0,0,0,0,1018,0,1.0,0,0
PF05996,PF03652,3,5,0,3,5,1010,0.0,0.99,0.0,-0.0,5,0,3,5,1010,0.0,0.99,0.0,-0.0
PF14145,PF11035,0,2,0,0,2,1016,0.0,1.0,0,0,2,0,0,2,1016,0.0,1.0,0,0
PF11863,PF03592,0,0,0,0,0,1018,0,1.0,0,0,0,0,0,0,1018,0,1.0,0,0
PF06391,PF17121,7,4,4,3,0,1011,1.0,1.0,0.57,0.75,4,4,3,0,1011,1.0,1.0,0.57,0.75
PF03636,PF03633,4,1,1,3,0,1014,1.0,1.0,0.25,0.5,1,1,3,0,1014,1.0,1.0,0.25,0.5
PF16320,PF13259,9,5,2,7,3,1006,0.4,0.99,0.22,0.29,5,2,7,3,1006,0.4,0.99,0.22,0.29
PF11735,PF09687,9,0,0,9,0,1009,0,0.99,0.0,0,0,0,9,0,1009,0,0.99,0.0,0
PF10452,PF03553,2,1,0,2,1,1015,0.0,1.0,0.0,-0.0,1,0,2,1,1015,0.0,1.0,0.0,-0.0
PF06452,PF08792,10,0,0,10,0,1008,0,0.99,0.0,0,0,0,10,0,1008,0,0.99,0.0,0
PF05032,PF11093,9,0,0,9,0,1009,0,0.99,0.0,0,0,0,9,0,1009,0,0.99,0.0,0
PF13910,PF14959,2,1,0,2,1,1015,0.0,1.0,0.0,-0.0,1,0,2,1,1015,0.0,1.0,0.0,-0.0
PF08328,PF14698,2,8,0,2,8,1008,0.0,0.99,0.0,-0.0,8,0,2,8,1008,0.0,0.99,0.0,-0.0
PF15250,PF15803,1,0,0,1,0,1017,0,1.0,0.0,0,0,0,1,0,1017,0,1.0,0.0,0
PF02847,PF02854,20,34,18,2,16,982,0.53,0.98,0.9,0.68,34,18,2,16,982,0.53,0.98,0.9,0.68
PF14416,PF13839,16,21,16,0,5,997,0.76,1.0,1.0,0.87,21,16,0,5,997,0.76,1.0,1.0,0.87
PF07474,PF12662,8,24,7,1,17,993,0.29,0.98,0.88,0.5,24,7,1,17,993,0.29,0.98,0.88,0.5
PF00927,PF00868,9,7,7,2,0,1009,1.0,1.0,0.78,0.88,7,7,2,0,1009,1.0,1.0,0.78,0.88
PF07354,PF15053,2,2,0,2,2,1014,0.0,1.0,0.0,-0.0,2,0,2,2,1014,0.0,1.0,0.0,-0.0
PF01008,PF00293,29,79,16,13,63,926,0.2,0.93,0.55,0.3,79,16,13,63,926,0.2,0.93,0.55,0.3
PF01115,PF09749,6,10,4,2,6,1006,0.4,0.99,0.67,0.51,10,4,2,6,1006,0.4,0.99,0.67,0.51
PF00532,PF00356,5,13,5,0,8,1005,0.38,0.99,1.0,0.62,13,5,0,8,1005,0.38,0.99,1.0,0.62
PF03233,PF03883,0,2,0,0,2,1016,0.0,1.0,0,0,2,0,0,2,1016,0.0,1.0,0,0
PF08083,PF08084,13,13,13,0,0,1005,1.0,1.0,1.0,1.0,13,13,0,0,1005,1.0,1.0,1.0,1.0
PF06029,PF08964,5,0,0,5,0,1013,0,1.0,0.0,0,0,0,5,0,1013,0,1.0,0.0,0
PF04440,PF16516,0,5,0,0,5,1013,0.0,1.0,0,0,5,0,0,5,1013,0.0,1.0,0,0
PF07093,PF09751,4,7,1,3,6,1008,0.14,0.99,0.25,0.18,7,1,3,6,1008,0.14,0.99,0.25,0.18
PF03985,PF00074,10,2,0,10,2,1006,0.0,0.99,0.0,-0.0,2,0,10,2,1006,0.0,0.99,0.0,-0.0
PF11555,PF07815,3,8,2,1,6,1009,0.25,0.99,0.67,0.41,8,2,1,6,1009,0.25,0.99,0.67,0.41
PF04190,PF01294,10,5,1,9,4,1004,0.2,0.99,0.1,0.14,5,1,9,4,1004,0.2,0.99,0.1,0.14
PF08996,PF12254,12,11,10,2,1,1005,0.91,1.0,0.83,0.87,11,10,2,1,1005,0.91,1.0,0.83,0.87
PF05600,PF12139,9,0,0,9,0,1009,0,0.99,0.0,0,0,0,9,0,1009,0,0.99,0.0,0
PF08485,PF04552,1,1,0,1,1,1016,0.0,1.0,0.0,-0.0,1,0,1,1,1016,0.0,1.0,0.0,-0.0
PF16155,PF06445,3,5,0,3,5,1010,0.0,0.99,0.0,-0.0,5,0,3,5,1010,0.0,0.99,0.0,-0.0
PF01885,PF01126,13,10,1,12,9,996,0.1,0.98,0.08,0.08,10,1,12,9,996,0.1,0.98,0.08,0.08
PF12513,PF16783,8,5,1,7,4,1006,0.2,0.99,0.12,0.15,5,1,7,4,1006,0.2,0.99,0.12,0.15
PF13716,PF01661,29,30,14,15,16,973,0.47,0.97,0.48,0.46,30,14,15,16,973,0.47,0.97,0.48,0.46
PF12485,PF16533,1,2,1,0,1,1016,0.5,1.0,1.0,0.71,2,1,0,1,1016,0.5,1.0,1.0,0.71
PF00612,PF10580,62,1,1,61,0,956,1.0,0.94,0.02,0.12,1,1,61,0,956,1.0,0.94,0.02,0.12
PF14678,PF14674,4,0,0,4,0,1014,0,1.0,0.0,0,0,0,4,0,1014,0,1.0,0.0,0
PF10428,PF15904,4,2,1,3,1,1013,0.5,1.0,0.25,0.35,2,1,3,1,1013,0.5,1.0,0.25,0.35
PF00440,PF08361,18,1,1,17,0,1000,1.0,0.98,0.06,0.23,1,1,17,0,1000,1.0,0.98,0.06,0.23
PF05212,PF02590,12,3,1,11,2,1004,0.33,0.99,0.08,0.16,3,1,11,2,1004,0.33,0.99,0.08,0.16
PF07081,PF03576,4,0,0,4,0,1014,0,1.0,0.0,0,0,0,4,0,1014,0,1.0,0.0,0
PF08943,PF08894,1,1,0,1,1,1016,0.0,1.0,0.0,-0.0,1,0,1,1,1016,0.0,1.0,0.0,-0.0
PF12567,PF12453,2,2,2,0,0,1016,1.0,1.0,1.0,1.0,2,2,0,0,1016,1.0,1.0,1.0,1.0
PF07508,PF13408,2,2,2,0,0,1016,1.0,1.0,1.0,1.0,2,2,0,0,1016,1.0,1.0,1.0,1.0
PF00380,PF04981,16,5,2,14,3,999,0.4,0.98,0.12,0.22,5,2,14,3,999,0.4,0.98,0.12,0.22
PF07632,PF00305,1,19,0,1,19,998,0.0,0.98,0.0,-0.0,19,0,1,19,998,0.0,0.98,0.0,-0.0
PF02977,PF15556,0,0,0,0,0,1018,0,1.0,0,0,0,0,0,0,1018,0,1.0,0,0
PF11236,PF09684,0,1,0,0,1,1017,0.0,1.0,0,0,1,0,0,1,1017,0.0,1.0,0,0
PF15451,PF10631,2,0,0,2,0,1016,0,1.0,0.0,0,0,0,2,0,1016,0,1.0,0.0,0
PF01380,PF01418,14,2,2,12,0,1004,1.0,0.99,0.14,0.38,2,2,12,0,1004,1.0,0.99,0.14,0.38
PF11771,PF02950,0,1,0,0,1,1017,0.0,1.0,0,0,1,0,0,1,1017,0.0,1.0,0,0
PF07525,PF00710,30,16,6,24,10,978,0.38,0.97,0.2,0.26,16,6,24,10,978,0.38,0.97,0.2,0.26
PF05529,PF07933,11,11,4,7,7,1000,0.36,0.99,0.36,0.36,11,4,7,7,1000,0.36,0.99,0.36,0.36
PF15950,PF11597,2,5,1,1,4,1012,0.2,1.0,0.5,0.31,5,1,1,4,1012,0.2,1.0,0.5,0.31
PF16763,PF11260,0,0,0,0,0,1018,0,1.0,0,0,0,0,0,0,1018,0,1.0,0,0
PF10088,PF12937,0,96,0,0,96,922,0.0,0.91,0,0,96,0,0,96,922,0.0,0.91,0,0
PF01497,PF01902,10,7,2,8,5,1003,0.29,0.99,0.2,0.23,7,2,8,5,1003,0.29,0.99,0.2,0.23
PF03631,PF17206,0,1,0,0,1,1017,0.0,1.0,0,0,1,0,0,1,1017,0.0,1.0,0,0
PF09405,PF10264,8,6,2,6,4,1006,0.33,0.99,0.25,0.28,6,2,6,4,1006,0.33,0.99,0.25,0.28
PF02511,PF15763,2,0,0,2,0,1016,0,1.0,0.0,0,0,0,2,0,1016,0,1.0,0.0,0
PF14674,PF14677,0,1,0,0,1,1017,0.0,1.0,0,0,1,0,0,1,1017,0.0,1.0,0,0
PF16850,PF10554,1,0,0,1,0,1017,0,1.0,0.0,0,0,0,1,0,1017,0,1.0,0.0,0
PF10992,PF16649,2,1,0,2,1,1015,0.0,1.0,0.0,-0.0,1,0,2,1,1015,0.0,1.0,0.0,-0.0
PF02786,PF00988,50,18,16,34,2,966,0.89,0.96,0.32,0.52,18,16,34,2,966,0.89,0.96,0.32,0.52
PF09037,PF15775,0,0,0,0,0,1018,0,1.0,0,0,0,0,0,0,1018,0,1.0,0,0
PF13395,PF13635,0,0,0,0,0,1018,0,1.0,0,0,0,0,0,0,1018,0,1.0,0,0
PF17167,PF06165,3,3,3,0,0,1015,1.0,1.0,1.0,1.0,3,3,0,0,1015,1.0,1.0,1.0,1.0
PF09172,PF06448,10,4,4,6,0,1008,1.0,0.99,0.4,0.63,4,4,6,0,1008,1.0,0.99,0.4,0.63
PF14672,PF15172,0,1,0,0,1,1017,0.0,1.0,0,0,1,0,0,1,1017,0.0,1.0,0,0
PF01278,PF08411,1,1,0,1,1,1016,0.0,1.0,0.0,-0.0,1,0,1,1,1016,0.0,1.0,0.0,-0.0
PF03932,PF06172,21,0,0,21,0,997,0,0.98,0.0,0,0,0,21,0,997,0,0.98,0.0,0
PF05730,PF08613,16,23,5,11,18,984,0.22,0.97,0.31,0.25,23,5,11,18,984,0.22,0.97,0.31,0.25
PF08432,PF02399,0,2,0,0,2,1016,0.0,1.0,0,0,2,0,0,2,1016,0.0,1.0,0,0
PF02669,PF03814,1,1,1,0,0,1017,1.0,1.0,1.0,1.0,1,1,0,0,1017,1.0,1.0,1.0,1.0
PF08535,PF02305,1,1,0,1,1,1016,0.0,1.0,0.0,-0.0,1,0,1,1,1016,0.0,1.0,0.0,-0.0
PF08709,PF01365,12,9,8,4,1,1005,0.89,1.0,0.67,0.77,9,8,4,1,1005,0.89,1.0,0.67,0.77
PF11230,PF10105,2,2,2,0,0,1016,1.0,1.0,1.0,1.0,2,2,0,0,1016,1.0,1.0,1.0,1.0
PF13445,PF00097,60,71,31,29,40,918,0.44,0.93,0.52,0.44,71,31,29,40,918,0.44,0.93,0.52,0.44
PF03964,PF03050,0,0,0,0,0,1018,0,1.0,0,0,0,0,0,0,1018,0,1.0,0,0
PF06873,PF04820,0,9,0,0,9,1009,0.0,0.99,0,0,9,0,0,9,1009,0.0,0.99,0,0
PF12037,PF14363,1,9,1,0,8,1009,0.11,0.99,1.0,0.33,9,1,0,8,1009,0.11,0.99,1.0,0.33
PF11179,PF03525,2,0,0,2,0,1016,0,1.0,0.0,0,0,0,2,0,1016,0,1.0,0.0,0
PF12855,PF07051,2,1,0,2,1,1015,0.0,1.0,0.0,-0.0,1,0,2,1,1015,0.0,1.0,0.0,-0.0
PF11953,PF12837,0,0,0,0,0,1018,0,1.0,0,0,0,0,0,0,1018,0,1.0,0,0
PF12736,PF05640,8,3,1,7,2,1008,0.33,0.99,0.12,0.2,3,1,7,2,1008,0.33,0.99,0.12,0.2
PF06996,PF04214,0,0,0,0,0,1018,0,1.0,0,0,0,0,0,0,1018,0,1.0,0,0
PF15277,PF09763,9,8,7,2,1,1008,0.88,1.0,0.78,0.82,8,7,2,1,1008,0.88,1.0,0.78,0.82
PF09734,PF04664,7,1,0,7,1,1010,0.0,0.99,0.0,-0.0,1,0,7,1,1010,0.0,0.99,0.0,-0.0
PF08335,PF03710,3,3,3,0,0,1015,1.0,1.0,1.0,1.0,3,3,0,0,1015,1.0,1.0,1.0,1.0
PF16920,PF11921,2,1,1,1,0,1016,1.0,1.0,0.5,0.71,1,1,1,0,1016,1.0,1.0,0.5,0.71
PF08645,PF00645,13,22,4,9,18,987,0.18,0.97,0.31,0.22,22,4,9,18,987,0.18,0.97,0.31,0.22
PF13824,PF06047,4,8,2,2,6,1008,0.25,0.99,0.5,0.35,8,2,2,6,1008,0.25,0.99,0.5,0.35
PF14773,PF09463,8,0,0,8,0,1010,0,0.99,0.0,0,0,0,8,0,1010,0,0.99,0.0,0
PF12804,PF04613,9,9,1,8,8,1001,0.11,0.98,0.11,0.1,9,1,8,8,1001,0.11,0.98,0.11,0.1
PF16449,PF08411,0,1,0,0,1,1017,0.0,1.0,0,0,1,0,0,1,1017,0.0,1.0,0,0
PF04014,PF09074,1,0,0,1,0,1017,0,1.0,0.0,0,0,0,1,0,1017,0,1.0,0.0,0
PF05926,PF00364,0,44,0,0,44,974,0.0,0.96,0,0,44,0,0,44,974,0.0,0.96,0,0
PF16209,PF16212,42,44,37,5,7,969,0.84,0.99,0.88,0.85,44,37,5,7,969,0.84,0.99,0.88,0.85
PF02267,PF12301,4,1,0,4,1,1013,0.0,1.0,0.0,-0.0,1,0,4,1,1013,0.0,1.0,0.0,-0.0
PF12785,PF16704,0,1,0,0,1,1017,0.0,1.0,0,0,1,0,0,1,1017,0.0,1.0,0,0
PF17062,PF10664,0,1,0,0,1,1017,0.0,1.0,0,0,1,0,0,1,1017,0.0,1.0,0,0
PF12554,PF03760,5,1,0,5,1,1012,0.0,0.99,0.0,-0.0,1,0,5,1,1012,0.0,0.99,0.0,-0.0
PF04899,PF10056,0,2,0,0,2,1016,0.0,1.0,0,0,2,0,0,2,1016,0.0,1.0,0,0
PF14076,PF04991,0,9,0,0,9,1009,0.0,0.99,0,0,9,0,0,9,1009,0.0,0.99,0,0
PF06328,PF09067,4,2,1,3,1,1013,0.5,1.0,0.25,0.35,2,1,3,1,1013,0.5,1.0,0.25,0.35
PF08097,PF17086,0,0,0,0,0,1018,0,1.0,0,0,0,0,0,0,1018,0,1.0,0,0
PF12155,PF03237,0,1,0,0,1,1017,0.0,1.0,0,0,1,0,0,1,1017,0.0,1.0,0,0
PF15074,PF13684,4,1,0,4,1,1013,0.0,1.0,0.0,-0.0,1,0,4,1,1013,0.0,1.0,0.0,-0.0
PF06999,PF11927,25,13,2,23,11,982,0.15,0.97,0.08,0.1,13,2,23,11,982,0.15,0.97,0.08,0.1
PF15041,PF15119,1,1,0,1,1,1016,0.0,1.0,0.0,-0.0,1,0,1,1,1016,0.0,1.0,0.0,-0.0
PF14933,PF15444,2,0,0,2,0,1016,0,1.0,0.0,0,0,0,2,0,1016,0,1.0,0.0,0
PF15502,PF14021,0,0,0,0,0,1018,0,1.0,0,0,0,0,0,0,1018,0,1.0,0,0
PF10335,PF05103,2,2,0,2,2,1014,0.0,1.0,0.0,-0.0,2,0,2,2,1014,0.0,1.0,0.0,-0.0
PF09282,PF07223,2,1,0,2,1,1015,0.0,1.0,0.0,-0.0,1,0,2,1,1015,0.0,1.0,0.0,-0.0
PF00141,PF11895,37,2,2,35,0,981,1.0,0.97,0.05,0.23,2,2,35,0,981,1.0,0.97,0.05,0.23
PF06355,PF15662,2,0,0,2,0,1016,0,1.0,0.0,0,0,0,2,0,1016,0,1.0,0.0,0
PF14243,PF15851,0,0,0,0,0,1018,0,1.0,0,0,0,0,0,0,1018,0,1.0,0,0
PF08767,PF03378,11,12,3,8,9,998,0.25,0.98,0.27,0.25,12,3,8,9,998,0.25,0.98,0.27,0.25
PF00006,PF00128,46,39,10,36,29,943,0.26,0.94,0.22,0.2,39,10,36,29,943,0.26,0.94,0.22,0.2
PF15220,PF11044,0,0,0,0,0,1018,0,1.0,0,0,0,0,0,0,1018,0,1.0,0,0
PF16672,PF14645,6,2,1,5,1,1011,0.5,0.99,0.17,0.29,2,1,5,1,1011,0.5,0.99,0.17,0.29
PF10517,PF03351,6,19,6,0,13,999,0.32,0.99,1.0,0.56,19,6,0,13,999,0.32,0.99,1.0,0.56
PF08158,PF05285,7,15,6,1,9,1002,0.4,0.99,0.86,0.58,15,6,1,9,1002,0.4,0.99,0.86,0.58
PF13673,PF13508,23,10,5,18,5,990,0.5,0.98,0.22,0.32,10,5,18,5,990,0.5,0.98,0.22,0.32
PF16704,PF10212,1,4,1,0,3,1014,0.25,1.0,1.0,0.5,4,1,0,3,1014,0.25,1.0,1.0,0.5
PF10550,PF15186,0,1,0,0,1,1017,0.0,1.0,0,0,1,0,0,1,1017,0.0,1.0,0,0
PF07225,PF04736,4,1,0,4,1,1013,0.0,1.0,0.0,-0.0,1,0,4,1,1013,0.0,1.0,0.0,-0.0
PF12837,PF00950,0,4,0,0,4,1014,0.0,1.0,0,0,4,0,0,4,1014,0.0,1.0,0,0
PF16856,PF12125,1,6,1,0,5,1012,0.17,1.0,1.0,0.41,6,1,0,5,1012,0.17,1.0,1.0,0.41
PF12435,PF02041,5,2,0,5,2,1011,0.0,0.99,0.0,-0.0,2,0,5,2,1011,0.0,0.99,0.0,-0.0
PF05947,PF05943,0,0,0,0,0,1018,0,1.0,0,0,0,0,0,0,1018,0,1.0,0,0
PF07486,PF07805,2,1,0,2,1,1015,0.0,1.0,0.0,-0.0,1,0,2,1,1015,0.0,1.0,0.0,-0.0
PF14724,PF10221,3,7,1,2,6,1009,0.14,0.99,0.33,0.21,7,1,2,6,1009,0.14,0.99,0.33,0.21
PF03623,PF06760,3,2,1,2,1,1014,0.5,1.0,0.33,0.41,2,1,2,1,1014,0.5,1.0,0.33,0.41
PF04184,PF16720,2,1,0,2,1,1015,0.0,1.0,0.0,-0.0,1,0,2,1,1015,0.0,1.0,0.0,-0.0
PF14368,PF04720,15,8,3,12,5,998,0.38,0.98,0.2,0.27,8,3,12,5,998,0.38,0.98,0.2,0.27
PF03328,PF06172,17,0,0,17,0,1001,0,0.98,0.0,0,0,0,17,0,1001,0,0.98,0.0,0
PF10318,PF10319,14,1,0,14,1,1003,0.0,0.99,0.0,-0.0,1,0,14,1,1003,0.0,0.99,0.0,-0.0
PF15002,PF06951,12,11,2,10,9,997,0.18,0.98,0.17,0.16,11,2,10,9,997,0.18,0.98,0.17,0.16
PF17213,PF12297,3,0,0,3,0,1015,0,1.0,0.0,0,0,0,3,0,1015,0,1.0,0.0,0
PF13103,PF03749,4,2,0,4,2,1012,0.0,0.99,0.0,-0.0,2,0,4,2,1012,0.0,0.99,0.0,-0.0
PF15463,PF17206,1,1,0,1,1,1016,0.0,1.0,0.0,-0.0,1,0,1,1,1016,0.0,1.0,0.0,-0.0
PF08642,PF15553,0,0,0,0,0,1018,0,1.0,0,0,0,0,0,0,1018,0,1.0,0,0
PF13344,PF04577,26,21,8,18,13,979,0.38,0.97,0.31,0.33,21,8,18,13,979,0.38,0.97,0.31,0.33
PF05238,PF02106,0,0,0,0,0,1018,0,1.0,0,0,0,0,0,0,1018,0,1.0,0,0
PF04611,PF03867,1,1,1,0,0,1017,1.0,1.0,1.0,1.0,1,1,0,0,1017,1.0,1.0,1.0,1.0
PF02698,PF10224,6,4,1,5,3,1009,0.25,0.99,0.17,0.2,4,1,5,3,1009,0.25,0.99,0.17,0.2
PF14291,PF05699,26,67,17,9,50,942,0.25,0.94,0.65,0.38,67,17,9,50,942,0.25,0.94,0.65,0.38
PF02503,PF13090,2,2,2,0,0,1016,1.0,1.0,1.0,1.0,2,2,0,0,1016,1.0,1.0,1.0,1.0
PF16866,PF02008,7,17,6,1,11,1000,0.35,0.99,0.86,0.55,17,6,1,11,1000,0.35,0.99,0.86,0.55
PF01234,PF05497,5,5,1,4,4,1009,0.2,0.99,0.2,0.2,5,1,4,4,1009,0.2,0.99,0.2,0.2
PF13181,PF13176,108,38,28,80,10,900,0.74,0.91,0.26,0.4,38,28,80,10,900,0.74,0.91,0.26,0.4
PF15529,PF09611,0,0,0,0,0,1018,0,1.0,0,0,0,0,0,0,1018,0,1.0,0,0
PF02123,PF09227,2,0,0,2,0,1016,0,1.0,0.0,0,0,0,2,0,1016,0,1.0,0.0,0
PF16909,PF06650,24,21,19,5,2,992,0.9,0.99,0.79,0.84,21,19,5,2,992,0.9,0.99,0.79,0.84
PF15186,PF03548,1,3,0,1,3,1014,0.0,1.0,0.0,-0.0,3,0,1,3,1014,0.0,1.0,0.0,-0.0
PF15273,PF15997,1,0,0,1,0,1017,0,1.0,0.0,0,0,0,1,0,1017,0,1.0,0.0,0
PF16725,PF09262,3,12,2,1,10,1005,0.17,0.99,0.67,0.33,12,2,1,10,1005,0.17,0.99,0.67,0.33
PF00114,PF01580,0,5,0,0,5,1013,0.0,1.0,0,0,5,0,0,5,1013,0.0,1.0,0,0
PF07448,PF14986,0,0,0,0,0,1018,0,1.0,0,0,0,0,0,0,1018,0,1.0,0,0
PF08857,PF09962,0,1,0,0,1,1017,0.0,1.0,0,0,1,0,0,1,1017,0.0,1.0,0,0
PF05046,PF10211,8,6,2,6,4,1006,0.33,0.99,0.25,0.28,6,2,6,4,1006,0.33,0.99,0.25,0.28
PF12331,PF10999,3,0,0,3,0,1015,0,1.0,0.0,0,0,0,3,0,1015,0,1.0,0.0,0
PF02594,PF12716,10,0,0,10,0,1008,0,0.99,0.0,0,0,0,10,0,1008,0,0.99,0.0,0
PF14884,PF14931,2,1,0,2,1,1015,0.0,1.0,0.0,-0.0,1,0,2,1,1015,0.0,1.0,0.0,-0.0
PF04406,PF01066,17,35,7,10,28,973,0.2,0.96,0.41,0.27,35,7,10,28,973,0.2,0.96,0.41,0.27
PF09423,PF16655,14,3,3,11,0,1004,1.0,0.99,0.21,0.46,3,3,11,0,1004,1.0,0.99,0.21,0.46
PF13675,PF12729,1,1,1,0,0,1017,1.0,1.0,1.0,1.0,1,1,0,0,1017,1.0,1.0,1.0,1.0
PF06047,PF07222,8,2,1,7,1,1009,0.5,0.99,0.12,0.25,2,1,7,1,1009,0.5,0.99,0.12,0.25
PF03896,PF05676,12,7,1,11,6,1000,0.14,0.98,0.08,0.1,7,1,11,6,1000,0.14,0.98,0.08,0.1
PF16073,PF08354,20,10,10,10,0,998,1.0,0.99,0.5,0.7,10,10,10,0,998,1.0,0.99,0.5,0.7
PF09400,PF04917,0,1,0,0,1,1017,0.0,1.0,0,0,1,0,0,1,1017,0.0,1.0,0,0
PF10061,PF12087,0,0,0,0,0,1018,0,1.0,0,0,0,0,0,0,1018,0,1.0,0,0
PF11354,PF05613,0,0,0,0,0,1018,0,1.0,0,0,0,0,0,0,1018,0,1.0,0,0
PF04984,PF13722,0,0,0,0,0,1018,0,1.0,0,0,0,0,0,0,1018,0,1.0,0,0
PF02268,PF02751,13,14,12,1,2,1003,0.86,1.0,0.92,0.89,14,12,1,2,1003,0.86,1.0,0.92,0.89
PF10292,PF02115,12,13,2,10,11,995,0.15,0.98,0.17,0.15,13,2,10,11,995,0.15,0.98,0.17,0.15
PF15851,PF04865,0,0,0,0,0,1018,0,1.0,0,0,0,0,0,0,1018,0,1.0,0,0
PF05401,PF03428,1,0,0,1,0,1017,0,1.0,0.0,0,0,0,1,0,1017,0,1.0,0.0,0
PF12726,PF10407,4,0,0,4,0,1014,0,1.0,0.0,0,0,0,4,0,1014,0,1.0,0.0,0
PF03921,PF11465,4,3,1,3,2,1012,0.33,1.0,0.25,0.29,3,1,3,2,1012,0.33,1.0,0.25,0.29
PF00458,PF09180,18,8,5,13,3,997,0.62,0.98,0.28,0.41,8,5,13,3,997,0.62,0.98,0.28,0.41
PF03605,PF06890,1,0,0,1,0,1017,0,1.0,0.0,0,0,0,1,0,1017,0,1.0,0.0,0
PF06775,PF07798,11,8,2,9,6,1001,0.25,0.99,0.18,0.21,8,2,9,6,1001,0.25,0.99,0.18,0.21
PF00102,PF14948,54,3,3,51,0,964,1.0,0.95,0.06,0.23,3,3,51,0,964,1.0,0.95,0.06,0.23
PF16055,PF08497,0,0,0,0,0,1018,0,1.0,0,0,0,0,0,0,1018,0,1.0,0,0
PF08724,PF14841,0,1,0,0,1,1017,0.0,1.0,0,0,1,0,0,1,1017,0.0,1.0,0,0
PF14075,PF14383,3,3,0,3,3,1012,0.0,0.99,0.0,-0.0,3,0,3,3,1012,0.0,0.99,0.0,-0.0
PF03124,PF00939,8,17,1,7,16,994,0.06,0.98,0.12,0.08,17,1,7,16,994,0.06,0.98,0.12,0.08
PF16198,PF08068,10,5,5,5,0,1008,1.0,1.0,0.5,0.71,5,5,5,0,1008,1.0,1.0,0.5,0.71
PF06954,PF14672,1,0,0,1,0,1017,0,1.0,0.0,0,0,0,1,0,1017,0,1.0,0.0,0
PF02074,PF10856,1,0,0,1,0,1017,0,1.0,0.0,0,0,0,1,0,1017,0,1.0,0.0,0
PF15268,PF16415,1,13,0,1,13,1004,0.0,0.99,0.0,-0.0,13,0,1,13,1004,0.0,0.99,0.0,-0.0
PF11397,PF09132,7,0,0,7,0,1011,0,0.99,0.0,0,0,0,7,0,1011,0,0.99,0.0,0
PF04934,PF03479,13,6,1,12,5,1000,0.17,0.98,0.08,0.11,6,1,12,5,1000,0.17,0.98,0.08,0.11
PF02815,PF02366,25,13,13,12,0,993,1.0,0.99,0.52,0.72,13,13,12,0,993,1.0,0.99,0.52,0.72
PF00119,PF00124,9,2,0,9,2,1007,0.0,0.99,0.0,-0.0,2,0,9,2,1007,0.0,0.99,0.0,-0.0
PF08204,PF04549,0,0,0,0,0,1018,0,1.0,0,0,0,0,0,0,1018,0,1.0,0,0
PF05439,PF15925,6,1,1,5,0,1012,1.0,1.0,0.17,0.41,1,1,5,0,1012,1.0,1.0,0.17,0.41
PF15443,PF15460,1,1,0,1,1,1016,0.0,1.0,0.0,-0.0,1,0,1,1,1016,0.0,1.0,0.0,-0.0
PF08604,PF17219,7,1,1,6,0,1011,1.0,0.99,0.14,0.38,1,1,6,0,1011,1.0,0.99,0.14,0.38
PF08691,PF06681,0,0,0,0,0,1018,0,1.0,0,0,0,0,0,0,1018,0,1.0,0,0
PF04670,PF04724,18,6,1,17,5,995,0.17,0.98,0.06,0.09,6,1,17,5,995,0.17,0.98,0.06,0.09
PF02106,PF15302,0,0,0,0,0,1018,0,1.0,0,0,0,0,0,0,1018,0,1.0,0,0
PF12185,PF00638,5,29,5,0,24,989,0.17,0.98,1.0,0.41,29,5,0,24,989,0.17,0.98,1.0,0.41
PF00002,PF01825,56,33,25,31,8,954,0.76,0.96,0.45,0.56,33,25,31,8,954,0.76,0.96,0.45,0.56
PF02463,PF06470,48,17,12,36,5,965,0.71,0.96,0.25,0.41,17,12,36,5,965,0.71,0.96,0.25,0.41
PF10198,PF10307,4,1,0,4,1,1013,0.0,1.0,0.0,-0.0,1,0,4,1,1013,0.0,1.0,0.0,-0.0
PF01642,PF02310,5,7,5,0,2,1011,0.71,1.0,1.0,0.84,7,5,0,2,1011,0.71,1.0,1.0,0.84
PF07178,PF05509,1,1,1,0,0,1017,1.0,1.0,1.0,1.0,1,1,0,0,1017,1.0,1.0,1.0,1.0
PF07391,PF13876,0,1,0,0,1,1017,0.0,1.0,0,0,1,0,0,1,1017,0.0,1.0,0,0
PF14079,PF02217,0,3,0,0,3,1015,0.0,1.0,0,0,3,0,0,3,1015,0.0,1.0,0,0
PF07533,PF07744,18,15,6,12,9,991,0.4,0.98,0.33,0.35,15,6,12,9,991,0.4,0.98,0.33,0.35
PF12330,PF08311,11,8,4,7,4,1003,0.5,0.99,0.36,0.42,8,4,7,4,1003,0.5,0.99,0.36,0.42
PF02209,PF16182,13,6,3,10,3,1002,0.5,0.99,0.23,0.33,6,3,10,3,1002,0.5,0.99,0.23,0.33
PF04603,PF01774,4,7,1,3,6,1008,0.14,0.99,0.25,0.18,7,1,3,6,1008,0.14,0.99,0.25,0.18
PF02426,PF03831,4,0,0,4,0,1014,0,1.0,0.0,0,0,0,4,0,1014,0,1.0,0.0,0
PF12159,PF15055,0,0,0,0,0,1018,0,1.0,0,0,0,0,0,0,1018,0,1.0,0,0
PF12886,PF12884,3,1,1,2,0,1015,1.0,1.0,0.33,0.58,1,1,2,0,1015,1.0,1.0,0.33,0.58
PF09330,PF02873,4,6,2,2,4,1010,0.33,0.99,0.5,0.41,6,2,2,4,1010,0.33,0.99,0.5,0.41
PF10342,PF12243,13,2,0,13,2,1003,0.0,0.99,0.0,-0.01,2,0,13,2,1003,0.0,0.99,0.0,-0.01
PF16526,PF13545,7,3,0,7,3,1008,0.0,0.99,0.0,-0.0,3,0,7,3,1008,0.0,0.99,0.0,-0.0
PF01623,PF16850,1,1,0,1,1,1016,0.0,1.0,0.0,-0.0,1,0,1,1,1016,0.0,1.0,0.0,-0.0
PF02072,PF15088,0,0,0,0,0,1018,0,1.0,0,0,0,0,0,0,1018,0,1.0,0,0
PF05124,PF10129,0,0,0,0,0,1018,0,1.0,0,0,0,0,0,0,1018,0,1.0,0,0
PF05272,PF11751,0,0,0,0,0,1018,0,1.0,0,0,0,0,0,0,1018,0,1.0,0,0
PF04032,PF04640,8,6,2,6,4,1006,0.33,0.99,0.25,0.28,6,2,6,4,1006,0.33,0.99,0.25,0.28
PF09174,PF01951,2,4,2,0,2,1014,0.5,1.0,1.0,0.71,4,2,0,2,1014,0.5,1.0,1.0,0.71
PF03354,PF06346,0,3,0,0,3,1015,0.0,1.0,0,0,3,0,0,3,1015,0.0,1.0,0,0
PF06807,PF16573,10,8,8,2,0,1008,1.0,1.0,0.8,0.89,8,8,2,0,1008,1.0,1.0,0.8,0.89
PF07168,PF07712,2,0,0,2,0,1016,0,1.0,0.0,0,0,0,2,0,1016,0,1.0,0.0,0
PF08392,PF08545,8,3,1,7,2,1008,0.33,0.99,0.12,0.2,3,1,7,2,1008,0.33,0.99,0.12,0.2
PF13391,PF01868,14,10,1,13,9,995,0.1,0.98,0.07,0.07,10,1,13,9,995,0.1,0.98,0.07,0.07
PF02487,PF05189,11,3,0,11,3,1004,0.0,0.99,0.0,-0.01,3,0,11,3,1004,0.0,0.99,0.0,-0.01
PF09876,PF08206,1,1,1,0,0,1017,1.0,1.0,1.0,1.0,1,1,0,0,1017,1.0,1.0,1.0,1.0
PF08670,PF02563,6,3,0,6,3,1009,0.0,0.99,0.0,-0.0,3,0,6,3,1009,0.0,0.99,0.0,-0.0
PF04188,PF14656,12,6,2,10,4,1002,0.33,0.99,0.17,0.23,6,2,10,4,1002,0.33,0.99,0.17,0.23
PF12701,PF09532,15,17,13,2,4,999,0.76,0.99,0.87,0.81,17,13,2,4,999,0.76,0.99,0.87,0.81
PF11698,PF10155,10,6,0,10,6,1002,0.0,0.98,0.0,-0.01,6,0,10,6,1002,0.0,0.98,0.0,-0.01
PF05647,PF14654,0,0,0,0,0,1018,0,1.0,0,0,0,0,0,0,1018,0,1.0,0,0
PF16050,PF05179,8,5,5,3,0,1010,1.0,1.0,0.62,0.79,5,5,3,0,1010,1.0,1.0,0.62,0.79
PF01947,PF00737,0,1,0,0,1,1017,0.0,1.0,0,0,1,0,0,1,1017,0.0,1.0,0,0
PF02319,PF16421,24,8,7,17,1,993,0.88,0.98,0.29,0.5,8,7,17,1,993,0.88,0.98,0.29,0.5
PF01987,PF04667,6,5,1,5,4,1008,0.2,0.99,0.17,0.18,5,1,5,4,1008,0.2,0.99,0.17,0.18
PF09972,PF09988,0,0,0,0,0,1018,0,1.0,0,0,0,0,0,0,1018,0,1.0,0,0
PF01250,PF10276,16,1,0,16,1,1001,0.0,0.98,0.0,-0.0,1,0,16,1,1001,0.0,0.98,0.0,-0.0
PF13762,PF08334,0,1,0,0,1,1017,0.0,1.0,0,0,1,0,0,1,1017,0.0,1.0,0,0
PF12178,PF10407,2,0,0,2,0,1016,0,1.0,0.0,0,0,0,2,0,1016,0,1.0,0.0,0
PF16008,PF09818,0,1,0,0,1,1017,0.0,1.0,0,0,1,0,0,1,1017,0.0,1.0,0,0
PF07660,PF03241,1,0,0,1,0,1017,0,1.0,0.0,0,0,0,1,0,1017,0,1.0,0.0,0
PF13096,PF06211,0,1,0,0,1,1017,0.0,1.0,0,0,1,0,0,1,1017,0.0,1.0,0,0
PF08266,PF08758,5,2,1,4,1,1012,0.5,1.0,0.2,0.31,2,1,4,1,1012,0.5,1.0,0.2,0.31
PF12746,PF08186,0,1,0,0,1,1017,0.0,1.0,0,0,1,0,0,1,1017,0.0,1.0,0,0
PF02681,PF06206,5,1,0,5,1,1012,0.0,0.99,0.0,-0.0,1,0,5,1,1012,0.0,0.99,0.0,-0.0
PF07539,PF17034,11,6,2,9,4,1003,0.33,0.99,0.18,0.24,6,2,9,4,1003,0.33,0.99,0.18,0.24
PF09030,PF08214,11,22,8,3,14,993,0.36,0.98,0.73,0.51,22,8,3,14,993,0.36,0.98,0.73,0.51
PF14237,PF11926,6,2,0,6,2,1010,0.0,0.99,0.0,-0.0,2,0,6,2,1010,0.0,0.99,0.0,-0.0
PF01281,PF07542,14,12,4,10,8,996,0.33,0.98,0.29,0.3,12,4,10,8,996,0.33,0.98,0.29,0.3
PF08714,PF02277,2,3,0,2,3,1013,0.0,1.0,0.0,-0.0,3,0,2,3,1013,0.0,1.0,0.0,-0.0
PF14508,PF08708,0,0,0,0,0,1018,0,1.0,0,0,0,0,0,0,1018,0,1.0,0,0
PF04488,PF04572,30,2,2,28,0,988,1.0,0.97,0.07,0.25,2,2,28,0,988,1.0,0.97,0.07,0.25
PF09809,PF04667,7,5,0,7,5,1006,0.0,0.99,0.0,-0.01,5,0,7,5,1006,0.0,0.99,0.0,-0.01
PF02472,PF06586,1,1,0,1,1,1016,0.0,1.0,0.0,-0.0,1,0,1,1,1016,0.0,1.0,0.0,-0.0
PF05564,PF11317,1,0,0,1,0,1017,0,1.0,0.0,0,0,0,1,0,1017,0,1.0,0.0,0
PF00880,PF15149,10,1,1,9,0,1008,1.0,0.99,0.1,0.31,1,1,9,0,1008,1.0,0.99,0.1,0.31
PF02897,PF00930,15,13,4,11,9,994,0.31,0.98,0.27,0.28,13,4,11,9,994,0.31,0.98,0.27,0.28
PF15104,PF07327,0,1,0,0,1,1017,0.0,1.0,0,0,1,0,0,1,1017,0.0,1.0,0,0
PF16756,PF15774,0,0,0,0,0,1018,0,1.0,0,0,0,0,0,0,1018,0,1.0,0,0
PF11138,PF03963,0,1,0,0,1,1017,0.0,1.0,0,0,1,0,0,1,1017,0.0,1.0,0,0
PF12624,PF16910,27,14,13,14,1,990,0.93,0.99,0.48,0.66,14,13,14,1,990,0.93,0.99,0.48,0.66
PF15449,PF15302,1,0,0,1,0,1017,0,1.0,0.0,0,0,0,1,0,1017,0,1.0,0.0,0
PF09501,PF06122,0,0,0,0,0,1018,0,1.0,0,0,0,0,0,0,1018,0,1.0,0,0
PF02424,PF02910,2,17,1,1,16,1000,0.06,0.98,0.5,0.17,17,1,1,16,1000,0.06,0.98,0.5,0.17
PF15602,PF16108,0,0,0,0,0,1018,0,1.0,0,0,0,0,0,0,1018,0,1.0,0,0
PF15964,PF16704,0,1,0,0,1,1017,0.0,1.0,0,0,1,0,0,1,1017,0.0,1.0,0,0
PF15459,PF16874,3,1,0,3,1,1014,0.0,1.0,0.0,-0.0,1,0,3,1,1014,0.0,1.0,0.0,-0.0
PF11774,PF10991,0,0,0,0,0,1018,0,1.0,0,0,0,0,0,0,1018,0,1.0,0,0
PF12628,PF06724,0,0,0,0,0,1018,0,1.0,0,0,0,0,0,0,1018,0,1.0,0,0
PF06290,PF14882,0,0,0,0,0,1018,0,1.0,0,0,0,0,0,0,1018,0,1.0,0,0
PF16772,PF08558,2,4,2,0,2,1014,0.5,1.0,1.0,0.71,4,2,0,2,1014,0.5,1.0,1.0,0.71
PF08029,PF01634,6,6,6,0,0,1012,1.0,1.0,1.0,1.0,6,6,0,0,1012,1.0,1.0,1.0,1.0
PF03888,PF17188,0,0,0,0,0,1018,0,1.0,0,0,0,0,0,0,1018,0,1.0,0,0
PF03713,PF07209,0,1,0,0,1,1017,0.0,1.0,0,0,1,0,0,1,1017,0.0,1.0,0,0
PF01096,PF02150,19,15,9,10,6,993,0.6,0.98,0.47,0.53,15,9,10,6,993,0.6,0.98,0.47,0.53
PF04063,PF04064,3,2,2,1,0,1015,1.0,1.0,0.67,0.82,2,2,1,0,1015,1.0,1.0,0.67,0.82
PF00530,PF01186,39,5,4,35,1,978,0.8,0.96,0.1,0.28,5,4,35,1,978,0.8,0.96,0.1,0.28
PF00451,PF09232,1,0,0,1,0,1017,0,1.0,0.0,0,0,0,1,0,1017,0,1.0,0.0,0
PF01293,PF03350,4,1,0,4,1,1013,0.0,1.0,0.0,-0.0,1,0,4,1,1013,0.0,1.0,0.0,-0.0
PF04072,PF13673,15,23,8,7,15,988,0.35,0.98,0.53,0.42,23,8,7,15,988,0.35,0.98,0.53,0.42
PF10473,PF12795,4,4,0,4,4,1010,0.0,0.99,0.0,-0.0,4,0,4,4,1010,0.0,0.99,0.0,-0.0
PF12465,PF10584,3,32,2,1,30,985,0.06,0.97,0.67,0.2,32,2,1,30,985,0.06,0.97,0.67,0.2
PF08644,PF14826,7,10,7,0,3,1008,0.7,1.0,1.0,0.84,10,7,0,3,1008,0.7,1.0,1.0,0.84
PF15926,PF07139,5,4,1,4,3,1010,0.25,0.99,0.2,0.22,4,1,4,3,1010,0.25,0.99,0.2,0.22
PF14280,PF12835,1,1,1,0,0,1017,1.0,1.0,1.0,1.0,1,1,0,0,1017,1.0,1.0,1.0,1.0
PF01215,PF10183,10,9,0,10,9,999,0.0,0.98,0.0,-0.01,9,0,10,9,999,0.0,0.98,0.0,-0.01
PF15932,PF09697,0,0,0,0,0,1018,0,1.0,0,0,0,0,0,0,1018,0,1.0,0,0
PF01532,PF02225,40,47,20,20,27,951,0.43,0.95,0.5,0.44,47,20,20,27,951,0.43,0.95,0.5,0.44
PF06658,PF04176,3,9,2,1,7,1008,0.22,0.99,0.67,0.38,9,2,1,7,1008,0.22,0.99,0.67,0.38
PF11111,PF01668,1,2,0,1,2,1015,0.0,1.0,0.0,-0.0,2,0,1,2,1015,0.0,1.0,0.0,-0.0
PF01050,PF04613,6,9,0,6,9,1003,0.0,0.99,0.0,-0.01,9,0,6,9,1003,0.0,0.99,0.0,-0.01
PF11493,PF09252,0,0,0,0,0,1018,0,1.0,0,0,0,0,0,0,1018,0,1.0,0,0
PF02578,PF01669,2,1,0,2,1,1015,0.0,1.0,0.0,-0.0,1,0,2,1,1015,0.0,1.0,0.0,-0.0
PF01040,PF09335,36,22,8,28,14,968,0.36,0.96,0.22,0.26,22,8,28,14,968,0.36,0.96,0.22,0.26
PF04939,PF08316,9,7,0,9,7,1002,0.0,0.98,0.0,-0.01,7,0,9,7,1002,0.0,0.98,0.0,-0.01
PF01814,PF04405,14,0,0,14,0,1004,0,0.99,0.0,0,0,0,14,0,1004,0,0.99,0.0,0
PF00885,PF03488,10,1,0,10,1,1007,0.0,0.99,0.0,-0.0,1,0,10,1,1007,0.0,0.99,0.0,-0.0
PF00942,PF02927,2,2,1,1,1,1015,0.5,1.0,0.5,0.5,2,1,1,1,1015,0.5,1.0,0.5,0.5
PF12147,PF10971,1,1,1,0,0,1017,1.0,1.0,1.0,1.0,1,1,0,0,1017,1.0,1.0,1.0,1.0
PF08811,PF07394,4,4,4,0,0,1014,1.0,1.0,1.0,1.0,4,4,0,0,1014,1.0,1.0,1.0,1.0
PF03904,PF13553,0,6,0,0,6,1012,0.0,0.99,0,0,6,0,0,6,1012,0.0,0.99,0,0
PF00941,PF03450,22,22,22,0,0,996,1.0,1.0,1.0,1.0,22,22,0,0,996,1.0,1.0,1.0,1.0
PF05345,PF12509,3,4,0,3,4,1011,0.0,0.99,0.0,-0.0,4,0,3,4,1011,0.0,0.99,0.0,-0.0
PF00410,PF09341,20,8,3,17,5,993,0.38,0.98,0.15,0.23,8,3,17,5,993,0.38,0.98,0.15,0.23
PF04476,PF10412,0,0,0,0,0,1018,0,1.0,0,0,0,0,0,0,1018,0,1.0,0,0
PF02042,PF04576,9,12,2,7,10,999,0.17,0.98,0.22,0.18,12,2,7,10,999,0.17,0.98,0.22,0.18
PF10351,PF10344,8,2,2,6,0,1010,1.0,0.99,0.25,0.5,2,2,6,0,1010,1.0,0.99,0.25,0.5
PF11268,PF15482,0,0,0,0,0,1018,0,1.0,0,0,0,0,0,0,1018,0,1.0,0,0
PF16381,PF08752,5,5,5,0,0,1013,1.0,1.0,1.0,1.0,5,5,0,0,1013,1.0,1.0,1.0,1.0
PF15916,PF09297,4,6,1,3,5,1009,0.17,0.99,0.25,0.2,6,1,3,5,1009,0.17,0.99,0.25,0.2
PF09336,PF01434,15,38,7,8,31,972,0.18,0.96,0.47,0.28,38,7,8,31,972,0.18,0.96,0.47,0.28
PF04349,PF01514,0,0,0,0,0,1018,0,1.0,0,0,0,0,0,0,1018,0,1.0,0,0
PF10555,PF02719,7,4,1,6,3,1008,0.25,0.99,0.14,0.18,4,1,6,3,1008,0.25,0.99,0.14,0.18
PF07338,PF06798,5,0,0,5,0,1013,0,1.0,0.0,0,0,0,5,0,1013,0,1.0,0.0,0
PF15957,PF09085,1,0,0,1,0,1017,0,1.0,0.0,0,0,0,1,0,1017,0,1.0,0.0,0
PF01940,PF07110,9,12,4,5,8,1001,0.33,0.99,0.44,0.38,12,4,5,8,1001,0.33,0.99,0.44,0.38
PF03612,PF03829,2,2,2,0,0,1016,1.0,1.0,1.0,1.0,2,2,0,0,1016,1.0,1.0,1.0,1.0
PF05018,PF02586,15,10,3,12,7,996,0.3,0.98,0.2,0.24,10,3,12,7,996,0.3,0.98,0.2,0.24
PF12801,PF02074,4,1,0,4,1,1013,0.0,1.0,0.0,-0.0,1,0,4,1,1013,0.0,1.0,0.0,-0.0
PF11568,PF15085,2,2,0,2,2,1014,0.0,1.0,0.0,-0.0,2,0,2,2,1014,0.0,1.0,0.0,-0.0
PF05219,PF10245,5,8,1,4,7,1006,0.12,0.99,0.2,0.15,8,1,4,7,1006,0.12,0.99,0.2,0.15
PF05726,PF02678,10,17,10,0,7,1001,0.59,0.99,1.0,0.76,17,10,0,7,1001,0.59,0.99,1.0,0.76
PF14843,PF01030,8,10,5,3,5,1005,0.5,0.99,0.62,0.56,10,5,3,5,1005,0.5,0.99,0.62,0.56
PF05309,PF06586,1,1,1,0,0,1017,1.0,1.0,1.0,1.0,1,1,0,0,1017,1.0,1.0,1.0,1.0
PF07005,PF17042,6,6,6,0,0,1012,1.0,1.0,1.0,1.0,6,6,0,0,1012,1.0,1.0,1.0,1.0
PF06693,PF09296,0,8,0,0,8,1010,0.0,0.99,0,0,8,0,0,8,1010,0.0,0.99,0,0
PF14722,PF16043,7,1,0,7,1,1010,0.0,0.99,0.0,-0.0,1,0,7,1,1010,0.0,0.99,0.0,-0.0
PF07281,PF02285,4,4,1,3,3,1011,0.25,0.99,0.25,0.25,4,1,3,3,1011,0.25,0.99,0.25,0.25
PF07808,PF07807,9,5,5,4,0,1009,1.0,1.0,0.56,0.74,5,5,4,0,1009,1.0,1.0,0.56,0.74
PF15934,PF15821,0,0,0,0,0,1018,0,1.0,0,0,0,0,0,0,1018,0,1.0,0,0
PF11411,PF10345,7,6,5,2,1,1010,0.83,1.0,0.71,0.77,6,5,2,1,1010,0.83,1.0,0.71,0.77
PF12776,PF13359,27,45,13,14,32,959,0.29,0.95,0.48,0.35,45,13,14,32,959,0.29,0.95,0.48,0.35
PF04117,PF03556,40,16,8,32,8,970,0.5,0.96,0.2,0.3,16,8,32,8,970,0.5,0.96,0.2,0.3
PF13403,PF08093,0,1,0,0,1,1017,0.0,1.0,0,0,1,0,0,1,1017,0.0,1.0,0,0
PF15907,PF06342,0,1,0,0,1,1017,0.0,1.0,0,0,1,0,0,1,1017,0.0,1.0,0,0
PF06399,PF04279,1,1,0,1,1,1016,0.0,1.0,0.0,-0.0,1,0,1,1,1016,0.0,1.0,0.0,-0.0
PF06995,PF12080,0,0,0,0,0,1018,0,1.0,0,0,0,0,0,0,1018,0,1.0,0,0
PF04788,PF03195,5,8,3,2,5,1008,0.38,0.99,0.6,0.47,8,3,2,5,1008,0.38,0.99,0.6,0.47
PF08110,PF07440,0,0,0,0,0,1018,0,1.0,0,0,0,0,0,0,1018,0,1.0,0,0
PF03015,PF07993,20,48,19,1,29,969,0.4,0.97,0.95,0.6,48,19,1,29,969,0.4,0.97,0.95,0.6
PF03525,PF08744,0,0,0,0,0,1018,0,1.0,0,0,0,0,0,0,1018,0,1.0,0,0
PF03045,PF07816,8,0,0,8,0,1010,0,0.99,0.0,0,0,0,8,0,1010,0,0.99,0.0,0
PF08439,PF06719,1,2,0,1,2,1015,0.0,1.0,0.0,-0.0,2,0,1,2,1015,0.0,1.0,0.0,-0.0
PF05790,PF09191,2,0,0,2,0,1016,0,1.0,0.0,0,0,0,2,0,1016,0,1.0,0.0,0
PF01134,PF13932,18,17,17,1,0,1000,1.0,1.0,0.94,0.97,17,17,1,0,1000,1.0,1.0,0.94,0.97
PF08855,PF14251,0,2,0,0,2,1016,0.0,1.0,0,0,2,0,0,2,1016,0.0,1.0,0,0
PF03249,PF06140,0,6,0,0,6,1012,0.0,0.99,0,0,6,0,0,6,1012,0.0,0.99,0,0
PF03315,PF03313,4,4,4,0,0,1014,1.0,1.0,1.0,1.0,4,4,0,0,1014,1.0,1.0,1.0,1.0
PF07962,PF16297,6,3,3,3,0,1012,1.0,1.0,0.5,0.71,3,3,3,0,1012,1.0,1.0,0.5,0.71
PF09141,PF08913,10,4,4,6,0,1008,1.0,0.99,0.4,0.63,4,4,6,0,1008,1.0,0.99,0.4,0.63
PF02254,PF08619,13,2,1,12,1,1004,0.5,0.99,0.08,0.19,2,1,12,1,1004,0.5,0.99,0.08,0.19
PF11336,PF09648,0,0,0,0,0,1018,0,1.0,0,0,0,0,0,0,1018,0,1.0,0,0
PF04310,PF03389,2,0,0,2,0,1016,0,1.0,0.0,0,0,0,2,0,1016,0,1.0,0.0,0
PF00622,PF13765,67,19,16,51,3,948,0.84,0.95,0.24,0.43,19,16,51,3,948,0.84,0.95,0.24,0.43
PF08165,PF16165,2,8,1,1,7,1009,0.12,0.99,0.5,0.25,8,1,1,7,1009,0.12,0.99,0.5,0.25
PF03044,PF05445,0,2,0,0,2,1016,0.0,1.0,0,0,2,0,0,2,1016,0.0,1.0,0,0
PF04523,PF06450,0,1,0,0,1,1017,0.0,1.0,0,0,1,0,0,1,1017,0.0,1.0,0,0
PF00282,PF05637,46,19,9,37,10,962,0.47,0.95,0.2,0.28,19,9,37,10,962,0.47,0.95,0.2,0.28
PF13118,PF11995,3,4,3,0,1,1014,0.75,1.0,1.0,0.87,4,3,0,1,1014,0.75,1.0,1.0,0.87
PF11080,PF14551,1,46,0,1,46,971,0.0,0.95,0.0,-0.01,46,0,1,46,971,0.0,0.95,0.0,-0.01
PF15903,PF15917,3,2,0,3,2,1013,0.0,1.0,0.0,-0.0,2,0,3,2,1013,0.0,1.0,0.0,-0.0
PF08365,PF00049,1,8,1,0,7,1010,0.12,0.99,1.0,0.35,8,1,0,7,1010,0.12,0.99,1.0,0.35
PF02598,PF07137,11,3,0,11,3,1004,0.0,0.99,0.0,-0.01,3,0,11,3,1004,0.0,0.99,0.0,-0.01
PF02649,PF07143,5,1,0,5,1,1012,0.0,0.99,0.0,-0.0,1,0,5,1,1012,0.0,0.99,0.0,-0.0
PF01327,PF06658,8,3,0,8,3,1007,0.0,0.99,0.0,-0.0,3,0,8,3,1007,0.0,0.99,0.0,-0.0
PF00611,PF09128,19,5,1,18,4,995,0.2,0.98,0.05,0.09,5,1,18,4,995,0.2,0.98,0.05,0.09
PF03473,PF03476,16,13,13,3,0,1002,1.0,1.0,0.81,0.9,13,13,3,0,1002,1.0,1.0,0.81,0.9
PF14738,PF16501,4,0,0,4,0,1014,0,1.0,0.0,0,0,0,4,0,1014,0,1.0,0.0,0
PF14903,PF10554,0,0,0,0,0,1018,0,1.0,0,0,0,0,0,0,1018,0,1.0,0,0
PF16791,PF03509,0,0,0,0,0,1018,0,1.0,0,0,0,0,0,0,1018,0,1.0,0,0
PF04328,PF12081,0,0,0,0,0,1018,0,1.0,0,0,0,0,0,0,1018,0,1.0,0,0
PF02024,PF00727,1,4,0,1,4,1013,0.0,1.0,0.0,-0.0,4,0,1,4,1013,0.0,1.0,0.0,-0.0
PF08309,PF08622,1,2,0,1,2,1015,0.0,1.0,0.0,-0.0,2,0,1,2,1015,0.0,1.0,0.0,-0.0
PF13995,PF10279,0,0,0,0,0,1018,0,1.0,0,0,0,0,0,0,1018,0,1.0,0,0
PF00828,PF10218,26,0,0,26,0,992,0,0.97,0.0,0,0,0,26,0,992,0,0.97,0.0,0
PF09404,PF12904,10,0,0,10,0,1008,0,0.99,0.0,0,0,0,10,0,1008,0,0.99,0.0,0
PF00970,PF00175,37,62,36,1,26,955,0.58,0.97,0.97,0.74,62,36,1,26,955,0.58,0.97,0.97,0.74
PF03832,PF04965,4,0,0,4,0,1014,0,1.0,0.0,0,0,0,4,0,1014,0,1.0,0.0,0
PF10458,PF06827,7,9,3,4,6,1005,0.33,0.99,0.43,0.37,9,3,4,6,1005,0.33,0.99,0.43,0.37
PF08911,PF00638,6,29,5,1,24,988,0.17,0.98,0.83,0.37,29,5,1,24,988,0.17,0.98,0.83,0.37
PF03553,PF11214,1,0,0,1,0,1017,0,1.0,0.0,0,0,0,1,0,1017,0,1.0,0.0,0
PF01528,PF11851,0,1,0,0,1,1017,0.0,1.0,0,0,1,0,0,1,1017,0.0,1.0,0,0
PF08219,PF08228,0,3,0,0,3,1015,0.0,1.0,0,0,3,0,0,3,1015,0.0,1.0,0,0
PF06614,PF10580,1,1,1,0,0,1017,1.0,1.0,1.0,1.0,1,1,0,0,1017,1.0,1.0,1.0,1.0
PF06941,PF07298,9,2,0,9,2,1007,0.0,0.99,0.0,-0.0,2,0,9,2,1007,0.0,0.99,0.0,-0.0
PF12269,PF16737,6,1,1,5,0,1012,1.0,1.0,0.17,0.41,1,1,5,0,1012,1.0,1.0,0.17,0.41
PF09419,PF07939,11,2,0,11,2,1005,0.0,0.99,0.0,-0.0,2,0,11,2,1005,0.0,0.99,0.0,-0.0
PF01313,PF00813,0,0,0,0,0,1018,0,1.0,0,0,0,0,0,0,1018,0,1.0,0,0
PF06792,PF02092,3,11,2,1,9,1006,0.18,0.99,0.67,0.34,11,2,1,9,1006,0.18,0.99,0.67,0.34
PF04678,PF08265,16,11,2,14,9,993,0.18,0.98,0.12,0.14,11,2,14,9,993,0.18,0.98,0.12,0.14
PF03490,PF15471,1,0,0,1,0,1017,0,1.0,0.0,0,0,0,1,0,1017,0,1.0,0.0,0
PF14436,PF17206,0,1,0,0,1,1017,0.0,1.0,0,0,1,0,0,1,1017,0.0,1.0,0,0
PF05691,PF10288,12,5,2,10,3,1003,0.4,0.99,0.17,0.25,5,2,10,3,1003,0.4,0.99,0.17,0.25
PF03812,PF10523,1,10,0,1,10,1007,0.0,0.99,0.0,-0.0,10,0,1,10,1007,0.0,0.99,0.0,-0.0
PF09186,PF03843,0,0,0,0,0,1018,0,1.0,0,0,0,0,0,0,1018,0,1.0,0,0
PF03747,PF03381,12,18,4,8,14,992,0.22,0.98,0.33,0.26,18,4,8,14,992,0.22,0.98,0.33,0.26
PF04783,PF14818,7,7,4,3,3,1008,0.57,0.99,0.57,0.57,7,4,3,3,1008,0.57,0.99,0.57,0.57
PF11818,PF14684,2,2,2,0,0,1016,1.0,1.0,1.0,1.0,2,2,0,0,1016,1.0,1.0,1.0,1.0
PF11569,PF04731,1,2,1,0,1,1016,0.5,1.0,1.0,0.71,2,1,0,1,1016,0.5,1.0,1.0,0.71
PF08209,PF02234,10,8,0,10,8,1000,0.0,0.98,0.0,-0.01,8,0,10,8,1000,0.0,0.98,0.0,-0.01
PF02840,PF07039,11,9,4,7,5,1002,0.44,0.99,0.36,0.4,9,4,7,5,1002,0.44,0.99,0.36,0.4
PF09268,PF01394,5,8,3,2,5,1008,0.38,0.99,0.6,0.47,8,3,2,5,1008,0.38,0.99,0.6,0.47
PF13457,PF08461,1,0,0,1,0,1017,0,1.0,0.0,0,0,0,1,0,1017,0,1.0,0.0,0
PF03764,PF14492,23,35,20,3,15,980,0.57,0.98,0.87,0.7,35,20,3,15,980,0.57,0.98,0.87,0.7
PF17021,PF10380,0,1,0,0,1,1017,0.0,1.0,0,0,1,0,0,1,1017,0.0,1.0,0,0
PF15819,PF14539,0,0,0,0,0,1018,0,1.0,0,0,0,0,0,0,1018,0,1.0,0,0
PF04205,PF00070,2,4,1,1,3,1013,0.25,1.0,0.5,0.35,4,1,1,3,1013,0.25,1.0,0.5,0.35
PF07800,PF02186,4,14,0,4,14,1000,0.0,0.98,0.0,-0.01,14,0,4,14,1000,0.0,0.98,0.0,-0.01
PF14564,PF06761,1,0,0,1,0,1017,0,1.0,0.0,0,0,0,1,0,1017,0,1.0,0.0,0
PF06074,PF17206,0,1,0,0,1,1017,0.0,1.0,0,0,1,0,0,1,1017,0.0,1.0,0,0
PF06844,PF03454,0,16,0,0,16,1002,0.0,0.98,0,0,16,0,0,16,1002,0.0,0.98,0,0
PF15195,PF15828,1,2,0,1,2,1015,0.0,1.0,0.0,-0.0,2,0,1,2,1015,0.0,1.0,0.0,-0.0
PF16498,PF16495,6,9,5,1,4,1008,0.56,1.0,0.83,0.68,9,5,1,4,1008,0.56,1.0,0.83,0.68
PF08091,PF11312,0,1,0,0,1,1017,0.0,1.0,0,0,1,0,0,1,1017,0.0,1.0,0,0
PF10187,PF00473,9,5,2,7,3,1006,0.4,0.99,0.22,0.29,5,2,7,3,1006,0.4,0.99,0.22,0.29
PF03196,PF11860,0,0,0,0,0,1018,0,1.0,0,0,0,0,0,0,1018,0,1.0,0,0
PF12202,PF11629,11,4,4,7,0,1007,1.0,0.99,0.36,0.6,4,4,7,0,1007,1.0,0.99,0.36,0.6
PF08698,PF10173,14,5,2,12,3,1001,0.4,0.99,0.14,0.23,5,2,12,3,1001,0.4,0.99,0.14,0.23
PF14323,PF08483,0,1,0,0,1,1017,0.0,1.0,0,0,1,0,0,1,1017,0.0,1.0,0,0
PF02060,PF15370,2,3,0,2,3,1013,0.0,1.0,0.0,-0.0,3,0,2,3,1013,0.0,1.0,0.0,-0.0
PF03306,PF15703,6,0,0,6,0,1012,0,0.99,0.0,0,0,0,6,0,1012,0,0.99,0.0,0
PF09715,PF15460,0,1,0,0,1,1017,0.0,1.0,0,0,1,0,0,1,1017,0.0,1.0,0,0
PF17219,PF08604,1,7,1,0,6,1011,0.14,0.99,1.0,0.38,7,1,0,6,1011,0.14,0.99,1.0,0.38
PF00190,PF04859,17,3,2,15,1,1000,0.67,0.98,0.12,0.28,3,2,15,1,1000,0.67,0.98,0.12,0.28
PF00486,PF00196,10,8,4,6,4,1004,0.5,0.99,0.4,0.44,8,4,6,4,1004,0.5,0.99,0.4,0.44
PF07253,PF15786,0,1,0,0,1,1017,0.0,1.0,0,0,1,0,0,1,1017,0.0,1.0,0,0
PF13228,PF05711,0,0,0,0,0,1018,0,1.0,0,0,0,0,0,0,1018,0,1.0,0,0
PF08398,PF15085,1,2,0,1,2,1015,0.0,1.0,0.0,-0.0,2,0,1,2,1015,0.0,1.0,0.0,-0.0
PF07227,PF16066,2,1,1,1,0,1016,1.0,1.0,0.5,0.71,1,1,1,0,1016,1.0,1.0,0.5,0.71
PF09778,PF00277,2,0,0,2,0,1016,0,1.0,0.0,0,0,0,2,0,1016,0,1.0,0.0,0
PF15163,PF06798,3,0,0,3,0,1015,0,1.0,0.0,0,0,0,3,0,1015,0,1.0,0.0,0
PF04689,PF15486,6,1,1,5,0,1012,1.0,1.0,0.17,0.41,1,1,5,0,1012,1.0,1.0,0.17,0.41
PF06993,PF12467,0,5,0,0,5,1013,0.0,1.0,0,0,5,0,0,5,1013,0.0,1.0,0,0
PF13023,PF00831,9,10,3,6,7,1002,0.3,0.99,0.33,0.31,10,3,6,7,1002,0.3,0.99,0.33,0.31
PF15471,PF04965,0,0,0,0,0,1018,0,1.0,0,0,0,0,0,0,1018,0,1.0,0,0
PF00903,PF00120,36,21,7,29,14,968,0.33,0.96,0.19,0.23,21,7,29,14,968,0.33,0.96,0.19,0.23
PF00372,PF03722,6,7,5,1,2,1010,0.71,1.0,0.83,0.77,7,5,1,2,1010,0.71,1.0,0.83,0.77
PF03061,PF10457,31,7,4,27,3,984,0.57,0.97,0.13,0.26,7,4,27,3,984,0.57,0.97,0.13,0.26
PF12278,PF11671,0,0,0,0,0,1018,0,1.0,0,0,0,0,0,0,1018,0,1.0,0,0
PF06393,PF02941,2,1,0,2,1,1015,0.0,1.0,0.0,-0.0,1,0,2,1,1015,0.0,1.0,0.0,-0.0
PF16737,PF14061,1,6,1,0,5,1012,0.17,1.0,1.0,0.41,6,1,0,5,1012,0.17,1.0,1.0,0.41
PF02519,PF04535,12,5,2,10,3,1003,0.4,0.99,0.17,0.25,5,2,10,3,1003,0.4,0.99,0.17,0.25
PF13598,PF10212,7,4,2,5,2,1009,0.5,0.99,0.29,0.37,4,2,5,2,1009,0.5,0.99,0.29,0.37
PF07767,PF09751,12,7,4,8,3,1003,0.57,0.99,0.33,0.43,7,4,8,3,1003,0.57,0.99,0.33,0.43
PF02542,PF07080,3,3,1,2,2,1013,0.33,1.0,0.33,0.33,3,1,2,2,1013,0.33,1.0,0.33,0.33
PF04187,PF03759,1,7,0,1,7,1010,0.0,0.99,0.0,-0.0,7,0,1,7,1010,0.0,0.99,0.0,-0.0
PF06798,PF07499,0,2,0,0,2,1016,0.0,1.0,0,0,2,0,0,2,1016,0.0,1.0,0,0
PF15675,PF16007,1,1,0,1,1,1016,0.0,1.0,0.0,-0.0,1,0,1,1,1016,0.0,1.0,0.0,-0.0
PF05642,PF01810,2,8,0,2,8,1008,0.0,0.99,0.0,-0.0,8,0,2,8,1008,0.0,0.99,0.0,-0.0
PF11260,PF12042,0,0,0,0,0,1018,0,1.0,0,0,0,0,0,0,1018,0,1.0,0,0
PF00624,PF10528,0,2,0,0,2,1016,0.0,1.0,0,0,2,0,0,2,1016,0.0,1.0,0,0
PF16855,PF04101,0,13,0,0,13,1005,0.0,0.99,0,0,13,0,0,13,1005,0.0,0.99,0,0
PF10173,PF10217,5,1,0,5,1,1012,0.0,0.99,0.0,-0.0,1,0,5,1,1012,0.0,0.99,0.0,-0.0
PF11204,PF02028,9,1,0,9,1,1008,0.0,0.99,0.0,-0.0,1,0,9,1,1008,0.0,0.99,0.0,-0.0
PF15468,PF05840,3,0,0,3,0,1015,0,1.0,0.0,0,0,0,3,0,1015,0,1.0,0.0,0
PF02064,PF15811,10,7,3,7,4,1004,0.43,0.99,0.3,0.35,7,3,7,4,1004,0.43,0.99,0.3,0.35
PF09284,PF14683,8,17,8,0,9,1001,0.47,0.99,1.0,0.68,17,8,0,9,1001,0.47,0.99,1.0,0.68
PF11728,PF10559,0,8,0,0,8,1010,0.0,0.99,0,0,8,0,0,8,1010,0.0,0.99,0,0
PF08007,PF15249,16,9,2,14,7,995,0.22,0.98,0.12,0.16,9,2,14,7,995,0.22,0.98,0.12,0.16
PF04664,PF04090,1,2,0,1,2,1015,0.0,1.0,0.0,-0.0,2,0,1,2,1015,0.0,1.0,0.0,-0.0
PF06237,PF07786,3,5,0,3,5,1010,0.0,0.99,0.0,-0.0,5,0,3,5,1010,0.0,0.99,0.0,-0.0
PF16868,PF12477,2,0,0,2,0,1016,0,1.0,0.0,0,0,0,2,0,1016,0,1.0,0.0,0
PF06250,PF12161,2,2,2,0,0,1016,1.0,1.0,1.0,1.0,2,2,0,0,1016,1.0,1.0,1.0,1.0
PF04614,PF02681,7,5,1,6,4,1007,0.2,0.99,0.14,0.16,5,1,6,4,1007,0.2,0.99,0.14,0.16
PF05824,PF06875,2,0,0,2,0,1016,0,1.0,0.0,0,0,0,2,0,1016,0,1.0,0.0,0
PF15910,PF01279,0,2,0,0,2,1016,0.0,1.0,0,0,2,0,0,2,1016,0.0,1.0,0,0
PF11904,PF16553,9,1,1,8,0,1009,1.0,0.99,0.11,0.33,1,1,8,0,1009,1.0,0.99,0.11,0.33
PF14922,PF12948,4,0,0,4,0,1014,0,1.0,0.0,0,0,0,4,0,1014,0,1.0,0.0,0
PF10647,PF17005,3,1,1,2,0,1015,1.0,1.0,0.33,0.58,1,1,2,0,1015,1.0,1.0,0.33,0.58
PF06056,PF03553,1,1,0,1,1,1016,0.0,1.0,0.0,-0.0,1,0,1,1,1016,0.0,1.0,0.0,-0.0
PF12745,PF12063,7,9,2,5,7,1004,0.22,0.99,0.29,0.25,9,2,5,7,1004,0.22,0.99,0.29,0.25
PF08512,PF03531,18,10,10,8,0,1000,1.0,0.99,0.56,0.74,10,10,8,0,1000,1.0,0.99,0.56,0.74
PF01265,PF09468,17,9,3,14,6,995,0.33,0.98,0.18,0.23,9,3,14,6,995,0.33,0.98,0.18,0.23
PF09979,PF05164,0,0,0,0,0,1018,0,1.0,0,0,0,0,0,0,1018,0,1.0,0,0
PF00877,PF01810,2,8,0,2,8,1008,0.0,0.99,0.0,-0.0,8,0,2,8,1008,0.0,0.99,0.0,-0.0
PF11332,PF11268,0,0,0,0,0,1018,0,1.0,0,0,0,0,0,0,1018,0,1.0,0,0
PF02922,PF02806,16,20,13,3,7,995,0.65,0.99,0.81,0.72,20,13,3,7,995,0.65,0.99,0.81,0.72
PF02538,PF05378,26,28,26,0,2,990,0.93,1.0,1.0,0.96,28,26,0,2,990,0.93,1.0,1.0,0.96
PF14529,PF12009,45,6,1,44,5,968,0.17,0.95,0.02,0.05,6,1,44,5,968,0.17,0.95,0.02,0.05
PF15123,PF07458,0,0,0,0,0,1018,0,1.0,0,0,0,0,0,0,1018,0,1.0,0,0
PF07382,PF14600,3,0,0,3,0,1015,0,1.0,0.0,0,0,0,3,0,1015,0,1.0,0.0,0
PF02882,PF01268,30,13,12,18,1,987,0.92,0.98,0.4,0.6,13,12,18,1,987,0.92,0.98,0.4,0.6
PF03848,PF11751,0,0,0,0,0,1018,0,1.0,0,0,0,0,0,0,1018,0,1.0,0,0
PF00518,PF16886,1,16,1,0,15,1002,0.06,0.99,1.0,0.25,16,1,0,15,1002,0.06,0.99,1.0,0.25
PF05875,PF10455,19,3,0,19,3,996,0.0,0.98,0.0,-0.01,3,0,19,3,996,0.0,0.98,0.0,-0.01
PF01342,PF03172,8,4,4,4,0,1010,1.0,1.0,0.5,0.71,4,4,4,0,1010,1.0,1.0,0.5,0.71
PF09104,PF09103,1,6,1,0,5,1012,0.17,1.0,1.0,0.41,6,1,0,5,1012,0.17,1.0,1.0,0.41
PF12160,PF08702,3,3,3,0,0,1015,1.0,1.0,1.0,1.0,3,3,0,0,1015,1.0,1.0,1.0,1.0
PF15252,PF01415,0,2,0,0,2,1016,0.0,1.0,0,0,2,0,0,2,1016,0.0,1.0,0,0
PF07939,PF04367,2,2,1,1,1,1015,0.5,1.0,0.5,0.5,2,1,1,1,1015,0.5,1.0,0.5,0.5
PF15697,PF06533,4,1,1,3,0,1014,1.0,1.0,0.25,0.5,1,1,3,0,1014,1.0,1.0,0.25,0.5
PF00180,PF00255,37,19,5,32,14,967,0.26,0.95,0.14,0.17,19,5,32,14,967,0.26,0.95,0.14,0.17
PF10244,PF14935,8,2,1,7,1,1009,0.5,0.99,0.12,0.25,2,1,7,1,1009,0.5,0.99,0.12,0.25
PF11044,PF15207,0,1,0,0,1,1017,0.0,1.0,0,0,1,0,0,1,1017,0.0,1.0,0,0
PF06227,PF15775,0,0,0,0,0,1018,0,1.0,0,0,0,0,0,0,1018,0,1.0,0,0
PF07720,PF07721,7,6,3,4,3,1008,0.5,0.99,0.43,0.46,6,3,4,3,1008,0.5,0.99,0.43,0.46
PF00793,PF08584,12,4,0,12,4,1002,0.0,0.98,0.0,-0.01,4,0,12,4,1002,0.0,0.98,0.0,-0.01
PF06201,PF15928,18,1,1,17,0,1000,1.0,0.98,0.06,0.23,1,1,17,0,1000,1.0,0.98,0.06,0.23
PF10397,PF08328,15,2,0,15,2,1001,0.0,0.98,0.0,-0.01,2,0,15,2,1001,0.0,0.98,0.0,-0.01
PF16201,PF11707,3,2,2,1,0,1015,1.0,1.0,0.67,0.82,2,2,1,0,1015,1.0,1.0,0.67,0.82
PF17180,PF13696,3,10,2,1,8,1007,0.2,0.99,0.67,0.36,10,2,1,8,1007,0.2,0.99,0.67,0.36
PF04255,PF05736,0,0,0,0,0,1018,0,1.0,0,0,0,0,0,0,1018,0,1.0,0,0
PF03960,PF15114,1,0,0,1,0,1017,0,1.0,0.0,0,0,0,1,0,1017,0,1.0,0.0,0
PF12287,PF00386,1,24,0,1,24,993,0.0,0.98,0.0,-0.0,24,0,1,24,993,0.0,0.98,0.0,-0.0
PF05109,PF03729,0,0,0,0,0,1018,0,1.0,0,0,0,0,0,0,1018,0,1.0,0,0
PF01021,PF13929,1,0,0,1,0,1017,0,1.0,0.0,0,0,0,1,0,1017,0,1.0,0.0,0
PF12828,PF12825,4,7,4,0,3,1011,0.57,1.0,1.0,0.75,7,4,0,3,1011,0.57,1.0,1.0,0.75
PF03474,PF08828,2,1,1,1,0,1016,1.0,1.0,0.5,0.71,1,1,1,0,1016,1.0,1.0,0.5,0.71
PF14080,PF01466,0,26,0,0,26,992,0.0,0.97,0,0,26,0,0,26,992,0.0,0.97,0,0
PF02468,PF15172,0,1,0,0,1,1017,0.0,1.0,0,0,1,0,0,1,1017,0.0,1.0,0,0
PF09311,PF03528,6,5,5,1,0,1012,1.0,1.0,0.83,0.91,5,5,1,0,1012,1.0,1.0,0.83,0.91
PF08084,PF12134,13,17,13,0,4,1001,0.76,1.0,1.0,0.87,17,13,0,4,1001,0.76,1.0,1.0,0.87
PF00228,PF04916,4,9,3,1,6,1008,0.33,0.99,0.75,0.5,9,3,1,6,1008,0.33,0.99,0.75,0.5
PF08508,PF06485,2,4,0,2,4,1012,0.0,0.99,0.0,-0.0,4,0,2,4,1012,0.0,0.99,0.0,-0.0
PF15052,PF02425,3,0,0,3,0,1015,0,1.0,0.0,0,0,0,3,0,1015,0,1.0,0.0,0
PF06316,PF00849,0,40,0,0,40,978,0.0,0.96,0,0,40,0,0,40,978,0.0,0.96,0,0
PF11095,PF05014,6,3,0,6,3,1009,0.0,0.99,0.0,-0.0,3,0,6,3,1009,0.0,0.99,0.0,-0.0
PF06652,PF02793,3,20,2,1,18,997,0.1,0.98,0.67,0.25,20,2,1,18,997,0.1,0.98,0.67,0.25
PF13310,PF01420,2,2,2,0,0,1016,1.0,1.0,1.0,1.0,2,2,0,0,1016,1.0,1.0,1.0,1.0
PF06090,PF05757,12,2,1,11,1,1005,0.5,0.99,0.08,0.2,2,1,11,1,1005,0.5,0.99,0.08,0.2
PF06017,PF00063,22,73,20,2,53,943,0.27,0.95,0.91,0.48,73,20,2,53,943,0.27,0.95,0.91,0.48
PF09837,PF04138,1,0,0,1,0,1017,0,1.0,0.0,0,0,0,1,0,1017,0,1.0,0.0,0
PF15588,PF05448,0,2,0,0,2,1016,0.0,1.0,0,0,2,0,0,2,1016,0.0,1.0,0,0
PF00193,PF09291,10,0,0,10,0,1008,0,0.99,0.0,0,0,0,10,0,1008,0,0.99,0.0,0
PF11025,PF02915,0,2,0,0,2,1016,0.0,1.0,0,0,2,0,0,2,1016,0.0,1.0,0,0
PF12340,PF12359,8,8,8,0,0,1010,1.0,1.0,1.0,1.0,8,8,0,0,1010,1.0,1.0,1.0,1.0
PF08521,PF00672,3,21,3,0,18,997,0.14,0.98,1.0,0.37,21,3,0,18,997,0.14,0.98,1.0,0.37
PF16056,PF11618,3,4,1,2,3,1012,0.25,1.0,0.33,0.29,4,1,2,3,1012,0.25,1.0,0.33,0.29
PF08449,PF00827,29,14,7,22,7,982,0.5,0.97,0.24,0.33,14,7,22,7,982,0.5,0.97,0.24,0.33
PF08703,PF03490,4,1,0,4,1,1013,0.0,1.0,0.0,-0.0,1,0,4,1,1013,0.0,1.0,0.0,-0.0
PF06566,PF06567,1,1,1,0,0,1017,1.0,1.0,1.0,1.0,1,1,0,0,1017,1.0,1.0,1.0,1.0
PF07059,PF10457,7,7,2,5,5,1006,0.29,0.99,0.29,0.28,7,2,5,5,1006,0.29,0.99,0.29,0.28
PF16990,PF02156,7,7,7,0,0,1011,1.0,1.0,1.0,1.0,7,7,0,0,1011,1.0,1.0,1.0,1.0
PF04161,PF06172,13,0,0,13,0,1005,0,0.99,0.0,0,0,0,13,0,1005,0,0.99,0.0,0
PF04994,PF05229,0,0,0,0,0,1018,0,1.0,0,0,0,0,0,0,1018,0,1.0,0,0
PF12240,PF15248,1,5,0,1,5,1012,0.0,0.99,0.0,-0.0,5,0,1,5,1012,0.0,0.99,0.0,-0.0
PF03652,PF00537,5,1,0,5,1,1012,0.0,0.99,0.0,-0.0,1,0,5,1,1012,0.0,0.99,0.0,-0.0
PF03416,PF04831,21,4,2,19,2,995,0.5,0.98,0.1,0.21,4,2,19,2,995,0.5,0.98,0.1,0.21
PF08104,PF13368,0,6,0,0,6,1012,0.0,0.99,0,0,6,0,0,6,1012,0.0,0.99,0,0
PF11578,PF14612,12,1,0,12,1,1005,0.0,0.99,0.0,-0.0,1,0,12,1,1005,0.0,0.99,0.0,-0.0
PF15908,PF10481,5,4,0,5,4,1009,0.0,0.99,0.0,-0.0,4,0,5,4,1009,0.0,0.99,0.0,-0.0
PF15746,PF15480,0,1,0,0,1,1017,0.0,1.0,0,0,1,0,0,1,1017,0.0,1.0,0,0
PF05741,PF07939,8,2,1,7,1,1009,0.5,0.99,0.12,0.25,2,1,7,1,1009,0.5,0.99,0.12,0.25
PF05264,PF11529,0,0,0,0,0,1018,0,1.0,0,0,0,0,0,0,1018,0,1.0,0,0
PF08407,PF15489,16,3,1,15,2,1000,0.33,0.98,0.06,0.14,3,1,15,2,1000,0.33,0.98,0.06,0.14
PF03242,PF03386,0,0,0,0,0,1018,0,1.0,0,0,0,0,0,0,1018,0,1.0,0,0
PF04931,PF10257,13,11,3,10,8,997,0.27,0.98,0.23,0.24,11,3,10,8,997,0.27,0.98,0.23,0.24
PF12510,PF15147,1,1,1,0,0,1017,1.0,1.0,1.0,1.0,1,1,0,0,1017,1.0,1.0,1.0,1.0
PF07822,PF04811,1,26,0,1,26,991,0.0,0.97,0.0,-0.01,26,0,1,26,991,0.0,0.97,0.0,-0.01
PF08908,PF04289,0,0,0,0,0,1018,0,1.0,0,0,0,0,0,0,1018,0,1.0,0,0
PF16213,PF16206,22,8,7,15,1,995,0.88,0.98,0.32,0.52,8,7,15,1,995,0.88,0.98,0.32,0.52
PF13994,PF17029,0,0,0,0,0,1018,0,1.0,0,0,0,0,0,0,1018,0,1.0,0,0
PF06936,PF14340,5,2,2,3,0,1013,1.0,1.0,0.4,0.63,2,2,3,0,1013,1.0,1.0,0.4,0.63
PF06783,PF00995,2,31,2,0,29,987,0.06,0.97,1.0,0.25,31,2,0,29,987,0.06,0.97,1.0,0.25
PF09500,PF11750,0,0,0,0,0,1018,0,1.0,0,0,0,0,0,0,1018,0,1.0,0,0
PF03991,PF07276,0,0,0,0,0,1018,0,1.0,0,0,0,0,0,0,1018,0,1.0,0,0
PF07449,PF15928,0,1,0,0,1,1017,0.0,1.0,0,0,1,0,0,1,1017,0.0,1.0,0,0
PF12030,PF16674,4,1,1,3,0,1014,1.0,1.0,0.25,0.5,1,1,3,0,1014,1.0,1.0,0.25,0.5
PF13877,PF15867,7,5,3,4,2,1009,0.6,0.99,0.43,0.5,5,3,4,2,1009,0.6,0.99,0.43,0.5
PF10589,PF10531,7,13,5,2,8,1003,0.38,0.99,0.71,0.52,13,5,2,8,1003,0.38,0.99,0.71,0.52
PF03912,PF02427,0,0,0,0,0,1018,0,1.0,0,0,0,0,0,0,1018,0,1.0,0,0
PF04830,PF09861,0,0,0,0,0,1018,0,1.0,0,0,0,0,0,0,1018,0,1.0,0,0
PF06883,PF10385,5,4,2,3,2,1011,0.5,1.0,0.4,0.44,4,2,3,2,1011,0.5,1.0,0.4,0.44
PF03676,PF02312,11,2,1,10,1,1006,0.5,0.99,0.09,0.21,2,1,10,1,1006,0.5,0.99,0.09,0.21
PF16621,PF08944,2,2,2,0,0,1016,1.0,1.0,1.0,1.0,2,2,0,0,1016,1.0,1.0,1.0,1.0
PF01726,PF16965,1,1,0,1,1,1016,0.0,1.0,0.0,-0.0,1,0,1,1,1016,0.0,1.0,0.0,-0.0
PF01073,PF02453,21,14,4,17,10,987,0.29,0.97,0.19,0.22,14,4,17,10,987,0.29,0.97,0.19,0.22
PF02924,PF05309,0,1,0,0,1,1017,0.0,1.0,0,0,1,0,0,1,1017,0.0,1.0,0,0
PF03765,PF13897,24,8,4,20,4,990,0.5,0.98,0.17,0.28,8,4,20,4,990,0.5,0.98,0.17,0.28
PF11306,PF09922,0,0,0,0,0,1018,0,1.0,0,0,0,0,0,0,1018,0,1.0,0,0
PF00860,PF04724,31,6,2,29,4,983,0.33,0.97,0.06,0.14,6,2,29,4,983,0.33,0.97,0.06,0.14
PF05565,PF06819,0,0,0,0,0,1018,0,1.0,0,0,0,0,0,0,1018,0,1.0,0,0
PF04351,PF11741,0,0,0,0,0,1018,0,1.0,0,0,0,0,0,0,1018,0,1.0,0,0
PF10484,PF14864,12,4,1,11,3,1003,0.25,0.99,0.08,0.14,4,1,11,3,1003,0.25,0.99,0.08,0.14
PF03630,PF01937,14,17,6,8,11,993,0.35,0.98,0.43,0.38,17,6,8,11,993,0.35,0.98,0.43,0.38
PF04129,PF14800,18,4,2,16,2,998,0.5,0.98,0.11,0.23,4,2,16,2,998,0.5,0.98,0.11,0.23
PF06764,PF00737,0,1,0,0,1,1017,0.0,1.0,0,0,1,0,0,1,1017,0.0,1.0,0,0
PF16545,PF03823,7,3,1,6,2,1009,0.33,0.99,0.14,0.21,3,1,6,2,1009,0.33,0.99,0.14,0.21
PF12437,PF16952,2,2,1,1,1,1015,0.5,1.0,0.5,0.5,2,1,1,1,1015,0.5,1.0,0.5,0.5
PF04181,PF08733,8,2,0,8,2,1008,0.0,0.99,0.0,-0.0,2,0,8,2,1008,0.0,0.99,0.0,-0.0
PF16983,PF02219,4,8,0,4,8,1006,0.0,0.99,0.0,-0.01,8,0,4,8,1006,0.0,0.99,0.0,-0.01
PF03604,PF06373,10,0,0,10,0,1008,0,0.99,0.0,0,0,0,10,0,1008,0,0.99,0.0,0
PF11929,PF09372,3,1,1,2,0,1015,1.0,1.0,0.33,0.58,1,1,2,0,1015,1.0,1.0,0.33,0.58
PF14644,PF14643,3,5,3,0,2,1013,0.6,1.0,1.0,0.77,5,3,0,2,1013,0.6,1.0,1.0,0.77
PF01229,PF04253,4,15,1,3,14,1000,0.07,0.98,0.25,0.12,15,1,3,14,1000,0.07,0.98,0.25,0.12
PF04816,PF16824,1,0,0,1,0,1017,0,1.0,0.0,0,0,0,1,0,1017,0,1.0,0.0,0
PF07794,PF02740,0,1,0,0,1,1017,0.0,1.0,0,0,1,0,0,1,1017,0.0,1.0,0,0
PF07565,PF00955,7,20,7,0,13,998,0.35,0.99,1.0,0.59,20,7,0,13,998,0.35,0.99,1.0,0.59
PF00543,PF11264,4,1,1,3,0,1014,1.0,1.0,0.25,0.5,1,1,3,0,1014,1.0,1.0,0.25,0.5
PF14666,PF14663,10,11,10,0,1,1007,0.91,1.0,1.0,0.95,11,10,0,1,1007,0.91,1.0,1.0,0.95
PF10037,PF10167,3,5,0,3,5,1010,0.0,0.99,0.0,-0.0,5,0,3,5,1010,0.0,0.99,0.0,-0.0
PF00379,PF15323,32,2,1,31,1,985,0.5,0.97,0.03,0.12,2,1,31,1,985,0.5,0.97,0.03,0.12
PF04554,PF03466,1,9,0,1,9,1008,0.0,0.99,0.0,-0.0,9,0,1,9,1008,0.0,0.99,0.0,-0.0
PF07574,PF08746,13,8,8,5,0,1005,1.0,1.0,0.62,0.78,8,8,5,0,1005,1.0,1.0,0.62,0.78
PF03097,PF13949,33,22,21,12,1,984,0.95,0.99,0.64,0.77,22,21,12,1,984,0.95,0.99,0.64,0.77
PF15316,PF12328,2,4,0,2,4,1012,0.0,0.99,0.0,-0.0,4,0,2,4,1012,0.0,0.99,0.0,-0.0
PF12834,PF15762,0,0,0,0,0,1018,0,1.0,0,0,0,0,0,0,1018,0,1.0,0,0
PF02492,PF07683,19,12,11,8,1,998,0.92,0.99,0.58,0.72,12,11,8,1,998,0.92,0.99,0.58,0.72
PF01029,PF17125,5,10,2,3,8,1005,0.2,0.99,0.4,0.28,10,2,3,8,1005,0.2,0.99,0.4,0.28
PF02325,PF14610,1,3,0,1,3,1014,0.0,1.0,0.0,-0.0,3,0,1,3,1014,0.0,1.0,0.0,-0.0
PF12077,PF12628,0,0,0,0,0,1018,0,1.0,0,0,0,0,0,0,1018,0,1.0,0,0
PF04617,PF10525,1,4,1,0,3,1014,0.25,1.0,1.0,0.5,4,1,0,3,1014,0.25,1.0,1.0,0.5
PF13269,PF15518,0,1,0,0,1,1017,0.0,1.0,0,0,1,0,0,1,1017,0.0,1.0,0,0
PF07042,PF06433,0,3,0,0,3,1015,0.0,1.0,0,0,3,0,0,3,1015,0.0,1.0,0,0
PF12156,PF09040,2,5,2,0,3,1013,0.4,1.0,1.0,0.63,5,2,0,3,1013,0.4,1.0,1.0,0.63
PF00842,PF14031,0,7,0,0,7,1011,0.0,0.99,0,0,7,0,0,7,1011,0.0,0.99,0,0
PF10272,PF10148,4,4,1,3,3,1011,0.25,0.99,0.25,0.25,4,1,3,3,1011,0.25,0.99,0.25,0.25
PF14311,PF14743,2,3,2,0,1,1015,0.67,1.0,1.0,0.82,3,2,0,1,1015,0.67,1.0,1.0,0.82
PF06708,PF05014,2,3,1,1,2,1014,0.33,1.0,0.5,0.41,3,1,1,2,1014,0.33,1.0,0.5,0.41
PF12923,PF13865,14,11,6,8,5,999,0.55,0.99,0.43,0.48,11,6,8,5,999,0.55,0.99,0.43,0.48
PF00250,PF16159,45,4,4,41,0,973,1.0,0.96,0.09,0.29,4,4,41,0,973,1.0,0.96,0.09,0.29
PF02500,PF13505,0,0,0,0,0,1018,0,1.0,0,0,0,0,0,0,1018,0,1.0,0,0
PF10210,PF02237,6,3,0,6,3,1009,0.0,0.99,0.0,-0.0,3,0,6,3,1009,0.0,0.99,0.0,-0.0
PF15185,PF05840,2,0,0,2,0,1016,0,1.0,0.0,0,0,0,2,0,1016,0,1.0,0.0,0
PF00446,PF00159,3,2,1,2,1,1014,0.5,1.0,0.33,0.41,2,1,2,1,1014,0.5,1.0,0.33,0.41
PF09372,PF09310,1,0,0,1,0,1017,0,1.0,0.0,0,0,0,1,0,1017,0,1.0,0.0,0
PF15741,PF17085,1,0,0,1,0,1017,0,1.0,0.0,0,0,0,1,0,1017,0,1.0,0.0,0
PF15020,PF14961,6,0,0,6,0,1012,0,0.99,0.0,0,0,0,6,0,1012,0,0.99,0.0,0
PF07916,PF12255,0,0,0,0,0,1018,0,1.0,0,0,0,0,0,0,1018,0,1.0,0,0
PF11217,PF08021,2,0,0,2,0,1016,0,1.0,0.0,0,0,0,2,0,1016,0,1.0,0.0,0
PF12731,PF12737,1,1,1,0,0,1017,1.0,1.0,1.0,1.0,1,1,0,0,1017,1.0,1.0,1.0,1.0
PF02885,PF07831,6,2,2,4,0,1012,1.0,1.0,0.33,0.58,2,2,4,0,1012,1.0,1.0,0.33,0.58
PF04865,PF08479,0,0,0,0,0,1018,0,1.0,0,0,0,0,0,0,1018,0,1.0,0,0
PF00627,PF08585,51,13,6,45,7,960,0.46,0.95,0.12,0.21,13,6,45,7,960,0.46,0.95,0.12,0.21
PF08531,PF05592,13,20,13,0,7,998,0.65,0.99,1.0,0.8,20,13,0,7,998,0.65,0.99,1.0,0.8
PF12934,PF12933,0,0,0,0,0,1018,0,1.0,0,0,0,0,0,0,1018,0,1.0,0,0
PF11641,PF12827,0,0,0,0,0,1018,0,1.0,0,0,0,0,0,0,1018,0,1.0,0,0
PF17123,PF14624,17,8,7,10,1,1000,0.88,0.99,0.41,0.6,8,7,10,1,1000,0.88,0.99,0.41,0.6
PF07488,PF07477,4,4,4,0,0,1014,1.0,1.0,1.0,1.0,4,4,0,0,1014,1.0,1.0,1.0,1.0
PF08577,PF10573,3,3,0,3,3,1012,0.0,0.99,0.0,-0.0,3,0,3,3,1012,0.0,0.99,0.0,-0.0
PF14846,PF12297,3,0,0,3,0,1015,0,1.0,0.0,0,0,0,3,0,1015,0,1.0,0.0,0
PF01401,PF16959,12,2,2,10,0,1006,1.0,0.99,0.17,0.41,2,2,10,0,1006,1.0,0.99,0.17,0.41
PF00769,PF09766,10,9,4,6,5,1003,0.44,0.99,0.4,0.42,9,4,6,5,1003,0.44,0.99,0.4,0.42
PF01750,PF07317,2,0,0,2,0,1016,0,1.0,0.0,0,0,0,2,0,1016,0,1.0,0.0,0
PF11318,PF10782,0,0,0,0,0,1018,0,1.0,0,0,0,0,0,0,1018,0,1.0,0,0
PF07676,PF02897,23,15,4,19,11,984,0.27,0.97,0.17,0.2,15,4,19,11,984,0.27,0.97,0.17,0.2
PF03894,PF09363,2,2,2,0,0,1016,1.0,1.0,1.0,1.0,2,2,0,0,1016,1.0,1.0,1.0,1.0
PF07930,PF11954,1,5,0,1,5,1012,0.0,0.99,0.0,-0.0,5,0,1,5,1012,0.0,0.99,0.0,-0.0
PF04485,PF15212,0,0,0,0,0,1018,0,1.0,0,0,0,0,0,0,1018,0,1.0,0,0
PF07171,PF07364,3,3,3,0,0,1015,1.0,1.0,1.0,1.0,3,3,0,0,1015,1.0,1.0,1.0,1.0
PF16095,PF08477,19,30,16,3,14,985,0.53,0.98,0.84,0.66,30,16,3,14,985,0.53,0.98,0.84,0.66
PF14828,PF14799,4,6,1,3,5,1009,0.17,0.99,0.25,0.2,6,1,3,5,1009,0.17,0.99,0.25,0.2
PF04068,PF00037,20,16,12,8,4,994,0.75,0.99,0.6,0.67,16,12,8,4,994,0.75,0.99,0.6,0.67
PF07359,PF10974,0,0,0,0,0,1018,0,1.0,0,0,0,0,0,0,1018,0,1.0,0,0
PF09825,PF02237,2,3,1,1,2,1014,0.33,1.0,0.5,0.41,3,1,1,2,1014,0.33,1.0,0.5,0.41
PF04759,PF04367,4,2,0,4,2,1012,0.0,0.99,0.0,-0.0,2,0,4,2,1012,0.0,0.99,0.0,-0.0
PF13612,PF11751,3,0,0,3,0,1015,0,1.0,0.0,0,0,0,3,0,1015,0,1.0,0.0,0
PF08374,PF16492,1,2,1,0,1,1016,0.5,1.0,1.0,0.71,2,1,0,1,1016,0.5,1.0,1.0,0.71
PF12280,PF08561,5,5,1,4,4,1009,0.2,0.99,0.2,0.2,5,1,4,4,1009,0.2,0.99,0.2,0.2
PF10234,PF09755,3,4,0,3,4,1011,0.0,0.99,0.0,-0.0,4,0,3,4,1011,0.0,0.99,0.0,-0.0
PF14099,PF12716,1,0,0,1,0,1017,0,1.0,0.0,0,0,0,1,0,1017,0,1.0,0.0,0
PF06440,PF06209,2,2,0,2,2,1014,0.0,1.0,0.0,-0.0,2,0,2,2,1014,0.0,1.0,0.0,-0.0
PF01536,PF08132,9,2,1,8,1,1008,0.5,0.99,0.11,0.23,2,1,8,1,1008,0.5,0.99,0.11,0.23
PF02789,PF00883,18,26,17,1,9,991,0.65,0.99,0.94,0.78,26,17,1,9,991,0.65,0.99,0.94,0.78
PF08040,PF15664,1,0,0,1,0,1017,0,1.0,0.0,0,0,0,1,0,1017,0,1.0,0.0,0
PF01306,PF01292,0,6,0,0,6,1012,0.0,0.99,0,0,6,0,0,6,1012,0.0,0.99,0,0
PF14975,PF04142,5,21,4,1,17,996,0.19,0.98,0.8,0.39,21,4,1,17,996,0.19,0.98,0.8,0.39
PF01168,PF14031,15,7,7,8,0,1003,1.0,0.99,0.47,0.68,7,7,8,0,1003,1.0,0.99,0.47,0.68
PF16658,PF09173,1,5,1,0,4,1013,0.2,1.0,1.0,0.45,5,1,0,4,1013,0.2,1.0,1.0,0.45
PF02560,PF09424,5,6,1,4,5,1008,0.17,0.99,0.2,0.18,6,1,4,5,1008,0.17,0.99,0.2,0.18
PF15102,PF16649,3,1,0,3,1,1014,0.0,1.0,0.0,-0.0,1,0,3,1,1014,0.0,1.0,0.0,-0.0
PF00370,PF02782,42,38,33,9,5,971,0.87,0.99,0.79,0.82,38,33,9,5,971,0.87,0.99,0.79,0.82
PF06761,PF03241,0,0,0,0,0,1018,0,1.0,0,0,0,0,0,0,1018,0,1.0,0,0
PF14066,PF03742,0,1,0,0,1,1017,0.0,1.0,0,0,1,0,0,1,1017,0.0,1.0,0,0
PF02428,PF15302,2,0,0,2,0,1016,0,1.0,0.0,0,0,0,2,0,1016,0,1.0,0.0,0
PF10044,PF12585,0,2,0,0,2,1016,0.0,1.0,0,0,2,0,0,2,1016,0.0,1.0,0,0
PF01151,PF00048,11,13,5,6,8,999,0.38,0.99,0.45,0.41,13,5,6,8,999,0.38,0.99,0.45,0.41
PF00550,PF08659,68,41,37,31,4,946,0.9,0.97,0.54,0.69,41,37,31,4,946,0.9,0.97,0.54,0.69
PF17169,PF09050,0,0,0,0,0,1018,0,1.0,0,0,0,0,0,0,1018,0,1.0,0,0
PF10754,PF14886,0,4,0,0,4,1014,0.0,1.0,0,0,4,0,0,4,1014,0.0,1.0,0,0
PF14312,PF03382,2,3,0,2,3,1013,0.0,1.0,0.0,-0.0,3,0,2,3,1013,0.0,1.0,0.0,-0.0
PF11591,PF03475,2,6,2,0,4,1012,0.33,1.0,1.0,0.58,6,2,0,4,1012,0.33,1.0,1.0,0.58
PF16358,PF10554,0,0,0,0,0,1018,0,1.0,0,0,0,0,0,0,1018,0,1.0,0,0
PF13898,PF15019,9,1,0,9,1,1008,0.0,0.99,0.0,-0.0,1,0,9,1,1008,0.0,0.99,0.0,-0.0
PF13493,PF07730,0,7,0,0,7,1011,0.0,0.99,0,0,7,0,0,7,1011,0.0,0.99,0,0
PF03981,PF13225,7,3,1,6,2,1009,0.33,0.99,0.14,0.21,3,1,6,2,1009,0.33,0.99,0.14,0.21
PF08073,PF06465,12,11,10,2,1,1005,0.91,1.0,0.83,0.87,11,10,2,1,1005,0.91,1.0,0.83,0.87
PF00150,PF10503,49,10,3,46,7,962,0.3,0.95,0.06,0.12,10,3,46,7,962,0.3,0.95,0.06,0.12
PF09845,PF06136,0,6,0,0,6,1012,0.0,0.99,0,0,6,0,0,6,1012,0.0,0.99,0,0
PF01592,PF01774,10,7,1,9,6,1002,0.14,0.99,0.1,0.11,7,1,9,6,1002,0.14,0.99,0.1,0.11
PF13364,PF13363,10,5,5,5,0,1008,1.0,1.0,0.5,0.71,5,5,5,0,1008,1.0,1.0,0.5,0.71
PF15760,PF04691,0,1,0,0,1,1017,0.0,1.0,0,0,1,0,0,1,1017,0.0,1.0,0,0
PF16501,PF11500,0,1,0,0,1,1017,0.0,1.0,0,0,1,0,0,1,1017,0.0,1.0,0,0
PF10476,PF05177,0,4,0,0,4,1014,0.0,1.0,0,0,4,0,0,4,1014,0.0,1.0,0,0
PF00491,PF13023,19,9,6,13,3,996,0.67,0.98,0.32,0.45,9,6,13,3,996,0.67,0.98,0.32,0.45
PF01571,PF08669,26,25,22,4,3,989,0.88,0.99,0.85,0.86,25,22,4,3,989,0.88,0.99,0.85,0.86
PF09431,PF07815,10,8,2,8,6,1002,0.25,0.99,0.2,0.22,8,2,8,6,1002,0.25,0.99,0.2,0.22
PF07991,PF01450,8,11,8,0,3,1007,0.73,1.0,1.0,0.85,11,8,0,3,1007,0.73,1.0,1.0,0.85
PF09950,PF04917,0,1,0,0,1,1017,0.0,1.0,0,0,1,0,0,1,1017,0.0,1.0,0,0
PF15685,PF10856,0,0,0,0,0,1018,0,1.0,0,0,0,0,0,0,1018,0,1.0,0,0
PF16744,PF13864,1,6,0,1,6,1011,0.0,0.99,0.0,-0.0,6,0,1,6,1011,0.0,0.99,0.0,-0.0
PF00053,PF00028,38,48,22,16,26,954,0.46,0.96,0.58,0.49,48,22,16,26,954,0.46,0.96,0.58,0.49
PF10151,PF01959,6,3,1,5,2,1010,0.33,0.99,0.17,0.23,3,1,5,2,1010,0.33,0.99,0.17,0.23
PF15160,PF05418,0,1,0,0,1,1017,0.0,1.0,0,0,1,0,0,1,1017,0.0,1.0,0,0
PF05676,PF01279,7,2,0,7,2,1009,0.0,0.99,0.0,-0.0,2,0,7,2,1009,0.0,0.99,0.0,-0.0
PF00570,PF09382,30,17,16,14,1,987,0.94,0.99,0.53,0.7,17,16,14,1,987,0.94,0.99,0.53,0.7
PF15136,PF11435,2,1,0,2,1,1015,0.0,1.0,0.0,-0.0,1,0,2,1,1015,0.0,1.0,0.0,-0.0
PF03245,PF15380,0,0,0,0,0,1018,0,1.0,0,0,0,0,0,0,1018,0,1.0,0,0
PF10200,PF03073,5,2,0,5,2,1011,0.0,0.99,0.0,-0.0,2,0,5,2,1011,0.0,0.99,0.0,-0.0
PF07727,PF13976,121,60,50,71,10,887,0.83,0.92,0.41,0.55,60,50,71,10,887,0.83,0.92,0.41,0.55
PF02928,PF02375,10,19,10,0,9,999,0.53,0.99,1.0,0.72,19,10,0,9,999,0.53,0.99,1.0,0.72
PF13164,PF06039,2,2,1,1,1,1015,0.5,1.0,0.5,0.5,2,1,1,1,1015,0.5,1.0,0.5,0.5
PF00209,PF03491,39,2,2,37,0,979,1.0,0.96,0.05,0.22,2,2,37,0,979,1.0,0.96,0.05,0.22
PF08547,PF13460,15,49,10,5,39,964,0.2,0.96,0.67,0.35,49,10,5,39,964,0.2,0.96,0.67,0.35
PF05624,PF14909,1,4,0,1,4,1013,0.0,1.0,0.0,-0.0,4,0,1,4,1013,0.0,1.0,0.0,-0.0
PF09445,PF12237,11,4,2,9,2,1005,0.5,0.99,0.18,0.3,4,2,9,2,1005,0.5,0.99,0.18,0.3
PF06594,PF10554,1,0,0,1,0,1017,0,1.0,0.0,0,0,0,1,0,1017,0,1.0,0.0,0
PF09008,PF15518,0,1,0,0,1,1017,0.0,1.0,0,0,1,0,0,1,1017,0.0,1.0,0,0
PF04692,PF14554,1,2,1,0,1,1016,0.5,1.0,1.0,0.71,2,1,0,1,1016,0.5,1.0,1.0,0.71
PF00239,PF13408,3,2,2,1,0,1015,1.0,1.0,0.67,0.82,2,2,1,0,1015,1.0,1.0,0.67,0.82
PF02179,PF09055,17,5,2,15,3,998,0.4,0.98,0.12,0.21,5,2,15,3,998,0.4,0.98,0.12,0.21
PF01166,PF15910,6,0,0,6,0,1012,0,0.99,0.0,0,0,0,6,0,1012,0,0.99,0.0,0
PF09323,PF03123,0,2,0,0,2,1016,0.0,1.0,0,0,2,0,0,2,1016,0.0,1.0,0,0
PF02686,PF10181,7,3,1,6,2,1009,0.33,0.99,0.14,0.21,3,1,6,2,1009,0.33,0.99,0.14,0.21
PF09730,PF16516,5,5,0,5,5,1008,0.0,0.99,0.0,-0.0,5,0,5,5,1008,0.0,0.99,0.0,-0.0
PF04937,PF14372,20,21,9,11,12,986,0.43,0.98,0.45,0.43,21,9,11,12,986,0.43,0.98,0.45,0.43
PF13186,PF13597,13,4,2,11,2,1003,0.5,0.99,0.15,0.27,4,2,11,2,1003,0.5,0.99,0.15,0.27
PF15739,PF07989,5,13,1,4,12,1001,0.08,0.98,0.2,0.12,13,1,4,12,1001,0.08,0.98,0.2,0.12
PF06119,PF03782,15,12,10,5,2,1001,0.83,0.99,0.67,0.74,12,10,5,2,1001,0.83,0.99,0.67,0.74
PF01113,PF05173,8,5,5,3,0,1010,1.0,1.0,0.62,0.79,5,5,3,0,1010,1.0,1.0,0.62,0.79
PF08386,PF04083,18,28,4,14,24,976,0.14,0.96,0.22,0.16,28,4,14,24,976,0.14,0.96,0.22,0.16
PF11989,PF06248,1,9,1,0,8,1009,0.11,0.99,1.0,0.33,9,1,0,8,1009,0.11,0.99,1.0,0.33
PF06346,PF06345,3,4,2,1,2,1013,0.5,1.0,0.67,0.58,4,2,1,2,1013,0.5,1.0,0.67,0.58
PF08903,PF05138,0,0,0,0,0,1018,0,1.0,0,0,0,0,0,0,1018,0,1.0,0,0
PF15293,PF15068,1,1,0,1,1,1016,0.0,1.0,0.0,-0.0,1,0,1,1,1016,0.0,1.0,0.0,-0.0
PF03871,PF01191,12,10,10,2,0,1006,1.0,1.0,0.83,0.91,10,10,2,0,1006,1.0,1.0,0.83,0.91
PF07584,PF01208,0,12,0,0,12,1006,0.0,0.99,0,0,12,0,0,12,1006,0.0,0.99,0,0
PF03639,PF02015,12,7,3,9,4,1002,0.43,0.99,0.25,0.32,7,3,9,4,1002,0.43,0.99,0.25,0.32
PF07759,PF00040,0,20,0,0,20,998,0.0,0.98,0,0,20,0,0,20,998,0.0,0.98,0,0
PF07428,PF03553,0,1,0,0,1,1017,0.0,1.0,0,0,1,0,0,1,1017,0.0,1.0,0,0
PF01410,PF01391,15,74,10,5,64,939,0.14,0.93,0.67,0.28,74,10,5,64,939,0.14,0.93,0.67,0.28
PF15034,PF08501,0,17,0,0,17,1001,0.0,0.98,0,0,17,0,0,17,1001,0.0,0.98,0,0
PF12805,PF08497,0,0,0,0,0,1018,0,1.0,0,0,0,0,0,0,1018,0,1.0,0,0
PF13901,PF08399,24,10,7,17,3,991,0.7,0.98,0.29,0.44,10,7,17,3,991,0.7,0.98,0.29,0.44
PF06427,PF01501,10,42,8,2,34,974,0.19,0.96,0.8,0.38,42,8,2,34,974,0.19,0.96,0.8,0.38
PF01590,PF00233,35,21,12,23,9,974,0.57,0.97,0.34,0.43,21,12,23,9,974,0.57,0.97,0.34,0.43
PF07101,PF03917,0,8,0,0,8,1010,0.0,0.99,0,0,8,0,0,8,1010,0.0,0.99,0,0
PF12177,PF05494,2,1,0,2,1,1015,0.0,1.0,0.0,-0.0,1,0,2,1,1015,0.0,1.0,0.0,-0.0
PF12129,PF07001,4,5,0,4,5,1009,0.0,0.99,0.0,-0.0,5,0,4,5,1009,0.0,0.99,0.0,-0.0
PF14215,PF09427,8,3,1,7,2,1008,0.33,0.99,0.12,0.2,3,1,7,2,1008,0.33,0.99,0.12,0.2
PF13306,PF13855,38,149,33,5,116,864,0.22,0.88,0.87,0.4,149,33,5,116,864,0.22,0.88,0.87,0.4
PF04712,PF04064,4,2,0,4,2,1012,0.0,0.99,0.0,-0.0,2,0,4,2,1012,0.0,0.99,0.0,-0.0
PF06475,PF15207,0,1,0,0,1,1017,0.0,1.0,0,0,1,0,0,1,1017,0.0,1.0,0,0
PF11838,PF01433,37,52,35,2,17,964,0.67,0.98,0.95,0.79,52,35,2,17,964,0.67,0.98,0.95,0.79
PF06650,PF16909,21,24,19,2,5,992,0.79,0.99,0.9,0.84,24,19,2,5,992,0.79,0.99,0.9,0.84
PF04399,PF07987,2,2,1,1,1,1015,0.5,1.0,0.5,0.5,2,1,1,1,1015,0.5,1.0,0.5,0.5
PF02828,PF00625,9,40,9,0,31,978,0.23,0.97,1.0,0.47,40,9,0,31,978,0.23,0.97,1.0,0.47
PF04906,PF15396,7,3,1,6,2,1009,0.33,0.99,0.14,0.21,3,1,6,2,1009,0.33,0.99,0.14,0.21
PF14793,PF11892,0,0,0,0,0,1018,0,1.0,0,0,0,0,0,0,1018,0,1.0,0,0
PF10022,PF16401,7,1,0,7,1,1010,0.0,0.99,0.0,-0.0,1,0,7,1,1010,0.0,0.99,0.0,-0.0
PF07812,PF08454,0,14,0,0,14,1004,0.0,0.99,0,0,14,0,0,14,1004,0.0,0.99,0,0
PF00813,PF01313,0,0,0,0,0,1018,0,1.0,0,0,0,0,0,0,1018,0,1.0,0,0
PF10285,PF10284,0,0,0,0,0,1018,0,1.0,0,0,0,0,0,0,1018,0,1.0,0,0
PF14997,PF08286,4,0,0,4,0,1014,0,1.0,0.0,0,0,0,4,0,1014,0,1.0,0.0,0
PF03195,PF05678,8,9,4,4,5,1005,0.44,0.99,0.5,0.47,9,4,4,5,1005,0.44,0.99,0.5,0.47
PF10217,PF07052,1,12,0,1,12,1005,0.0,0.99,0.0,-0.0,12,0,1,12,1005,0.0,0.99,0.0,-0.0
PF10405,PF10403,10,10,10,0,0,1008,1.0,1.0,1.0,1.0,10,10,0,0,1008,1.0,1.0,1.0,1.0
PF06937,PF10856,0,0,0,0,0,1018,0,1.0,0,0,0,0,0,0,1018,0,1.0,0,0
PF14330,PF07287,3,10,3,0,7,1008,0.3,0.99,1.0,0.55,10,3,0,7,1008,0.3,0.99,1.0,0.55
PF16564,PF14048,7,8,7,0,1,1010,0.88,1.0,1.0,0.93,8,7,0,1,1010,0.88,1.0,1.0,0.93
PF14746,PF14745,5,6,4,1,2,1011,0.67,1.0,0.8,0.73,6,4,1,2,1011,0.67,1.0,0.8,0.73
PF17171,PF11801,10,0,0,10,0,1008,0,0.99,0.0,0,0,0,10,0,1008,0,0.99,0.0,0
PF06824,PF06609,11,12,1,10,11,996,0.08,0.98,0.09,0.08,12,1,10,11,996,0.08,0.98,0.09,0.08
PF10030,PF02413,0,0,0,0,0,1018,0,1.0,0,0,0,0,0,0,1018,0,1.0,0,0
PF03552,PF14569,13,8,8,5,0,1005,1.0,1.0,0.62,0.78,8,8,5,0,1005,1.0,1.0,0.62,0.78
PF01052,PF15143,0,0,0,0,0,1018,0,1.0,0,0,0,0,0,0,1018,0,1.0,0,0
PF00849,PF12656,40,15,7,33,8,970,0.47,0.96,0.17,0.27,15,7,33,8,970,0.47,0.96,0.17,0.27
PF16188,PF01321,6,12,4,2,8,1004,0.33,0.99,0.67,0.47,12,4,2,8,1004,0.33,0.99,0.67,0.47
PF05159,PF13477,0,0,0,0,0,1018,0,1.0,0,0,0,0,0,0,1018,0,1.0,0,0
PF01299,PF04145,21,24,10,11,14,983,0.42,0.98,0.48,0.43,24,10,11,14,983,0.42,0.98,0.48,0.43
PF04997,PF04983,29,31,29,0,2,987,0.94,1.0,1.0,0.97,31,29,0,2,987,0.94,1.0,1.0,0.97
PF15579,PF09726,0,5,0,0,5,1013,0.0,1.0,0,0,5,0,0,5,1013,0.0,1.0,0,0
PF10407,PF15082,0,3,0,0,3,1015,0.0,1.0,0,0,3,0,0,3,1015,0.0,1.0,0,0
PF16158,PF16577,11,2,2,9,0,1007,1.0,0.99,0.18,0.42,2,2,9,0,1007,1.0,0.99,0.18,0.42
PF11464,PF16696,11,2,1,10,1,1006,0.5,0.99,0.09,0.21,2,1,10,1,1006,0.5,0.99,0.09,0.21
PF01747,PF14306,9,9,9,0,0,1009,1.0,1.0,1.0,1.0,9,9,0,0,1009,1.0,1.0,1.0,1.0
PF04864,PF04863,4,2,2,2,0,1014,1.0,1.0,0.5,0.71,2,2,2,0,1014,1.0,1.0,0.5,0.71
PF02898,PF09791,10,7,1,9,6,1002,0.14,0.99,0.1,0.11,7,1,9,6,1002,0.14,0.99,0.1,0.11
PF14240,PF15491,5,0,0,5,0,1013,0,1.0,0.0,0,0,0,5,0,1013,0,1.0,0.0,0
PF02673,PF08795,1,0,0,1,0,1017,0,1.0,0.0,0,0,0,1,0,1017,0,1.0,0.0,0
PF03578,PF10284,0,0,0,0,0,1018,0,1.0,0,0,0,0,0,0,1018,0,1.0,0,0
PF00362,PF17205,10,5,4,6,1,1007,0.8,0.99,0.4,0.56,5,4,6,1,1007,0.8,0.99,0.4,0.56
PF00840,PF02013,16,5,1,15,4,998,0.2,0.98,0.06,0.1,5,1,15,4,998,0.2,0.98,0.06,0.1
PF06305,PF13400,3,0,0,3,0,1015,0,1.0,0.0,0,0,0,3,0,1015,0,1.0,0.0,0
PF08362,PF07157,1,0,0,1,0,1017,0,1.0,0.0,0,0,0,1,0,1017,0,1.0,0.0,0
PF01246,PF07052,10,12,2,8,10,998,0.17,0.98,0.2,0.17,12,2,8,10,998,0.17,0.98,0.2,0.17
PF12294,PF08497,0,0,0,0,0,1018,0,1.0,0,0,0,0,0,0,1018,0,1.0,0,0
PF12799,PF12819,42,16,7,35,9,967,0.44,0.96,0.17,0.25,16,7,35,9,967,0.44,0.96,0.17,0.25
PF05450,PF06880,11,2,1,10,1,1006,0.5,0.99,0.09,0.21,2,1,10,1,1006,0.5,0.99,0.09,0.21
PF03872,PF04314,1,0,0,1,0,1017,0,1.0,0.0,0,0,0,1,0,1017,0,1.0,0.0,0
PF01382,PF06679,3,0,0,3,0,1015,0,1.0,0.0,0,0,0,3,0,1015,0,1.0,0.0,0
PF02329,PF08127,1,3,0,1,3,1014,0.0,1.0,0.0,-0.0,3,0,1,3,1014,0.0,1.0,0.0,-0.0
PF03954,PF08391,1,1,0,1,1,1016,0.0,1.0,0.0,-0.0,1,0,1,1,1016,0.0,1.0,0.0,-0.0
PF04134,PF06232,9,4,2,7,2,1007,0.5,0.99,0.22,0.33,4,2,7,2,1007,0.5,0.99,0.22,0.33
PF14745,PF14744,6,8,6,0,2,1010,0.75,1.0,1.0,0.87,8,6,0,2,1010,0.75,1.0,1.0,0.87
PF09295,PF16669,2,8,1,1,7,1009,0.12,0.99,0.5,0.25,8,1,1,7,1009,0.12,0.99,0.5,0.25
PF16759,PF01660,7,6,1,6,5,1006,0.17,0.99,0.14,0.15,6,1,6,5,1006,0.17,0.99,0.14,0.15
PF00063,PF01576,73,21,15,58,6,939,0.71,0.94,0.21,0.36,21,15,58,6,939,0.71,0.94,0.21,0.36
PF12842,PF16415,11,13,11,0,2,1005,0.85,1.0,1.0,0.92,13,11,0,2,1005,0.85,1.0,1.0,0.92
PF13778,PF05572,1,10,1,0,9,1008,0.1,0.99,1.0,0.31,10,1,0,9,1008,0.1,0.99,1.0,0.31
PF16676,PF16675,5,3,3,2,0,1013,1.0,1.0,0.6,0.77,3,3,2,0,1013,1.0,1.0,0.6,0.77
PF01485,PF05773,60,32,16,44,16,942,0.5,0.94,0.27,0.34,32,16,44,16,942,0.5,0.94,0.27,0.34
PF06554,PF13548,2,1,1,1,0,1016,1.0,1.0,0.5,0.71,1,1,1,0,1016,1.0,1.0,0.5,0.71
PF17148,PF15082,0,3,0,0,3,1015,0.0,1.0,0,0,3,0,0,3,1015,0.0,1.0,0,0
PF04138,PF14322,0,0,0,0,0,1018,0,1.0,0,0,0,0,0,0,1018,0,1.0,0,0
PF00742,PF03447,9,16,7,2,9,1000,0.44,0.99,0.78,0.58,16,7,2,9,1000,0.44,0.99,0.78,0.58
PF16156,PF13780,1,0,0,1,0,1017,0,1.0,0.0,0,0,0,1,0,1017,0,1.0,0.0,0
PF00313,PF14437,38,6,4,34,2,978,0.67,0.96,0.11,0.26,6,4,34,2,978,0.67,0.96,0.11,0.26
PF04471,PF00555,3,2,0,3,2,1013,0.0,1.0,0.0,-0.0,2,0,3,2,1013,0.0,1.0,0.0,-0.0
PF04365,PF10335,0,2,0,0,2,1016,0.0,1.0,0,0,2,0,0,2,1016,0.0,1.0,0,0
PF12327,PF02491,5,2,2,3,0,1013,1.0,1.0,0.4,0.63,2,2,3,0,1013,1.0,1.0,0.4,0.63
PF08615,PF11779,7,6,2,5,4,1007,0.33,0.99,0.29,0.3,6,2,5,4,1007,0.33,0.99,0.29,0.3
PF15952,PF08730,0,0,0,0,0,1018,0,1.0,0,0,0,0,0,0,1018,0,1.0,0,0
PF02684,PF12904,1,0,0,1,0,1017,0,1.0,0.0,0,0,0,1,0,1017,0,1.0,0.0,0
PF13307,PF06733,21,22,21,0,1,996,0.95,1.0,1.0,0.98,22,21,0,1,996,0.95,1.0,1.0,0.98
PF17058,PF01077,0,15,0,0,15,1003,0.0,0.99,0,0,15,0,0,15,1003,0.0,0.99,0,0
PF08843,PF11317,0,0,0,0,0,1018,0,1.0,0,0,0,0,0,0,1018,0,1.0,0,0
PF01189,PF17125,28,10,10,18,0,990,1.0,0.98,0.36,0.59,10,10,18,0,990,1.0,0.98,0.36,0.59
PF08315,PF01279,16,2,0,16,2,1000,0.0,0.98,0.0,-0.01,2,0,16,2,1000,0.0,0.98,0.0,-0.01
PF10134,PF10554,0,0,0,0,0,1018,0,1.0,0,0,0,0,0,0,1018,0,1.0,0,0
PF11549,PF17108,1,1,1,0,0,1017,1.0,1.0,1.0,1.0,1,1,0,0,1017,1.0,1.0,1.0,1.0
PF13328,PF04607,10,10,6,4,4,1004,0.6,0.99,0.6,0.6,10,6,4,4,1004,0.6,0.99,0.6,0.6
PF05352,PF16838,0,0,0,0,0,1018,0,1.0,0,0,0,0,0,0,1018,0,1.0,0,0
PF14791,PF14792,15,19,14,1,5,998,0.74,0.99,0.93,0.83,19,14,1,5,998,0.74,0.99,0.93,0.83
PF14348,PF03135,1,5,1,0,4,1013,0.2,1.0,1.0,0.45,5,1,0,4,1013,0.2,1.0,1.0,0.45
PF00519,PF15856,5,1,0,5,1,1012,0.0,0.99,0.0,-0.0,1,0,5,1,1012,0.0,0.99,0.0,-0.0
PF14829,PF16076,2,22,1,1,21,995,0.05,0.98,0.5,0.15,22,1,1,21,995,0.05,0.98,0.5,0.15
PF16312,PF12772,1,1,1,0,0,1017,1.0,1.0,1.0,1.0,1,1,0,0,1017,1.0,1.0,1.0,1.0
PF11162,PF02217,0,3,0,0,3,1015,0.0,1.0,0,0,3,0,0,3,1015,0.0,1.0,0,0
PF00264,PF12142,38,2,2,36,0,980,1.0,0.96,0.05,0.23,2,2,36,0,980,1.0,0.96,0.05,0.23
PF11066,PF12513,0,8,0,0,8,1010,0.0,0.99,0,0,8,0,0,8,1010,0.0,0.99,0,0
PF02755,PF04589,8,1,1,7,0,1010,1.0,0.99,0.12,0.35,1,1,7,0,1010,1.0,0.99,0.12,0.35
PF15696,PF10295,0,3,0,0,3,1015,0.0,1.0,0,0,3,0,0,3,1015,0.0,1.0,0,0
PF16001,PF08730,1,0,0,1,0,1017,0,1.0,0.0,0,0,0,1,0,1017,0,1.0,0.0,0
PF00183,PF09239,33,2,1,32,1,984,0.5,0.97,0.03,0.12,2,1,32,1,984,0.5,0.97,0.03,0.12
PF17052,PF16265,0,0,0,0,0,1018,0,1.0,0,0,0,0,0,0,1018,0,1.0,0,0
PF13378,PF16582,26,2,2,24,0,992,1.0,0.98,0.08,0.27,2,2,24,0,992,1.0,0.98,0.08,0.27
PF02285,PF15071,4,0,0,4,0,1014,0,1.0,0.0,0,0,0,4,0,1014,0,1.0,0.0,0
PF02128,PF07504,3,3,3,0,0,1015,1.0,1.0,1.0,1.0,3,3,0,0,1015,1.0,1.0,1.0,1.0
PF09107,PF09106,3,3,3,0,0,1015,1.0,1.0,1.0,1.0,3,3,0,0,1015,1.0,1.0,1.0,1.0
PF14216,PF11223,1,1,0,1,1,1016,0.0,1.0,0.0,-0.0,1,0,1,1,1016,0.0,1.0,0.0,-0.0
PF00804,PF09177,27,7,2,25,5,986,0.29,0.97,0.07,0.13,7,2,25,5,986,0.29,0.97,0.07,0.13
PF03116,PF14026,0,0,0,0,0,1018,0,1.0,0,0,0,0,0,0,1018,0,1.0,0,0
PF01887,PF04222,0,0,0,0,0,1018,0,1.0,0,0,0,0,0,0,1018,0,1.0,0,0
PF13808,PF15518,2,1,0,2,1,1015,0.0,1.0,0.0,-0.0,1,0,2,1,1015,0.0,1.0,0.0,-0.0
PF07841,PF01758,4,11,0,4,11,1003,0.0,0.99,0.0,-0.01,11,0,4,11,1003,0.0,0.99,0.0,-0.01
PF09396,PF09272,2,4,1,1,3,1013,0.25,1.0,0.5,0.35,4,1,1,3,1013,0.25,1.0,0.5,0.35
PF08737,PF12735,6,0,0,6,0,1012,0,0.99,0.0,0,0,0,6,0,1012,0,0.99,0.0,0
PF09447,PF10490,1,4,0,1,4,1013,0.0,1.0,0.0,-0.0,4,0,1,4,1013,0.0,1.0,0.0,-0.0
PF08894,PF05509,1,1,0,1,1,1016,0.0,1.0,0.0,-0.0,1,0,1,1,1016,0.0,1.0,0.0,-0.0
PF02450,PF09767,21,4,1,20,3,994,0.25,0.98,0.05,0.1,4,1,20,3,994,0.25,0.98,0.05,0.1
PF02194,PF08628,19,15,15,4,0,999,1.0,1.0,0.79,0.89,15,15,4,0,999,1.0,1.0,0.79,0.89
PF08302,PF09511,4,10,4,0,6,1008,0.4,0.99,1.0,0.63,10,4,0,6,1008,0.4,0.99,1.0,0.63
PF12518,PF08792,0,0,0,0,0,1018,0,1.0,0,0,0,0,0,0,1018,0,1.0,0,0
PF10149,PF08356,9,12,4,5,8,1001,0.33,0.99,0.44,0.38,12,4,5,8,1001,0.33,0.99,0.44,0.38
PF04053,PF06957,24,11,11,13,0,994,1.0,0.99,0.46,0.67,11,11,13,0,994,1.0,0.99,0.46,0.67
PF01834,PF08605,6,1,0,6,1,1011,0.0,0.99,0.0,-0.0,1,0,6,1,1011,0.0,0.99,0.0,-0.0
PF08934,PF01857,0,1,0,0,1,1017,0.0,1.0,0,0,1,0,0,1,1017,0.0,1.0,0,0
PF13564,PF15003,9,1,0,9,1,1008,0.0,0.99,0.0,-0.0,1,0,9,1,1008,0.0,0.99,0.0,-0.0
PF00441,PF02770,60,67,58,2,9,949,0.87,0.99,0.97,0.91,67,58,2,9,949,0.87,0.99,0.97,0.91
PF03407,PF03016,16,34,6,10,28,974,0.18,0.96,0.38,0.24,34,6,10,28,974,0.18,0.96,0.38,0.24
PF04885,PF04674,1,5,0,1,5,1012,0.0,0.99,0.0,-0.0,5,0,1,5,1012,0.0,0.99,0.0,-0.0
PF12729,PF04738,1,0,0,1,0,1017,0,1.0,0.0,0,0,0,1,0,1017,0,1.0,0.0,0
PF00667,PF00258,36,38,29,7,9,973,0.76,0.98,0.81,0.78,38,29,7,9,973,0.76,0.98,0.81,0.78
PF16000,PF10699,3,1,0,3,1,1014,0.0,1.0,0.0,-0.0,1,0,3,1,1014,0.0,1.0,0.0,-0.0
PF15004,PF15841,1,0,0,1,0,1017,0,1.0,0.0,0,0,0,1,0,1017,0,1.0,0.0,0
PF15796,PF08912,4,7,3,1,4,1010,0.43,1.0,0.75,0.56,7,3,1,4,1010,0.43,1.0,0.75,0.56
PF14603,PF15442,5,2,1,4,1,1012,0.5,1.0,0.2,0.31,2,1,4,1,1012,0.5,1.0,0.2,0.31
PF13844,PF13414,13,40,12,1,28,977,0.3,0.97,0.92,0.52,40,12,1,28,977,0.3,0.97,0.92,0.52
PF04574,PF02146,6,51,6,0,45,967,0.12,0.96,1.0,0.34,51,6,0,45,967,0.12,0.96,1.0,0.34
PF14978,PF04307,8,1,1,7,0,1010,1.0,0.99,0.12,0.35,1,1,7,0,1010,1.0,0.99,0.12,0.35
PF16010,PF04526,17,2,1,16,1,1000,0.5,0.98,0.06,0.17,2,1,16,1,1000,0.5,0.98,0.06,0.17
PF15007,PF05841,0,0,0,0,0,1018,0,1.0,0,0,0,0,0,0,1018,0,1.0,0,0
PF08417,PF04305,9,9,3,6,6,1003,0.33,0.99,0.33,0.33,9,3,6,6,1003,0.33,0.99,0.33,0.33
PF11210,PF01752,0,2,0,0,2,1016,0.0,1.0,0,0,2,0,0,2,1016,0.0,1.0,0,0
PF02870,PF01267,4,9,0,4,9,1005,0.0,0.99,0.0,-0.01,9,0,4,9,1005,0.0,0.99,0.0,-0.01
PF03198,PF00332,18,26,4,14,22,978,0.15,0.96,0.22,0.17,26,4,14,22,978,0.15,0.96,0.22,0.17
PF13890,PF09733,4,5,1,3,4,1010,0.2,0.99,0.25,0.22,5,1,3,4,1010,0.2,0.99,0.25,0.22
PF08486,PF10279,0,0,0,0,0,1018,0,1.0,0,0,0,0,0,0,1018,0,1.0,0,0
PF00964,PF00758,0,3,0,0,3,1015,0.0,1.0,0,0,3,0,0,3,1015,0.0,1.0,0,0
PF10281,PF07543,8,6,3,5,3,1007,0.5,0.99,0.38,0.43,6,3,5,3,1007,0.5,0.99,0.38,0.43
PF07385,PF05536,0,3,0,0,3,1015,0.0,1.0,0,0,3,0,0,3,1015,0.0,1.0,0,0
PF04199,PF11807,22,12,8,14,4,992,0.67,0.98,0.36,0.48,12,8,14,4,992,0.67,0.98,0.36,0.48
PF09074,PF01706,0,1,0,0,1,1017,0.0,1.0,0,0,1,0,0,1,1017,0.0,1.0,0,0
PF00335,PF15320,53,3,2,51,1,964,0.67,0.95,0.04,0.15,3,2,51,1,964,0.67,0.95,0.04,0.15
PF16019,PF15279,0,0,0,0,0,1018,0,1.0,0,0,0,0,0,0,1018,0,1.0,0,0
PF14981,PF08334,0,1,0,0,1,1017,0.0,1.0,0,0,1,0,0,1,1017,0.0,1.0,0,0
PF02412,PF05735,3,3,3,0,0,1015,1.0,1.0,1.0,1.0,3,3,0,0,1015,1.0,1.0,1.0,1.0
PF06925,PF08660,4,9,2,2,7,1007,0.22,0.99,0.5,0.33,9,2,2,7,1007,0.22,0.99,0.5,0.33
PF08746,PF05129,8,10,2,6,8,1002,0.2,0.99,0.25,0.22,10,2,6,8,1002,0.2,0.99,0.25,0.22
PF01928,PF00485,3,25,3,0,22,993,0.12,0.98,1.0,0.34,25,3,0,22,993,0.12,0.98,1.0,0.34
PF05255,PF16839,10,0,0,10,0,1008,0,0.99,0.0,0,0,0,10,0,1008,0,0.99,0.0,0
PF05096,PF04107,3,5,0,3,5,1010,0.0,0.99,0.0,-0.0,5,0,3,5,1010,0.0,0.99,0.0,-0.0
PF06762,PF16027,3,0,0,3,0,1015,0,1.0,0.0,0,0,0,3,0,1015,0,1.0,0.0,0
PF02104,PF02284,7,6,1,6,5,1006,0.17,0.99,0.14,0.15,6,1,6,5,1006,0.17,0.99,0.14,0.15
PF04421,PF14996,6,1,1,5,0,1012,1.0,1.0,0.17,0.41,1,1,5,0,1012,1.0,1.0,0.17,0.41
PF13352,PF14922,2,4,0,2,4,1012,0.0,0.99,0.0,-0.0,4,0,2,4,1012,0.0,0.99,0.0,-0.0
PF04013,PF07805,1,1,0,1,1,1016,0.0,1.0,0.0,-0.0,1,0,1,1,1016,0.0,1.0,0.0,-0.0
PF12821,PF14231,0,0,0,0,0,1018,0,1.0,0,0,0,0,0,0,1018,0,1.0,0,0
PF13363,PF10435,5,5,5,0,0,1013,1.0,1.0,1.0,1.0,5,5,0,0,1013,1.0,1.0,1.0,1.0
PF14138,PF15936,10,7,2,8,5,1003,0.29,0.99,0.2,0.23,7,2,8,5,1003,0.29,0.99,0.2,0.23
PF02453,PF01073,14,21,4,10,17,987,0.19,0.97,0.29,0.22,21,4,10,17,987,0.19,0.97,0.29,0.22
PF16496,PF16498,7,6,4,3,2,1009,0.67,1.0,0.57,0.61,6,4,3,2,1009,0.67,1.0,0.57,0.61
PF02817,PF00198,15,21,15,0,6,997,0.71,0.99,1.0,0.84,21,15,0,6,997,0.71,0.99,1.0,0.84
PF04241,PF02284,12,6,2,10,4,1002,0.33,0.99,0.17,0.23,6,2,10,4,1002,0.33,0.99,0.17,0.23
PF15055,PF14986,0,0,0,0,0,1018,0,1.0,0,0,0,0,0,0,1018,0,1.0,0,0
PF02544,PF13506,26,8,0,26,8,984,0.0,0.97,0.0,-0.01,8,0,26,8,984,0.0,0.97,0.0,-0.01
PF00634,PF09169,4,5,2,2,3,1011,0.4,1.0,0.5,0.44,5,2,2,3,1011,0.4,1.0,0.5,0.44
PF02829,PF14602,3,26,3,0,23,992,0.12,0.98,1.0,0.34,26,3,0,23,992,0.12,0.98,1.0,0.34
PF10491,PF10492,3,0,0,3,0,1015,0,1.0,0.0,0,0,0,3,0,1015,0,1.0,0.0,0
PF10602,PF05470,15,16,2,13,14,989,0.12,0.97,0.13,0.12,16,2,13,14,989,0.12,0.97,0.13,0.12
PF00496,PF12911,14,4,3,11,1,1003,0.75,0.99,0.21,0.4,4,3,11,1,1003,0.75,0.99,0.21,0.4
PF12231,PF14952,3,2,0,3,2,1013,0.0,1.0,0.0,-0.0,2,0,3,2,1013,0.0,1.0,0.0,-0.0
PF04826,PF08609,3,5,1,2,4,1011,0.2,0.99,0.33,0.26,5,1,2,4,1011,0.2,0.99,0.33,0.26
PF06005,PF11658,0,0,0,0,0,1018,0,1.0,0,0,0,0,0,0,1018,0,1.0,0,0
PF04321,PF11803,16,3,2,14,1,1001,0.67,0.99,0.12,0.28,3,2,14,1,1001,0.67,0.99,0.12,0.28
PF07073,PF02500,0,0,0,0,0,1018,0,1.0,0,0,0,0,0,0,1018,0,1.0,0,0
PF11385,PF11081,0,0,0,0,0,1018,0,1.0,0,0,0,0,0,0,1018,0,1.0,0,0
PF05985,PF03900,1,16,0,1,16,1001,0.0,0.98,0.0,-0.0,16,0,1,16,1001,0.0,0.98,0.0,-0.0
PF00020,PF09034,23,2,1,22,1,994,0.5,0.98,0.04,0.14,2,1,22,1,994,0.5,0.98,0.04,0.14
PF15627,PF14959,2,1,0,2,1,1015,0.0,1.0,0.0,-0.0,1,0,2,1,1015,0.0,1.0,0.0,-0.0
PF07617,PF13599,0,6,0,0,6,1012,0.0,0.99,0,0,6,0,0,6,1012,0.0,0.99,0,0
PF00799,PF08283,2,1,1,1,0,1016,1.0,1.0,0.5,0.71,1,1,1,0,1016,1.0,1.0,0.5,0.71
PF05684,PF08414,2,10,1,1,9,1007,0.1,0.99,0.5,0.22,10,1,1,9,1007,0.1,0.99,0.5,0.22
PF04326,PF09848,5,9,1,4,8,1005,0.11,0.99,0.2,0.14,9,1,4,8,1005,0.11,0.99,0.2,0.14
PF01431,PF05649,38,35,33,5,2,978,0.94,0.99,0.87,0.9,35,33,5,2,978,0.94,0.99,0.87,0.9
PF12259,PF07530,5,6,2,3,4,1009,0.33,0.99,0.4,0.36,6,2,3,4,1009,0.33,0.99,0.4,0.36
PF10080,PF10634,0,0,0,0,0,1018,0,1.0,0,0,0,0,0,0,1018,0,1.0,0,0
PF01184,PF01300,21,17,7,14,10,987,0.41,0.98,0.33,0.36,17,7,14,10,987,0.41,0.98,0.33,0.36
PF07077,PF08494,3,3,3,0,0,1015,1.0,1.0,1.0,1.0,3,3,0,0,1015,1.0,1.0,1.0,1.0
PF07942,PF01217,9,45,6,3,39,970,0.13,0.96,0.67,0.29,45,6,3,39,970,0.13,0.96,0.67,0.29
PF00293,PF00828,79,26,14,65,12,927,0.54,0.92,0.18,0.28,26,14,65,12,927,0.54,0.92,0.18,0.28
PF14706,PF16968,2,0,0,2,0,1016,0,1.0,0.0,0,0,0,2,0,1016,0,1.0,0.0,0
PF16788,PF14611,3,4,0,3,4,1011,0.0,0.99,0.0,-0.0,4,0,3,4,1011,0.0,0.99,0.0,-0.0
PF03754,PF07939,2,2,0,2,2,1014,0.0,1.0,0.0,-0.0,2,0,2,2,1014,0.0,1.0,0.0,-0.0
PF01694,PF04114,45,16,7,38,9,964,0.44,0.95,0.16,0.24,16,7,38,9,964,0.44,0.95,0.16,0.24
PF00425,PF04715,17,12,12,5,0,1001,1.0,1.0,0.71,0.84,12,12,5,0,1001,1.0,1.0,0.71,0.84
PF08496,PF10108,3,2,1,2,1,1014,0.5,1.0,0.33,0.41,2,1,2,1,1014,0.5,1.0,0.33,0.41
PF01985,PF07766,9,15,4,5,11,998,0.27,0.98,0.44,0.34,15,4,5,11,998,0.27,0.98,0.44,0.34
PF09216,PF08642,0,0,0,0,0,1018,0,1.0,0,0,0,0,0,0,1018,0,1.0,0,0
PF05641,PF03735,13,7,4,9,3,1002,0.57,0.99,0.31,0.41,7,4,9,3,1002,0.57,0.99,0.31,0.41
PF16966,PF11471,0,0,0,0,0,1018,0,1.0,0,0,0,0,0,0,1018,0,1.0,0,0
PF02788,PF00016,2,5,2,0,3,1013,0.4,1.0,1.0,0.63,5,2,0,3,1013,0.4,1.0,1.0,0.63
PF15668,PF15843,2,0,0,2,0,1016,0,1.0,0.0,0,0,0,2,0,1016,0,1.0,0.0,0
PF00505,PF09011,61,16,15,46,1,956,0.94,0.95,0.25,0.47,16,15,46,1,956,0.94,0.95,0.25,0.47
PF07506,PF11405,0,0,0,0,0,1018,0,1.0,0,0,0,0,0,0,1018,0,1.0,0,0
PF08655,PF09463,5,0,0,5,0,1013,0,1.0,0.0,0,0,0,5,0,1013,0,1.0,0.0,0
PF08274,PF08345,0,1,0,0,1,1017,0.0,1.0,0,0,1,0,0,1,1017,0.0,1.0,0,0
PF09697,PF15141,0,0,0,0,0,1018,0,1.0,0,0,0,0,0,0,1018,0,1.0,0,0
PF02330,PF06749,7,7,2,5,5,1006,0.29,0.99,0.29,0.28,7,2,5,5,1006,0.29,0.99,0.29,0.28
PF03371,PF04000,14,16,7,7,9,995,0.44,0.98,0.5,0.46,16,7,7,9,995,0.44,0.98,0.5,0.46
PF07664,PF01773,2,12,0,2,12,1004,0.0,0.99,0.0,-0.0,12,0,2,12,1004,0.0,0.99,0.0,-0.0
PF14049,PF14047,0,0,0,0,0,1018,0,1.0,0,0,0,0,0,0,1018,0,1.0,0,0
PF14281,PF04881,0,1,0,0,1,1017,0.0,1.0,0,0,1,0,0,1,1017,0.0,1.0,0,0
PF15713,PF03203,2,0,0,2,0,1016,0,1.0,0.0,0,0,0,2,0,1016,0,1.0,0.0,0
PF06530,PF05947,1,0,0,1,0,1017,0,1.0,0.0,0,0,0,1,0,1017,0,1.0,0.0,0
PF08095,PF03219,0,5,0,0,5,1013,0.0,1.0,0,0,5,0,0,5,1013,0.0,1.0,0,0
PF15389,PF12540,1,1,0,1,1,1016,0.0,1.0,0.0,-0.0,1,0,1,1,1016,0.0,1.0,0.0,-0.0
PF09203,PF01301,1,31,0,1,31,986,0.0,0.97,0.0,-0.01,31,0,1,31,986,0.0,0.97,0.0,-0.01
PF05234,PF03974,1,1,0,1,1,1016,0.0,1.0,0.0,-0.0,1,0,1,1,1016,0.0,1.0,0.0,-0.0
PF07106,PF00159,7,2,0,7,2,1009,0.0,0.99,0.0,-0.0,2,0,7,2,1009,0.0,0.99,0.0,-0.0
PF13442,PF04736,9,1,0,9,1,1008,0.0,0.99,0.0,-0.0,1,0,9,1,1008,0.0,0.99,0.0,-0.0
PF10459,PF14871,2,1,0,2,1,1015,0.0,1.0,0.0,-0.0,1,0,2,1,1015,0.0,1.0,0.0,-0.0
PF06027,PF08704,8,8,2,6,6,1004,0.25,0.99,0.25,0.24,8,2,6,6,1004,0.25,0.99,0.25,0.24
PF15246,PF10377,0,5,0,0,5,1013,0.0,1.0,0,0,5,0,0,5,1013,0.0,1.0,0,0
PF01027,PF01248,25,35,11,14,24,969,0.31,0.96,0.44,0.35,35,11,14,24,969,0.31,0.96,0.44,0.35
PF15899,PF15021,2,0,0,2,0,1016,0,1.0,0.0,0,0,0,2,0,1016,0,1.0,0.0,0
PF07734,PF08268,16,12,7,9,5,997,0.58,0.99,0.44,0.5,12,7,9,5,997,0.58,0.99,0.44,0.5
PF08366,PF09453,12,13,3,9,10,996,0.23,0.98,0.25,0.23,13,3,9,10,996,0.23,0.98,0.25,0.23
PF00569,PF16577,43,2,2,41,0,975,1.0,0.96,0.05,0.21,2,2,41,0,975,1.0,0.96,0.05,0.21
PF11881,PF08573,2,4,1,1,3,1013,0.25,1.0,0.5,0.35,4,1,1,3,1013,0.25,1.0,0.5,0.35
PF10546,PF00970,0,37,0,0,37,981,0.0,0.96,0,0,37,0,0,37,981,0.0,0.96,0,0
PF13281,PF14593,7,3,3,4,0,1011,1.0,1.0,0.43,0.65,3,3,4,0,1011,1.0,1.0,0.43,0.65
PF11688,PF05757,0,2,0,0,2,1016,0.0,1.0,0,0,2,0,0,2,1016,0.0,1.0,0,0
PF16411,PF09498,1,0,0,1,0,1017,0,1.0,0.0,0,0,0,1,0,1017,0,1.0,0.0,0
PF00001,PF13306,133,38,25,108,13,872,0.66,0.88,0.19,0.31,38,25,108,13,872,0.66,0.88,0.19,0.31
PF00478,PF04739,20,6,3,17,3,995,0.5,0.98,0.15,0.27,6,3,17,3,995,0.5,0.98,0.15,0.27
PF11041,PF09397,2,5,0,2,5,1011,0.0,0.99,0.0,-0.0,5,0,2,5,1011,0.0,0.99,0.0,-0.0
PF07393,PF05278,7,2,2,5,0,1011,1.0,1.0,0.29,0.53,2,2,5,0,1011,1.0,1.0,0.29,0.53
PF00075,PF12259,45,5,4,41,1,972,0.8,0.96,0.09,0.26,5,4,41,1,972,0.8,0.96,0.09,0.26
PF01207,PF00035,35,54,15,20,39,944,0.28,0.94,0.43,0.32,54,15,20,39,944,0.28,0.94,0.43,0.32
PF14565,PF00714,1,1,0,1,1,1016,0.0,1.0,0.0,-0.0,1,0,1,1,1016,0.0,1.0,0.0,-0.0
PF06978,PF08170,7,6,6,1,0,1011,1.0,1.0,0.86,0.93,6,6,1,0,1011,1.0,1.0,0.86,0.93
PF08543,PF03070,18,13,10,8,3,997,0.77,0.99,0.56,0.65,13,10,8,3,997,0.77,0.99,0.56,0.65
PF11597,PF06333,5,8,5,0,3,1010,0.62,1.0,1.0,0.79,8,5,0,3,1010,0.62,1.0,1.0,0.79
PF14806,PF07718,12,8,8,4,0,1006,1.0,1.0,0.67,0.81,8,8,4,0,1006,1.0,1.0,0.67,0.81
PF05866,PF15082,1,3,0,1,3,1014,0.0,1.0,0.0,-0.0,3,0,1,3,1014,0.0,1.0,0.0,-0.0
PF01249,PF09803,16,10,4,12,6,996,0.4,0.98,0.25,0.31,10,4,12,6,996,0.4,0.98,0.25,0.31
PF03082,PF12767,0,3,0,0,3,1015,0.0,1.0,0,0,3,0,0,3,1015,0.0,1.0,0,0
PF03279,PF11138,2,0,0,2,0,1016,0,1.0,0.0,0,0,0,2,0,1016,0,1.0,0.0,0
PF05843,PF08492,24,8,2,22,6,988,0.25,0.97,0.08,0.13,8,2,22,6,988,0.25,0.97,0.08,0.13
PF07914,PF16088,8,1,1,7,0,1010,1.0,0.99,0.12,0.35,1,1,7,0,1010,1.0,0.99,0.12,0.35
PF05388,PF00450,2,53,2,0,51,965,0.04,0.95,1.0,0.19,53,2,0,51,965,0.04,0.95,1.0,0.19
PF16875,PF16874,1,1,1,0,0,1017,1.0,1.0,1.0,1.0,1,1,0,0,1017,1.0,1.0,1.0,1.0
PF12933,PF12934,0,0,0,0,0,1018,0,1.0,0,0,0,0,0,0,1018,0,1.0,0,0
PF02367,PF06832,2,1,0,2,1,1015,0.0,1.0,0.0,-0.0,1,0,2,1,1015,0.0,1.0,0.0,-0.0
PF16016,PF02893,16,33,9,7,24,978,0.27,0.97,0.56,0.38,33,9,7,24,978,0.27,0.97,0.56,0.38
PF12257,PF16646,10,0,0,10,0,1008,0,0.99,0.0,0,0,0,10,0,1008,0,0.99,0.0,0
PF10506,PF11559,4,7,0,4,7,1007,0.0,0.99,0.0,-0.01,7,0,4,7,1007,0.0,0.99,0.0,-0.01
PF01967,PF06969,9,2,2,7,0,1009,1.0,0.99,0.22,0.47,2,2,7,0,1009,1.0,0.99,0.22,0.47
PF06267,PF17206,0,1,0,0,1,1017,0.0,1.0,0,0,1,0,0,1,1017,0.0,1.0,0,0
PF16553,PF15898,1,2,0,1,2,1015,0.0,1.0,0.0,-0.0,2,0,1,2,1015,0.0,1.0,0.0,-0.0
PF02445,PF03458,3,1,0,3,1,1014,0.0,1.0,0.0,-0.0,1,0,3,1,1014,0.0,1.0,0.0,-0.0
PF09169,PF09103,5,6,5,0,1,1012,0.83,1.0,1.0,0.91,6,5,0,1,1012,0.83,1.0,1.0,0.91
PF00402,PF03271,15,14,7,8,7,996,0.5,0.99,0.47,0.48,14,7,8,7,996,0.5,0.99,0.47,0.48
PF15054,PF10868,5,0,0,5,0,1013,0,1.0,0.0,0,0,0,5,0,1013,0,1.0,0.0,0
PF03000,PF09494,16,11,4,12,7,995,0.36,0.98,0.25,0.29,11,4,12,7,995,0.36,0.98,0.25,0.29
PF11985,PF02050,0,0,0,0,0,1018,0,1.0,0,0,0,0,0,0,1018,0,1.0,0,0
PF16071,PF10933,0,0,0,0,0,1018,0,1.0,0,0,0,0,0,0,1018,0,1.0,0,0
PF16205,PF14853,12,5,1,11,4,1002,0.2,0.99,0.08,0.12,5,1,11,4,1002,0.2,0.99,0.08,0.12
PF13962,PF00710,16,16,4,12,12,990,0.25,0.98,0.25,0.24,16,4,12,12,990,0.25,0.98,0.25,0.24
PF15682,PF08843,1,0,0,1,0,1017,0,1.0,0.0,0,0,0,1,0,1017,0,1.0,0.0,0
PF14987,PF01330,3,2,1,2,1,1014,0.5,1.0,0.33,0.41,2,1,2,1,1014,0.5,1.0,0.33,0.41
PF13174,PF05279,14,1,1,13,0,1004,1.0,0.99,0.07,0.27,1,1,13,0,1004,1.0,0.99,0.07,0.27
PF13098,PF08497,5,0,0,5,0,1013,0,1.0,0.0,0,0,0,5,0,1013,0,1.0,0.0,0
PF11154,PF15826,2,0,0,2,0,1016,0,1.0,0.0,0,0,0,2,0,1016,0,1.0,0.0,0
PF14292,PF12080,1,0,0,1,0,1017,0,1.0,0.0,0,0,0,1,0,1017,0,1.0,0.0,0
PF00797,PF12239,13,10,3,10,7,998,0.3,0.98,0.23,0.25,10,3,10,7,998,0.3,0.98,0.23,0.25
PF07434,PF15976,0,0,0,0,0,1018,0,1.0,0,0,0,0,0,0,1018,0,1.0,0,0
PF09421,PF14474,4,4,0,4,4,1010,0.0,0.99,0.0,-0.0,4,0,4,4,1010,0.0,0.99,0.0,-0.0
PF10332,PF07545,0,1,0,0,1,1017,0.0,1.0,0,0,1,0,0,1,1017,0.0,1.0,0,0
PF07571,PF09830,6,10,1,5,9,1003,0.1,0.99,0.17,0.12,10,1,5,9,1003,0.1,0.99,0.17,0.12
PF06974,PF03007,8,8,5,3,3,1007,0.62,0.99,0.62,0.62,8,5,3,3,1007,0.62,0.99,0.62,0.62
PF12105,PF17191,5,5,5,0,0,1013,1.0,1.0,1.0,1.0,5,5,0,0,1013,1.0,1.0,1.0,1.0
PF06865,PF09510,0,0,0,0,0,1018,0,1.0,0,0,0,0,0,0,1018,0,1.0,0,0
PF08037,PF07888,1,2,0,1,2,1015,0.0,1.0,0.0,-0.0,2,0,1,2,1015,0.0,1.0,0.0,-0.0
PF15375,PF10276,8,1,0,8,1,1009,0.0,0.99,0.0,-0.0,1,0,8,1,1009,0.0,0.99,0.0,-0.0
PF07971,PF03074,16,6,2,14,4,998,0.33,0.98,0.12,0.2,6,2,14,4,998,0.33,0.98,0.12,0.2
PF13097,PF00835,4,1,0,4,1,1013,0.0,1.0,0.0,-0.0,1,0,4,1,1013,0.0,1.0,0.0,-0.0
PF01285,PF14764,4,5,1,3,4,1010,0.2,0.99,0.25,0.22,5,1,3,4,1010,0.2,0.99,0.25,0.22
PF01339,PF12431,6,0,0,6,0,1012,0,0.99,0.0,0,0,0,6,0,1012,0,0.99,0.0,0
PF16275,PF08067,9,4,2,7,2,1007,0.5,0.99,0.22,0.33,4,2,7,2,1007,0.5,0.99,0.22,0.33
PF11387,PF05621,0,0,0,0,0,1018,0,1.0,0,0,0,0,0,0,1018,0,1.0,0,0
PF07709,PF17085,1,0,0,1,0,1017,0,1.0,0.0,0,0,0,1,0,1017,0,1.0,0.0,0
PF12345,PF13597,2,4,2,0,2,1014,0.5,1.0,1.0,0.71,4,2,0,2,1014,0.5,1.0,1.0,0.71
PF00415,PF08005,67,4,4,63,0,951,1.0,0.94,0.06,0.24,4,4,63,0,951,1.0,0.94,0.06,0.24
PF14334,PF04187,0,1,0,0,1,1017,0.0,1.0,0,0,1,0,0,1,1017,0.0,1.0,0,0
PF08826,PF12179,5,3,2,3,1,1012,0.67,1.0,0.4,0.51,3,2,3,1,1012,0.67,1.0,0.4,0.51
PF04121,PF10226,13,3,2,11,1,1004,0.67,0.99,0.15,0.32,3,2,11,1,1004,0.67,0.99,0.15,0.32
PF00364,PF00289,44,34,29,15,5,969,0.85,0.98,0.66,0.74,34,29,15,5,969,0.85,0.98,0.66,0.74
PF10172,PF09692,5,1,0,5,1,1012,0.0,0.99,0.0,-0.0,1,0,5,1,1012,0.0,0.99,0.0,-0.0
PF01490,PF00657,61,39,24,37,15,942,0.62,0.95,0.39,0.47,39,24,37,15,942,0.62,0.95,0.39,0.47
PF00377,PF01620,2,0,0,2,0,1016,0,1.0,0.0,0,0,0,2,0,1016,0,1.0,0.0,0
PF14607,PF13205,0,3,0,0,3,1015,0.0,1.0,0,0,3,0,0,3,1015,0.0,1.0,0,0
PF14771,PF15057,4,9,2,2,7,1007,0.22,0.99,0.5,0.33,9,2,2,7,1007,0.22,0.99,0.5,0.33
PF05436,PF04648,1,1,1,0,0,1017,1.0,1.0,1.0,1.0,1,1,0,0,1017,1.0,1.0,1.0,1.0
PF01479,PF16065,43,7,6,37,1,974,0.86,0.96,0.14,0.34,7,6,37,1,974,0.86,0.96,0.14,0.34
PF10694,PF07399,3,2,1,2,1,1014,0.5,1.0,0.33,0.41,2,1,2,1,1014,0.5,1.0,0.33,0.41
PF03428,PF08345,0,1,0,0,1,1017,0.0,1.0,0,0,1,0,0,1,1017,0.0,1.0,0,0
PF16712,PF16711,1,1,1,0,0,1017,1.0,1.0,1.0,1.0,1,1,0,0,1017,1.0,1.0,1.0,1.0
PF16541,PF01097,2,3,0,2,3,1013,0.0,1.0,0.0,-0.0,3,0,2,3,1013,0.0,1.0,0.0,-0.0
PF04444,PF10437,17,2,1,16,1,1000,0.5,0.98,0.06,0.17,2,1,16,1,1000,0.5,0.98,0.06,0.17
PF12063,PF11629,9,4,3,6,1,1008,0.75,0.99,0.33,0.5,4,3,6,1,1008,0.75,0.99,0.33,0.5
PF09279,PF00388,9,23,9,0,14,995,0.39,0.99,1.0,0.62,23,9,0,14,995,0.39,0.99,1.0,0.62
PF04895,PF00626,0,48,0,0,48,970,0.0,0.95,0,0,48,0,0,48,970,0.0,0.95,0,0
PF12640,PF17043,2,0,0,2,0,1016,0,1.0,0.0,0,0,0,2,0,1016,0,1.0,0.0,0
PF04352,PF01752,0,2,0,0,2,1016,0.0,1.0,0,0,2,0,0,2,1016,0.0,1.0,0,0
PF08399,PF08473,10,5,5,5,0,1008,1.0,1.0,0.5,0.71,5,5,5,0,1008,1.0,1.0,0.5,0.71
PF14573,PF08093,0,1,0,0,1,1017,0.0,1.0,0,0,1,0,0,1,1017,0.0,1.0,0,0
PF02172,PF08941,13,8,3,10,5,1000,0.38,0.99,0.23,0.29,8,3,10,5,1000,0.38,0.99,0.23,0.29
PF03411,PF11245,1,0,0,1,0,1017,0,1.0,0.0,0,0,0,1,0,1017,0,1.0,0.0,0
PF11943,PF11965,0,2,0,0,2,1016,0.0,1.0,0,0,2,0,0,2,1016,0.0,1.0,0,0
PF03923,PF16210,2,1,0,2,1,1015,0.0,1.0,0.0,-0.0,1,0,2,1,1015,0.0,1.0,0.0,-0.0
PF08035,PF16102,0,0,0,0,0,1018,0,1.0,0,0,0,0,0,0,1018,0,1.0,0,0
PF05316,PF09950,1,0,0,1,0,1017,0,1.0,0.0,0,0,0,1,0,1017,0,1.0,0.0,0
PF00768,PF07943,7,6,6,1,0,1011,1.0,1.0,0.86,0.93,6,6,1,0,1011,1.0,1.0,0.86,0.93
PF10775,PF10310,0,2,0,0,2,1016,0.0,1.0,0,0,2,0,0,2,1016,0.0,1.0,0,0
PF08265,PF12319,11,1,0,11,1,1006,0.0,0.99,0.0,-0.0,1,0,11,1,1006,0.0,0.99,0.0,-0.0
PF15807,PF15046,2,3,0,2,3,1013,0.0,1.0,0.0,-0.0,3,0,2,3,1013,0.0,1.0,0.0,-0.0
PF00893,PF11363,1,0,0,1,0,1017,0,1.0,0.0,0,0,0,1,0,1017,0,1.0,0.0,0
PF05236,PF08788,10,7,1,9,6,1002,0.14,0.99,0.1,0.11,7,1,9,6,1002,0.14,0.99,0.1,0.11
PF14365,PF03080,2,10,1,1,9,1007,0.1,0.99,0.5,0.22,10,1,1,9,1007,0.1,0.99,0.5,0.22
PF13946,PF08548,1,1,1,0,0,1017,1.0,1.0,1.0,1.0,1,1,0,0,1017,1.0,1.0,1.0,1.0
PF00218,PF00697,4,5,2,2,3,1011,0.4,1.0,0.5,0.44,5,2,2,3,1011,0.4,1.0,0.5,0.44
PF00784,PF16735,24,3,3,21,0,994,1.0,0.98,0.12,0.35,3,3,21,0,994,1.0,0.98,0.12,0.35
PF15482,PF08795,0,0,0,0,0,1018,0,1.0,0,0,0,0,0,0,1018,0,1.0,0,0
PF11104,PF01292,0,6,0,0,6,1012,0.0,0.99,0,0,6,0,0,6,1012,0.0,0.99,0,0
PF08711,PF07500,27,16,12,15,4,987,0.75,0.98,0.44,0.57,16,12,15,4,987,0.75,0.98,0.44,0.57
PF15019,PF08598,1,6,0,1,6,1011,0.0,0.99,0.0,-0.0,6,0,1,6,1011,0.0,0.99,0.0,-0.0
PF08108,PF04825,0,17,0,0,17,1001,0.0,0.98,0,0,17,0,0,17,1001,0.0,0.98,0,0
PF01153,PF04636,11,8,1,10,7,1000,0.12,0.98,0.09,0.1,8,1,10,7,1000,0.12,0.98,0.09,0.1
PF08403,PF03522,1,17,1,0,16,1001,0.06,0.98,1.0,0.24,17,1,0,16,1001,0.06,0.98,1.0,0.24
PF07527,PF12533,6,3,1,5,2,1010,0.33,0.99,0.17,0.23,3,1,5,2,1010,0.33,0.99,0.17,0.23
PF14091,PF10220,0,10,0,0,10,1008,0.0,0.99,0,0,10,0,0,10,1008,0.0,0.99,0,0
PF05284,PF01750,0,2,0,0,2,1016,0.0,1.0,0,0,2,0,0,2,1016,0.0,1.0,0,0
PF02494,PF07699,20,20,12,8,8,990,0.6,0.98,0.6,0.59,20,12,8,8,990,0.6,0.98,0.6,0.59
PF08503,PF07530,1,6,0,1,6,1011,0.0,0.99,0.0,-0.0,6,0,1,6,1011,0.0,0.99,0.0,-0.0
PF15080,PF14512,1,0,0,1,0,1017,0,1.0,0.0,0,0,0,1,0,1017,0,1.0,0.0,0
PF08251,PF07560,0,0,0,0,0,1018,0,1.0,0,0,0,0,0,0,1018,0,1.0,0,0
PF15430,PF02098,5,3,0,5,3,1010,0.0,0.99,0.0,-0.0,3,0,5,3,1010,0.0,0.99,0.0,-0.0
PF01648,PF01974,29,20,8,21,12,977,0.4,0.97,0.28,0.32,20,8,21,12,977,0.4,0.97,0.28,0.32
PF02769,PF00586,16,12,11,5,1,1001,0.92,0.99,0.69,0.79,12,11,5,1,1001,0.92,0.99,0.69,0.79
PF09414,PF14948,7,3,1,6,2,1009,0.33,0.99,0.14,0.21,3,1,6,2,1009,0.33,0.99,0.14,0.21
PF00564,PF13240,38,5,5,33,0,980,1.0,0.97,0.13,0.36,5,5,33,0,980,1.0,0.97,0.13,0.36
PF02002,PF11521,11,2,2,9,0,1007,1.0,0.99,0.18,0.42,2,2,9,0,1007,1.0,0.99,0.18,0.42
PF05683,PF05681,6,3,3,3,0,1012,1.0,1.0,0.5,0.71,3,3,3,0,1012,1.0,1.0,0.5,0.71
PF07811,PF03470,0,3,0,0,3,1015,0.0,1.0,0,0,3,0,0,3,1015,0.0,1.0,0,0
PF08854,PF05939,0,0,0,0,0,1018,0,1.0,0,0,0,0,0,0,1018,0,1.0,0,0
PF00875,PF03441,18,11,10,8,1,999,0.91,0.99,0.56,0.71,11,10,8,1,999,0.91,0.99,0.56,0.71
PF02018,PF00331,7,12,4,3,8,1003,0.33,0.99,0.57,0.43,12,4,3,8,1003,0.33,0.99,0.57,0.43
PF13972,PF09122,1,0,0,1,0,1017,0,1.0,0.0,0,0,0,1,0,1017,0,1.0,0.0,0
PF02896,PF00391,16,12,8,8,4,998,0.67,0.99,0.5,0.57,12,8,8,4,998,0.67,0.99,0.5,0.57
PF04089,PF12483,7,3,1,6,2,1009,0.33,0.99,0.14,0.21,3,1,6,2,1009,0.33,0.99,0.14,0.21
PF07803,PF00822,0,9,0,0,9,1009,0.0,0.99,0,0,9,0,0,9,1009,0.0,0.99,0,0
PF09722,PF04451,0,1,0,0,1,1017,0.0,1.0,0,0,1,0,0,1,1017,0.0,1.0,0,0
PF14906,PF13910,3,2,1,2,1,1014,0.5,1.0,0.33,0.41,2,1,2,1,1014,0.5,1.0,0.33,0.41
PF05638,PF00796,1,0,0,1,0,1017,0,1.0,0.0,0,0,0,1,0,1017,0,1.0,0.0,0
PF03472,PF09614,0,0,0,0,0,1018,0,1.0,0,0,0,0,0,0,1018,0,1.0,0,0
PF15352,PF11035,0,2,0,0,2,1016,0.0,1.0,0,0,2,0,0,2,1016,0.0,1.0,0,0
PF09240,PF07227,4,2,1,3,1,1013,0.5,1.0,0.25,0.35,2,1,3,1,1013,0.5,1.0,0.25,0.35
PF00572,PF01192,20,5,2,18,3,995,0.4,0.98,0.1,0.19,5,2,18,3,995,0.4,0.98,0.1,0.19
PF10418,PF02898,1,10,1,0,9,1008,0.1,0.99,1.0,0.31,10,1,0,9,1008,0.1,0.99,1.0,0.31
PF16771,PF05947,0,0,0,0,0,1018,0,1.0,0,0,0,0,0,0,1018,0,1.0,0,0
PF02313,PF07755,0,0,0,0,0,1018,0,1.0,0,0,0,0,0,0,1018,0,1.0,0,0
PF12224,PF16091,9,1,0,9,1,1008,0.0,0.99,0.0,-0.0,1,0,9,1,1008,0.0,0.99,0.0,-0.0
PF15790,PF07529,1,17,1,0,16,1001,0.06,0.98,1.0,0.24,17,1,0,16,1001,0.06,0.98,1.0,0.24
PF14931,PF15069,1,0,0,1,0,1017,0,1.0,0.0,0,0,0,1,0,1017,0,1.0,0.0,0
PF08321,PF05011,10,14,5,5,9,999,0.36,0.99,0.5,0.42,14,5,5,9,999,0.36,0.99,0.5,0.42
PF09313,PF13503,0,0,0,0,0,1018,0,1.0,0,0,0,0,0,0,1018,0,1.0,0,0
PF06013,PF14985,0,2,0,0,2,1016,0.0,1.0,0,0,2,0,0,2,1016,0.0,1.0,0,0
PF12949,PF09402,12,13,11,1,2,1004,0.85,1.0,0.92,0.88,13,11,1,2,1004,0.85,1.0,0.92,0.88
PF14579,PF07733,13,13,13,0,0,1005,1.0,1.0,1.0,1.0,13,13,0,0,1005,1.0,1.0,1.0,1.0
PF00871,PF01515,5,8,4,1,4,1009,0.5,1.0,0.8,0.63,8,4,1,4,1009,0.5,1.0,0.8,0.63
PF01416,PF08524,21,6,4,17,2,995,0.67,0.98,0.19,0.35,6,4,17,2,995,0.67,0.98,0.19,0.35
PF10659,PF13206,1,0,0,1,0,1017,0,1.0,0.0,0,0,0,1,0,1017,0,1.0,0.0,0
PF12707,PF12843,0,0,0,0,0,1018,0,1.0,0,0,0,0,0,0,1018,0,1.0,0,0
PF14999,PF05425,0,0,0,0,0,1018,0,1.0,0,0,0,0,0,0,1018,0,1.0,0,0
PF00861,PF05915,9,2,0,9,2,1007,0.0,0.99,0.0,-0.0,2,0,9,2,1007,0.0,0.99,0.0,-0.0
PF02407,PF14113,5,0,0,5,0,1013,0,1.0,0.0,0,0,0,5,0,1013,0,1.0,0.0,0
PF02093,PF00607,5,11,4,1,7,1006,0.36,0.99,0.8,0.54,11,4,1,7,1006,0.36,0.99,0.8,0.54
PF12245,PF12583,3,1,1,2,0,1015,1.0,1.0,0.33,0.58,1,1,2,0,1015,1.0,1.0,0.33,0.58
PF16347,PF12411,8,1,1,7,0,1010,1.0,0.99,0.12,0.35,1,1,7,0,1010,1.0,0.99,0.12,0.35
PF07966,PF00026,2,59,2,0,57,959,0.03,0.94,1.0,0.18,59,2,0,57,959,0.03,0.94,1.0,0.18
PF03171,PF14226,49,39,38,11,1,968,0.97,0.99,0.78,0.86,39,38,11,1,968,0.97,0.99,0.78,0.86
PF03168,PF06749,12,7,6,6,1,1005,0.86,0.99,0.5,0.65,7,6,6,1,1005,0.86,0.99,0.5,0.65
PF00700,PF07409,1,0,0,1,0,1017,0,1.0,0.0,0,0,0,1,0,1017,0,1.0,0.0,0
PF08340,PF04222,0,0,0,0,0,1018,0,1.0,0,0,0,0,0,0,1018,0,1.0,0,0
PF04453,PF07499,0,2,0,0,2,1016,0.0,1.0,0,0,2,0,0,2,1016,0.0,1.0,0,0
PF10239,PF10507,6,5,2,4,3,1009,0.4,0.99,0.33,0.36,5,2,4,3,1009,0.4,0.99,0.33,0.36
PF02380,PF12729,0,1,0,0,1,1017,0.0,1.0,0,0,1,0,0,1,1017,0.0,1.0,0,0
PF10508,PF16689,10,3,1,9,2,1006,0.33,0.99,0.1,0.18,3,1,9,2,1006,0.33,0.99,0.1,0.18
PF11701,PF12770,11,13,4,7,9,998,0.31,0.98,0.36,0.33,13,4,7,9,998,0.31,0.98,0.36,0.33
PF09366,PF07939,6,2,0,6,2,1010,0.0,0.99,0.0,-0.0,2,0,6,2,1010,0.0,0.99,0.0,-0.0
PF17206,PF03592,1,0,0,1,0,1017,0,1.0,0.0,0,0,0,1,0,1017,0,1.0,0.0,0
PF00917,PF03000,27,16,8,19,8,983,0.5,0.97,0.3,0.37,16,8,19,8,983,0.5,0.97,0.3,0.37
PF04626,PF14539,1,0,0,1,0,1017,0,1.0,0.0,0,0,0,1,0,1017,0,1.0,0.0,0
PF00055,PF06008,24,4,3,21,1,993,0.75,0.98,0.12,0.3,4,3,21,1,993,0.75,0.98,0.12,0.3
PF09983,PF09664,3,3,3,0,0,1015,1.0,1.0,1.0,1.0,3,3,0,0,1015,1.0,1.0,1.0,1.0
PF06418,PF00697,19,5,0,19,5,994,0.0,0.98,0.0,-0.01,5,0,19,5,994,0.0,0.98,0.0,-0.01
PF07853,PF03922,0,0,0,0,0,1018,0,1.0,0,0,0,0,0,0,1018,0,1.0,0,0
PF14513,PF00609,7,20,5,2,15,996,0.25,0.98,0.71,0.42,20,5,2,15,996,0.25,0.98,0.71,0.42
PF01011,PF13570,9,7,4,5,3,1006,0.57,0.99,0.44,0.5,7,4,5,3,1006,0.57,0.99,0.44,0.5
PF00032,PF03980,11,4,1,10,3,1004,0.25,0.99,0.09,0.15,4,1,10,3,1004,0.25,0.99,0.09,0.15
PF00066,PF06816,13,5,5,8,0,1005,1.0,0.99,0.38,0.62,5,5,8,0,1005,1.0,0.99,0.38,0.62
PF11825,PF02159,5,10,4,1,6,1007,0.4,0.99,0.8,0.56,10,4,1,6,1007,0.4,0.99,0.8,0.56
PF00754,PF09458,49,12,5,44,7,962,0.42,0.95,0.1,0.19,12,5,44,7,962,0.42,0.95,0.1,0.19
PF04680,PF12121,1,0,0,1,0,1017,0,1.0,0.0,0,0,0,1,0,1017,0,1.0,0.0,0
PF03911,PF01097,8,3,0,8,3,1007,0.0,0.99,0.0,-0.0,3,0,8,3,1007,0.0,0.99,0.0,-0.0
PF15296,PF14764,6,5,1,5,4,1008,0.2,0.99,0.17,0.18,5,1,5,4,1008,0.2,0.99,0.17,0.18
PF14964,PF15293,5,1,0,5,1,1012,0.0,0.99,0.0,-0.0,1,0,5,1,1012,0.0,0.99,0.0,-0.0
PF00025,PF15840,65,1,1,64,0,953,1.0,0.94,0.02,0.12,1,1,64,0,953,1.0,0.94,0.02,0.12
PF03595,PF01987,21,6,4,17,2,995,0.67,0.98,0.19,0.35,6,4,17,2,995,0.67,0.98,0.19,0.35
PF17049,PF15856,1,1,0,1,1,1016,0.0,1.0,0.0,-0.0,1,0,1,1,1016,0.0,1.0,0.0,-0.0
PF13644,PF12477,1,0,0,1,0,1017,0,1.0,0.0,0,0,0,1,0,1017,0,1.0,0.0,0
PF00244,PF05091,24,19,8,16,11,983,0.42,0.97,0.33,0.36,19,8,16,11,983,0.42,0.97,0.33,0.36
PF09704,PF00721,0,1,0,0,1,1017,0.0,1.0,0,0,1,0,0,1,1017,0.0,1.0,0,0
PF07749,PF07912,7,3,2,5,1,1010,0.67,0.99,0.29,0.43,3,2,5,1,1010,0.67,0.99,0.29,0.43
PF00358,PF06780,9,1,1,8,0,1009,1.0,0.99,0.11,0.33,1,1,8,0,1009,1.0,0.99,0.11,0.33
PF01920,PF16053,17,9,3,14,6,995,0.33,0.98,0.18,0.23,9,3,14,6,995,0.33,0.98,0.18,0.23
PF09987,PF10690,0,0,0,0,0,1018,0,1.0,0,0,0,0,0,0,1018,0,1.0,0,0
PF07678,PF07703,15,13,11,4,2,1001,0.85,0.99,0.73,0.78,13,11,4,2,1001,0.85,0.99,0.73,0.78
PF09723,PF15175,0,0,0,0,0,1018,0,1.0,0,0,0,0,0,0,1018,0,1.0,0,0
PF07559,PF03963,1,1,1,0,0,1017,1.0,1.0,1.0,1.0,1,1,0,0,1017,1.0,1.0,1.0,1.0
PF12070,PF01147,1,0,0,1,0,1017,0,1.0,0.0,0,0,0,1,0,1017,0,1.0,0.0,0
PF02586,PF03479,10,6,2,8,4,1004,0.33,0.99,0.2,0.25,6,2,8,4,1004,0.33,0.99,0.2,0.25
PF13780,PF04740,0,0,0,0,0,1018,0,1.0,0,0,0,0,0,0,1018,0,1.0,0,0
PF10429,PF15212,0,0,0,0,0,1018,0,1.0,0,0,0,0,0,0,1018,0,1.0,0,0
PF03803,PF05602,12,11,4,8,7,999,0.36,0.99,0.33,0.34,11,4,8,7,999,0.36,0.99,0.33,0.34
PF14847,PF16533,6,2,1,5,1,1011,0.5,0.99,0.17,0.29,2,1,5,1,1011,0.5,0.99,0.17,0.29
PF14363,PF14629,9,8,1,8,7,1002,0.12,0.99,0.11,0.11,8,1,8,7,1002,0.12,0.99,0.11,0.11
PF14983,PF07195,2,0,0,2,0,1016,0,1.0,0.0,0,0,0,2,0,1016,0,1.0,0.0,0
PF15758,PF00796,0,0,0,0,0,1018,0,1.0,0,0,0,0,0,0,1018,0,1.0,0,0
PF12800,PF11953,2,0,0,2,0,1016,0,1.0,0.0,0,0,0,2,0,1016,0,1.0,0.0,0
PF08293,PF09996,6,0,0,6,0,1012,0,0.99,0.0,0,0,0,6,0,1012,0,0.99,0.0,0
PF11998,PF03661,5,14,2,3,12,1001,0.14,0.99,0.4,0.23,14,2,3,12,1001,0.14,0.99,0.4,0.23
PF03714,PF11852,2,2,2,0,0,1016,1.0,1.0,1.0,1.0,2,2,0,0,1016,1.0,1.0,1.0,1.0
PF15255,PF05041,0,8,0,0,8,1010,0.0,0.99,0,0,8,0,0,8,1010,0.0,0.99,0,0
PF01847,PF06127,11,4,1,10,3,1004,0.25,0.99,0.09,0.15,4,1,10,3,1004,0.25,0.99,0.09,0.15
PF14962,PF14721,2,4,2,0,2,1014,0.5,1.0,1.0,0.71,4,2,0,2,1014,0.5,1.0,1.0,0.71
PF06817,PF13655,5,6,1,4,5,1008,0.17,0.99,0.2,0.18,6,1,4,5,1008,0.17,0.99,0.2,0.18
PF05971,PF16019,10,0,0,10,0,1008,0,0.99,0.0,0,0,0,10,0,1008,0,0.99,0.0,0
PF10557,PF00888,28,39,28,0,11,979,0.72,0.99,1.0,0.84,39,28,0,11,979,0.72,0.99,1.0,0.84
PF04179,PF17184,3,4,3,0,1,1014,0.75,1.0,1.0,0.87,4,3,0,1,1014,0.75,1.0,1.0,0.87
PF15504,PF06890,1,0,0,1,0,1017,0,1.0,0.0,0,0,0,1,0,1017,0,1.0,0.0,0
PF13885,PF05287,1,0,0,1,0,1017,0,1.0,0.0,0,0,0,1,0,1017,0,1.0,0.0,0
PF10450,PF17206,0,1,0,0,1,1017,0.0,1.0,0,0,1,0,0,1,1017,0.0,1.0,0,0
PF05011,PF04152,14,14,4,10,10,994,0.29,0.98,0.29,0.28,14,4,10,10,994,0.29,0.98,0.29,0.28
PF10974,PF01514,0,0,0,0,0,1018,0,1.0,0,0,0,0,0,0,1018,0,1.0,0,0
PF07082,PF05055,2,3,0,2,3,1013,0.0,1.0,0.0,-0.0,3,0,2,3,1013,0.0,1.0,0.0,-0.0
PF08824,PF12026,1,4,1,0,3,1014,0.25,1.0,1.0,0.5,4,1,0,3,1014,0.25,1.0,1.0,0.5
PF09110,PF09111,14,14,14,0,0,1004,1.0,1.0,1.0,1.0,14,14,0,0,1004,1.0,1.0,1.0,1.0
PF17009,PF11068,0,0,0,0,0,1018,0,1.0,0,0,0,0,0,0,1018,0,1.0,0,0
PF02887,PF00224,26,39,26,0,13,979,0.67,0.99,1.0,0.81,39,26,0,13,979,0.67,0.99,1.0,0.81
PF00591,PF07831,5,2,2,3,0,1013,1.0,1.0,0.4,0.63,2,2,3,0,1013,1.0,1.0,0.4,0.63
PF14662,PF14722,2,7,0,2,7,1009,0.0,0.99,0.0,-0.0,7,0,2,7,1009,0.0,0.99,0.0,-0.0
PF02729,PF00185,20,21,20,0,1,997,0.95,1.0,1.0,0.98,21,20,0,1,997,0.95,1.0,1.0,0.98
PF15128,PF06798,0,0,0,0,0,1018,0,1.0,0,0,0,0,0,0,1018,0,1.0,0,0
PF08803,PF10460,0,0,0,0,0,1018,0,1.0,0,0,0,0,0,0,1018,0,1.0,0,0
PF14926,PF15504,1,1,1,0,0,1017,1.0,1.0,1.0,1.0,1,1,0,0,1017,1.0,1.0,1.0,1.0
PF04780,PF04781,5,2,2,3,0,1013,1.0,1.0,0.4,0.63,2,2,3,0,1013,1.0,1.0,0.4,0.63
PF15151,PF07055,3,1,0,3,1,1014,0.0,1.0,0.0,-0.0,1,0,3,1,1014,0.0,1.0,0.0,-0.0
PF00770,PF05355,1,3,0,1,3,1014,0.0,1.0,0.0,-0.0,3,0,1,3,1014,0.0,1.0,0.0,-0.0
PF16912,PF13823,0,2,0,0,2,1016,0.0,1.0,0,0,2,0,0,2,1016,0.0,1.0,0,0
PF15726,PF15851,0,0,0,0,0,1018,0,1.0,0,0,0,0,0,0,1018,0,1.0,0,0
PF03690,PF00048,12,13,4,8,9,997,0.31,0.98,0.33,0.31,13,4,8,9,997,0.31,0.98,0.33,0.31
PF14748,PF03807,6,12,5,1,7,1005,0.42,0.99,0.83,0.59,12,5,1,7,1005,0.42,0.99,0.83,0.59
PF01425,PF01328,66,15,8,58,7,945,0.53,0.94,0.12,0.23,15,8,58,7,945,0.53,0.94,0.12,0.23
PF02141,PF03456,36,27,27,9,0,982,1.0,0.99,0.75,0.86,27,27,9,0,982,1.0,0.99,0.75,0.86
PF09787,PF11831,7,12,1,6,11,1000,0.08,0.98,0.14,0.1,12,1,6,11,1000,0.08,0.98,0.14,0.1
PF04091,PF12036,13,2,0,13,2,1003,0.0,0.99,0.0,-0.01,2,0,13,2,1003,0.0,0.99,0.0,-0.01
PF10447,PF15985,8,12,2,6,10,1000,0.17,0.98,0.25,0.2,12,2,6,10,1000,0.17,0.98,0.25,0.2
PF05193,PF00675,57,57,50,7,7,954,0.88,0.99,0.88,0.87,57,50,7,7,954,0.88,0.99,0.88,0.87
PF12446,PF15224,0,0,0,0,0,1018,0,1.0,0,0,0,0,0,0,1018,0,1.0,0,0
PF17056,PF08591,0,0,0,0,0,1018,0,1.0,0,0,0,0,0,0,1018,0,1.0,0,0
PF00226,PF11926,113,2,2,111,0,905,1.0,0.89,0.02,0.13,2,2,111,0,905,1.0,0.89,0.02,0.13
PF04371,PF06609,1,12,0,1,12,1005,0.0,0.99,0.0,-0.0,12,0,1,12,1005,0.0,0.99,0.0,-0.0
PF10366,PF10367,14,18,11,3,7,997,0.61,0.99,0.79,0.69,18,11,3,7,997,0.61,0.99,0.79,0.69
PF07779,PF03385,11,1,0,11,1,1006,0.0,0.99,0.0,-0.0,1,0,11,1,1006,0.0,0.99,0.0,-0.0
PF09799,PF00159,6,2,1,5,1,1011,0.5,0.99,0.17,0.29,2,1,5,1,1011,0.5,0.99,0.17,0.29
PF02614,PF07523,2,0,0,2,0,1016,0,1.0,0.0,0,0,0,2,0,1016,0,1.0,0.0,0
PF13464,PF04375,1,2,0,1,2,1015,0.0,1.0,0.0,-0.0,2,0,1,2,1015,0.0,1.0,0.0,-0.0
PF13759,PF09187,9,0,0,9,0,1009,0,0.99,0.0,0,0,0,9,0,1009,0,0.99,0.0,0
PF05161,PF13660,7,12,7,0,5,1006,0.58,1.0,1.0,0.76,12,7,0,5,1006,0.58,1.0,1.0,0.76
PF12008,PF04313,4,4,4,0,0,1014,1.0,1.0,1.0,1.0,4,4,0,0,1014,1.0,1.0,1.0,1.0
PF02838,PF03174,9,3,3,6,0,1009,1.0,0.99,0.33,0.58,3,3,6,0,1009,1.0,0.99,0.33,0.58
PF05480,PF02556,0,5,0,0,5,1013,0.0,1.0,0,0,5,0,0,5,1013,0.0,1.0,0,0
PF09767,PF02450,4,21,1,3,20,994,0.05,0.98,0.25,0.1,21,1,3,20,994,0.05,0.98,0.25,0.1
PF05430,PF08245,1,32,0,1,32,985,0.0,0.97,0.0,-0.01,32,0,1,32,985,0.0,0.97,0.0,-0.01
PF13696,PF08783,10,7,7,3,0,1008,1.0,1.0,0.7,0.84,7,7,3,0,1008,1.0,1.0,0.7,0.84
PF06533,PF02753,1,3,0,1,3,1014,0.0,1.0,0.0,-0.0,3,0,1,3,1014,0.0,1.0,0.0,-0.0
PF07837,PF04961,7,4,4,3,0,1011,1.0,1.0,0.57,0.75,4,4,3,0,1011,1.0,1.0,0.57,0.75
PF09839,PF14573,0,0,0,0,0,1018,0,1.0,0,0,0,0,0,0,1018,0,1.0,0,0
PF16835,PF12240,12,1,1,11,0,1006,1.0,0.99,0.08,0.29,1,1,11,0,1006,1.0,0.99,0.08,0.29
PF15480,PF06890,1,0,0,1,0,1017,0,1.0,0.0,0,0,0,1,0,1017,0,1.0,0.0,0
PF12064,PF10513,3,24,1,2,23,992,0.04,0.98,0.33,0.11,24,1,2,23,992,0.04,0.98,0.33,0.11
PF01268,PF00763,13,24,12,1,12,993,0.5,0.99,0.92,0.67,24,12,1,12,993,0.5,0.99,0.92,0.67
PF15078,PF04485,0,0,0,0,0,1018,0,1.0,0,0,0,0,0,0,1018,0,1.0,0,0
PF04992,PF04990,4,3,2,2,1,1013,0.67,1.0,0.5,0.58,3,2,2,1,1013,0.67,1.0,0.5,0.58
PF12679,PF12040,0,0,0,0,0,1018,0,1.0,0,0,0,0,0,0,1018,0,1.0,0,0
PF08356,PF08355,12,13,12,0,1,1005,0.92,1.0,1.0,0.96,13,12,0,1,1005,0.92,1.0,1.0,0.96
PF10215,PF11093,5,0,0,5,0,1013,0,1.0,0.0,0,0,0,5,0,1013,0,1.0,0.0,0
PF11229,PF12530,2,2,1,1,1,1015,0.5,1.0,0.5,0.5,2,1,1,1,1015,0.5,1.0,0.5,0.5
PF13292,PF00456,3,11,0,3,11,1004,0.0,0.99,0.0,-0.01,11,0,3,11,1004,0.0,0.99,0.0,-0.01
PF07064,PF17034,5,6,0,5,6,1007,0.0,0.99,0.0,-0.01,6,0,5,6,1007,0.0,0.99,0.0,-0.01
PF05700,PF12638,9,5,3,6,2,1007,0.6,0.99,0.33,0.44,5,3,6,2,1007,0.6,0.99,0.33,0.44
PF08454,PF06459,14,8,8,6,0,1004,1.0,0.99,0.57,0.75,8,8,6,0,1004,1.0,0.99,0.57,0.75
PF05168,PF08579,3,1,0,3,1,1014,0.0,1.0,0.0,-0.0,1,0,3,1,1014,0.0,1.0,0.0,-0.0
PF05017,PF02057,0,1,0,0,1,1017,0.0,1.0,0,0,1,0,0,1,1017,0.0,1.0,0,0
PF06862,PF03085,11,0,0,11,0,1007,0,0.99,0.0,0,0,0,11,0,1007,0,0.99,0.0,0
PF10545,PF02944,43,14,14,29,0,975,1.0,0.97,0.33,0.56,14,14,29,0,975,1.0,0.97,0.33,0.56
PF10241,PF03604,5,10,1,4,9,1004,0.1,0.99,0.2,0.14,10,1,4,9,1004,0.1,0.99,0.2,0.14
PF00593,PF00950,4,4,2,2,2,1012,0.5,1.0,0.5,0.5,4,2,2,2,1012,0.5,1.0,0.5,0.5
PF01552,PF12080,12,0,0,12,0,1006,0,0.99,0.0,0,0,0,12,0,1006,0,0.99,0.0,0
PF16276,PF14186,2,5,0,2,5,1011,0.0,0.99,0.0,-0.0,5,0,2,5,1011,0.0,0.99,0.0,-0.0
PF07515,PF04941,0,2,0,0,2,1016,0.0,1.0,0,0,2,0,0,2,1016,0.0,1.0,0,0
PF03383,PF11581,0,0,0,0,0,1018,0,1.0,0,0,0,0,0,0,1018,0,1.0,0,0
PF13085,PF06159,20,2,0,20,2,996,0.0,0.98,0.0,-0.01,2,0,20,2,996,0.0,0.98,0.0,-0.01
PF09835,PF12046,3,0,0,3,0,1015,0,1.0,0.0,0,0,0,3,0,1015,0,1.0,0.0,0
PF04483,PF13225,1,3,0,1,3,1014,0.0,1.0,0.0,-0.0,3,0,1,3,1014,0.0,1.0,0.0,-0.0
PF06964,PF14498,14,10,4,10,6,998,0.4,0.98,0.29,0.33,10,4,10,6,998,0.4,0.98,0.29,0.33
PF15873,PF05135,1,0,0,1,0,1017,0,1.0,0.0,0,0,0,1,0,1017,0,1.0,0.0,0
PF14944,PF09303,4,2,0,4,2,1012,0.0,0.99,0.0,-0.0,2,0,4,2,1012,0.0,0.99,0.0,-0.0
PF16649,PF15211,1,0,0,1,0,1017,0,1.0,0.0,0,0,0,1,0,1017,0,1.0,0.0,0
PF01757,PF04515,33,15,6,27,9,976,0.4,0.96,0.18,0.25,15,6,27,9,976,0.4,0.96,0.18,0.25
PF00489,PF02024,1,1,0,1,1,1016,0.0,1.0,0.0,-0.0,1,0,1,1,1016,0.0,1.0,0.0,-0.0
PF03023,PF08343,8,2,1,7,1,1009,0.5,0.99,0.12,0.25,2,1,7,1,1009,0.5,0.99,0.12,0.25
PF05669,PF11938,12,15,5,7,10,996,0.33,0.98,0.42,0.36,15,5,7,10,996,0.33,0.98,0.42,0.36
PF04990,PF04992,3,4,2,1,2,1013,0.5,1.0,0.67,0.58,4,2,1,2,1013,0.5,1.0,0.67,0.58
PF01087,PF02744,8,9,8,0,1,1009,0.89,1.0,1.0,0.94,9,8,0,1,1009,0.89,1.0,1.0,0.94
PF15115,PF14986,0,0,0,0,0,1018,0,1.0,0,0,0,0,0,0,1018,0,1.0,0,0
PF08438,PF09269,5,4,3,2,1,1012,0.75,1.0,0.6,0.67,4,3,2,1,1012,0.75,1.0,0.6,0.67
PF16527,PF12729,2,1,1,1,0,1016,1.0,1.0,0.5,0.71,1,1,1,0,1016,1.0,1.0,0.5,0.71
PF02353,PF01593,13,63,8,5,55,950,0.13,0.94,0.62,0.26,63,8,5,55,950,0.13,0.94,0.62,0.26
PF00952,PF14534,0,0,0,0,0,1018,0,1.0,0,0,0,0,0,0,1018,0,1.0,0,0
PF11979,PF11409,5,1,1,4,0,1013,1.0,1.0,0.2,0.45,1,1,4,0,1013,1.0,1.0,0.2,0.45
PF01389,PF14334,0,0,0,0,0,1018,0,1.0,0,0,0,0,0,0,1018,0,1.0,0,0
PF02605,PF09057,0,0,0,0,0,1018,0,1.0,0,0,0,0,0,0,1018,0,1.0,0,0
PF08587,PF13240,11,5,2,9,3,1004,0.4,0.99,0.18,0.26,5,2,9,3,1004,0.4,0.99,0.18,0.26
PF12848,PF03649,21,4,3,18,1,996,0.75,0.98,0.14,0.32,4,3,18,1,996,0.75,0.98,0.14,0.32
PF07152,PF01588,0,28,0,0,28,990,0.0,0.97,0,0,28,0,0,28,990,0.0,0.97,0,0
PF15339,PF14866,0,0,0,0,0,1018,0,1.0,0,0,0,0,0,0,1018,0,1.0,0,0
PF11152,PF06549,2,1,1,1,0,1016,1.0,1.0,0.5,0.71,1,1,1,0,1016,1.0,1.0,0.5,0.71
PF08495,PF04300,4,8,1,3,7,1007,0.12,0.99,0.25,0.17,8,1,3,7,1007,0.12,0.99,0.25,0.17
PF12319,PF10180,1,10,0,1,10,1007,0.0,0.99,0.0,-0.0,10,0,1,10,1007,0.0,0.99,0.0,-0.0
PF16413,PF08676,15,24,5,10,19,984,0.21,0.97,0.33,0.25,24,5,10,19,984,0.21,0.97,0.33,0.25
PF15757,PF15776,0,2,0,0,2,1016,0.0,1.0,0,0,2,0,0,2,1016,0.0,1.0,0,0
PF11732,PF16134,6,7,6,0,1,1011,0.86,1.0,1.0,0.93,7,6,0,1,1011,0.86,1.0,1.0,0.93
PF06432,PF05562,12,3,1,11,2,1004,0.33,0.99,0.08,0.16,3,1,11,2,1004,0.33,0.99,0.08,0.16
PF11849,PF05736,0,0,0,0,0,1018,0,1.0,0,0,0,0,0,0,1018,0,1.0,0,0
PF07891,PF15235,1,1,0,1,1,1016,0.0,1.0,0.0,-0.0,1,0,1,1,1016,0.0,1.0,0.0,-0.0
PF11841,PF16457,7,15,7,0,8,1003,0.47,0.99,1.0,0.68,15,7,0,8,1003,0.47,0.99,1.0,0.68
PF08614,PF14077,6,4,2,4,2,1010,0.5,0.99,0.33,0.41,4,2,4,2,1010,0.5,0.99,0.33,0.41
PF12074,PF13251,6,4,1,5,3,1009,0.25,0.99,0.17,0.2,4,1,5,3,1009,0.25,0.99,0.17,0.2
PF03032,PF10583,3,0,0,3,0,1015,0,1.0,0.0,0,0,0,3,0,1015,0,1.0,0.0,0
PF16485,PF01447,1,1,1,0,0,1017,1.0,1.0,1.0,1.0,1,1,0,0,1017,1.0,1.0,1.0,1.0
PF05391,PF07807,1,5,0,1,5,1012,0.0,0.99,0.0,-0.0,5,0,1,5,1012,0.0,0.99,0.0,-0.0
PF02323,PF03203,1,0,0,1,0,1017,0,1.0,0.0,0,0,0,1,0,1017,0,1.0,0.0,0
PF06916,PF10173,10,5,0,10,5,1003,0.0,0.99,0.0,-0.01,5,0,10,5,1003,0.0,0.99,0.0,-0.01
PF14572,PF13793,14,23,14,0,9,995,0.61,0.99,1.0,0.78,23,14,0,9,995,0.61,0.99,1.0,0.78
PF14845,PF02838,20,9,4,16,5,993,0.44,0.98,0.2,0.29,9,4,16,5,993,0.44,0.98,0.2,0.29
PF12139,PF12617,0,0,0,0,0,1018,0,1.0,0,0,0,0,0,0,1018,0,1.0,0,0
PF11261,PF07001,6,5,0,6,5,1007,0.0,0.99,0.0,-0.01,5,0,6,5,1007,0.0,0.99,0.0,-0.01
PF06449,PF08140,4,1,0,4,1,1013,0.0,1.0,0.0,-0.0,1,0,4,1,1013,0.0,1.0,0.0,-0.0
PF12385,PF12843,0,0,0,0,0,1018,0,1.0,0,0,0,0,0,0,1018,0,1.0,0,0
PF00578,PF10417,45,32,31,14,1,972,0.97,0.99,0.69,0.81,32,31,14,1,972,0.97,0.99,0.69,0.81
PF06560,PF06295,1,0,0,1,0,1017,0,1.0,0.0,0,0,0,1,0,1017,0,1.0,0.0,0
PF01374,PF04085,1,0,0,1,0,1017,0,1.0,0.0,0,0,0,1,0,1017,0,1.0,0.0,0
PF08581,PF17005,3,1,1,2,0,1015,1.0,1.0,0.33,0.58,1,1,2,0,1015,1.0,1.0,0.33,0.58
PF01906,PF08738,3,0,0,3,0,1015,0,1.0,0.0,0,0,0,3,0,1015,0,1.0,0.0,0
PF00188,PF08562,53,0,0,53,0,965,0,0.95,0.0,0,0,0,53,0,965,0,0.95,0.0,0
PF02878,PF00408,39,28,27,12,1,978,0.96,0.99,0.69,0.81,28,27,12,1,978,0.96,0.99,0.69,0.81
PF14228,PF14222,7,7,7,0,0,1011,1.0,1.0,1.0,1.0,7,7,0,0,1011,1.0,1.0,1.0,1.0
PF07988,PF08558,1,4,0,1,4,1013,0.0,1.0,0.0,-0.0,4,0,1,4,1013,0.0,1.0,0.0,-0.0
PF05392,PF07391,3,0,0,3,0,1015,0,1.0,0.0,0,0,0,3,0,1015,0,1.0,0.0,0
PF06651,PF03745,0,0,0,0,0,1018,0,1.0,0,0,0,0,0,0,1018,0,1.0,0,0
PF10674,PF06581,1,0,0,1,0,1017,0,1.0,0.0,0,0,0,1,0,1017,0,1.0,0.0,0
PF12232,PF01586,3,3,3,0,0,1015,1.0,1.0,1.0,1.0,3,3,0,0,1015,1.0,1.0,1.0,1.0
PF16639,PF01333,9,5,5,4,0,1009,1.0,1.0,0.56,0.74,5,5,4,0,1009,1.0,1.0,0.56,0.74
PF16077,PF10188,11,0,0,11,0,1007,0,0.99,0.0,0,0,0,11,0,1007,0,0.99,0.0,0
PF04278,PF15311,5,6,0,5,6,1007,0.0,0.99,0.0,-0.01,6,0,5,6,1007,0.0,0.99,0.0,-0.01
PF12552,PF14383,4,3,1,3,2,1012,0.33,1.0,0.25,0.29,3,1,3,2,1012,0.33,1.0,0.25,0.29
PF03190,PF07539,8,11,2,6,9,1001,0.18,0.99,0.25,0.21,11,2,6,9,1001,0.18,0.99,0.25,0.21
PF06969,PF13597,2,4,2,0,2,1014,0.5,1.0,1.0,0.71,4,2,0,2,1014,0.5,1.0,1.0,0.71
PF00883,PF02789,26,18,17,9,1,991,0.94,0.99,0.65,0.78,18,17,9,1,991,0.94,0.99,0.65,0.78
PF14726,PF15914,4,3,0,4,3,1011,0.0,0.99,0.0,-0.0,3,0,4,3,1011,0.0,0.99,0.0,-0.0
PF05972,PF05923,7,8,7,0,1,1010,0.88,1.0,1.0,0.93,8,7,0,1,1010,0.88,1.0,1.0,0.93
PF11317,PF10716,0,1,0,0,1,1017,0.0,1.0,0,0,1,0,0,1,1017,0.0,1.0,0,0
PF07602,PF16977,1,7,1,0,6,1011,0.14,0.99,1.0,0.38,7,1,0,6,1011,0.14,0.99,1.0,0.38
PF16141,PF01033,0,18,0,0,18,1000,0.0,0.98,0,0,18,0,0,18,1000,0.0,0.98,0,0
PF08123,PF14722,13,7,2,11,5,1000,0.29,0.98,0.15,0.2,7,2,11,5,1000,0.29,0.98,0.15,0.2
PF13577,PF00296,7,19,3,4,16,995,0.16,0.98,0.43,0.25,19,3,4,16,995,0.16,0.98,0.43,0.25
PF12423,PF16183,14,19,14,0,5,999,0.74,1.0,1.0,0.86,19,14,0,5,999,0.74,1.0,1.0,0.86
PF15308,PF13325,8,5,3,5,2,1008,0.6,0.99,0.38,0.47,5,3,5,2,1008,0.6,0.99,0.38,0.47
PF12143,PF12142,2,2,2,0,0,1016,1.0,1.0,1.0,1.0,2,2,0,0,1016,1.0,1.0,1.0,1.0
PF02019,PF06760,4,2,2,2,0,1014,1.0,1.0,0.5,0.71,2,2,2,0,1014,1.0,1.0,0.5,0.71
PF15086,PF05128,3,1,1,2,0,1015,1.0,1.0,0.33,0.58,1,1,2,0,1015,1.0,1.0,0.33,0.58
PF01152,PF00537,7,1,0,7,1,1010,0.0,0.99,0.0,-0.0,1,0,7,1,1010,0.0,0.99,0.0,-0.0
PF17020,PF02562,1,2,0,1,2,1015,0.0,1.0,0.0,-0.0,2,0,1,2,1015,0.0,1.0,0.0,-0.0
PF06160,PF01446,0,1,0,0,1,1017,0.0,1.0,0,0,1,0,0,1,1017,0.0,1.0,0,0
PF09032,PF16273,3,0,0,3,0,1015,0,1.0,0.0,0,0,0,3,0,1015,0,1.0,0.0,0
PF05467,PF11037,0,0,0,0,0,1018,0,1.0,0,0,0,0,0,0,1018,0,1.0,0,0
PF15392,PF15082,0,3,0,0,3,1015,0.0,1.0,0,0,3,0,0,3,1015,0.0,1.0,0,0
PF11746,PF08518,0,8,0,0,8,1010,0.0,0.99,0,0,8,0,0,8,1010,0.0,0.99,0,0
PF08818,PF02369,0,0,0,0,0,1018,0,1.0,0,0,0,0,0,0,1018,0,1.0,0,0
PF17106,PF12200,3,1,1,2,0,1015,1.0,1.0,0.33,0.58,1,1,2,0,1015,1.0,1.0,0.33,0.58
PF09531,PF07574,12,13,4,8,9,997,0.31,0.98,0.33,0.31,13,4,8,9,997,0.31,0.98,0.33,0.31
PF00197,PF04520,1,0,0,1,0,1017,0,1.0,0.0,0,0,0,1,0,1017,0,1.0,0.0,0
PF08421,PF08484,2,2,2,0,0,1016,1.0,1.0,1.0,1.0,2,2,0,0,1016,1.0,1.0,1.0,1.0
PF08517,PF13775,6,1,0,6,1,1011,0.0,0.99,0.0,-0.0,1,0,6,1,1011,0.0,0.99,0.0,-0.0
PF03826,PF00157,8,8,3,5,5,1005,0.38,0.99,0.38,0.37,8,3,5,5,1005,0.38,0.99,0.38,0.37
PF04569,PF10295,0,3,0,0,3,1015,0.0,1.0,0,0,3,0,0,3,1015,0.0,1.0,0,0
PF15620,PF15622,0,0,0,0,0,1018,0,1.0,0,0,0,0,0,0,1018,0,1.0,0,0
PF01916,PF03345,5,13,2,3,11,1002,0.15,0.99,0.4,0.24,13,2,3,11,1002,0.15,0.99,0.4,0.24
PF03038,PF17083,0,0,0,0,0,1018,0,1.0,0,0,0,0,0,0,1018,0,1.0,0,0
PF15044,PF13236,5,11,5,0,6,1007,0.45,0.99,1.0,0.67,11,5,0,6,1007,0.45,0.99,1.0,0.67
PF02159,PF11825,10,5,4,6,1,1007,0.8,0.99,0.4,0.56,5,4,6,1,1007,0.8,0.99,0.4,0.56
PF07219,PF16546,2,12,1,1,11,1005,0.08,0.99,0.5,0.2,12,1,1,11,1005,0.08,0.99,0.5,0.2
PF02037,PF14443,61,4,3,58,1,956,0.75,0.94,0.05,0.18,4,3,58,1,956,0.75,0.94,0.05,0.18
PF08298,PF14841,0,1,0,0,1,1017,0.0,1.0,0,0,1,0,0,1,1017,0.0,1.0,0,0
PF06888,PF01937,4,17,3,1,14,1000,0.18,0.99,0.75,0.36,17,3,1,14,1000,0.18,0.99,0.75,0.36
PF00233,PF01590,21,35,12,9,23,974,0.34,0.97,0.57,0.43,35,12,9,23,974,0.34,0.97,0.57,0.43
PF02780,PF00456,32,11,8,24,3,983,0.73,0.97,0.25,0.42,11,8,24,3,983,0.73,0.97,0.25,0.42
PF07022,PF06934,1,0,0,1,0,1017,0,1.0,0.0,0,0,0,1,0,1017,0,1.0,0.0,0
PF16556,PF16742,1,0,0,1,0,1017,0,1.0,0.0,0,0,0,1,0,1017,0,1.0,0.0,0
PF12253,PF08634,3,2,0,3,2,1013,0.0,1.0,0.0,-0.0,2,0,3,2,1013,0.0,1.0,0.0,-0.0
PF05104,PF12297,0,0,0,0,0,1018,0,1.0,0,0,0,0,0,0,1018,0,1.0,0,0
PF03581,PF09676,0,0,0,0,0,1018,0,1.0,0,0,0,0,0,0,1018,0,1.0,0,0
PF04455,PF16653,3,13,1,2,12,1003,0.08,0.99,0.33,0.16,13,1,2,12,1003,0.08,0.99,0.33,0.16
PF12010,PF01339,1,6,1,0,5,1012,0.17,1.0,1.0,0.41,6,1,0,5,1012,0.17,1.0,1.0,0.41
PF09420,PF16954,4,2,0,4,2,1012,0.0,0.99,0.0,-0.0,2,0,4,2,1012,0.0,0.99,0.0,-0.0
PF01943,PF02465,0,0,0,0,0,1018,0,1.0,0,0,0,0,0,0,1018,0,1.0,0,0
PF15232,PF09047,0,1,0,0,1,1017,0.0,1.0,0,0,1,0,0,1,1017,0.0,1.0,0,0
PF02116,PF10180,2,10,0,2,10,1006,0.0,0.99,0.0,-0.0,10,0,2,10,1006,0.0,0.99,0.0,-0.0
PF15975,PF16200,6,7,1,5,6,1006,0.14,0.99,0.17,0.15,7,1,5,6,1006,0.14,0.99,0.17,0.15
PF00018,PF14604,98,68,50,48,18,902,0.74,0.94,0.51,0.58,68,50,48,18,902,0.74,0.94,0.51,0.58
PF12740,PF04414,8,3,1,7,2,1008,0.33,0.99,0.12,0.2,3,1,7,2,1008,0.33,0.99,0.12,0.2
PF00534,PF08472,51,2,0,51,2,965,0.0,0.95,0.0,-0.01,2,0,51,2,965,0.0,0.95,0.0,-0.01
PF08603,PF01213,10,11,9,1,2,1006,0.82,1.0,0.9,0.86,11,9,1,2,1006,0.82,1.0,0.9,0.86
PF08043,PF10530,2,0,0,2,0,1016,0,1.0,0.0,0,0,0,2,0,1016,0,1.0,0.0,0
PF00097,PF13445,71,60,31,40,29,918,0.52,0.93,0.44,0.44,60,31,40,29,918,0.52,0.93,0.44,0.44
PF11987,PF08364,28,5,5,23,0,990,1.0,0.98,0.18,0.42,5,5,23,0,990,1.0,0.98,0.18,0.42
PF02095,PF09049,2,0,0,2,0,1016,0,1.0,0.0,0,0,0,2,0,1016,0,1.0,0.0,0
PF01353,PF15377,2,0,0,2,0,1016,0,1.0,0.0,0,0,0,2,0,1016,0,1.0,0.0,0
PF16965,PF02277,1,3,0,1,3,1014,0.0,1.0,0.0,-0.0,3,0,1,3,1014,0.0,1.0,0.0,-0.0
PF08520,PF07382,1,3,0,1,3,1014,0.0,1.0,0.0,-0.0,3,0,1,3,1014,0.0,1.0,0.0,-0.0
PF14972,PF00714,2,1,0,2,1,1015,0.0,1.0,0.0,-0.0,1,0,2,1,1015,0.0,1.0,0.0,-0.0
PF10014,PF02950,2,1,0,2,1,1015,0.0,1.0,0.0,-0.0,1,0,2,1,1015,0.0,1.0,0.0,-0.0
PF04131,PF04552,1,1,0,1,1,1016,0.0,1.0,0.0,-0.0,1,0,1,1,1016,0.0,1.0,0.0,-0.0
PF02180,PF02731,2,8,0,2,8,1008,0.0,0.99,0.0,-0.0,8,0,2,8,1008,0.0,0.99,0.0,-0.0
PF03914,PF00924,18,14,4,14,10,990,0.29,0.98,0.22,0.24,14,4,14,10,990,0.29,0.98,0.22,0.24
PF09303,PF03185,2,7,2,0,5,1011,0.29,1.0,1.0,0.53,7,2,0,5,1011,0.29,1.0,1.0,0.53
PF08216,PF15627,5,2,0,5,2,1011,0.0,0.99,0.0,-0.0,2,0,5,2,1011,0.0,0.99,0.0,-0.0
PF01330,PF07157,2,0,0,2,0,1016,0,1.0,0.0,0,0,0,2,0,1016,0,1.0,0.0,0
PF08351,PF13725,12,12,12,0,0,1006,1.0,1.0,1.0,1.0,12,12,0,0,1006,1.0,1.0,1.0,1.0
PF04245,PF11832,0,0,0,0,0,1018,0,1.0,0,0,0,0,0,0,1018,0,1.0,0,0
PF09874,PF06007,1,2,0,1,2,1015,0.0,1.0,0.0,-0.0,2,0,1,2,1015,0.0,1.0,0.0,-0.0
PF16861,PF03090,3,0,0,3,0,1015,0,1.0,0.0,0,0,0,3,0,1015,0,1.0,0.0,0
PF10856,PF04624,0,1,0,0,1,1017,0.0,1.0,0,0,1,0,0,1,1017,0.0,1.0,0,0
PF04308,PF04764,0,0,0,0,0,1018,0,1.0,0,0,0,0,0,0,1018,0,1.0,0,0
PF02013,PF02156,5,7,3,2,4,1009,0.43,0.99,0.6,0.5,7,3,2,4,1009,0.43,0.99,0.6,0.5
PF03874,PF05676,11,7,3,8,4,1003,0.43,0.99,0.27,0.34,7,3,8,4,1003,0.43,0.99,0.27,0.34
PF13538,PF02689,5,7,2,3,5,1008,0.29,0.99,0.4,0.33,7,2,3,5,1008,0.29,0.99,0.4,0.33
PF04827,PF03407,31,16,7,24,9,978,0.44,0.97,0.23,0.3,16,7,24,9,978,0.44,0.97,0.23,0.3
PF08127,PF08773,3,1,1,2,0,1015,1.0,1.0,0.33,0.58,1,1,2,0,1015,1.0,1.0,0.33,0.58
PF03318,PF01117,1,0,0,1,0,1017,0,1.0,0.0,0,0,0,1,0,1017,0,1.0,0.0,0
PF16889,PF10566,1,0,0,1,0,1017,0,1.0,0.0,0,0,0,1,0,1017,0,1.0,0.0,0
PF16968,PF03739,0,5,0,0,5,1013,0.0,1.0,0,0,5,0,0,5,1013,0.0,1.0,0,0
PF07910,PF07782,18,12,2,16,10,990,0.17,0.97,0.11,0.12,12,2,16,10,990,0.17,0.97,0.11,0.12
PF07402,PF13471,0,4,0,0,4,1014,0.0,1.0,0,0,4,0,0,4,1014,0.0,1.0,0,0
PF09314,PF07310,0,1,0,0,1,1017,0.0,1.0,0,0,1,0,0,1,1017,0.0,1.0,0,0
PF11023,PF02635,0,0,0,0,0,1018,0,1.0,0,0,0,0,0,0,1018,0,1.0,0,0
PF16263,PF07338,0,5,0,0,5,1013,0.0,1.0,0,0,5,0,0,5,1013,0.0,1.0,0,0
PF01666,PF04562,0,0,0,0,0,1018,0,1.0,0,0,0,0,0,0,1018,0,1.0,0,0
PF03730,PF02735,17,24,17,0,7,994,0.71,0.99,1.0,0.84,24,17,0,7,994,0.71,0.99,1.0,0.84
PF00258,PF00667,38,36,29,9,7,973,0.81,0.98,0.76,0.78,36,29,9,7,973,0.81,0.98,0.76,0.78
PF14487,PF10118,2,4,0,2,4,1012,0.0,0.99,0.0,-0.0,4,0,2,4,1012,0.0,0.99,0.0,-0.0
PF04908,PF07797,10,4,0,10,4,1004,0.0,0.99,0.0,-0.01,4,0,10,4,1004,0.0,0.99,0.0,-0.01
PF00062,PF06189,8,3,0,8,3,1007,0.0,0.99,0.0,-0.0,3,0,8,3,1007,0.0,0.99,0.0,-0.0
PF01090,PF02285,12,4,0,12,4,1002,0.0,0.98,0.0,-0.01,4,0,12,4,1002,0.0,0.98,0.0,-0.01
PF13503,PF09287,0,0,0,0,0,1018,0,1.0,0,0,0,0,0,0,1018,0,1.0,0,0
PF05208,PF07096,11,5,2,9,3,1004,0.4,0.99,0.18,0.26,5,2,9,3,1004,0.4,0.99,0.18,0.26
PF00028,PF01049,48,7,7,41,0,970,1.0,0.96,0.15,0.37,7,7,41,0,970,1.0,0.96,0.15,0.37
PF12174,PF00644,7,44,5,2,39,972,0.11,0.96,0.71,0.27,44,5,2,39,972,0.11,0.96,0.71,0.27
PF12480,PF08729,4,4,1,3,3,1011,0.25,0.99,0.25,0.25,4,1,3,3,1011,0.25,0.99,0.25,0.25
PF10265,PF15008,2,0,0,2,0,1016,0,1.0,0.0,0,0,0,2,0,1016,0,1.0,0.0,0
PF00199,PF06628,20,19,17,3,2,996,0.89,1.0,0.85,0.87,19,17,3,2,996,0.89,1.0,0.85,0.87
PF14685,PF04225,1,6,0,1,6,1011,0.0,0.99,0.0,-0.0,6,0,1,6,1011,0.0,0.99,0.0,-0.0
PF07353,PF08093,2,1,0,2,1,1015,0.0,1.0,0.0,-0.0,1,0,2,1,1015,0.0,1.0,0.0,-0.0
PF06007,PF06070,2,1,0,2,1,1015,0.0,1.0,0.0,-0.0,1,0,2,1,1015,0.0,1.0,0.0,-0.0
PF00935,PF01198,17,24,8,9,16,985,0.33,0.98,0.47,0.38,24,8,9,16,985,0.33,0.98,0.47,0.38
PF14349,PF11593,2,2,0,2,2,1014,0.0,1.0,0.0,-0.0,2,0,2,2,1014,0.0,1.0,0.0,-0.0
PF00175,PF00970,62,37,36,26,1,955,0.97,0.97,0.58,0.74,37,36,26,1,955,0.97,0.97,0.58,0.74
PF06429,PF03963,2,1,1,1,0,1016,1.0,1.0,0.5,0.71,1,1,1,0,1016,1.0,1.0,0.5,0.71
PF07396,PF01484,0,37,0,0,37,981,0.0,0.96,0,0,37,0,0,37,981,0.0,0.96,0,0
PF00587,PF02686,48,7,2,46,5,965,0.29,0.95,0.04,0.09,7,2,46,5,965,0.29,0.95,0.04,0.09
PF04949,PF07939,9,2,0,9,2,1007,0.0,0.99,0.0,-0.0,2,0,9,2,1007,0.0,0.99,0.0,-0.0
PF12597,PF06232,9,4,1,8,3,1006,0.25,0.99,0.11,0.16,4,1,8,3,1006,0.25,0.99,0.11,0.16
PF06102,PF13092,9,7,1,8,6,1003,0.14,0.99,0.11,0.12,7,1,8,6,1003,0.14,0.99,0.11,0.12
PF12870,PF15712,0,0,0,0,0,1018,0,1.0,0,0,0,0,0,0,1018,0,1.0,0,0
PF11020,PF14959,0,1,0,0,1,1017,0.0,1.0,0,0,1,0,0,1,1017,0.0,1.0,0,0
PF05277,PF06463,17,9,5,12,4,997,0.56,0.98,0.29,0.4,9,5,12,4,997,0.56,0.98,0.29,0.4
PF13334,PF12326,3,4,1,2,3,1012,0.25,1.0,0.33,0.29,4,1,2,3,1012,0.25,1.0,0.33,0.29
PF15085,PF14866,2,0,0,2,0,1016,0,1.0,0.0,0,0,0,2,0,1016,0,1.0,0.0,0
PF05374,PF01392,1,24,0,1,24,993,0.0,0.98,0.0,-0.0,24,0,1,24,993,0.0,0.98,0.0,-0.0
PF02136,PF09162,19,4,3,16,1,998,0.75,0.98,0.16,0.34,4,3,16,1,998,0.75,0.98,0.16,0.34
PF16720,PF03784,1,0,0,1,0,1017,0,1.0,0.0,0,0,0,1,0,1017,0,1.0,0.0,0
PF04964,PF11741,0,0,0,0,0,1018,0,1.0,0,0,0,0,0,0,1018,0,1.0,0,0
PF10521,PF12627,10,9,4,6,5,1003,0.44,0.99,0.4,0.42,9,4,6,5,1003,0.44,0.99,0.4,0.42
PF08889,PF11862,0,1,0,0,1,1017,0.0,1.0,0,0,1,0,0,1,1017,0.0,1.0,0,0
PF15883,PF07240,0,0,0,0,0,1018,0,1.0,0,0,0,0,0,0,1018,0,1.0,0,0
PF13502,PF08345,1,1,0,1,1,1016,0.0,1.0,0.0,-0.0,1,0,1,1,1016,0.0,1.0,0.0,-0.0
PF10246,PF15013,9,1,0,9,1,1008,0.0,0.99,0.0,-0.0,1,0,9,1,1008,0.0,0.99,0.0,-0.0
PF14361,PF02070,2,0,0,2,0,1016,0,1.0,0.0,0,0,0,2,0,1016,0,1.0,0.0,0
PF06675,PF15633,0,0,0,0,0,1018,0,1.0,0,0,0,0,0,0,1018,0,1.0,0,0
PF01235,PF02741,4,1,0,4,1,1013,0.0,1.0,0.0,-0.0,1,0,4,1,1013,0.0,1.0,0.0,-0.0
PF07311,PF05109,0,0,0,0,0,1018,0,1.0,0,0,0,0,0,0,1018,0,1.0,0,0
PF07816,PF07896,0,5,0,0,5,1013,0.0,1.0,0,0,5,0,0,5,1013,0.0,1.0,0,0
PF00149,PF02872,122,15,15,107,0,896,1.0,0.89,0.12,0.33,15,15,107,0,896,1.0,0.89,0.12,0.33
PF07998,PF07282,5,2,0,5,2,1011,0.0,0.99,0.0,-0.0,2,0,5,2,1011,0.0,0.99,0.0,-0.0
PF00605,PF10401,11,9,8,3,1,1006,0.89,1.0,0.73,0.8,9,8,3,1,1006,0.89,1.0,0.73,0.8
PF04789,PF15134,1,1,0,1,1,1016,0.0,1.0,0.0,-0.0,1,0,1,1,1016,0.0,1.0,0.0,-0.0
PF08788,PF04194,7,10,1,6,9,1002,0.1,0.99,0.14,0.11,10,1,6,9,1002,0.1,0.99,0.14,0.11
PF16925,PF13750,1,0,0,1,0,1017,0,1.0,0.0,0,0,0,1,0,1017,0,1.0,0.0,0
PF09145,PF13722,0,0,0,0,0,1018,0,1.0,0,0,0,0,0,0,1018,0,1.0,0,0
PF05051,PF01115,7,6,3,4,3,1008,0.5,0.99,0.43,0.46,6,3,4,3,1008,0.5,0.99,0.43,0.46
PF04219,PF15835,0,0,0,0,0,1018,0,1.0,0,0,0,0,0,0,1018,0,1.0,0,0
PF03638,PF01754,10,10,2,8,8,1000,0.2,0.98,0.2,0.19,10,2,8,8,1000,0.2,0.98,0.2,0.19
PF00577,PF13953,5,5,5,0,0,1013,1.0,1.0,1.0,1.0,5,5,0,0,1013,1.0,1.0,1.0,1.0
PF00010,PF08447,100,25,16,84,9,909,0.64,0.91,0.16,0.29,25,16,84,9,909,0.64,0.91,0.16,0.29
PF08493,PF16846,4,2,2,2,0,1014,1.0,1.0,0.5,0.71,2,2,2,0,1014,1.0,1.0,0.5,0.71
PF06417,PF02936,8,9,2,6,7,1003,0.22,0.99,0.25,0.23,9,2,6,7,1003,0.22,0.99,0.25,0.23
PF13411,PF07739,4,1,1,3,0,1014,1.0,1.0,0.25,0.5,1,1,3,0,1014,1.0,1.0,0.25,0.5
PF13505,PF17164,0,0,0,0,0,1018,0,1.0,0,0,0,0,0,0,1018,0,1.0,0,0
PF08105,PF14200,0,5,0,0,5,1013,0.0,1.0,0,0,5,0,0,5,1013,0.0,1.0,0,0
PF11517,PF04001,0,0,0,0,0,1018,0,1.0,0,0,0,0,0,0,1018,0,1.0,0,0
PF02199,PF03489,2,7,0,2,7,1009,0.0,0.99,0.0,-0.0,7,0,2,7,1009,0.0,0.99,0.0,-0.0
PF10488,PF10472,1,0,0,1,0,1017,0,1.0,0.0,0,0,0,1,0,1017,0,1.0,0.0,0
PF09452,PF04370,1,0,0,1,0,1017,0,1.0,0.0,0,0,0,1,0,1017,0,1.0,0.0,0
PF09325,PF12828,19,4,2,17,2,997,0.5,0.98,0.11,0.22,4,2,17,2,997,0.5,0.98,0.11,0.22
PF02014,PF06468,14,7,5,9,2,1002,0.71,0.99,0.36,0.5,7,5,9,2,1002,0.71,0.99,0.36,0.5
PF04968,PF14050,13,1,0,13,1,1004,0.0,0.99,0.0,-0.0,1,0,13,1,1004,0.0,0.99,0.0,-0.0
PF00252,PF00329,25,17,7,18,10,983,0.41,0.97,0.28,0.33,17,7,18,10,983,0.41,0.97,0.28,0.33
PF07931,PF13810,3,1,0,3,1,1014,0.0,1.0,0.0,-0.0,1,0,3,1,1014,0.0,1.0,0.0,-0.0
PF04404,PF11863,1,0,0,1,0,1017,0,1.0,0.0,0,0,0,1,0,1017,0,1.0,0.0,0
PF15744,PF03823,0,3,0,0,3,1015,0.0,1.0,0,0,3,0,0,3,1015,0.0,1.0,0,0
PF06450,PF03831,1,0,0,1,0,1017,0,1.0,0.0,0,0,0,1,0,1017,0,1.0,0.0,0
PF11561,PF15727,1,0,0,1,0,1017,0,1.0,0.0,0,0,0,1,0,1017,0,1.0,0.0,0
PF03349,PF05736,0,0,0,0,0,1018,0,1.0,0,0,0,0,0,0,1018,0,1.0,0,0
PF12116,PF06007,1,2,0,1,2,1015,0.0,1.0,0.0,-0.0,2,0,1,2,1015,0.0,1.0,0.0,-0.0
PF07799,PF15856,0,1,0,0,1,1017,0.0,1.0,0,0,1,0,0,1,1017,0.0,1.0,0,0
PF16930,PF05679,0,13,0,0,13,1005,0.0,0.99,0,0,13,0,0,13,1005,0.0,0.99,0,0
PF05186,PF00334,20,24,5,15,19,979,0.21,0.97,0.25,0.21,24,5,15,19,979,0.21,0.97,0.25,0.21
PF07058,PF02057,5,1,0,5,1,1012,0.0,0.99,0.0,-0.0,1,0,5,1,1012,0.0,0.99,0.0,-0.0
PF10118,PF04225,4,6,0,4,6,1008,0.0,0.99,0.0,-0.0,6,0,4,6,1008,0.0,0.99,0.0,-0.0
PF13342,PF11304,2,0,0,2,0,1016,0,1.0,0.0,0,0,0,2,0,1016,0,1.0,0.0,0
PF09066,PF14796,7,6,1,6,5,1006,0.17,0.99,0.14,0.15,6,1,6,5,1006,0.17,0.99,0.14,0.15
PF13610,PF11751,1,0,0,1,0,1017,0,1.0,0.0,0,0,0,1,0,1017,0,1.0,0.0,0
PF15206,PF02277,0,3,0,0,3,1015,0.0,1.0,0,0,3,0,0,3,1015,0.0,1.0,0,0
PF04802,PF04182,7,6,1,6,5,1006,0.17,0.99,0.14,0.15,6,1,6,5,1006,0.17,0.99,0.14,0.15
PF14986,PF15055,0,0,0,0,0,1018,0,1.0,0,0,0,0,0,0,1018,0,1.0,0,0
PF16504,PF04958,0,3,0,0,3,1015,0.0,1.0,0,0,3,0,0,3,1015,0.0,1.0,0,0
PF15340,PF15772,2,0,0,2,0,1016,0,1.0,0.0,0,0,0,2,0,1016,0,1.0,0.0,0
PF12054,PF08658,10,10,2,8,8,1000,0.2,0.98,0.2,0.19,10,2,8,8,1000,0.2,0.98,0.2,0.19
PF09861,PF03525,0,0,0,0,0,1018,0,1.0,0,0,0,0,0,0,1018,0,1.0,0,0
PF03203,PF15713,0,2,0,0,2,1016,0.0,1.0,0,0,2,0,0,2,1016,0.0,1.0,0,0
PF06387,PF09784,3,0,0,3,0,1015,0,1.0,0.0,0,0,0,3,0,1015,0,1.0,0.0,0
PF15693,PF15694,0,0,0,0,0,1018,0,1.0,0,0,0,0,0,0,1018,0,1.0,0,0
PF05184,PF03489,11,7,4,7,3,1004,0.57,0.99,0.36,0.45,7,4,7,3,1004,0.57,0.99,0.36,0.45
PF05640,PF16944,3,2,0,3,2,1013,0.0,1.0,0.0,-0.0,2,0,3,2,1013,0.0,1.0,0.0,-0.0
PF15539,PF09332,0,4,0,0,4,1014,0.0,1.0,0,0,4,0,0,4,1014,0.0,1.0,0,0
PF03007,PF06974,8,8,5,3,3,1007,0.62,0.99,0.62,0.62,8,5,3,3,1007,0.62,0.99,0.62,0.62
PF00869,PF08393,1,36,1,0,35,982,0.03,0.97,1.0,0.16,36,1,0,35,982,0.03,0.97,1.0,0.16
PF12417,PF02023,5,15,3,2,12,1001,0.2,0.99,0.6,0.34,15,3,2,12,1001,0.2,0.99,0.6,0.34
PF07957,PF02277,0,3,0,0,3,1015,0.0,1.0,0,0,3,0,0,3,1015,0.0,1.0,0,0
PF00959,PF14099,5,1,0,5,1,1012,0.0,0.99,0.0,-0.0,1,0,5,1,1012,0.0,0.99,0.0,-0.0
PF11754,PF09729,11,8,3,8,5,1002,0.38,0.99,0.27,0.31,8,3,8,5,1002,0.38,0.99,0.27,0.31
PF00108,PF02803,43,39,38,5,1,974,0.97,0.99,0.88,0.92,39,38,5,1,974,0.97,0.99,0.88,0.92
PF02655,PF06890,2,0,0,2,0,1016,0,1.0,0.0,0,0,0,2,0,1016,0,1.0,0.0,0
PF11915,PF08631,22,7,6,16,1,995,0.86,0.98,0.27,0.48,7,6,16,1,995,0.86,0.98,0.27,0.48
PF15066,PF10506,0,4,0,0,4,1014,0.0,1.0,0,0,4,0,0,4,1014,0.0,1.0,0,0
PF04114,PF01694,16,45,7,9,38,964,0.16,0.95,0.44,0.24,45,7,9,38,964,0.16,0.95,0.44,0.24
PF17182,PF14418,0,1,0,0,1,1017,0.0,1.0,0,0,1,0,0,1,1017,0.0,1.0,0,0
PF12407,PF10525,1,4,1,0,3,1014,0.25,1.0,1.0,0.5,4,1,0,3,1014,0.25,1.0,1.0,0.5
PF06446,PF07740,0,1,0,0,1,1017,0.0,1.0,0,0,1,0,0,1,1017,0.0,1.0,0,0
PF14882,PF12241,0,1,0,0,1,1017,0.0,1.0,0,0,1,0,0,1,1017,0.0,1.0,0,0
PF09748,PF05254,14,8,2,12,6,998,0.25,0.98,0.14,0.18,8,2,12,6,998,0.25,0.98,0.14,0.18
PF04402,PF00727,6,4,1,5,3,1009,0.25,0.99,0.17,0.2,4,1,5,3,1009,0.25,0.99,0.17,0.2
PF14636,PF14638,6,6,6,0,0,1012,1.0,1.0,1.0,1.0,6,6,0,0,1012,1.0,1.0,1.0,1.0
PF10393,PF16754,3,0,0,3,0,1015,0,1.0,0.0,0,0,0,3,0,1015,0,1.0,0.0,0
PF01965,PF06628,35,19,8,27,11,972,0.42,0.96,0.23,0.29,19,8,27,11,972,0.42,0.96,0.23,0.29
PF00753,PF16123,72,13,13,59,0,946,1.0,0.94,0.18,0.41,13,13,59,0,946,1.0,0.94,0.18,0.41
PF04266,PF06886,10,5,1,9,4,1004,0.2,0.99,0.1,0.14,5,1,9,4,1004,0.2,0.99,0.1,0.14
PF01388,PF12031,31,8,6,25,2,985,0.75,0.97,0.19,0.37,8,6,25,2,985,0.75,0.97,0.19,0.37
PF07046,PF00553,1,3,1,0,2,1015,0.33,1.0,1.0,0.58,3,1,0,2,1015,0.33,1.0,1.0,0.58
PF12806,PF08028,3,3,3,0,0,1015,1.0,1.0,1.0,1.0,3,3,0,0,1015,1.0,1.0,1.0,1.0
PF14047,PF14049,0,0,0,0,0,1018,0,1.0,0,0,0,0,0,0,1018,0,1.0,0,0
PF05276,PF09808,5,5,1,4,4,1009,0.2,0.99,0.2,0.2,5,1,4,4,1009,0.2,0.99,0.2,0.2
PF15393,PF15478,6,1,0,6,1,1011,0.0,0.99,0.0,-0.0,1,0,6,1,1011,0.0,0.99,0.0,-0.0
PF01108,PF09294,3,2,1,2,1,1014,0.5,1.0,0.33,0.41,2,1,2,1,1014,0.5,1.0,0.33,0.41
PF00872,PF01610,4,2,1,3,1,1013,0.5,1.0,0.25,0.35,2,1,3,1,1013,0.5,1.0,0.25,0.35
PF07797,PF15245,4,0,0,4,0,1014,0,1.0,0.0,0,0,0,4,0,1014,0,1.0,0.0,0
PF01066,PF08652,35,5,4,31,1,982,0.8,0.97,0.11,0.3,5,4,31,1,982,0.8,0.97,0.11,0.3
PF12511,PF15311,8,6,4,4,2,1008,0.67,0.99,0.5,0.57,6,4,4,2,1008,0.67,0.99,0.5,0.57
PF04085,PF05065,0,1,0,0,1,1017,0.0,1.0,0,0,1,0,0,1,1017,0.0,1.0,0,0
PF08588,PF10332,3,0,0,3,0,1015,0,1.0,0.0,0,0,0,3,0,1015,0,1.0,0.0,0
PF15130,PF15231,1,0,0,1,0,1017,0,1.0,0.0,0,0,0,1,0,1017,0,1.0,0.0,0
PF16092,PF01493,7,7,2,5,5,1006,0.29,0.99,0.29,0.28,7,2,5,5,1006,0.29,0.99,0.29,0.28
PF00298,PF14853,22,5,2,20,3,993,0.4,0.98,0.09,0.18,5,2,20,3,993,0.4,0.98,0.09,0.18
PF00713,PF03812,1,1,0,1,1,1016,0.0,1.0,0.0,-0.0,1,0,1,1,1016,0.0,1.0,0.0,-0.0
PF10105,PF11230,2,2,2,0,0,1016,1.0,1.0,1.0,1.0,2,2,0,0,1016,1.0,1.0,1.0,1.0
PF01387,PF15252,0,0,0,0,0,1018,0,1.0,0,0,0,0,0,0,1018,0,1.0,0,0
PF16066,PF07227,1,2,1,0,1,1016,0.5,1.0,1.0,0.71,2,1,0,1,1016,0.5,1.0,1.0,0.71
PF16197,PF00698,36,46,36,0,10,972,0.78,0.99,1.0,0.88,46,36,0,10,972,0.78,0.99,1.0,0.88
PF00105,PF00104,46,45,40,6,5,967,0.89,0.99,0.87,0.87,45,40,6,5,967,0.89,0.99,0.87,0.87
PF04463,PF06403,2,1,0,2,1,1015,0.0,1.0,0.0,-0.0,1,0,2,1,1015,0.0,1.0,0.0,-0.0
PF10382,PF14383,6,3,1,5,2,1010,0.33,0.99,0.17,0.23,3,1,5,2,1010,0.33,0.99,0.17,0.23
PF08020,PF01591,0,19,0,0,19,999,0.0,0.98,0,0,19,0,0,19,999,0.0,0.98,0,0
PF15814,PF06729,0,0,0,0,0,1018,0,1.0,0,0,0,0,0,0,1018,0,1.0,0,0
PF09768,PF05915,10,2,1,9,1,1007,0.5,0.99,0.1,0.22,2,1,9,1,1007,0.5,0.99,0.1,0.22
PF17019,PF11863,0,0,0,0,0,1018,0,1.0,0,0,0,0,0,0,1018,0,1.0,0,0
PF01812,PF04098,13,9,1,12,8,997,0.11,0.98,0.08,0.08,9,1,12,8,997,0.11,0.98,0.08,0.08
PF07653,PF00018,56,98,37,19,61,901,0.38,0.92,0.66,0.46,98,37,19,61,901,0.38,0.92,0.66,0.46
PF07964,PF08479,1,0,0,1,0,1017,0,1.0,0.0,0,0,0,1,0,1017,0,1.0,0.0,0
PF10495,PF15456,5,3,0,5,3,1010,0.0,0.99,0.0,-0.0,3,0,5,3,1010,0.0,0.99,0.0,-0.0
PF01734,PF05057,54,32,15,39,17,947,0.47,0.94,0.28,0.33,32,15,39,17,947,0.47,0.94,0.28,0.33
PF01328,PF09949,15,9,3,12,6,997,0.33,0.98,0.2,0.25,9,3,12,6,997,0.33,0.98,0.2,0.25
PF04005,PF08423,11,32,3,8,29,978,0.09,0.96,0.27,0.14,32,3,8,29,978,0.09,0.96,0.27,0.14
PF06025,PF06012,9,6,5,4,1,1008,0.83,1.0,0.56,0.68,6,5,4,1,1008,0.83,1.0,0.56,0.68
PF03442,PF03425,6,2,1,5,1,1011,0.5,0.99,0.17,0.29,2,1,5,1,1011,0.5,0.99,0.17,0.29
PF00325,PF10137,1,0,0,1,0,1017,0,1.0,0.0,0,0,0,1,0,1017,0,1.0,0.0,0
PF14496,PF09699,1,0,0,1,0,1017,0,1.0,0.0,0,0,0,1,0,1017,0,1.0,0.0,0
PF02975,PF03241,3,0,0,3,0,1015,0,1.0,0.0,0,0,0,3,0,1015,0,1.0,0.0,0
PF03769,PF03768,1,0,0,1,0,1017,0,1.0,0.0,0,0,0,1,0,1017,0,1.0,0.0,0
PF00620,PF00169,82,137,56,26,81,855,0.41,0.89,0.68,0.48,137,56,26,81,855,0.41,0.89,0.68,0.48
PF10569,PF07678,13,15,13,0,2,1003,0.87,1.0,1.0,0.93,15,13,0,2,1003,0.87,1.0,1.0,0.93
PF09932,PF14433,0,0,0,0,0,1018,0,1.0,0,0,0,0,0,0,1018,0,1.0,0,0
PF08256,PF08248,0,0,0,0,0,1018,0,1.0,0,0,0,0,0,0,1018,0,1.0,0,0
PF10218,PF01632,0,5,0,0,5,1013,0.0,1.0,0,0,5,0,0,5,1013,0.0,1.0,0,0
PF01219,PF06277,1,0,0,1,0,1017,0,1.0,0.0,0,0,0,1,0,1017,0,1.0,0.0,0
PF12580,PF12583,4,1,1,3,0,1014,1.0,1.0,0.25,0.5,1,1,3,0,1014,1.0,1.0,0.25,0.5
PF13600,PF09727,2,5,0,2,5,1011,0.0,0.99,0.0,-0.0,5,0,2,5,1011,0.0,0.99,0.0,-0.0
PF04676,PF04677,23,23,23,0,0,995,1.0,1.0,1.0,1.0,23,23,0,0,995,1.0,1.0,1.0,1.0
PF10280,PF01279,6,2,0,6,2,1010,0.0,0.99,0.0,-0.0,2,0,6,2,1010,0.0,0.99,0.0,-0.0
PF14294,PF05509,2,1,1,1,0,1016,1.0,1.0,0.5,0.71,1,1,1,0,1016,1.0,1.0,0.5,0.71
PF02354,PF02191,2,13,2,0,11,1005,0.15,0.99,1.0,0.39,13,2,0,11,1005,0.15,0.99,1.0,0.39
PF16007,PF05387,1,0,0,1,0,1017,0,1.0,0.0,0,0,0,1,0,1017,0,1.0,0.0,0
PF08445,PF06021,10,4,3,7,1,1007,0.75,0.99,0.3,0.47,4,3,7,1,1007,0.75,0.99,0.3,0.47
PF13864,PF04004,6,11,3,3,8,1004,0.27,0.99,0.5,0.36,11,3,3,8,1004,0.27,0.99,0.5,0.36
PF15951,PF11851,3,1,1,2,0,1015,1.0,1.0,0.33,0.58,1,1,2,0,1015,1.0,1.0,0.33,0.58
PF00594,PF12032,8,8,1,7,7,1003,0.12,0.99,0.12,0.12,8,1,7,7,1003,0.12,0.99,0.12,0.12
PF11730,PF09069,0,6,0,0,6,1012,0.0,0.99,0,0,6,0,0,6,1012,0.0,0.99,0,0
PF02566,PF06912,5,3,1,4,2,1011,0.33,0.99,0.2,0.26,3,1,4,2,1011,0.33,0.99,0.2,0.26
PF11921,PF10428,1,4,1,0,3,1014,0.25,1.0,1.0,0.5,4,1,0,3,1014,0.25,1.0,1.0,0.5
PF15383,PF00127,9,3,0,9,3,1006,0.0,0.99,0.0,-0.01,3,0,9,3,1006,0.0,0.99,0.0,-0.01
PF05114,PF17010,0,0,0,0,0,1018,0,1.0,0,0,0,0,0,0,1018,0,1.0,0,0
PF11919,PF16507,8,9,8,0,1,1009,0.89,1.0,1.0,0.94,9,8,0,1,1009,0.89,1.0,1.0,0.94
PF08361,PF00813,1,0,0,1,0,1017,0,1.0,0.0,0,0,0,1,0,1017,0,1.0,0.0,0
PF05572,PF11380,10,7,0,10,7,1001,0.0,0.98,0.0,-0.01,7,0,10,7,1001,0.0,0.98,0.0,-0.01
PF16279,PF08832,6,6,6,0,0,1012,1.0,1.0,1.0,1.0,6,6,0,0,1012,1.0,1.0,1.0,1.0
PF15260,PF06679,2,0,0,2,0,1016,0,1.0,0.0,0,0,0,2,0,1016,0,1.0,0.0,0
PF03297,PF00876,7,24,3,4,21,990,0.12,0.98,0.43,0.22,24,3,4,21,990,0.12,0.98,0.43,0.22
PF00582,PF12202,31,11,7,24,4,983,0.64,0.97,0.23,0.37,11,7,24,4,983,0.64,0.97,0.23,0.37
PF11928,PF06221,0,12,0,0,12,1006,0.0,0.99,0,0,12,0,0,12,1006,0.0,0.99,0,0
PF05443,PF11862,2,1,0,2,1,1015,0.0,1.0,0.0,-0.0,1,0,2,1,1015,0.0,1.0,0.0,-0.0
PF05522,PF15343,0,0,0,0,0,1018,0,1.0,0,0,0,0,0,0,1018,0,1.0,0,0
PF10406,PF04139,9,11,2,7,9,1000,0.18,0.98,0.22,0.19,11,2,7,9,1000,0.18,0.98,0.22,0.19
PF17122,PF12451,6,8,6,0,2,1010,0.75,1.0,1.0,0.87,8,6,0,2,1010,0.75,1.0,1.0,0.87
PF01595,PF00654,18,34,4,14,30,970,0.12,0.96,0.22,0.14,34,4,14,30,970,0.12,0.96,0.22,0.14
PF07419,PF02399,1,2,1,0,1,1016,0.5,1.0,1.0,0.71,2,1,0,1,1016,0.5,1.0,1.0,0.71
PF12693,PF00813,2,0,0,2,0,1016,0,1.0,0.0,0,0,0,2,0,1016,0,1.0,0.0,0
PF05544,PF02162,2,6,1,1,5,1011,0.17,0.99,0.5,0.29,6,1,1,5,1011,0.17,0.99,0.5,0.29
PF00007,PF00219,9,8,4,5,4,1005,0.5,0.99,0.44,0.47,8,4,5,4,1005,0.5,0.99,0.44,0.47
PF05137,PF04917,0,1,0,0,1,1017,0.0,1.0,0,0,1,0,0,1,1017,0.0,1.0,0,0
PF00342,PF04668,22,3,2,20,1,995,0.67,0.98,0.09,0.24,3,2,20,1,995,0.67,0.98,0.09,0.24
PF15276,PF13325,1,5,1,0,4,1013,0.2,1.0,1.0,0.45,5,1,0,4,1013,0.2,1.0,1.0,0.45
PF14968,PF05238,2,0,0,2,0,1016,0,1.0,0.0,0,0,0,2,0,1016,0,1.0,0.0,0
PF10043,PF13677,0,0,0,0,0,1018,0,1.0,0,0,0,0,0,0,1018,0,1.0,0,0
PF16510,PF12388,0,0,0,0,0,1018,0,1.0,0,0,0,0,0,0,1018,0,1.0,0,0
PF15813,PF02200,4,1,0,4,1,1013,0.0,1.0,0.0,-0.0,1,0,4,1,1013,0.0,1.0,0.0,-0.0
PF04993,PF15529,0,0,0,0,0,1018,0,1.0,0,0,0,0,0,0,1018,0,1.0,0,0
PF09416,PF13625,11,11,5,6,6,1001,0.45,0.99,0.45,0.45,11,5,6,6,1001,0.45,0.99,0.45,0.45
PF11717,PF01853,26,31,16,10,15,977,0.52,0.98,0.62,0.55,31,16,10,15,977,0.52,0.98,0.62,0.55
PF02970,PF01987,6,6,0,6,6,1006,0.0,0.99,0.0,-0.01,6,0,6,6,1006,0.0,0.99,0.0,-0.01
PF00614,PF13091,17,29,11,6,18,983,0.38,0.98,0.65,0.48,29,11,6,18,983,0.38,0.98,0.65,0.48
PF02636,PF07896,10,5,2,8,3,1005,0.4,0.99,0.2,0.28,5,2,8,3,1005,0.4,0.99,0.2,0.28
PF15200,PF17076,0,0,0,0,0,1018,0,1.0,0,0,0,0,0,0,1018,0,1.0,0,0
PF02245,PF14473,4,0,0,4,0,1014,0,1.0,0.0,0,0,0,4,0,1014,0,1.0,0.0,0
PF03520,PF16799,8,2,1,7,1,1009,0.5,0.99,0.12,0.25,2,1,7,1,1009,0.5,0.99,0.12,0.25
PF07406,PF15038,2,1,0,2,1,1015,0.0,1.0,0.0,-0.0,1,0,2,1,1015,0.0,1.0,0.0,-0.0
PF16033,PF10204,4,3,0,4,3,1011,0.0,0.99,0.0,-0.0,3,0,4,3,1011,0.0,0.99,0.0,-0.0
PF15624,PF09441,4,1,0,4,1,1013,0.0,1.0,0.0,-0.0,1,0,4,1,1013,0.0,1.0,0.0,-0.0
PF09042,PF06582,3,4,3,0,1,1014,0.75,1.0,1.0,0.87,4,3,0,1,1014,0.75,1.0,1.0,0.87
PF10263,PF05770,22,12,8,14,4,992,0.67,0.98,0.36,0.48,12,8,14,4,992,0.67,0.98,0.36,0.48
PF04127,PF14365,8,2,0,8,2,1008,0.0,0.99,0.0,-0.0,2,0,8,2,1008,0.0,0.99,0.0,-0.0
PF12921,PF17177,1,35,0,1,35,982,0.0,0.96,0.0,-0.01,35,0,1,35,982,0.0,0.96,0.0,-0.01
PF10411,PF12477,0,0,0,0,0,1018,0,1.0,0,0,0,0,0,0,1018,0,1.0,0,0
PF13961,PF13976,18,60,12,6,48,952,0.2,0.95,0.67,0.35,60,12,6,48,952,0.2,0.95,0.67,0.35
PF00808,PF08517,47,6,1,46,5,966,0.17,0.95,0.02,0.04,6,1,46,5,966,0.17,0.95,0.02,0.04
PF03568,PF08638,11,9,1,10,8,999,0.11,0.98,0.09,0.09,9,1,10,8,999,0.11,0.98,0.09,0.09
PF14951,PF14950,1,0,0,1,0,1017,0,1.0,0.0,0,0,0,1,0,1017,0,1.0,0.0,0
PF17023,PF01555,0,7,0,0,7,1011,0.0,0.99,0,0,7,0,0,7,1011,0.0,0.99,0,0
PF09070,PF05903,8,19,3,5,16,994,0.16,0.98,0.38,0.23,19,3,5,16,994,0.16,0.98,0.38,0.23
PF12109,PF09193,2,1,1,1,0,1016,1.0,1.0,0.5,0.71,1,1,1,0,1016,1.0,1.0,0.5,0.71
PF09446,PF17125,4,10,3,1,7,1007,0.3,0.99,0.75,0.47,10,3,1,7,1007,0.3,0.99,0.75,0.47
PF13000,PF01227,7,5,1,6,4,1007,0.2,0.99,0.14,0.16,5,1,6,4,1007,0.2,0.99,0.14,0.16
PF06501,PF14685,1,1,0,1,1,1016,0.0,1.0,0.0,-0.0,1,0,1,1,1016,0.0,1.0,0.0,-0.0
PF13768,PF08487,21,11,11,10,0,997,1.0,0.99,0.52,0.72,11,11,10,0,997,1.0,0.99,0.52,0.72
PF10337,PF10334,7,7,6,1,1,1010,0.86,1.0,0.86,0.86,7,6,1,1,1010,0.86,1.0,0.86,0.86
PF04840,PF04841,14,9,9,5,0,1004,1.0,1.0,0.64,0.8,9,9,5,0,1004,1.0,1.0,0.64,0.8
PF14494,PF09715,0,0,0,0,0,1018,0,1.0,0,0,0,0,0,0,1018,0,1.0,0,0
PF15187,PF06875,0,0,0,0,0,1018,0,1.0,0,0,0,0,0,0,1018,0,1.0,0,0
PF00292,PF16719,9,6,2,7,4,1005,0.33,0.99,0.22,0.27,6,2,7,4,1005,0.33,0.99,0.22,0.27
PF00854,PF07819,30,12,7,23,5,983,0.58,0.97,0.23,0.36,12,7,23,5,983,0.58,0.97,0.23,0.36
PF05981,PF06070,4,1,0,4,1,1013,0.0,1.0,0.0,-0.0,1,0,4,1,1013,0.0,1.0,0.0,-0.0
PF03073,PF13741,2,2,0,2,2,1014,0.0,1.0,0.0,-0.0,2,0,2,2,1014,0.0,1.0,0.0,-0.0
PF05048,PF02617,4,6,3,1,3,1011,0.5,1.0,0.75,0.61,6,3,1,3,1011,0.5,1.0,0.75,0.61
PF12590,PF01643,1,1,1,0,0,1017,1.0,1.0,1.0,1.0,1,1,0,0,1017,1.0,1.0,1.0,1.0
PF06031,PF07545,5,1,0,5,1,1012,0.0,0.99,0.0,-0.0,1,0,5,1,1012,0.0,0.99,0.0,-0.0
PF12937,PF00646,96,94,41,55,53,869,0.44,0.89,0.43,0.37,94,41,55,53,869,0.44,0.89,0.43,0.37
PF01896,PF04588,8,13,3,5,10,1000,0.23,0.99,0.38,0.29,13,3,5,10,1000,0.23,0.99,0.38,0.29
PF12371,PF09596,1,1,0,1,1,1016,0.0,1.0,0.0,-0.0,1,0,1,1,1016,0.0,1.0,0.0,-0.0
PF00126,PF00220,6,2,0,6,2,1010,0.0,0.99,0.0,-0.0,2,0,6,2,1010,0.0,0.99,0.0,-0.0
PF03895,PF14396,4,3,3,1,0,1014,1.0,1.0,0.75,0.87,3,3,1,0,1014,1.0,1.0,0.75,0.87
PF14078,PF17189,0,13,0,0,13,1005,0.0,0.99,0,0,13,0,0,13,1005,0.0,0.99,0,0
PF00648,PF01067,47,35,31,16,4,967,0.89,0.98,0.66,0.75,35,31,16,4,967,0.89,0.98,0.66,0.75
PF16053,PF01097,9,3,0,9,3,1006,0.0,0.99,0.0,-0.01,3,0,9,3,1006,0.0,0.99,0.0,-0.01
PF06479,PF14593,10,3,3,7,0,1008,1.0,0.99,0.3,0.55,3,3,7,0,1008,1.0,0.99,0.3,0.55
PF09348,PF08576,1,3,0,1,3,1014,0.0,1.0,0.0,-0.0,3,0,1,3,1014,0.0,1.0,0.0,-0.0
PF15920,PF16704,1,1,0,1,1,1016,0.0,1.0,0.0,-0.0,1,0,1,1,1016,0.0,1.0,0.0,-0.0
PF16042,PF03383,1,0,0,1,0,1017,0,1.0,0.0,0,0,0,1,0,1017,0,1.0,0.0,0
PF15261,PF06210,1,0,0,1,0,1017,0,1.0,0.0,0,0,0,1,0,1017,0,1.0,0.0,0
PF12170,PF03525,1,0,0,1,0,1017,0,1.0,0.0,0,0,0,1,0,1017,0,1.0,0.0,0
PF16099,PF08585,1,13,1,0,12,1005,0.08,0.99,1.0,0.28,13,1,0,12,1005,0.08,0.99,1.0,0.28
PF08022,PF08030,42,51,42,0,9,967,0.82,0.99,1.0,0.9,51,42,0,9,967,0.82,0.99,1.0,0.9
PF10500,PF09216,2,0,0,2,0,1016,0,1.0,0.0,0,0,0,2,0,1016,0,1.0,0.0,0
PF10003,PF07584,0,0,0,0,0,1018,0,1.0,0,0,0,0,0,0,1018,0,1.0,0,0
PF00839,PF04815,3,26,0,3,26,989,0.0,0.97,0.0,-0.01,26,0,3,26,989,0.0,0.97,0.0,-0.01
PF01977,PF12973,6,3,0,6,3,1009,0.0,0.99,0.0,-0.0,3,0,6,3,1009,0.0,0.99,0.0,-0.0
PF00223,PF00421,7,17,3,4,14,997,0.18,0.98,0.43,0.27,17,3,4,14,997,0.18,0.98,0.43,0.27
PF16579,PF08332,14,7,4,10,3,1001,0.57,0.99,0.29,0.4,7,4,10,3,1001,0.57,0.99,0.29,0.4
PF15801,PF05195,6,18,5,1,13,999,0.28,0.99,0.83,0.48,18,5,1,13,999,0.28,0.99,0.83,0.48
PF00004,PF12037,157,1,1,156,0,861,1.0,0.85,0.01,0.07,1,1,156,0,861,1.0,0.85,0.01,0.07
PF03546,PF07891,1,1,0,1,1,1016,0.0,1.0,0.0,-0.0,1,0,1,1,1016,0.0,1.0,0.0,-0.0
PF00381,PF12477,0,0,0,0,0,1018,0,1.0,0,0,0,0,0,0,1018,0,1.0,0,0
PF15280,PF08624,2,4,0,2,4,1012,0.0,0.99,0.0,-0.0,4,0,2,4,1012,0.0,0.99,0.0,-0.0
PF07045,PF06890,1,0,0,1,0,1017,0,1.0,0.0,0,0,0,1,0,1017,0,1.0,0.0,0
PF17124,PF07327,0,1,0,0,1,1017,0.0,1.0,0,0,1,0,0,1,1017,0.0,1.0,0,0
PF12632,PF15871,3,1,0,3,1,1014,0.0,1.0,0.0,-0.0,1,0,3,1,1014,0.0,1.0,0.0,-0.0
PF09353,PF06376,4,2,0,4,2,1012,0.0,0.99,0.0,-0.0,2,0,4,2,1012,0.0,0.99,0.0,-0.0
PF15943,PF00967,0,3,0,0,3,1015,0.0,1.0,0,0,3,0,0,3,1015,0.0,1.0,0,0
PF15728,PF12843,1,0,0,1,0,1017,0,1.0,0.0,0,0,0,1,0,1017,0,1.0,0.0,0
PF08774,PF13892,6,16,3,3,13,999,0.19,0.98,0.5,0.3,16,3,3,13,999,0.19,0.98,0.5,0.3
PF13823,PF16912,2,0,0,2,0,1016,0,1.0,0.0,0,0,0,2,0,1016,0,1.0,0.0,0
PF00647,PF02798,11,47,9,2,38,969,0.19,0.96,0.82,0.38,47,9,2,38,969,0.19,0.96,0.82,0.38
PF10309,PF12516,10,0,0,10,0,1008,0,0.99,0.0,0,0,0,10,0,1008,0,0.99,0.0,0
PF03244,PF06890,0,0,0,0,0,1018,0,1.0,0,0,0,0,0,0,1018,0,1.0,0,0
PF02298,PF06749,19,7,3,16,4,995,0.43,0.98,0.16,0.25,7,3,16,4,995,0.43,0.98,0.16,0.25
PF00378,PF00725,62,27,19,43,8,948,0.7,0.95,0.31,0.44,27,19,43,8,948,0.7,0.95,0.31,0.44
PF15453,PF10375,0,1,0,0,1,1017,0.0,1.0,0,0,1,0,0,1,1017,0.0,1.0,0,0
PF00533,PF12738,52,24,20,32,4,962,0.83,0.96,0.38,0.55,24,20,32,4,962,0.83,0.96,0.38,0.55
PF16768,PF16769,2,1,1,1,0,1016,1.0,1.0,0.5,0.71,1,1,1,0,1016,1.0,1.0,0.5,0.71
PF15015,PF15685,0,0,0,0,0,1018,0,1.0,0,0,0,0,0,0,1018,0,1.0,0,0
PF00353,PF08657,1,2,0,1,2,1015,0.0,1.0,0.0,-0.0,2,0,1,2,1015,0.0,1.0,0.0,-0.0
PF05483,PF05548,4,2,0,4,2,1012,0.0,0.99,0.0,-0.0,2,0,4,2,1012,0.0,0.99,0.0,-0.0
PF05056,PF04758,11,11,3,8,8,999,0.27,0.98,0.27,0.26,11,3,8,8,999,0.27,0.98,0.27,0.26
PF05433,PF08881,3,8,0,3,8,1007,0.0,0.99,0.0,-0.0,8,0,3,8,1007,0.0,0.99,0.0,-0.0
PF06245,PF02556,0,5,0,0,5,1013,0.0,1.0,0,0,5,0,0,5,1013,0.0,1.0,0,0
PF06181,PF12628,0,0,0,0,0,1018,0,1.0,0,0,0,0,0,0,1018,0,1.0,0,0
PF06373,PF06446,0,0,0,0,0,1018,0,1.0,0,0,0,0,0,0,1018,0,1.0,0,0
PF03080,PF14365,10,2,1,9,1,1007,0.5,0.99,0.1,0.22,2,1,9,1,1007,0.5,0.99,0.1,0.22
PF15734,PF10500,3,2,0,3,2,1013,0.0,1.0,0.0,-0.0,2,0,3,2,1013,0.0,1.0,0.0,-0.0
PF01781,PF08269,9,0,0,9,0,1009,0,0.99,0.0,0,0,0,9,0,1009,0,0.99,0.0,0
PF07491,PF13023,7,9,1,6,8,1003,0.11,0.99,0.14,0.12,9,1,6,8,1003,0.11,0.99,0.14,0.12
PF09867,PF02413,0,0,0,0,0,1018,0,1.0,0,0,0,0,0,0,1018,0,1.0,0,0
PF15465,PF15775,1,0,0,1,0,1017,0,1.0,0.0,0,0,0,1,0,1017,0,1.0,0.0,0
PF04928,PF04926,19,16,14,5,2,997,0.88,0.99,0.74,0.8,16,14,5,2,997,0.88,0.99,0.74,0.8
PF14797,PF09066,0,7,0,0,7,1011,0.0,0.99,0,0,7,0,0,7,1011,0.0,0.99,0,0
PF00664,PF06472,105,13,10,95,3,910,0.77,0.9,0.1,0.25,13,10,95,3,910,0.77,0.9,0.1,0.25
PF00484,PF04178,19,13,5,14,8,991,0.38,0.98,0.26,0.31,13,5,14,8,991,0.38,0.98,0.26,0.31
PF08914,PF11626,14,7,7,7,0,1004,1.0,0.99,0.5,0.7,7,7,7,0,1004,1.0,0.99,0.5,0.7
PF01085,PF01079,8,13,7,1,6,1004,0.54,0.99,0.88,0.68,13,7,1,6,1004,0.54,0.99,0.88,0.68
PF09777,PF00159,2,2,0,2,2,1014,0.0,1.0,0.0,-0.0,2,0,2,2,1014,0.0,1.0,0.0,-0.0
PF16842,PF11627,1,2,1,0,1,1016,0.5,1.0,1.0,0.71,2,1,0,1,1016,0.5,1.0,1.0,0.71
PF16670,PF03601,1,0,0,1,0,1017,0,1.0,0.0,0,0,0,1,0,1017,0,1.0,0.0,0
PF08275,PF01807,4,6,4,0,2,1012,0.67,1.0,1.0,0.82,6,4,0,2,1012,0.67,1.0,1.0,0.82
PF03123,PF13876,2,1,0,2,1,1015,0.0,1.0,0.0,-0.0,1,0,2,1,1015,0.0,1.0,0.0,-0.0
PF12145,PF06333,6,8,1,5,7,1005,0.12,0.99,0.17,0.14,8,1,5,7,1005,0.12,0.99,0.17,0.14
PF08910,PF03479,0,6,0,0,6,1012,0.0,0.99,0,0,6,0,0,6,1012,0.0,0.99,0,0
PF02718,PF01340,0,1,0,0,1,1017,0.0,1.0,0,0,1,0,0,1,1017,0.0,1.0,0,0
PF02762,PF02761,4,6,3,1,3,1011,0.5,1.0,0.75,0.61,6,3,1,3,1011,0.5,1.0,0.75,0.61
PF03723,PF03722,9,7,7,2,0,1009,1.0,1.0,0.78,0.88,7,7,2,0,1009,1.0,1.0,0.78,0.88
PF04884,PF07542,17,12,3,14,9,992,0.25,0.98,0.18,0.2,12,3,14,9,992,0.25,0.98,0.18,0.2
PF03660,PF08400,4,0,0,4,0,1014,0,1.0,0.0,0,0,0,4,0,1014,0,1.0,0.0,0
PF15559,PF02448,0,0,0,0,0,1018,0,1.0,0,0,0,0,0,0,1018,0,1.0,0,0
PF07207,PF15186,3,1,1,2,0,1015,1.0,1.0,0.33,0.58,1,1,2,0,1015,1.0,1.0,0.33,0.58
PF02230,PF08975,24,1,1,23,0,994,1.0,0.98,0.04,0.2,1,1,23,0,994,1.0,0.98,0.04,0.2
PF16709,PF16711,3,1,1,2,0,1015,1.0,1.0,0.33,0.58,1,1,2,0,1015,1.0,1.0,0.33,0.58
PF04796,PF15097,0,1,0,0,1,1017,0.0,1.0,0,0,1,0,0,1,1017,0.0,1.0,0,0
PF04995,PF03260,0,0,0,0,0,1018,0,1.0,0,0,0,0,0,0,1018,0,1.0,0,0
PF05944,PF16980,2,0,0,2,0,1016,0,1.0,0.0,0,0,0,2,0,1016,0,1.0,0.0,0
PF02515,PF07491,32,7,4,28,3,983,0.57,0.97,0.12,0.26,7,4,28,3,983,0.57,0.97,0.12,0.26
PF05636,PF07499,0,2,0,0,2,1016,0.0,1.0,0,0,2,0,0,2,1016,0.0,1.0,0,0
PF09360,PF10660,16,2,2,14,0,1002,1.0,0.99,0.12,0.35,2,2,14,0,1002,1.0,0.99,0.12,0.35
PF06433,PF14850,3,4,1,2,3,1012,0.25,1.0,0.33,0.29,4,1,2,3,1012,0.25,1.0,0.33,0.29
PF05185,PF11531,22,2,2,20,0,996,1.0,0.98,0.09,0.3,2,2,20,0,996,1.0,0.98,0.09,0.3
PF08693,PF17056,1,0,0,1,0,1017,0,1.0,0.0,0,0,0,1,0,1017,0,1.0,0.0,0
PF01696,PF13005,0,0,0,0,0,1018,0,1.0,0,0,0,0,0,0,1018,0,1.0,0,0
PF00202,PF05577,44,28,13,31,15,959,0.46,0.95,0.3,0.35,28,13,31,15,959,0.46,0.95,0.3,0.35
PF08252,PF06508,0,3,0,0,3,1015,0.0,1.0,0,0,3,0,0,3,1015,0.0,1.0,0,0
PF08557,PF11960,6,2,0,6,2,1010,0.0,0.99,0.0,-0.0,2,0,6,2,1010,0.0,0.99,0.0,-0.0
PF08246,PF00112,35,60,32,3,28,955,0.53,0.97,0.91,0.69,60,32,3,28,955,0.53,0.97,0.91,0.69
PF07052,PF11623,12,0,0,12,0,1006,0,0.99,0.0,0,0,0,12,0,1006,0,0.99,0.0,0
PF01297,PF08299,4,2,0,4,2,1012,0.0,0.99,0.0,-0.0,2,0,4,2,1012,0.0,0.99,0.0,-0.0
PF14087,PF07327,9,1,0,9,1,1008,0.0,0.99,0.0,-0.0,1,0,9,1,1008,0.0,0.99,0.0,-0.0
PF10169,PF15916,3,4,1,2,3,1012,0.25,1.0,0.33,0.29,4,1,2,3,1012,0.25,1.0,0.33,0.29
PF08666,PF03102,8,2,0,8,2,1008,0.0,0.99,0.0,-0.0,2,0,8,2,1008,0.0,0.99,0.0,-0.0
PF05359,PF06681,0,0,0,0,0,1018,0,1.0,0,0,0,0,0,0,1018,0,1.0,0,0
PF11030,PF02632,0,6,0,0,6,1012,0.0,0.99,0,0,6,0,0,6,1012,0.0,0.99,0,0
PF11378,PF03913,0,0,0,0,0,1018,0,1.0,0,0,0,0,0,0,1018,0,1.0,0,0
PF15835,PF00034,0,17,0,0,17,1001,0.0,0.98,0,0,17,0,0,17,1001,0.0,0.98,0,0
PF16199,PF12345,8,2,2,6,0,1010,1.0,0.99,0.25,0.5,2,2,6,0,1010,1.0,0.99,0.25,0.5
PF03133,PF01975,31,12,5,26,7,980,0.42,0.97,0.16,0.25,12,5,26,7,980,0.42,0.97,0.16,0.25
PF07638,PF15870,0,8,0,0,8,1010,0.0,0.99,0,0,8,0,0,8,1010,0.0,0.99,0,0
PF07721,PF07720,6,7,3,3,4,1008,0.43,0.99,0.5,0.46,7,3,3,4,1008,0.43,0.99,0.5,0.46
PF15196,PF07227,0,2,0,0,2,1016,0.0,1.0,0,0,2,0,0,2,1016,0.0,1.0,0,0
PF06093,PF02284,2,6,1,1,5,1011,0.17,0.99,0.5,0.29,6,1,1,5,1011,0.17,0.99,0.5,0.29
PF06957,PF11816,11,16,3,8,13,994,0.19,0.98,0.27,0.22,16,3,8,13,994,0.19,0.98,0.27,0.22
PF05603,PF15165,4,0,0,4,0,1014,0,1.0,0.0,0,0,0,4,0,1014,0,1.0,0.0,0
PF14921,PF12470,0,4,0,0,4,1014,0.0,1.0,0,0,4,0,0,4,1014,0.0,1.0,0,0
PF07651,PF16515,20,5,5,15,0,998,1.0,0.99,0.25,0.5,5,5,15,0,998,1.0,0.99,0.25,0.5
PF17110,PF15664,0,0,0,0,0,1018,0,1.0,0,0,0,0,0,0,1018,0,1.0,0,0
PF12757,PF11496,0,9,0,0,9,1009,0.0,0.99,0,0,9,0,0,9,1009,0.0,0.99,0,0
PF00908,PF02397,6,2,2,4,0,1012,1.0,1.0,0.33,0.58,2,2,4,0,1012,1.0,1.0,0.33,0.58
PF01056,PF02344,11,5,4,7,1,1006,0.8,0.99,0.36,0.54,5,4,7,1,1006,0.8,0.99,0.36,0.54
PF05557,PF03285,5,0,0,5,0,1013,0,1.0,0.0,0,0,0,5,0,1013,0,1.0,0.0,0
PF01903,PF00489,2,1,0,2,1,1015,0.0,1.0,0.0,-0.0,1,0,2,1,1015,0.0,1.0,0.0,-0.0
PF06639,PF10566,0,0,0,0,0,1018,0,1.0,0,0,0,0,0,0,1018,0,1.0,0,0
PF00286,PF11638,1,2,0,1,2,1015,0.0,1.0,0.0,-0.0,2,0,1,2,1015,0.0,1.0,0.0,-0.0
PF00691,PF01475,5,4,0,5,4,1009,0.0,0.99,0.0,-0.0,4,0,5,4,1009,0.0,0.99,0.0,-0.0
PF09073,PF15093,2,2,0,2,2,1014,0.0,1.0,0.0,-0.0,2,0,2,2,1014,0.0,1.0,0.0,-0.0
PF16182,PF02209,6,13,3,3,10,1002,0.23,0.99,0.5,0.33,13,3,3,10,1002,0.23,0.99,0.5,0.33
PF01395,PF05405,18,8,1,17,7,993,0.12,0.98,0.06,0.07,8,1,17,7,993,0.12,0.98,0.06,0.07
PF01828,PF09424,7,6,3,4,3,1008,0.5,0.99,0.43,0.46,6,3,4,3,1008,0.5,0.99,0.43,0.46
PF00554,PF16179,18,16,16,2,0,1000,1.0,1.0,0.89,0.94,16,16,2,0,1000,1.0,1.0,0.89,0.94
PF10731,PF06681,0,0,0,0,0,1018,0,1.0,0,0,0,0,0,0,1018,0,1.0,0,0
PF13020,PF14908,5,5,1,4,4,1009,0.2,0.99,0.2,0.2,5,1,4,4,1009,0.2,0.99,0.2,0.2
PF16854,PF04100,0,6,0,0,6,1012,0.0,0.99,0,0,6,0,0,6,1012,0.0,0.99,0,0
PF03709,PF09950,2,0,0,2,0,1016,0,1.0,0.0,0,0,0,2,0,1016,0,1.0,0.0,0
PF07305,PF11075,0,0,0,0,0,1018,0,1.0,0,0,0,0,0,0,1018,0,1.0,0,0
PF03358,PF06244,16,11,3,13,8,994,0.27,0.98,0.19,0.22,11,3,13,8,994,0.27,0.98,0.19,0.22
PF14382,PF14875,11,2,2,9,0,1007,1.0,0.99,0.18,0.42,2,2,9,0,1007,1.0,0.99,0.18,0.42
PF17003,PF00895,0,1,0,0,1,1017,0.0,1.0,0,0,1,0,0,1,1017,0.0,1.0,0,0
PF01331,PF02940,15,8,2,13,6,997,0.25,0.98,0.13,0.17,8,2,13,6,997,0.25,0.98,0.13,0.17
PF15247,PF06413,7,7,2,5,5,1006,0.29,0.99,0.29,0.28,7,2,5,5,1006,0.29,0.99,0.29,0.28
PF16203,PF13625,15,11,11,4,0,1003,1.0,1.0,0.73,0.85,11,11,4,0,1003,1.0,1.0,0.73,0.85
PF12926,PF08228,0,3,0,0,3,1015,0.0,1.0,0,0,3,0,0,3,1015,0.0,1.0,0,0
PF07287,PF14330,10,3,3,7,0,1008,1.0,0.99,0.3,0.55,3,3,7,0,1008,1.0,0.99,0.3,0.55
PF05103,PF04225,2,6,1,1,5,1011,0.17,0.99,0.5,0.29,6,1,1,5,1011,0.17,0.99,0.5,0.29
PF17209,PF00856,1,109,1,0,108,909,0.01,0.89,1.0,0.09,109,1,0,108,909,0.01,0.89,1.0,0.09
PF05913,PF03831,1,0,0,1,0,1017,0,1.0,0.0,0,0,0,1,0,1017,0,1.0,0.0,0
PF15319,PF05025,0,6,0,0,6,1012,0.0,0.99,0,0,6,0,0,6,1012,0.0,0.99,0,0
PF02531,PF02427,2,0,0,2,0,1016,0,1.0,0.0,0,0,0,2,0,1016,0,1.0,0.0,0
PF11418,PF10649,0,0,0,0,0,1018,0,1.0,0,0,0,0,0,0,1018,0,1.0,0,0
PF02894,PF09166,19,3,1,18,2,997,0.33,0.98,0.05,0.13,3,1,18,2,997,0.33,0.98,0.05,0.13
PF13383,PF05405,7,8,1,6,7,1004,0.12,0.99,0.14,0.13,8,1,6,7,1004,0.12,0.99,0.14,0.13
PF06745,PF13753,0,0,0,0,0,1018,0,1.0,0,0,0,0,0,0,1018,0,1.0,0,0
PF14973,PF15249,5,9,1,4,8,1005,0.11,0.99,0.2,0.14,9,1,4,8,1005,0.11,0.99,0.2,0.14
PF15755,PF15046,2,3,0,2,3,1013,0.0,1.0,0.0,-0.0,3,0,2,3,1013,0.0,1.0,0.0,-0.0
PF03965,PF05024,1,8,0,1,8,1009,0.0,0.99,0.0,-0.0,8,0,1,8,1009,0.0,0.99,0.0,-0.0
PF01717,PF08267,14,3,3,11,0,1004,1.0,0.99,0.21,0.46,3,3,11,0,1004,1.0,0.99,0.21,0.46
PF01669,PF15762,1,0,0,1,0,1017,0,1.0,0.0,0,0,0,1,0,1017,0,1.0,0.0,0
PF00340,PF00711,2,0,0,2,0,1016,0,1.0,0.0,0,0,0,2,0,1016,0,1.0,0.0,0
PF01858,PF11934,2,2,1,1,1,1015,0.5,1.0,0.5,0.5,2,1,1,1,1015,0.5,1.0,0.5,0.5
PF13581,PF02329,0,1,0,0,1,1017,0.0,1.0,0,0,1,0,0,1,1017,0.0,1.0,0,0
PF04191,PF03388,4,15,1,3,14,1000,0.07,0.98,0.25,0.12,15,1,3,14,1000,0.07,0.98,0.25,0.12
PF00698,PF16197,46,36,36,10,0,972,1.0,0.99,0.78,0.88,36,36,10,0,972,1.0,0.99,0.78,0.88
PF15303,PF07001,2,5,1,1,4,1012,0.2,1.0,0.5,0.31,5,1,1,4,1012,0.2,1.0,0.5,0.31
PF16512,PF01846,3,20,3,0,17,998,0.15,0.98,1.0,0.38,20,3,0,17,998,0.15,0.98,1.0,0.38
PF01695,PF13269,7,0,0,7,0,1011,0,0.99,0.0,0,0,0,7,0,1011,0,0.99,0.0,0
PF08231,PF05046,11,8,0,11,8,999,0.0,0.98,0.0,-0.01,8,0,11,8,999,0.0,0.98,0.0,-0.01
PF00889,PF09412,8,12,3,5,9,1001,0.25,0.99,0.38,0.3,12,3,5,9,1001,0.25,0.99,0.38,0.3
PF11626,PF08914,7,14,7,0,7,1004,0.5,0.99,1.0,0.7,14,7,0,7,1004,0.5,0.99,1.0,0.7
PF13382,PF03841,3,1,1,2,0,1015,1.0,1.0,0.33,0.58,1,1,2,0,1015,1.0,1.0,0.33,0.58
PF15960,PF16716,0,0,0,0,0,1018,0,1.0,0,0,0,0,0,0,1018,0,1.0,0,0
PF08890,PF00383,0,51,0,0,51,967,0.0,0.95,0,0,51,0,0,51,967,0.0,0.95,0,0
PF16173,PF16116,0,0,0,0,0,1018,0,1.0,0,0,0,0,0,0,1018,0,1.0,0,0
PF14733,PF00847,2,26,1,1,25,991,0.04,0.97,0.5,0.13,26,1,1,25,991,0.04,0.97,0.5,0.13
PF02161,PF12577,6,3,3,3,0,1012,1.0,1.0,0.5,0.71,3,3,3,0,1012,1.0,1.0,0.5,0.71
PF16692,PF16401,4,1,0,4,1,1013,0.0,1.0,0.0,-0.0,1,0,4,1,1013,0.0,1.0,0.0,-0.0
PF03743,PF05939,7,0,0,7,0,1011,0,0.99,0.0,0,0,0,7,0,1011,0,0.99,0.0,0
PF03564,PF07245,36,5,5,31,0,982,1.0,0.97,0.14,0.37,5,5,31,0,982,1.0,0.97,0.14,0.37
PF13041,PF12854,130,62,60,70,2,886,0.97,0.93,0.46,0.64,62,60,70,2,886,0.97,0.93,0.46,0.64
PF11466,PF11587,0,0,0,0,0,1018,0,1.0,0,0,0,0,0,0,1018,0,1.0,0,0
PF13192,PF14721,3,4,1,2,3,1012,0.25,1.0,0.33,0.29,4,1,2,3,1012,0.25,1.0,0.33,0.29
PF13863,PF04880,7,3,1,6,2,1009,0.33,0.99,0.14,0.21,3,1,6,2,1009,0.33,0.99,0.14,0.21
PF00703,PF02836,27,18,15,12,3,988,0.83,0.99,0.56,0.67,18,15,12,3,988,0.83,0.99,0.56,0.67
PF08305,PF16403,4,8,2,2,6,1008,0.25,0.99,0.5,0.35,8,2,2,6,1008,0.25,0.99,0.5,0.35
PF00361,PF00690,26,63,10,16,53,939,0.16,0.93,0.38,0.22,63,10,16,53,939,0.16,0.93,0.38,0.22
PF00229,PF03523,8,1,1,7,0,1010,1.0,0.99,0.12,0.35,1,1,7,0,1010,1.0,0.99,0.12,0.35
PF15623,PF06890,0,0,0,0,0,1018,0,1.0,0,0,0,0,0,0,1018,0,1.0,0,0
PF08529,PF13184,4,4,4,0,0,1014,1.0,1.0,1.0,1.0,4,4,0,0,1014,1.0,1.0,1.0,1.0
PF08102,PF13737,0,0,0,0,0,1018,0,1.0,0,0,0,0,0,0,1018,0,1.0,0,0
PF15551,PF15703,0,0,0,0,0,1018,0,1.0,0,0,0,0,0,0,1018,0,1.0,0,0
PF10336,PF09463,1,0,0,1,0,1017,0,1.0,0.0,0,0,0,1,0,1017,0,1.0,0.0,0
PF05025,PF08334,6,1,0,6,1,1011,0.0,0.99,0.0,-0.0,1,0,6,1,1011,0.0,0.99,0.0,-0.0
PF09822,PF14764,5,5,1,4,4,1009,0.2,0.99,0.2,0.2,5,1,4,4,1009,0.2,0.99,0.2,0.2
PF02065,PF16874,5,1,1,4,0,1013,1.0,1.0,0.2,0.45,1,1,4,0,1013,1.0,1.0,0.2,0.45
PF05110,PF14763,5,0,0,5,0,1013,0,1.0,0.0,0,0,0,5,0,1013,0,1.0,0.0,0
PF02150,PF01096,15,19,9,6,10,993,0.47,0.98,0.6,0.53,19,9,6,10,993,0.47,0.98,0.6,0.53
PF15678,PF13836,0,0,0,0,0,1018,0,1.0,0,0,0,0,0,0,1018,0,1.0,0,0
PF11835,PF13320,1,0,0,1,0,1017,0,1.0,0.0,0,0,0,1,0,1017,0,1.0,0.0,0
PF14252,PF06395,5,8,2,3,6,1007,0.25,0.99,0.4,0.31,8,2,3,6,1007,0.25,0.99,0.4,0.31
PF13277,PF17176,1,2,0,1,2,1015,0.0,1.0,0.0,-0.0,2,0,1,2,1015,0.0,1.0,0.0,-0.0
PF12348,PF09743,13,4,1,12,3,1002,0.25,0.99,0.08,0.13,4,1,12,3,1002,0.25,0.99,0.08,0.13
PF09556,PF12080,1,0,0,1,0,1017,0,1.0,0.0,0,0,0,1,0,1017,0,1.0,0.0,0
PF02713,PF04949,1,9,0,1,9,1008,0.0,0.99,0.0,-0.0,9,0,1,9,1008,0.0,0.99,0.0,-0.0
PF07476,PF13007,0,0,0,0,0,1018,0,1.0,0,0,0,0,0,0,1018,0,1.0,0,0
PF07535,PF08630,6,3,3,3,0,1012,1.0,1.0,0.5,0.71,3,3,3,0,1012,1.0,1.0,0.5,0.71
PF08184,PF10692,1,0,0,1,0,1017,0,1.0,0.0,0,0,0,1,0,1017,0,1.0,0.0,0
PF13419,PF01687,55,12,6,49,6,957,0.5,0.95,0.11,0.22,12,6,49,6,957,0.5,0.95,0.11,0.22
PF10159,PF04090,11,2,2,9,0,1007,1.0,0.99,0.18,0.42,2,2,9,0,1007,1.0,0.99,0.18,0.42
PF06825,PF03386,4,0,0,4,0,1014,0,1.0,0.0,0,0,0,4,0,1014,0,1.0,0.0,0
PF08146,PF13001,10,14,3,7,11,997,0.21,0.98,0.3,0.24,14,3,7,11,997,0.21,0.98,0.3,0.24
PF16186,PF01749,21,21,16,5,5,992,0.76,0.99,0.76,0.76,21,16,5,5,992,0.76,0.99,0.76,0.76
PF00332,PF07983,26,13,10,16,3,989,0.77,0.98,0.38,0.54,13,10,16,3,989,0.77,0.98,0.38,0.54
PF14995,PF15041,6,1,1,5,0,1012,1.0,1.0,0.17,0.41,1,1,5,0,1012,1.0,1.0,0.17,0.41
PF07953,PF15394,4,2,1,3,1,1013,0.5,1.0,0.25,0.35,2,1,3,1,1013,0.5,1.0,0.25,0.35
PF05287,PF01500,0,1,0,0,1,1017,0.0,1.0,0,0,1,0,0,1,1017,0.0,1.0,0,0
PF03974,PF09461,1,0,0,1,0,1017,0,1.0,0.0,0,0,0,1,0,1017,0,1.0,0.0,0
PF04370,PF15621,0,0,0,0,0,1018,0,1.0,0,0,0,0,0,0,1018,0,1.0,0,0
PF00791,PF00531,14,39,10,4,29,975,0.26,0.97,0.71,0.42,39,10,4,29,975,0.26,0.97,0.71,0.42
PF09359,PF03600,15,6,1,14,5,998,0.17,0.98,0.07,0.1,6,1,14,5,998,0.17,0.98,0.07,0.1
PF08333,PF12009,9,6,0,9,6,1003,0.0,0.99,0.0,-0.01,6,0,9,6,1003,0.0,0.99,0.0,-0.01
PF09320,PF09350,12,3,1,11,2,1004,0.33,0.99,0.08,0.16,3,1,11,2,1004,0.33,0.99,0.08,0.16
PF00432,PF13249,26,16,5,21,11,981,0.31,0.97,0.19,0.23,16,5,21,11,981,0.31,0.97,0.19,0.23
PF09980,PF15114,0,0,0,0,0,1018,0,1.0,0,0,0,0,0,0,1018,0,1.0,0,0
PF06961,PF17017,0,0,0,0,0,1018,0,1.0,0,0,0,0,0,0,1018,0,1.0,0,0
PF01699,PF03733,41,4,3,38,1,976,0.75,0.96,0.07,0.23,4,3,38,1,976,0.75,0.96,0.07,0.23
PF10631,PF04363,0,2,0,0,2,1016,0.0,1.0,0,0,2,0,0,2,1016,0.0,1.0,0,0
PF00273,PF09164,0,0,0,0,0,1018,0,1.0,0,0,0,0,0,0,1018,0,1.0,0,0
PF15057,PF13757,9,0,0,9,0,1009,0,0.99,0.0,0,0,0,9,0,1009,0,0.99,0.0,0
PF06752,PF04126,3,3,0,3,3,1012,0.0,0.99,0.0,-0.0,3,0,3,3,1012,0.0,0.99,0.0,-0.0
PF10703,PF01297,2,4,0,2,4,1012,0.0,0.99,0.0,-0.0,4,0,2,4,1012,0.0,0.99,0.0,-0.0
PF14618,PF17124,0,0,0,0,0,1018,0,1.0,0,0,0,0,0,0,1018,0,1.0,0,0
PF09252,PF15085,0,2,0,0,2,1016,0.0,1.0,0,0,2,0,0,2,1016,0.0,1.0,0,0
PF07337,PF10988,0,0,0,0,0,1018,0,1.0,0,0,0,0,0,0,1018,0,1.0,0,0
PF17028,PF07540,0,4,0,0,4,1014,0.0,1.0,0,0,4,0,0,4,1014,0.0,1.0,0,0
PF03253,PF03285,6,0,0,6,0,1012,0,0.99,0.0,0,0,0,6,0,1012,0,0.99,0.0,0
PF13380,PF13607,8,2,2,6,0,1010,1.0,0.99,0.25,0.5,2,2,6,0,1010,1.0,0.99,0.25,0.5
PF15924,PF13439,5,23,2,3,21,992,0.09,0.98,0.4,0.18,23,2,3,21,992,0.09,0.98,0.4,0.18
PF03152,PF15090,17,1,0,17,1,1000,0.0,0.98,0.0,-0.0,1,0,17,1,1000,0.0,0.98,0.0,-0.0
PF12831,PF07976,9,18,5,4,13,996,0.28,0.98,0.56,0.39,18,5,4,13,996,0.28,0.98,0.56,0.39
PF01810,PF06756,8,0,0,8,0,1010,0,0.99,0.0,0,0,0,8,0,1010,0,0.99,0.0,0
PF13936,PF11427,6,10,4,2,6,1006,0.4,0.99,0.67,0.51,10,4,2,6,1006,0.4,0.99,0.67,0.51
PF16484,PF00755,6,30,6,0,24,988,0.2,0.98,1.0,0.44,30,6,0,24,988,0.2,0.98,1.0,0.44
PF15429,PF07484,1,0,0,1,0,1017,0,1.0,0.0,0,0,0,1,0,1017,0,1.0,0.0,0
PF10370,PF05913,1,1,0,1,1,1016,0.0,1.0,0.0,-0.0,1,0,1,1,1016,0.0,1.0,0.0,-0.0
PF05755,PF15786,2,1,0,2,1,1015,0.0,1.0,0.0,-0.0,1,0,2,1,1015,0.0,1.0,0.0,-0.0
PF10565,PF04069,2,7,0,2,7,1009,0.0,0.99,0.0,-0.0,7,0,2,7,1009,0.0,0.99,0.0,-0.0
PF12534,PF11921,4,1,1,3,0,1014,1.0,1.0,0.25,0.5,1,1,3,0,1014,1.0,1.0,0.25,0.5
PF00431,PF01382,73,3,3,70,0,945,1.0,0.93,0.04,0.2,3,3,70,0,945,1.0,0.93,0.04,0.2
PF05007,PF04790,9,5,3,6,2,1007,0.6,0.99,0.33,0.44,5,3,6,2,1007,0.6,0.99,0.33,0.44
PF13840,PF10000,11,3,1,10,2,1005,0.33,0.99,0.09,0.17,3,1,10,2,1005,0.33,0.99,0.09,0.17
PF16047,PF08023,0,0,0,0,0,1018,0,1.0,0,0,0,0,0,0,1018,0,1.0,0,0
PF15109,PF15715,0,0,0,0,0,1018,0,1.0,0,0,0,0,0,0,1018,0,1.0,0,0
PF15481,PF02200,4,1,0,4,1,1013,0.0,1.0,0.0,-0.0,1,0,4,1,1013,0.0,1.0,0.0,-0.0
PF04930,PF15011,9,4,1,8,3,1006,0.25,0.99,0.11,0.16,4,1,8,3,1006,0.25,0.99,0.11,0.16
PF03594,PF17028,2,0,0,2,0,1016,0,1.0,0.0,0,0,0,2,0,1016,0,1.0,0.0,0
PF05180,PF05019,6,9,3,3,6,1006,0.33,0.99,0.5,0.4,9,3,3,6,1006,0.33,0.99,0.5,0.4
PF14853,PF14852,5,4,4,1,0,1013,1.0,1.0,0.8,0.89,4,4,1,0,1013,1.0,1.0,0.8,0.89
PF06249,PF05899,3,5,3,0,2,1013,0.6,1.0,1.0,0.77,5,3,0,2,1013,0.6,1.0,1.0,0.77
PF13300,PF00930,10,13,3,7,10,998,0.23,0.98,0.3,0.25,13,3,7,10,998,0.23,0.98,0.3,0.25
PF01130,PF16969,23,11,5,18,6,989,0.45,0.98,0.22,0.3,11,5,18,6,989,0.45,0.98,0.22,0.3
PF10036,PF15374,7,0,0,7,0,1011,0,0.99,0.0,0,0,0,7,0,1011,0,0.99,0.0,0
PF09113,PF09112,0,0,0,0,0,1018,0,1.0,0,0,0,0,0,0,1018,0,1.0,0,0
PF07157,PF07409,0,0,0,0,0,1018,0,1.0,0,0,0,0,0,0,1018,0,1.0,0,0
PF00355,PF01180,39,22,7,32,15,964,0.32,0.95,0.18,0.22,22,7,32,15,964,0.32,0.95,0.18,0.22
PF15382,PF15033,2,2,2,0,0,1016,1.0,1.0,1.0,1.0,2,2,0,0,1016,1.0,1.0,1.0,1.0
PF06268,PF06229,8,8,4,4,4,1006,0.5,0.99,0.5,0.5,8,4,4,4,1006,0.5,0.99,0.5,0.5
PF08702,PF12160,3,3,3,0,0,1015,1.0,1.0,1.0,1.0,3,3,0,0,1015,1.0,1.0,1.0,1.0
PF15040,PF11351,0,0,0,0,0,1018,0,1.0,0,0,0,0,0,0,1018,0,1.0,0,0
PF11878,PF14429,8,13,7,1,6,1004,0.54,0.99,0.88,0.68,13,7,1,6,1004,0.54,0.99,0.88,0.68
PF10373,PF09469,14,2,1,13,1,1003,0.5,0.99,0.07,0.19,2,1,13,1,1003,0.5,0.99,0.07,0.19
PF01507,PF00994,19,36,8,11,28,971,0.22,0.96,0.42,0.29,36,8,11,28,971,0.22,0.96,0.42,0.29
PF03640,PF15709,0,0,0,0,0,1018,0,1.0,0,0,0,0,0,0,1018,0,1.0,0,0
PF16488,PF16487,31,23,21,10,2,985,0.91,0.99,0.68,0.78,23,21,10,2,985,0.91,0.99,0.68,0.78
PF12751,PF11510,1,6,0,1,6,1011,0.0,0.99,0.0,-0.0,6,0,1,6,1011,0.0,0.99,0.0,-0.0
PF12356,PF09247,5,2,1,4,1,1012,0.5,1.0,0.2,0.31,2,1,4,1,1012,0.5,1.0,0.2,0.31
PF09003,PF13356,2,3,1,1,2,1014,0.33,1.0,0.5,0.41,3,1,1,2,1014,0.33,1.0,0.5,0.41
PF09112,PF09113,0,0,0,0,0,1018,0,1.0,0,0,0,0,0,0,1018,0,1.0,0,0
PF16886,PF07497,16,3,1,15,2,1000,0.33,0.98,0.06,0.14,3,1,15,2,1000,0.33,0.98,0.06,0.14
PF00841,PF04892,1,0,0,1,0,1017,0,1.0,0.0,0,0,0,1,0,1017,0,1.0,0.0,0
PF04958,PF07642,3,0,0,3,0,1015,0,1.0,0.0,0,0,0,3,0,1015,0,1.0,0.0,0
PF14532,PF08630,3,3,0,3,3,1012,0.0,0.99,0.0,-0.0,3,0,3,3,1012,0.0,0.99,0.0,-0.0
PF07001,PF15624,5,4,0,5,4,1009,0.0,0.99,0.0,-0.0,4,0,5,4,1009,0.0,0.99,0.0,-0.0
PF10000,PF13840,3,11,1,2,10,1005,0.09,0.99,0.33,0.17,11,1,2,10,1005,0.09,0.99,0.33,0.17
PF03516,PF12881,1,1,0,1,1,1016,0.0,1.0,0.0,-0.0,1,0,1,1,1016,0.0,1.0,0.0,-0.0
PF05679,PF02434,13,28,10,3,18,987,0.36,0.98,0.77,0.52,28,10,3,18,987,0.36,0.98,0.77,0.52
PF15921,PF12180,0,1,0,0,1,1017,0.0,1.0,0,0,1,0,0,1,1017,0.0,1.0,0,0
PF02186,PF12049,14,0,0,14,0,1004,0,0.99,0.0,0,0,0,14,0,1004,0,0.99,0.0,0
PF14844,PF06469,21,3,3,18,0,997,1.0,0.98,0.14,0.37,3,3,18,0,997,1.0,0.98,0.14,0.37
PF15886,PF06955,7,8,2,5,6,1005,0.25,0.99,0.29,0.26,8,2,5,6,1005,0.25,0.99,0.29,0.26
PF17006,PF01913,0,1,0,0,1,1017,0.0,1.0,0,0,1,0,0,1,1017,0.0,1.0,0,0
PF00128,PF02922,39,16,14,25,2,977,0.88,0.97,0.36,0.55,16,14,25,2,977,0.88,0.97,0.36,0.55
PF01578,PF00421,4,17,1,3,16,998,0.06,0.98,0.25,0.11,17,1,3,16,998,0.06,0.98,0.25,0.11
PF01930,PF11229,1,2,0,1,2,1015,0.0,1.0,0.0,-0.0,2,0,1,2,1015,0.0,1.0,0.0,-0.0
PF08618,PF02076,1,4,0,1,4,1013,0.0,1.0,0.0,-0.0,4,0,1,4,1013,0.0,1.0,0.0,-0.0
PF13244,PF17152,0,1,0,0,1,1017,0.0,1.0,0,0,1,0,0,1,1017,0.0,1.0,0,0
PF00479,PF02781,14,14,13,1,1,1003,0.93,1.0,0.93,0.93,14,13,1,1,1003,0.93,1.0,0.93,0.93
PF01099,PF06373,1,0,0,1,0,1017,0,1.0,0.0,0,0,0,1,0,1017,0,1.0,0.0,0
PF00766,PF01012,9,21,7,2,14,995,0.33,0.98,0.78,0.5,21,7,2,14,995,0.33,0.98,0.78,0.5
PF09635,PF13603,3,13,3,0,10,1005,0.23,0.99,1.0,0.48,13,3,0,10,1005,0.23,0.99,1.0,0.48
PF03816,PF15175,2,0,0,2,0,1016,0,1.0,0.0,0,0,0,2,0,1016,0,1.0,0.0,0
PF07365,PF06227,1,0,0,1,0,1017,0,1.0,0.0,0,0,0,1,0,1017,0,1.0,0.0,0
PF00132,PF00483,59,30,20,39,10,949,0.67,0.95,0.34,0.45,30,20,39,10,949,0.67,0.95,0.34,0.45
PF14967,PF15467,2,0,0,2,0,1016,0,1.0,0.0,0,0,0,2,0,1016,0,1.0,0.0,0
PF05197,PF14798,5,2,2,3,0,1013,1.0,1.0,0.4,0.63,2,2,3,0,1013,1.0,1.0,0.4,0.63
PF10157,PF01221,10,17,5,5,12,996,0.29,0.98,0.5,0.38,17,5,5,12,996,0.29,0.98,0.5,0.38
PF04775,PF08840,3,4,2,1,2,1013,0.5,1.0,0.67,0.58,4,2,1,2,1013,0.5,1.0,0.67,0.58
PF02865,PF01017,4,2,2,2,0,1014,1.0,1.0,0.5,0.71,2,2,2,0,1014,1.0,1.0,0.5,0.71
PF12659,PF12461,0,0,0,0,0,1018,0,1.0,0,0,0,0,0,0,1018,0,1.0,0,0
PF02778,PF01974,11,20,10,1,10,997,0.5,0.99,0.91,0.67,20,10,1,10,997,0.5,0.99,0.91,0.67
PF02638,PF13406,4,1,0,4,1,1013,0.0,1.0,0.0,-0.0,1,0,4,1,1013,0.0,1.0,0.0,-0.0
PF03884,PF02886,1,13,0,1,13,1004,0.0,0.99,0.0,-0.0,13,0,1,13,1004,0.0,0.99,0.0,-0.0
PF01735,PF15625,16,3,1,15,2,1000,0.33,0.98,0.06,0.14,3,1,15,2,1000,0.33,0.98,0.06,0.14
PF01409,PF03147,21,19,16,5,3,994,0.84,0.99,0.76,0.8,19,16,5,3,994,0.84,0.99,0.76,0.8
PF02685,PF05996,6,3,1,5,2,1010,0.33,0.99,0.17,0.23,3,1,5,2,1010,0.33,0.99,0.17,0.23
PF09805,PF07939,9,2,1,8,1,1008,0.5,0.99,0.11,0.23,2,1,8,1,1008,0.5,0.99,0.11,0.23
PF12399,PF13732,9,5,3,6,2,1007,0.6,0.99,0.33,0.44,5,3,6,2,1007,0.6,0.99,0.33,0.44
PF05680,PF14542,5,2,1,4,1,1012,0.5,1.0,0.2,0.31,2,1,4,1,1012,0.5,1.0,0.2,0.31
PF14476,PF07712,1,0,0,1,0,1017,0,1.0,0.0,0,0,0,1,0,1017,0,1.0,0.0,0
PF15398,PF15467,1,0,0,1,0,1017,0,1.0,0.0,0,0,0,1,0,1017,0,1.0,0.0,0
PF03476,PF03473,13,16,13,0,3,1002,0.81,1.0,1.0,0.9,16,13,0,3,1002,0.81,1.0,1.0,0.9
PF14635,PF14639,13,13,13,0,0,1005,1.0,1.0,1.0,1.0,13,13,0,0,1005,1.0,1.0,1.0,1.0
PF14009,PF14368,8,15,1,7,14,996,0.07,0.98,0.12,0.08,15,1,7,14,996,0.07,0.98,0.12,0.08
PF05013,PF03841,1,1,1,0,0,1017,1.0,1.0,1.0,1.0,1,1,0,0,1017,1.0,1.0,1.0,1.0
PF07334,PF07292,1,2,1,0,1,1016,0.5,1.0,1.0,0.71,2,1,0,1,1016,0.5,1.0,1.0,0.71
PF07019,PF06246,17,12,3,14,9,992,0.25,0.98,0.18,0.2,12,3,14,9,992,0.25,0.98,0.18,0.2
PF08100,PF00891,7,33,7,0,26,985,0.21,0.97,1.0,0.45,33,7,0,26,985,0.21,0.97,1.0,0.45
PF15016,PF15146,2,0,0,2,0,1016,0,1.0,0.0,0,0,0,2,0,1016,0,1.0,0.0,0
PF00278,PF02784,19,19,15,4,4,995,0.79,0.99,0.79,0.79,19,15,4,4,995,0.79,0.99,0.79,0.79
PF01091,PF05196,2,1,1,1,0,1016,1.0,1.0,0.5,0.71,1,1,1,0,1016,1.0,1.0,0.5,0.71
PF17014,PF04355,0,0,0,0,0,1018,0,1.0,0,0,0,0,0,0,1018,0,1.0,0,0
PF05869,PF02160,3,1,0,3,1,1014,0.0,1.0,0.0,-0.0,1,0,3,1,1014,0.0,1.0,0.0,-0.0
PF06827,PF10458,9,7,3,6,4,1005,0.43,0.99,0.33,0.37,7,3,6,4,1005,0.43,0.99,0.33,0.37
PF04198,PF01420,6,2,1,5,1,1011,0.5,0.99,0.17,0.29,2,1,5,1,1011,0.5,0.99,0.17,0.29
PF06311,PF00640,2,27,2,0,25,991,0.07,0.98,1.0,0.27,27,2,0,25,991,0.07,0.98,1.0,0.27
PF14892,PF15559,4,0,0,4,0,1014,0,1.0,0.0,0,0,0,4,0,1014,0,1.0,0.0,0
PF15147,PF12510,1,1,1,0,0,1017,1.0,1.0,1.0,1.0,1,1,0,0,1017,1.0,1.0,1.0,1.0
PF00023,PF12796,108,246,104,4,142,768,0.42,0.86,0.96,0.58,246,104,4,142,768,0.42,0.86,0.96,0.58
PF02823,PF02560,6,5,2,4,3,1009,0.4,0.99,0.33,0.36,5,2,4,3,1009,0.4,0.99,0.33,0.36
PF07887,PF03514,11,20,10,1,10,997,0.5,0.99,0.91,0.67,20,10,1,10,997,0.5,0.99,0.91,0.67
PF07829,PF10017,1,8,0,1,8,1009,0.0,0.99,0.0,-0.0,8,0,1,8,1009,0.0,0.99,0.0,-0.0
PF12388,PF15207,0,1,0,0,1,1017,0.0,1.0,0,0,1,0,0,1,1017,0.0,1.0,0,0
PF10143,PF06415,4,4,2,2,2,1012,0.5,1.0,0.5,0.5,4,2,2,2,1012,0.5,1.0,0.5,0.5
PF00525,PF10660,3,2,0,3,2,1013,0.0,1.0,0.0,-0.0,2,0,3,2,1013,0.0,1.0,0.0,-0.0
PF07175,PF11510,0,6,0,0,6,1012,0.0,0.99,0,0,6,0,0,6,1012,0.0,0.99,0,0
PF06637,PF16043,0,1,0,0,1,1017,0.0,1.0,0,0,1,0,0,1,1017,0.0,1.0,0,0
PF11037,PF17022,0,0,0,0,0,1018,0,1.0,0,0,0,0,0,0,1018,0,1.0,0,0
PF13880,PF13878,4,5,4,0,1,1013,0.8,1.0,1.0,0.89,5,4,0,1,1013,0.8,1.0,1.0,0.89
PF12222,PF03981,9,7,1,8,6,1003,0.14,0.99,0.11,0.12,7,1,8,6,1003,0.14,0.99,0.11,0.12
PF08630,PF12927,3,3,0,3,3,1012,0.0,0.99,0.0,-0.0,3,0,3,3,1012,0.0,0.99,0.0,-0.0
PF07967,PF08600,11,5,5,6,0,1007,1.0,0.99,0.45,0.67,5,5,6,0,1007,1.0,0.99,0.45,0.67
PF06965,PF00524,3,4,1,2,3,1012,0.25,1.0,0.33,0.29,4,1,2,3,1012,0.25,1.0,0.33,0.29
PF09663,PF15128,2,0,0,2,0,1016,0,1.0,0.0,0,0,0,2,0,1016,0,1.0,0.0,0
PF00850,PF09757,48,6,4,44,2,968,0.67,0.95,0.08,0.23,6,4,44,2,968,0.67,0.95,0.08,0.23
PF01588,PF16714,28,5,5,23,0,990,1.0,0.98,0.18,0.42,5,5,23,0,990,1.0,0.98,0.18,0.42
PF10639,PF09415,14,3,0,14,3,1001,0.0,0.98,0.0,-0.01,3,0,14,3,1001,0.0,0.98,0.0,-0.01
PF10442,PF12014,3,2,1,2,1,1014,0.5,1.0,0.33,0.41,2,1,2,1,1014,0.5,1.0,0.33,0.41
PF03596,PF10330,0,2,0,0,2,1016,0.0,1.0,0,0,2,0,0,2,1016,0.0,1.0,0,0
PF02599,PF15826,1,0,0,1,0,1017,0,1.0,0.0,0,0,0,1,0,1017,0,1.0,0.0,0
PF13102,PF08037,0,1,0,0,1,1017,0.0,1.0,0,0,1,0,0,1,1017,0.0,1.0,0,0
PF02844,PF02843,13,13,13,0,0,1005,1.0,1.0,1.0,1.0,13,13,0,0,1005,1.0,1.0,1.0,1.0
PF14990,PF04816,0,1,0,0,1,1017,0.0,1.0,0,0,1,0,0,1,1017,0.0,1.0,0,0
PF07776,PF05485,50,59,21,29,38,930,0.36,0.93,0.42,0.35,59,21,29,38,930,0.36,0.93,0.42,0.35
PF09855,PF06877,0,0,0,0,0,1018,0,1.0,0,0,0,0,0,0,1018,0,1.0,0,0
PF02756,PF02757,0,1,0,0,1,1017,0.0,1.0,0,0,1,0,0,1,1017,0.0,1.0,0,0
PF08212,PF00061,8,20,2,6,18,992,0.1,0.98,0.25,0.15,20,2,6,18,992,0.1,0.98,0.25,0.15
PF09754,PF06127,6,4,0,6,4,1008,0.0,0.99,0.0,-0.0,4,0,6,4,1008,0.0,0.99,0.0,-0.0
PF07722,PF06083,3,3,1,2,2,1013,0.33,1.0,0.33,0.33,3,1,2,2,1013,0.33,1.0,0.33,0.33
PF07989,PF03801,13,9,2,11,7,998,0.22,0.98,0.15,0.18,9,2,11,7,998,0.22,0.98,0.15,0.18
PF13603,PF10458,13,7,3,10,4,1001,0.43,0.99,0.23,0.31,7,3,10,4,1001,0.43,0.99,0.23,0.31
PF05437,PF05904,0,1,0,0,1,1017,0.0,1.0,0,0,1,0,0,1,1017,0.0,1.0,0,0
PF00508,PF15052,2,3,1,1,2,1014,0.33,1.0,0.5,0.41,3,1,1,2,1014,0.33,1.0,0.5,0.41
PF10100,PF01108,0,3,0,0,3,1015,0.0,1.0,0,0,3,0,0,3,1015,0.0,1.0,0,0
PF13809,PF10076,0,0,0,0,0,1018,0,1.0,0,0,0,0,0,0,1018,0,1.0,0,0
PF08239,PF08005,9,4,4,5,0,1009,1.0,1.0,0.44,0.67,4,4,5,0,1009,1.0,1.0,0.44,0.67
PF02667,PF08726,0,10,0,0,10,1008,0.0,0.99,0,0,10,0,0,10,1008,0.0,0.99,0,0
PF05937,PF05956,3,3,3,0,0,1015,1.0,1.0,1.0,1.0,3,3,0,0,1015,1.0,1.0,1.0,1.0
PF12456,PF07092,10,6,1,9,5,1003,0.17,0.99,0.1,0.12,6,1,9,5,1003,0.17,0.99,0.1,0.12
PF09750,PF12230,18,13,5,13,8,992,0.38,0.98,0.28,0.32,13,5,13,8,992,0.38,0.98,0.28,0.32
PF09329,PF12253,6,3,0,6,3,1009,0.0,0.99,0.0,-0.0,3,0,6,3,1009,0.0,0.99,0.0,-0.0
PF13816,PF01385,1,0,0,1,0,1017,0,1.0,0.0,0,0,0,1,0,1017,0,1.0,0.0,0
PF03468,PF03801,6,9,1,5,8,1004,0.11,0.99,0.17,0.13,9,1,5,8,1004,0.11,0.99,0.17,0.13
PF10358,PF12510,19,1,1,18,0,999,1.0,0.98,0.05,0.23,1,1,18,0,999,1.0,0.98,0.05,0.23
PF03813,PF04935,9,8,0,9,8,1001,0.0,0.98,0.0,-0.01,8,0,9,8,1001,0.0,0.98,0.0,-0.01
PF07691,PF10162,15,10,4,11,6,997,0.4,0.98,0.27,0.32,10,4,11,6,997,0.4,0.98,0.27,0.32
PF17220,PF03914,0,18,0,0,18,1000,0.0,0.98,0,0,18,0,0,18,1000,0.0,0.98,0,0
PF16654,PF11697,0,0,0,0,0,1018,0,1.0,0,0,0,0,0,0,1018,0,1.0,0,0
PF07946,PF02186,9,14,4,5,10,999,0.29,0.99,0.44,0.35,14,4,5,10,999,0.29,0.99,0.44,0.35
PF07975,PF04056,4,9,4,0,5,1009,0.44,1.0,1.0,0.67,9,4,0,5,1009,0.44,1.0,1.0,0.67
PF13861,PF07157,0,0,0,0,0,1018,0,1.0,0,0,0,0,0,0,1018,0,1.0,0,0
PF04862,PF14365,7,2,1,6,1,1010,0.5,0.99,0.14,0.26,2,1,6,1,1010,0.5,0.99,0.14,0.26
PF00812,PF03195,6,8,3,3,5,1007,0.38,0.99,0.5,0.43,8,3,3,5,1007,0.38,0.99,0.5,0.43
PF14778,PF05719,3,5,1,2,4,1011,0.2,0.99,0.33,0.26,5,1,2,4,1011,0.2,0.99,0.33,0.26
PF05419,PF12046,0,0,0,0,0,1018,0,1.0,0,0,0,0,0,0,1018,0,1.0,0,0
PF16726,PF16776,1,1,0,1,1,1016,0.0,1.0,0.0,-0.0,1,0,1,1,1016,0.0,1.0,0.0,-0.0
PF12041,PF03514,3,20,0,3,20,995,0.0,0.98,0.0,-0.01,20,0,3,20,995,0.0,0.98,0.0,-0.01
PF14822,PF07406,2,2,0,2,2,1014,0.0,1.0,0.0,-0.0,2,0,2,2,1014,0.0,1.0,0.0,-0.0
PF02529,PF05466,0,0,0,0,0,1018,0,1.0,0,0,0,0,0,0,1018,0,1.0,0,0
PF12770,PF17109,13,6,2,11,4,1001,0.33,0.99,0.15,0.22,6,2,11,4,1001,0.33,0.99,0.15,0.22
PF14279,PF02576,0,0,0,0,0,1018,0,1.0,0,0,0,0,0,0,1018,0,1.0,0,0
PF01044,PF00932,8,6,1,7,5,1005,0.17,0.99,0.12,0.14,6,1,7,5,1005,0.17,0.99,0.12,0.14
PF15224,PF06393,0,2,0,0,2,1016,0.0,1.0,0,0,2,0,0,2,1016,0.0,1.0,0,0
PF15458,PF10377,4,5,1,3,4,1010,0.2,0.99,0.25,0.22,5,1,3,4,1010,0.2,0.99,0.25,0.22
PF04926,PF04928,16,19,14,2,5,997,0.74,0.99,0.88,0.8,19,14,2,5,997,0.74,0.99,0.88,0.8
PF01204,PF07492,23,9,9,14,0,995,1.0,0.99,0.39,0.62,9,9,14,0,995,1.0,0.99,0.39,0.62
PF11617,PF16754,1,0,0,1,0,1017,0,1.0,0.0,0,0,0,1,0,1017,0,1.0,0.0,0
PF07688,PF10318,0,14,0,0,14,1004,0.0,0.99,0,0,14,0,0,14,1004,0.0,0.99,0,0
PF07905,PF11855,0,2,0,0,2,1016,0.0,1.0,0,0,2,0,0,2,1016,0.0,1.0,0,0
PF06975,PF11136,0,0,0,0,0,1018,0,1.0,0,0,0,0,0,0,1018,0,1.0,0,0
PF04648,PF05436,1,1,1,0,0,1017,1.0,1.0,1.0,1.0,1,1,0,0,1017,1.0,1.0,1.0,1.0
PF15965,PF15966,6,4,4,2,0,1012,1.0,1.0,0.67,0.82,4,4,2,0,1012,1.0,1.0,0.67,0.82
PF01242,PF02566,7,5,0,7,5,1006,0.0,0.99,0.0,-0.01,5,0,7,5,1006,0.0,0.99,0.0,-0.01
PF08947,PF12162,1,2,1,0,1,1016,0.5,1.0,1.0,0.71,2,1,0,1,1016,0.5,1.0,1.0,0.71
PF13230,PF02683,3,3,0,3,3,1012,0.0,0.99,0.0,-0.0,3,0,3,3,1012,0.0,0.99,0.0,-0.0
PF15672,PF00419,0,1,0,0,1,1017,0.0,1.0,0,0,1,0,0,1,1017,0.0,1.0,0,0
PF06136,PF03759,6,7,1,5,6,1006,0.14,0.99,0.17,0.15,7,1,5,6,1006,0.14,0.99,0.17,0.15
PF03194,PF01733,10,16,2,8,14,994,0.12,0.98,0.2,0.15,16,2,8,14,994,0.12,0.98,0.2,0.15
PF13651,PF07373,0,0,0,0,0,1018,0,1.0,0,0,0,0,0,0,1018,0,1.0,0,0
PF14937,PF05234,4,1,0,4,1,1013,0.0,1.0,0.0,-0.0,1,0,4,1,1013,0.0,1.0,0.0,-0.0
PF01141,PF01140,4,5,4,0,1,1013,0.8,1.0,1.0,0.89,5,4,0,1,1013,0.8,1.0,1.0,0.89
PF05020,PF05021,9,10,9,0,1,1008,0.9,1.0,1.0,0.95,10,9,0,1,1008,0.9,1.0,1.0,0.95
PF12827,PF00796,0,0,0,0,0,1018,0,1.0,0,0,0,0,0,0,1018,0,1.0,0,0
PF07443,PF13892,5,16,4,1,12,1001,0.25,0.99,0.8,0.44,16,4,1,12,1001,0.25,0.99,0.8,0.44
PF03891,PF15052,0,3,0,0,3,1015,0.0,1.0,0,0,3,0,0,3,1015,0.0,1.0,0,0
PF10946,PF16108,0,0,0,0,0,1018,0,1.0,0,0,0,0,0,0,1018,0,1.0,0,0
PF12455,PF07989,7,13,1,6,12,999,0.08,0.98,0.14,0.1,13,1,6,12,999,0.08,0.98,0.14,0.1
PF07143,PF17186,1,0,0,1,0,1017,0,1.0,0.0,0,0,0,1,0,1017,0,1.0,0.0,0
PF10293,PF10305,5,4,4,1,0,1013,1.0,1.0,0.8,0.89,4,4,1,0,1013,1.0,1.0,0.8,0.89
PF12451,PF17122,8,6,6,2,0,1010,1.0,1.0,0.75,0.87,6,6,2,0,1010,1.0,1.0,0.75,0.87
PF15809,PF15555,0,1,0,0,1,1017,0.0,1.0,0,0,1,0,0,1,1017,0.0,1.0,0,0
PF07404,PF15482,1,0,0,1,0,1017,0,1.0,0.0,0,0,0,1,0,1017,0,1.0,0.0,0
PF02383,PF08952,35,4,4,31,0,983,1.0,0.97,0.11,0.33,4,4,31,0,983,1.0,0.97,0.11,0.33
PF15331,PF15752,2,0,0,2,0,1016,0,1.0,0.0,0,0,0,2,0,1016,0,1.0,0.0,0
PF00005,PF06422,168,15,15,153,0,850,1.0,0.85,0.09,0.28,15,15,153,0,850,1.0,0.85,0.09,0.28
PF11315,PF14279,5,0,0,5,0,1013,0,1.0,0.0,0,0,0,5,0,1013,0,1.0,0.0,0
PF08552,PF04934,9,13,1,8,12,997,0.08,0.98,0.11,0.08,13,1,8,12,997,0.08,0.98,0.11,0.08
PF09162,PF03943,4,5,3,1,2,1012,0.6,1.0,0.75,0.67,5,3,1,2,1012,0.6,1.0,0.75,0.67
PF01777,PF01929,15,17,4,11,13,990,0.24,0.98,0.27,0.24,17,4,11,13,990,0.24,0.98,0.27,0.24
PF10825,PF15833,0,1,0,0,1,1017,0.0,1.0,0,0,1,0,0,1,1017,0.0,1.0,0,0
PF12157,PF17105,7,4,3,4,1,1010,0.75,1.0,0.43,0.56,4,3,4,1,1010,0.75,1.0,0.43,0.56
PF15072,PF16002,7,4,2,5,2,1009,0.5,0.99,0.29,0.37,4,2,5,2,1009,0.5,0.99,0.29,0.37
PF16508,PF15276,7,1,1,6,0,1011,1.0,0.99,0.14,0.38,1,1,6,0,1011,1.0,0.99,0.14,0.38
PF04418,PF15003,6,1,0,6,1,1011,0.0,0.99,0.0,-0.0,1,0,6,1,1011,0.0,0.99,0.0,-0.0
PF07954,PF05448,1,2,0,1,2,1015,0.0,1.0,0.0,-0.0,2,0,1,2,1015,0.0,1.0,0.0,-0.0
PF07965,PF08725,4,9,4,0,5,1009,0.44,1.0,1.0,0.67,9,4,0,5,1009,0.44,1.0,1.0,0.67
PF03619,PF05653,27,21,7,20,14,977,0.33,0.97,0.26,0.28,21,7,20,14,977,0.33,0.97,0.26,0.28
PF13151,PF06681,0,0,0,0,0,1018,0,1.0,0,0,0,0,0,0,1018,0,1.0,0,0
PF02403,PF03129,26,40,11,15,29,963,0.28,0.96,0.42,0.32,40,11,15,29,963,0.28,0.96,0.42,0.32
PF15859,PF12313,0,4,0,0,4,1014,0.0,1.0,0,0,4,0,0,4,1014,0.0,1.0,0,0
PF07731,PF07732,50,51,46,4,5,963,0.9,0.99,0.92,0.91,51,46,4,5,963,0.9,0.99,0.92,0.91
PF14031,PF00842,7,0,0,7,0,1011,0,0.99,0.0,0,0,0,7,0,1011,0,0.99,0.0,0
PF01344,PF10102,84,3,2,82,1,933,0.67,0.92,0.02,0.12,3,2,82,1,933,0.67,0.92,0.02,0.12
PF12191,PF01752,0,2,0,0,2,1016,0.0,1.0,0,0,2,0,0,2,1016,0.0,1.0,0,0
PF13198,PF01283,0,19,0,0,19,999,0.0,0.98,0,0,19,0,0,19,999,0.0,0.98,0,0
PF16181,PF16180,3,2,2,1,0,1015,1.0,1.0,0.67,0.82,2,2,1,0,1015,1.0,1.0,0.67,0.82
PF02451,PF07326,0,0,0,0,0,1018,0,1.0,0,0,0,0,0,0,1018,0,1.0,0,0
PF08404,PF07804,0,1,0,0,1,1017,0.0,1.0,0,0,1,0,0,1,1017,0.0,1.0,0,0
PF03856,PF00473,8,5,1,7,4,1006,0.2,0.99,0.12,0.15,5,1,7,4,1006,0.2,0.99,0.12,0.15
PF14732,PF16191,7,4,1,6,3,1008,0.25,0.99,0.14,0.18,4,1,6,3,1008,0.25,0.99,0.14,0.18
PF06596,PF14998,1,2,1,0,1,1016,0.5,1.0,1.0,0.71,2,1,0,1,1016,0.5,1.0,1.0,0.71
PF01729,PF02749,10,10,10,0,0,1008,1.0,1.0,1.0,1.0,10,10,0,0,1008,1.0,1.0,1.0,1.0
PF17221,PF13183,1,9,0,1,9,1008,0.0,0.99,0.0,-0.0,9,0,1,9,1008,0.0,0.99,0.0,-0.0
PF16530,PF11057,0,0,0,0,0,1018,0,1.0,0,0,0,0,0,0,1018,0,1.0,0,0
PF01428,PF01754,26,10,6,20,4,988,0.6,0.98,0.23,0.36,10,6,20,4,988,0.6,0.98,0.23,0.36
PF02132,PF08275,1,4,0,1,4,1013,0.0,1.0,0.0,-0.0,4,0,1,4,1013,0.0,1.0,0.0,-0.0
PF06889,PF11751,0,0,0,0,0,1018,0,1.0,0,0,0,0,0,0,1018,0,1.0,0,0
PF05228,PF16697,1,3,0,1,3,1014,0.0,1.0,0.0,-0.0,3,0,1,3,1014,0.0,1.0,0.0,-0.0
PF13298,PF04090,8,2,1,7,1,1009,0.5,0.99,0.12,0.25,2,1,7,1,1009,0.5,0.99,0.12,0.25
PF04687,PF04285,1,0,0,1,0,1017,0,1.0,0.0,0,0,0,1,0,1017,0,1.0,0.0,0
PF16910,PF12624,14,27,13,1,14,990,0.48,0.99,0.93,0.66,27,13,1,14,990,0.48,0.99,0.93,0.66
PF16070,PF15705,11,2,2,9,0,1007,1.0,0.99,0.18,0.42,2,2,9,0,1007,1.0,0.99,0.18,0.42
PF01195,PF04690,8,2,1,7,1,1009,0.5,0.99,0.12,0.25,2,1,7,1,1009,0.5,0.99,0.12,0.25
PF05742,PF05719,5,5,0,5,5,1008,0.0,0.99,0.0,-0.0,5,0,5,5,1008,0.0,0.99,0.0,-0.0
PF16313,PF03241,2,0,0,2,0,1016,0,1.0,0.0,0,0,0,2,0,1016,0,1.0,0.0,0
PF07519,PF04479,19,25,8,11,17,982,0.32,0.97,0.42,0.35,25,8,11,17,982,0.32,0.97,0.42,0.35
PF00625,PF02828,40,9,9,31,0,978,1.0,0.97,0.23,0.47,9,9,31,0,978,1.0,0.97,0.23,0.47
PF00619,PF12061,28,2,1,27,1,989,0.5,0.97,0.04,0.13,2,1,27,1,989,0.5,0.97,0.04,0.13
PF16121,PF08071,14,14,12,2,2,1002,0.86,1.0,0.86,0.86,14,12,2,2,1002,0.86,1.0,0.86,0.86
PF06244,PF06127,11,4,1,10,3,1004,0.25,0.99,0.09,0.15,4,1,10,3,1004,0.25,0.99,0.09,0.15
PF02813,PF14216,3,1,0,3,1,1014,0.0,1.0,0.0,-0.0,1,0,3,1,1014,0.0,1.0,0.0,-0.0
PF04707,PF03765,13,24,6,7,18,987,0.25,0.98,0.46,0.33,24,6,7,18,987,0.25,0.98,0.46,0.33
PF14826,PF08644,10,7,7,3,0,1008,1.0,1.0,0.7,0.84,7,7,3,0,1008,1.0,1.0,0.7,0.84
PF05135,PF04860,0,1,0,0,1,1017,0.0,1.0,0,0,1,0,0,1,1017,0.0,1.0,0,0
PF00437,PF09079,16,10,3,13,7,995,0.3,0.98,0.19,0.23,10,3,13,7,995,0.3,0.98,0.19,0.23
PF15818,PF14926,0,1,0,0,1,1017,0.0,1.0,0,0,1,0,0,1,1017,0.0,1.0,0,0
PF01417,PF14661,26,1,0,26,1,991,0.0,0.97,0.0,-0.01,1,0,26,1,991,0.0,0.97,0.0,-0.01
PF08982,PF13876,3,1,0,3,1,1014,0.0,1.0,0.0,-0.0,1,0,3,1,1014,0.0,1.0,0.0,-0.0
PF04098,PF08081,9,1,1,8,0,1009,1.0,0.99,0.11,0.33,1,1,8,0,1009,1.0,0.99,0.11,0.33
PF04223,PF01289,1,1,0,1,1,1016,0.0,1.0,0.0,-0.0,1,0,1,1,1016,0.0,1.0,0.0,-0.0
PF12481,PF04690,8,2,0,8,2,1008,0.0,0.99,0.0,-0.0,2,0,8,2,1008,0.0,0.99,0.0,-0.0
PF05474,PF07149,0,0,0,0,0,1018,0,1.0,0,0,0,0,0,0,1018,0,1.0,0,0
PF08885,PF12098,1,0,0,1,0,1017,0,1.0,0.0,0,0,0,1,0,1017,0,1.0,0.0,0
PF09585,PF14290,1,0,0,1,0,1017,0,1.0,0.0,0,0,0,1,0,1017,0,1.0,0.0,0
PF10490,PF13005,4,0,0,4,0,1014,0,1.0,0.0,0,0,0,4,0,1014,0,1.0,0.0,0
PF13886,PF10505,18,7,1,17,6,994,0.14,0.98,0.06,0.08,7,1,17,6,994,0.14,0.98,0.06,0.08
PF07892,PF16350,1,12,1,0,11,1006,0.08,0.99,1.0,0.29,12,1,0,11,1006,0.08,0.99,1.0,0.29
PF00847,PF02362,26,30,12,14,18,974,0.4,0.97,0.46,0.41,30,12,14,18,974,0.4,0.97,0.46,0.41
PF02192,PF00792,10,24,10,0,14,994,0.42,0.99,1.0,0.64,24,10,0,14,994,0.42,0.99,1.0,0.64
PF14669,PF15082,0,3,0,0,3,1015,0.0,1.0,0,0,3,0,0,3,1015,0.0,1.0,0,0
PF15679,PF13422,0,8,0,0,8,1010,0.0,0.99,0,0,8,0,0,8,1010,0.0,0.99,0,0
PF13698,PF15047,0,0,0,0,0,1018,0,1.0,0,0,0,0,0,0,1018,0,1.0,0,0
PF07985,PF00181,12,17,5,7,12,994,0.29,0.98,0.42,0.34,17,5,7,12,994,0.29,0.98,0.42,0.34
PF06109,PF17062,0,0,0,0,0,1018,0,1.0,0,0,0,0,0,0,1018,0,1.0,0,0
PF04828,PF02515,23,32,11,12,21,974,0.34,0.97,0.48,0.39,32,11,12,21,974,0.34,0.97,0.48,0.39
PF12906,PF06454,32,8,3,29,5,981,0.38,0.97,0.09,0.18,8,3,29,5,981,0.38,0.97,0.09,0.18
PF00485,PF01928,25,3,3,22,0,993,1.0,0.98,0.12,0.34,3,3,22,0,993,1.0,0.98,0.12,0.34
PF04119,PF12900,3,5,0,3,5,1010,0.0,0.99,0.0,-0.0,5,0,3,5,1010,0.0,0.99,0.0,-0.0
PF13349,PF06581,1,0,0,1,0,1017,0,1.0,0.0,0,0,0,1,0,1017,0,1.0,0.0,0
PF02625,PF01325,1,3,1,0,2,1015,0.33,1.0,1.0,0.58,3,1,0,2,1015,0.33,1.0,1.0,0.58
PF03727,PF00349,22,20,20,2,0,996,1.0,1.0,0.91,0.95,20,20,2,0,996,1.0,1.0,0.91,0.95
PF15441,PF15720,2,1,1,1,0,1016,1.0,1.0,0.5,0.71,1,1,1,0,1016,1.0,1.0,0.5,0.71
PF09725,PF07052,9,12,1,8,11,998,0.08,0.98,0.11,0.09,12,1,8,11,998,0.08,0.98,0.11,0.09
PF00439,PF12157,78,7,6,72,1,939,0.86,0.93,0.08,0.24,7,6,72,1,939,0.86,0.93,0.08,0.24
PF03211,PF00457,12,5,3,9,2,1004,0.6,0.99,0.25,0.38,5,3,9,2,1004,0.6,0.99,0.25,0.38
PF14961,PF15020,0,6,0,0,6,1012,0.0,0.99,0,0,6,0,0,6,1012,0.0,0.99,0,0
PF13176,PF13181,38,108,28,10,80,900,0.26,0.91,0.74,0.4,108,28,10,80,900,0.26,0.91,0.74,0.4
PF04113,PF04006,11,10,3,8,7,1000,0.3,0.99,0.27,0.28,10,3,8,7,1000,0.3,0.99,0.27,0.28
PF02068,PF08291,1,0,0,1,0,1017,0,1.0,0.0,0,0,0,1,0,1017,0,1.0,0.0,0
PF03901,PF10245,30,8,3,27,5,983,0.38,0.97,0.1,0.18,8,3,27,5,983,0.38,0.97,0.1,0.18
PF11636,PF00992,0,5,0,0,5,1013,0.0,1.0,0,0,5,0,0,5,1013,0.0,1.0,0,0
PF12443,PF15241,0,0,0,0,0,1018,0,1.0,0,0,0,0,0,0,1018,0,1.0,0,0
PF07197,PF16872,1,0,0,1,0,1017,0,1.0,0.0,0,0,0,1,0,1017,0,1.0,0.0,0
PF06583,PF13882,1,3,1,0,2,1015,0.33,1.0,1.0,0.58,3,1,0,2,1015,0.33,1.0,1.0,0.58
PF09739,PF08303,11,3,0,11,3,1004,0.0,0.99,0.0,-0.01,3,0,11,3,1004,0.0,0.99,0.0,-0.01
PF12793,PF05710,0,0,0,0,0,1018,0,1.0,0,0,0,0,0,0,1018,0,1.0,0,0
PF08066,PF01927,11,4,2,9,2,1005,0.5,0.99,0.18,0.3,4,2,9,2,1005,0.5,0.99,0.18,0.3
PF07662,PF07670,17,7,4,13,3,998,0.57,0.98,0.24,0.36,7,4,13,3,998,0.57,0.98,0.24,0.36
PF08952,PF16726,4,1,0,4,1,1013,0.0,1.0,0.0,-0.0,1,0,4,1,1013,0.0,1.0,0.0,-0.0
PF05497,PF14935,5,2,0,5,2,1011,0.0,0.99,0.0,-0.0,2,0,5,2,1011,0.0,0.99,0.0,-0.0
PF05303,PF15044,4,5,3,1,2,1012,0.6,1.0,0.75,0.67,5,3,1,2,1012,0.6,1.0,0.75,0.67
PF05970,PF14214,41,24,17,24,7,970,0.71,0.97,0.41,0.53,24,17,24,7,970,0.71,0.97,0.41,0.53
PF01926,PF01018,71,10,10,61,0,947,1.0,0.94,0.14,0.36,10,10,61,0,947,1.0,0.94,0.14,0.36
PF00928,PF09786,38,7,3,35,4,976,0.43,0.96,0.08,0.17,7,3,35,4,976,0.43,0.96,0.08,0.17
PF15178,PF05418,0,1,0,0,1,1017,0.0,1.0,0,0,1,0,0,1,1017,0.0,1.0,0,0
PF15328,PF02116,0,2,0,0,2,1016,0.0,1.0,0,0,2,0,0,2,1016,0.0,1.0,0,0
PF12576,PF06414,2,11,0,2,11,1005,0.0,0.99,0.0,-0.0,11,0,2,11,1005,0.0,0.99,0.0,-0.0
PF06094,PF02330,18,7,3,15,4,996,0.43,0.98,0.17,0.26,7,3,15,4,996,0.43,0.98,0.17,0.26
PF14372,PF10683,21,2,2,19,0,997,1.0,0.98,0.1,0.31,2,2,19,0,997,1.0,0.98,0.1,0.31
PF16843,PF09055,1,5,1,0,4,1013,0.2,1.0,1.0,0.45,5,1,0,4,1013,0.2,1.0,1.0,0.45
PF10343,PF01509,15,19,6,9,13,990,0.32,0.98,0.4,0.34,19,6,9,13,990,0.32,0.98,0.4,0.34
PF09397,PF01580,5,5,5,0,0,1013,1.0,1.0,1.0,1.0,5,5,0,0,1013,1.0,1.0,1.0,1.0
PF13630,PF16325,0,1,0,0,1,1017,0.0,1.0,0,0,1,0,0,1,1017,0.0,1.0,0,0
PF06628,PF00199,19,20,17,2,3,996,0.85,1.0,0.89,0.87,20,17,2,3,996,0.85,1.0,0.89,0.87
PF09860,PF02217,0,3,0,0,3,1015,0.0,1.0,0,0,3,0,0,3,1015,0.0,1.0,0,0
PF06831,PF09292,16,4,4,12,0,1002,1.0,0.99,0.25,0.5,4,4,12,0,1002,1.0,0.99,0.25,0.5
PF05175,PF00155,27,102,10,17,92,899,0.1,0.89,0.37,0.15,102,10,17,92,899,0.1,0.89,0.37,0.15
PF13876,PF07505,1,0,0,1,0,1017,0,1.0,0.0,0,0,0,1,0,1017,0,1.0,0.0,0
PF01467,PF01121,37,14,9,28,5,976,0.64,0.97,0.24,0.38,14,9,28,5,976,0.64,0.97,0.24,0.38
PF01599,PF16455,6,8,2,4,6,1006,0.25,0.99,0.33,0.28,8,2,4,6,1006,0.25,0.99,0.33,0.28
PF10269,PF14901,3,2,0,3,2,1013,0.0,1.0,0.0,-0.0,2,0,3,2,1013,0.0,1.0,0.0,-0.0
PF04754,PF06952,1,0,0,1,0,1017,0,1.0,0.0,0,0,0,1,0,1017,0,1.0,0.0,0
PF05653,PF03619,21,27,7,14,20,977,0.26,0.97,0.33,0.28,27,7,14,20,977,0.26,0.97,0.33,0.28
PF03272,PF05034,0,0,0,0,0,1018,0,1.0,0,0,0,0,0,0,1018,0,1.0,0,0
PF01084,PF00329,12,17,3,9,14,992,0.18,0.98,0.25,0.2,17,3,9,14,992,0.18,0.98,0.25,0.2
PF13368,PF01751,6,30,6,0,24,988,0.2,0.98,1.0,0.44,30,6,0,24,988,0.2,0.98,1.0,0.44
PF09033,PF09230,0,3,0,0,3,1015,0.0,1.0,0,0,3,0,0,3,1015,0.0,1.0,0,0
PF15309,PF15392,3,0,0,3,0,1015,0,1.0,0.0,0,0,0,3,0,1015,0,1.0,0.0,0
PF00360,PF01590,13,35,12,1,23,982,0.34,0.98,0.92,0.55,35,12,1,23,982,0.34,0.98,0.92,0.55
PF14041,PF05028,0,15,0,0,15,1003,0.0,0.99,0,0,15,0,0,15,1003,0.0,0.99,0,0
PF06956,PF02979,2,3,0,2,3,1013,0.0,1.0,0.0,-0.0,3,0,2,3,1013,0.0,1.0,0.0,-0.0
PF14799,PF06232,6,4,0,6,4,1008,0.0,0.99,0.0,-0.0,4,0,6,4,1008,0.0,0.99,0.0,-0.0
PF08034,PF11282,0,2,0,0,2,1016,0.0,1.0,0,0,2,0,0,2,1016,0.0,1.0,0,0
PF00303,PF00186,6,9,2,4,7,1005,0.22,0.99,0.33,0.27,9,2,4,7,1005,0.22,0.99,0.33,0.27
PF01562,PF00200,32,29,21,11,8,978,0.72,0.98,0.66,0.68,29,21,11,8,978,0.72,0.98,0.66,0.68
PF11529,PF17206,0,1,0,0,1,1017,0.0,1.0,0,0,1,0,0,1,1017,0.0,1.0,0,0
PF03824,PF08228,9,3,0,9,3,1006,0.0,0.99,0.0,-0.01,3,0,9,3,1006,0.0,0.99,0.0,-0.01
PF16940,PF10177,5,1,0,5,1,1012,0.0,0.99,0.0,-0.0,1,0,5,1,1012,0.0,0.99,0.0,-0.0
PF11681,PF05974,0,0,0,0,0,1018,0,1.0,0,0,0,0,0,0,1018,0,1.0,0,0
PF14060,PF09685,0,0,0,0,0,1018,0,1.0,0,0,0,0,0,0,1018,0,1.0,0,0
PF00080,PF00403,19,31,7,12,24,975,0.23,0.96,0.37,0.27,31,7,12,24,975,0.23,0.96,0.37,0.27
PF06680,PF01161,0,28,0,0,28,990,0.0,0.97,0,0,28,0,0,28,990,0.0,0.97,0,0
PF14645,PF05399,2,0,0,2,0,1016,0,1.0,0.0,0,0,0,2,0,1016,0,1.0,0.0,0
PF09598,PF16174,1,1,0,1,1,1016,0.0,1.0,0.0,-0.0,1,0,1,1,1016,0.0,1.0,0.0,-0.0
PF11752,PF10118,0,4,0,0,4,1014,0.0,1.0,0,0,4,0,0,4,1014,0.0,1.0,0,0
PF16529,PF15246,5,0,0,5,0,1013,0,1.0,0.0,0,0,0,5,0,1013,0,1.0,0.0,0
PF10571,PF12049,0,0,0,0,0,1018,0,1.0,0,0,0,0,0,0,1018,0,1.0,0,0
PF12868,PF15856,1,1,0,1,1,1016,0.0,1.0,0.0,-0.0,1,0,1,1,1016,0.0,1.0,0.0,-0.0
PF03491,PF00209,2,39,2,0,37,979,0.05,0.96,1.0,0.22,39,2,0,37,979,0.05,0.96,1.0,0.22
PF00779,PF00616,7,20,6,1,14,997,0.3,0.99,0.86,0.5,20,6,1,14,997,0.3,0.99,0.86,0.5
PF03456,PF02141,27,36,27,0,9,982,0.75,0.99,1.0,0.86,36,27,0,9,982,0.75,0.99,1.0,0.86
PF03521,PF16799,4,2,1,3,1,1013,0.5,1.0,0.25,0.35,2,1,3,1,1013,0.5,1.0,0.25,0.35
PF16594,PF08656,1,2,0,1,2,1015,0.0,1.0,0.0,-0.0,2,0,1,2,1015,0.0,1.0,0.0,-0.0
PF03668,PF06070,5,1,0,5,1,1012,0.0,0.99,0.0,-0.0,1,0,5,1,1012,0.0,0.99,0.0,-0.0
PF06103,PF09986,0,0,0,0,0,1018,0,1.0,0,0,0,0,0,0,1018,0,1.0,0,0
PF13963,PF13960,10,5,3,7,2,1006,0.6,0.99,0.3,0.42,5,3,7,2,1006,0.6,0.99,0.3,0.42
PF04683,PF03299,4,10,1,3,9,1005,0.1,0.99,0.25,0.15,10,1,3,9,1005,0.1,0.99,0.25,0.15
PF13932,PF01134,17,18,17,0,1,1000,0.94,1.0,1.0,0.97,18,17,0,1,1000,0.94,1.0,1.0,0.97
PF02276,PF15220,3,0,0,3,0,1015,0,1.0,0.0,0,0,0,3,0,1015,0,1.0,0.0,0
PF12372,PF14952,6,2,0,6,2,1010,0.0,0.99,0.0,-0.0,2,0,6,2,1010,0.0,0.99,0.0,-0.0
PF12760,PF03831,0,0,0,0,0,1018,0,1.0,0,0,0,0,0,0,1018,0,1.0,0,0
PF02456,PF03845,0,8,0,0,8,1010,0.0,0.99,0,0,8,0,0,8,1010,0.0,0.99,0,0
PF07875,PF17019,0,0,0,0,0,1018,0,1.0,0,0,0,0,0,0,1018,0,1.0,0,0
PF12658,PF17015,1,0,0,1,0,1017,0,1.0,0.0,0,0,0,1,0,1017,0,1.0,0.0,0
PF08101,PF09441,1,1,0,1,1,1016,0.0,1.0,0.0,-0.0,1,0,1,1,1016,0.0,1.0,0.0,-0.0
PF01863,PF06114,7,3,3,4,0,1011,1.0,1.0,0.43,0.65,3,3,4,0,1011,1.0,1.0,0.43,0.65
PF16211,PF00125,24,46,21,3,25,969,0.46,0.97,0.88,0.62,46,21,3,25,969,0.46,0.97,0.88,0.62
PF16787,PF12550,18,5,4,14,1,999,0.8,0.99,0.22,0.42,5,4,14,1,999,0.8,0.99,0.22,0.42
PF08433,PF14712,13,10,2,11,8,997,0.2,0.98,0.15,0.17,10,2,11,8,997,0.2,0.98,0.15,0.17
PF16183,PF12423,19,14,14,5,0,999,1.0,1.0,0.74,0.86,14,14,5,0,999,1.0,1.0,0.74,0.86
PF00429,PF03708,5,2,2,3,0,1013,1.0,1.0,0.4,0.63,2,2,3,0,1013,1.0,1.0,0.4,0.63
PF14226,PF03171,39,49,38,1,11,968,0.78,0.99,0.97,0.86,49,38,1,11,968,0.78,0.99,0.97,0.86
PF13092,PF13225,7,3,0,7,3,1008,0.0,0.99,0.0,-0.0,3,0,7,3,1008,0.0,0.99,0.0,-0.0
PF04811,PF08033,26,24,24,2,0,992,1.0,1.0,0.92,0.96,24,24,2,0,992,1.0,1.0,0.92,0.96
PF13542,PF00669,0,1,0,0,1,1017,0.0,1.0,0,0,1,0,0,1,1017,0.0,1.0,0,0
PF11769,PF14233,0,0,0,0,0,1018,0,1.0,0,0,0,0,0,0,1018,0,1.0,0,0
PF05856,PF11017,6,0,0,6,0,1012,0,0.99,0.0,0,0,0,6,0,1012,0,0.99,0.0,0
PF16906,PF00159,13,2,1,12,1,1004,0.5,0.99,0.08,0.19,2,1,12,1,1004,0.5,0.99,0.08,0.19
PF04578,PF13968,16,19,16,0,3,999,0.84,1.0,1.0,0.92,19,16,0,3,999,0.84,1.0,1.0,0.92
PF05551,PF15673,0,1,0,0,1,1017,0.0,1.0,0,0,1,0,0,1,1017,0.0,1.0,0,0
PF05283,PF06679,3,0,0,3,0,1015,0,1.0,0.0,0,0,0,3,0,1015,0,1.0,0.0,0
PF00645,PF08063,22,7,5,17,2,994,0.71,0.98,0.23,0.4,7,5,17,2,994,0.71,0.98,0.23,0.4
PF11594,PF10173,4,5,0,4,5,1009,0.0,0.99,0.0,-0.0,5,0,4,5,1009,0.0,0.99,0.0,-0.0
PF10067,PF08058,1,0,0,1,0,1017,0,1.0,0.0,0,0,0,1,0,1017,0,1.0,0.0,0
PF01827,PF07735,15,11,4,11,7,996,0.36,0.98,0.27,0.3,11,4,11,7,996,0.36,0.98,0.27,0.3
PF10446,PF09463,1,0,0,1,0,1017,0,1.0,0.0,0,0,0,1,0,1017,0,1.0,0.0,0
PF04124,PF04981,8,5,1,7,4,1006,0.2,0.99,0.12,0.15,5,1,7,4,1006,0.2,0.99,0.12,0.15
PF12351,PF09056,3,4,0,3,4,1011,0.0,0.99,0.0,-0.0,4,0,3,4,1011,0.0,0.99,0.0,-0.0
PF10164,PF15071,2,0,0,2,0,1016,0,1.0,0.0,0,0,0,2,0,1016,0,1.0,0.0,0
PF00807,PF09051,0,0,0,0,0,1018,0,1.0,0,0,0,0,0,0,1018,0,1.0,0,0
PF12295,PF11935,6,8,6,0,2,1010,0.75,1.0,1.0,0.87,8,6,0,2,1010,0.75,1.0,1.0,0.87
PF06339,PF14323,5,0,0,5,0,1013,0,1.0,0.0,0,0,0,5,0,1013,0,1.0,0.0,0
PF16179,PF00554,16,18,16,0,2,1000,0.89,1.0,1.0,0.94,18,16,0,2,1000,0.89,1.0,1.0,0.94
PF12316,PF02377,6,4,3,3,1,1011,0.75,1.0,0.5,0.61,4,3,3,1,1011,0.75,1.0,0.5,0.61
PF00266,PF03476,49,13,7,42,6,963,0.54,0.95,0.14,0.26,13,7,42,6,963,0.54,0.95,0.14,0.26
PF11002,PF12188,2,1,0,2,1,1015,0.0,1.0,0.0,-0.0,1,0,2,1,1015,0.0,1.0,0.0,-0.0
PF08303,PF08302,3,4,3,0,1,1014,0.75,1.0,1.0,0.87,4,3,0,1,1014,0.75,1.0,1.0,0.87
PF12894,PF04192,54,8,6,48,2,962,0.75,0.95,0.11,0.28,8,6,48,2,962,0.75,0.95,0.11,0.28
PF12104,PF09191,0,0,0,0,0,1018,0,1.0,0,0,0,0,0,0,1018,0,1.0,0,0
PF11539,PF01312,0,0,0,0,0,1018,0,1.0,0,0,0,0,0,0,1018,0,1.0,0,0
PF05695,PF09262,9,12,3,6,9,1000,0.25,0.99,0.33,0.28,12,3,6,9,1000,0.25,0.99,0.33,0.28
PF11476,PF15751,0,1,0,0,1,1017,0.0,1.0,0,0,1,0,0,1,1017,0.0,1.0,0,0
PF13471,PF12883,4,2,2,2,0,1014,1.0,1.0,0.5,0.71,2,2,2,0,1014,1.0,1.0,0.5,0.71
PF11039,PF06347,0,5,0,0,5,1013,0.0,1.0,0,0,5,0,0,5,1013,0.0,1.0,0,0
PF08390,PF12403,5,1,0,5,1,1012,0.0,0.99,0.0,-0.0,1,0,5,1,1012,0.0,0.99,0.0,-0.0
PF01079,PF01085,13,8,7,6,1,1004,0.88,0.99,0.54,0.68,8,7,6,1,1004,0.88,0.99,0.54,0.68
PF00584,PF08228,9,3,1,8,2,1007,0.33,0.99,0.11,0.19,3,1,8,2,1007,0.33,0.99,0.11,0.19
PF04385,PF03302,3,4,0,3,4,1011,0.0,0.99,0.0,-0.0,4,0,3,4,1011,0.0,0.99,0.0,-0.0
PF01127,PF15013,8,1,0,8,1,1009,0.0,0.99,0.0,-0.0,1,0,8,1,1009,0.0,0.99,0.0,-0.0
PF15219,PF03243,1,3,0,1,3,1014,0.0,1.0,0.0,-0.0,3,0,1,3,1014,0.0,1.0,0.0,-0.0
PF17137,PF16338,6,1,1,5,0,1012,1.0,1.0,0.17,0.41,1,1,5,0,1012,1.0,1.0,0.17,0.41
PF09769,PF04667,3,5,0,3,5,1010,0.0,0.99,0.0,-0.0,5,0,3,5,1010,0.0,0.99,0.0,-0.0
PF12498,PF03957,2,3,2,0,1,1015,0.67,1.0,1.0,0.82,3,2,0,1,1015,0.67,1.0,1.0,0.82
PF13466,PF05494,1,1,0,1,1,1016,0.0,1.0,0.0,-0.0,1,0,1,1,1016,0.0,1.0,0.0,-0.0
PF06882,PF09829,2,0,0,2,0,1016,0,1.0,0.0,0,0,0,2,0,1016,0,1.0,0.0,0
PF16761,PF06165,6,3,3,3,0,1012,1.0,1.0,0.5,0.71,3,3,3,0,1012,1.0,1.0,0.5,0.71
PF04616,PF06439,35,1,1,34,0,983,1.0,0.97,0.03,0.17,1,1,34,0,983,1.0,0.97,0.03,0.17
PF04776,PF06271,9,2,0,9,2,1007,0.0,0.99,0.0,-0.0,2,0,9,2,1007,0.0,0.99,0.0,-0.0
PF14109,PF14398,0,0,0,0,0,1018,0,1.0,0,0,0,0,0,0,1018,0,1.0,0,0
PF02404,PF06387,1,3,0,1,3,1014,0.0,1.0,0.0,-0.0,3,0,1,3,1014,0.0,1.0,0.0,-0.0
PF15097,PF15085,1,2,0,1,2,1015,0.0,1.0,0.0,-0.0,2,0,1,2,1015,0.0,1.0,0.0,-0.0
PF06044,PF12299,2,0,0,2,0,1016,0,1.0,0.0,0,0,0,2,0,1016,0,1.0,0.0,0
PF08451,PF00962,5,22,4,1,18,995,0.18,0.98,0.8,0.38,22,4,1,18,995,0.18,0.98,0.8,0.38
PF09519,PF00001,2,133,1,1,132,884,0.01,0.87,0.5,0.05,133,1,1,132,884,0.01,0.87,0.5,0.05
PF00704,PF14856,58,10,10,48,0,960,1.0,0.95,0.17,0.41,10,10,48,0,960,1.0,0.95,0.17,0.41
PF15419,PF13441,2,2,2,0,0,1016,1.0,1.0,1.0,1.0,2,2,0,0,1016,1.0,1.0,1.0,1.0
PF03366,PF08123,11,13,5,6,8,999,0.38,0.99,0.45,0.41,13,5,6,8,999,0.38,0.99,0.45,0.41
PF04408,PF07717,80,70,69,11,1,937,0.99,0.99,0.86,0.92,70,69,11,1,937,0.99,0.99,0.86,0.92
PF04261,PF02690,13,8,4,9,4,1001,0.5,0.99,0.31,0.39,8,4,9,4,1001,0.5,0.99,0.31,0.39
PF04378,PF09611,2,0,0,2,0,1016,0,1.0,0.0,0,0,0,2,0,1016,0,1.0,0.0,0
PF14850,PF06433,4,3,1,3,2,1012,0.33,1.0,0.25,0.29,3,1,3,2,1012,0.33,1.0,0.25,0.29
PF16684,PF16457,0,15,0,0,15,1003,0.0,0.99,0,0,15,0,0,15,1003,0.0,0.99,0,0
PF09696,PF10244,9,8,3,6,5,1004,0.38,0.99,0.33,0.35,8,3,6,5,1004,0.38,0.99,0.33,0.35
PF17024,PF08873,0,0,0,0,0,1018,0,1.0,0,0,0,0,0,0,1018,0,1.0,0,0
PF16018,PF10193,1,15,0,1,15,1002,0.0,0.98,0.0,-0.0,15,0,1,15,1002,0.0,0.98,0.0,-0.0
PF00764,PF00988,12,18,5,7,13,993,0.28,0.98,0.42,0.33,18,5,7,13,993,0.28,0.98,0.42,0.33
PF03083,PF14811,15,4,1,14,3,1000,0.25,0.98,0.07,0.12,4,1,14,3,1000,0.25,0.98,0.07,0.12
PF16327,PF01578,1,4,1,0,3,1014,0.25,1.0,1.0,0.5,4,1,0,3,1014,0.25,1.0,1.0,0.5
PF12162,PF14596,2,1,1,1,0,1016,1.0,1.0,0.5,0.71,1,1,1,0,1016,1.0,1.0,0.5,0.71
PF04852,PF03760,5,1,1,4,0,1013,1.0,1.0,0.2,0.45,1,1,4,0,1013,1.0,1.0,0.2,0.45
PF07958,PF05658,5,0,0,5,0,1013,0,1.0,0.0,0,0,0,5,0,1013,0,1.0,0.0,0
PF05788,PF09493,2,0,0,2,0,1016,0,1.0,0.0,0,0,0,2,0,1016,0,1.0,0.0,0
PF15687,PF15688,0,0,0,0,0,1018,0,1.0,0,0,0,0,0,0,1018,0,1.0,0,0
PF09106,PF09107,3,3,3,0,0,1015,1.0,1.0,1.0,1.0,3,3,0,0,1015,1.0,1.0,1.0,1.0
PF01874,PF03592,2,0,0,2,0,1016,0,1.0,0.0,0,0,0,2,0,1016,0,1.0,0.0,0
PF01110,PF01913,1,1,0,1,1,1016,0.0,1.0,0.0,-0.0,1,0,1,1,1016,0.0,1.0,0.0,-0.0
PF13895,PF00047,27,37,22,5,15,976,0.59,0.98,0.81,0.69,37,22,5,15,976,0.59,0.98,0.81,0.69
PF00207,PF07703,18,13,13,5,0,1000,1.0,1.0,0.72,0.85,13,13,5,0,1000,1.0,1.0,0.72,0.85
PF11127,PF09122,2,0,0,2,0,1016,0,1.0,0.0,0,0,0,2,0,1016,0,1.0,0.0,0
PF12717,PF15246,24,0,0,24,0,994,0,0.98,0.0,0,0,0,24,0,994,0,0.98,0.0,0
PF03746,PF05860,1,0,0,1,0,1017,0,1.0,0.0,0,0,0,1,0,1017,0,1.0,0.0,0
PF11265,PF11232,4,4,3,1,1,1013,0.75,1.0,0.75,0.75,4,3,1,1,1013,0.75,1.0,0.75,0.75
PF12916,PF05552,1,0,0,1,0,1017,0,1.0,0.0,0,0,0,1,0,1017,0,1.0,0.0,0
PF14541,PF14543,27,27,22,5,5,986,0.81,0.99,0.81,0.81,27,22,5,5,986,0.81,0.99,0.81,0.81
PF02183,PF16878,6,14,3,3,11,1001,0.21,0.99,0.5,0.32,14,3,3,11,1001,0.21,0.99,0.5,0.32
PF13667,PF16838,1,0,0,1,0,1017,0,1.0,0.0,0,0,0,1,0,1017,0,1.0,0.0,0
PF09976,PF14308,7,11,0,7,11,1000,0.0,0.98,0.0,-0.01,11,0,7,11,1000,0.0,0.98,0.0,-0.01
PF01518,PF03422,2,14,0,2,14,1002,0.0,0.98,0.0,-0.01,14,0,2,14,1002,0.0,0.98,0.0,-0.01
PF14161,PF02805,2,6,0,2,6,1010,0.0,0.99,0.0,-0.0,6,0,2,6,1010,0.0,0.99,0.0,-0.0
PF09289,PF00050,4,19,2,2,17,997,0.11,0.98,0.5,0.22,19,2,2,17,997,0.11,0.98,0.5,0.22
PF05705,PF14388,15,13,3,12,10,993,0.23,0.98,0.2,0.2,13,3,12,10,993,0.23,0.98,0.2,0.2
PF05093,PF12589,16,6,2,14,4,998,0.33,0.98,0.12,0.2,6,2,14,4,998,0.33,0.98,0.12,0.2
PF13700,PF02217,1,3,1,0,2,1015,0.33,1.0,1.0,0.58,3,1,0,2,1015,0.33,1.0,1.0,0.58
PF01437,PF01403,18,22,14,4,8,992,0.64,0.99,0.78,0.7,22,14,4,8,992,0.64,0.99,0.78,0.7
PF00782,PF14671,74,4,4,70,0,944,1.0,0.93,0.05,0.22,4,4,70,0,944,1.0,0.93,0.05,0.22
PF17154,PF10554,1,0,0,1,0,1017,0,1.0,0.0,0,0,0,1,0,1017,0,1.0,0.0,0
PF14936,PF08591,0,0,0,0,0,1018,0,1.0,0,0,0,0,0,0,1018,0,1.0,0,0
PF09970,PF03051,0,10,0,0,10,1008,0.0,0.99,0,0,10,0,0,10,1008,0.0,0.99,0,0
PF13257,PF15934,4,0,0,4,0,1014,0,1.0,0.0,0,0,0,4,0,1014,0,1.0,0.0,0
PF01801,PF12246,0,2,0,0,2,1016,0.0,1.0,0,0,2,0,0,2,1016,0.0,1.0,0,0
PF13681,PF08950,0,0,0,0,0,1018,0,1.0,0,0,0,0,0,0,1018,0,1.0,0,0
PF07850,PF05450,12,11,2,10,9,997,0.18,0.98,0.17,0.16,11,2,10,9,997,0.18,0.98,0.17,0.16
PF00512,PF08446,45,13,11,34,2,971,0.85,0.96,0.24,0.44,13,11,34,2,971,0.85,0.96,0.24,0.44
PF15434,PF03745,1,0,0,1,0,1017,0,1.0,0.0,0,0,0,1,0,1017,0,1.0,0.0,0
PF05836,PF15760,0,0,0,0,0,1018,0,1.0,0,0,0,0,0,0,1018,0,1.0,0,0
PF08171,PF14465,2,2,0,2,2,1014,0.0,1.0,0.0,-0.0,2,0,2,2,1014,0.0,1.0,0.0,-0.0
PF00142,PF06446,2,0,0,2,0,1016,0,1.0,0.0,0,0,0,2,0,1016,0,1.0,0.0,0
PF03849,PF00793,11,12,2,9,10,997,0.17,0.98,0.18,0.16,12,2,9,10,997,0.17,0.98,0.18,0.16
PF12152,PF04050,3,6,2,1,4,1011,0.33,1.0,0.67,0.47,6,2,1,4,1011,0.33,1.0,0.67,0.47
PF08941,PF06803,8,9,3,5,6,1004,0.33,0.99,0.38,0.35,9,3,5,6,1004,0.33,0.99,0.38,0.35
PF07162,PF01757,14,33,2,12,31,973,0.06,0.96,0.14,0.07,33,2,12,31,973,0.06,0.96,0.14,0.07
PF15712,PF03963,0,1,0,0,1,1017,0.0,1.0,0,0,1,0,0,1,1017,0.0,1.0,0,0
PF05778,PF05754,1,0,0,1,0,1017,0,1.0,0.0,0,0,0,1,0,1017,0,1.0,0.0,0
PF10558,PF16860,4,4,0,4,4,1010,0.0,0.99,0.0,-0.0,4,0,4,4,1010,0.0,0.99,0.0,-0.0
PF14015,PF15856,0,1,0,0,1,1017,0.0,1.0,0,0,1,0,0,1,1017,0.0,1.0,0,0
PF00745,PF05201,9,8,8,1,0,1009,1.0,1.0,0.89,0.94,8,8,1,0,1009,1.0,1.0,0.89,0.94
PF15961,PF14664,1,11,0,1,11,1006,0.0,0.99,0.0,-0.0,11,0,1,11,1006,0.0,0.99,0.0,-0.0
PF07561,PF08508,1,2,0,1,2,1015,0.0,1.0,0.0,-0.0,2,0,1,2,1015,0.0,1.0,0.0,-0.0
PF05280,PF12241,4,1,0,4,1,1013,0.0,1.0,0.0,-0.0,1,0,4,1,1013,0.0,1.0,0.0,-0.0
PF02086,PF11019,2,0,0,2,0,1016,0,1.0,0.0,0,0,0,2,0,1016,0,1.0,0.0,0
PF11264,PF07333,1,1,0,1,1,1016,0.0,1.0,0.0,-0.0,1,0,1,1,1016,0.0,1.0,0.0,-0.0
PF02017,PF12278,13,0,0,13,0,1005,0,0.99,0.0,0,0,0,13,0,1005,0,0.99,0.0,0
PF14841,PF14842,1,0,0,1,0,1017,0,1.0,0.0,0,0,0,1,0,1017,0,1.0,0.0,0
PF04153,PF04959,12,17,4,8,13,993,0.24,0.98,0.33,0.27,17,4,8,13,993,0.24,0.98,0.33,0.27
PF00623,PF04983,29,31,29,0,2,987,0.94,1.0,1.0,0.97,31,29,0,2,987,0.94,1.0,1.0,0.97
PF14705,PF09419,4,11,0,4,11,1003,0.0,0.99,0.0,-0.01,11,0,4,11,1003,0.0,0.99,0.0,-0.01
PF13187,PF13237,12,8,8,4,0,1006,1.0,1.0,0.67,0.81,8,8,4,0,1006,1.0,1.0,0.67,0.81
PF17111,PF15898,20,2,0,20,2,996,0.0,0.98,0.0,-0.01,2,0,20,2,996,0.0,0.98,0.0,-0.01
PF08349,PF04671,2,1,0,2,1,1015,0.0,1.0,0.0,-0.0,1,0,2,1,1015,0.0,1.0,0.0,-0.0
PF14923,PF02187,2,16,2,0,14,1002,0.12,0.99,1.0,0.35,16,2,0,14,1002,0.12,0.99,1.0,0.35
PF02670,PF13288,11,5,4,7,1,1006,0.8,0.99,0.36,0.54,5,4,7,1,1006,0.8,0.99,0.36,0.54
PF08394,PF05100,1,0,0,1,0,1017,0,1.0,0.0,0,0,0,1,0,1017,0,1.0,0.0,0
PF08736,PF04382,15,5,5,10,0,1003,1.0,0.99,0.33,0.57,5,5,10,0,1003,1.0,0.99,0.33,0.57
PF13254,PF12520,2,4,0,2,4,1012,0.0,0.99,0.0,-0.0,4,0,2,4,1012,0.0,0.99,0.0,-0.0
PF06212,PF03853,1,21,0,1,21,996,0.0,0.98,0.0,-0.0,21,0,1,21,996,0.0,0.98,0.0,-0.0
PF05822,PF00965,15,6,1,14,5,998,0.17,0.98,0.07,0.1,6,1,14,5,998,0.17,0.98,0.07,0.1
PF07730,PF09239,7,2,0,7,2,1009,0.0,0.99,0.0,-0.0,2,0,7,2,1009,0.0,0.99,0.0,-0.0
PF17207,PF00493,48,49,47,1,2,968,0.96,1.0,0.98,0.97,49,47,1,2,968,0.96,1.0,0.98,0.97
PF14637,PF14638,6,6,6,0,0,1012,1.0,1.0,1.0,1.0,6,6,0,0,1012,1.0,1.0,1.0,1.0
PF11882,PF07923,6,7,6,0,1,1011,0.86,1.0,1.0,0.93,7,6,0,1,1011,0.86,1.0,1.0,0.93
PF00262,PF10595,21,4,2,19,2,995,0.5,0.98,0.1,0.21,4,2,19,2,995,0.5,0.98,0.1,0.21
PF16051,PF08632,0,5,0,0,5,1013,0.0,1.0,0,0,5,0,0,5,1013,0.0,1.0,0,0
PF14969,PF15062,3,0,0,3,0,1015,0,1.0,0.0,0,0,0,3,0,1015,0,1.0,0.0,0
PF03953,PF12327,50,5,2,48,3,965,0.4,0.95,0.04,0.11,5,2,48,3,965,0.4,0.95,0.04,0.11
PF00972,PF05857,6,0,0,6,0,1012,0,0.99,0.0,0,0,0,6,0,1012,0,0.99,0.0,0
PF07376,PF02659,0,0,0,0,0,1018,0,1.0,0,0,0,0,0,0,1018,0,1.0,0,0
PF11924,PF07411,1,0,0,1,0,1017,0,1.0,0.0,0,0,0,1,0,1017,0,1.0,0.0,0
PF12015,PF15082,1,3,0,1,3,1014,0.0,1.0,0.0,-0.0,3,0,1,3,1014,0.0,1.0,0.0,-0.0
PF00143,PF12020,1,0,0,1,0,1017,0,1.0,0.0,0,0,0,1,0,1017,0,1.0,0.0,0
PF09783,PF14565,17,1,1,16,0,1001,1.0,0.98,0.06,0.24,1,1,16,0,1001,1.0,0.98,0.06,0.24
PF16325,PF14841,1,1,0,1,1,1016,0.0,1.0,0.0,-0.0,1,0,1,1,1016,0.0,1.0,0.0,-0.0
PF15257,PF04988,2,5,1,1,4,1012,0.2,1.0,0.5,0.31,5,1,1,4,1012,0.2,1.0,0.5,0.31
PF02481,PF02729,8,20,6,2,14,996,0.3,0.98,0.75,0.47,20,6,2,14,996,0.3,0.98,0.75,0.47
PF12238,PF00499,0,2,0,0,2,1016,0.0,1.0,0,0,2,0,0,2,1016,0.0,1.0,0,0
PF14610,PF11282,3,2,0,3,2,1013,0.0,1.0,0.0,-0.0,2,0,3,2,1013,0.0,1.0,0.0,-0.0
PF15239,PF11017,1,0,0,1,0,1017,0,1.0,0.0,0,0,0,1,0,1017,0,1.0,0.0,0
PF10156,PF04087,3,0,0,3,0,1015,0,1.0,0.0,0,0,0,3,0,1015,0,1.0,0.0,0
PF13757,PF15057,0,9,0,0,9,1009,0.0,0.99,0,0,9,0,0,9,1009,0.0,0.99,0,0
PF01447,PF16485,1,1,1,0,0,1017,1.0,1.0,1.0,1.0,1,1,0,0,1017,1.0,1.0,1.0,1.0
PF02046,PF16053,3,9,1,2,8,1007,0.11,0.99,0.33,0.19,9,1,2,8,1007,0.11,0.99,0.33,0.19
PF00464,PF02284,25,6,3,22,3,990,0.5,0.98,0.12,0.24,6,3,22,3,990,0.5,0.98,0.12,0.24
PF02773,PF00438,4,5,4,0,1,1013,0.8,1.0,1.0,0.89,5,4,0,1,1013,0.8,1.0,1.0,0.89
PF12403,PF12360,1,3,1,0,2,1015,0.33,1.0,1.0,0.58,3,1,0,2,1015,0.33,1.0,1.0,0.58
PF15100,PF12686,0,0,0,0,0,1018,0,1.0,0,0,0,0,0,0,1018,0,1.0,0,0
PF01915,PF00933,33,35,32,1,3,982,0.91,1.0,0.97,0.94,35,32,1,3,982,0.91,1.0,0.97,0.94
PF10728,PF11874,0,0,0,0,0,1018,0,1.0,0,0,0,0,0,0,1018,0,1.0,0,0
PF07189,PF05612,7,0,0,7,0,1011,0,0.99,0.0,0,0,0,7,0,1011,0,0.99,0.0,0
PF10712,PF06723,6,5,2,4,3,1009,0.4,0.99,0.33,0.36,5,2,4,3,1009,0.4,0.99,0.33,0.36
PF03310,PF13861,3,0,0,3,0,1015,0,1.0,0.0,0,0,0,3,0,1015,0,1.0,0.0,0
PF12390,PF14376,0,3,0,0,3,1015,0.0,1.0,0,0,3,0,0,3,1015,0.0,1.0,0,0
PF03538,PF16967,0,0,0,0,0,1018,0,1.0,0,0,0,0,0,0,1018,0,1.0,0,0
PF10277,PF00252,27,25,9,18,16,975,0.36,0.97,0.33,0.33,25,9,18,16,975,0.36,0.97,0.33,0.33
PF04597,PF14802,10,0,0,10,0,1008,0,0.99,0.0,0,0,0,10,0,1008,0,0.99,0.0,0
PF10448,PF15716,0,0,0,0,0,1018,0,1.0,0,0,0,0,0,0,1018,0,1.0,0,0
PF00632,PF00658,61,14,10,51,4,953,0.71,0.95,0.16,0.33,14,10,51,4,953,0.71,0.95,0.16,0.33
PF02485,PF09362,17,10,1,16,9,992,0.1,0.98,0.06,0.06,10,1,16,9,992,0.1,0.98,0.06,0.06
PF10722,PF04222,0,0,0,0,0,1018,0,1.0,0,0,0,0,0,0,1018,0,1.0,0,0
PF08626,PF12739,12,8,1,11,7,999,0.12,0.98,0.08,0.09,8,1,11,7,999,0.12,0.98,0.08,0.09
PF03749,PF03601,2,0,0,2,0,1016,0,1.0,0.0,0,0,0,2,0,1016,0,1.0,0.0,0
PF03661,PF11998,14,5,2,12,3,1001,0.4,0.99,0.14,0.23,5,2,12,3,1001,0.4,0.99,0.14,0.23
PF03135,PF07499,5,2,1,4,1,1012,0.5,1.0,0.2,0.31,2,1,4,1,1012,0.5,1.0,0.2,0.31
PF02925,PF13639,0,122,0,0,122,896,0.0,0.88,0,0,122,0,0,122,896,0.0,0.88,0,0
PF14318,PF00946,4,5,4,0,1,1013,0.8,1.0,1.0,0.89,5,4,0,1,1013,0.8,1.0,1.0,0.89
PF04361,PF09731,0,10,0,0,10,1008,0.0,0.99,0,0,10,0,0,10,1008,0.0,0.99,0,0
PF06621,PF12114,4,6,2,2,4,1010,0.33,0.99,0.5,0.41,6,2,2,4,1010,0.33,0.99,0.5,0.41
PF15833,PF10412,1,0,0,1,0,1017,0,1.0,0.0,0,0,0,1,0,1017,0,1.0,0.0,0
PF06584,PF13824,5,4,1,4,3,1010,0.25,0.99,0.2,0.22,4,1,4,3,1010,0.25,0.99,0.2,0.22
PF03092,PF04859,8,3,0,8,3,1007,0.0,0.99,0.0,-0.0,3,0,8,3,1007,0.0,0.99,0.0,-0.0
PF01019,PF03091,36,13,5,31,8,974,0.38,0.96,0.14,0.22,13,5,31,8,974,0.38,0.96,0.14,0.22
PF04377,PF04376,7,7,6,1,1,1010,0.86,1.0,0.86,0.86,7,6,1,1,1010,0.86,1.0,0.86,0.86
PF14956,PF00272,1,0,0,1,0,1017,0,1.0,0.0,0,0,0,1,0,1017,0,1.0,0.0,0
PF01093,PF02267,0,4,0,0,4,1014,0.0,1.0,0,0,4,0,0,4,1014,0.0,1.0,0,0
PF12428,PF02622,3,8,1,2,7,1008,0.12,0.99,0.33,0.2,8,1,2,7,1008,0.12,0.99,0.33,0.2
PF05091,PF00244,19,24,8,11,16,983,0.33,0.97,0.42,0.36,24,8,11,16,983,0.33,0.97,0.42,0.36
PF04998,PF04992,35,4,4,31,0,983,1.0,0.97,0.11,0.33,4,4,31,0,983,1.0,0.97,0.11,0.33
PF00211,PF07701,59,19,19,40,0,959,1.0,0.96,0.32,0.56,19,19,40,0,959,1.0,0.96,0.32,0.56
PF06147,PF05480,0,0,0,0,0,1018,0,1.0,0,0,0,0,0,0,1018,0,1.0,0,0
PF07858,PF06243,0,0,0,0,0,1018,0,1.0,0,0,0,0,0,0,1018,0,1.0,0,0
PF05571,PF02792,5,6,1,4,5,1008,0.17,0.99,0.2,0.18,6,1,4,5,1008,0.17,0.99,0.2,0.18
PF14909,PF05508,4,1,0,4,1,1013,0.0,1.0,0.0,-0.0,1,0,4,1,1013,0.0,1.0,0.0,-0.0
PF13925,PF09453,6,13,2,4,11,1001,0.15,0.99,0.33,0.22,13,2,4,11,1001,0.15,0.99,0.33,0.22
PF16804,PF17017,0,0,0,0,0,1018,0,1.0,0,0,0,0,0,0,1018,0,1.0,0,0
PF01023,PF16166,10,2,1,9,1,1007,0.5,0.99,0.1,0.22,2,1,9,1,1007,0.5,0.99,0.1,0.22
PF08297,PF07282,1,2,0,1,2,1015,0.0,1.0,0.0,-0.0,2,0,1,2,1015,0.0,1.0,0.0,-0.0
PF04657,PF08497,4,0,0,4,0,1014,0,1.0,0.0,0,0,0,4,0,1014,0,1.0,0.0,0
PF16977,PF07602,7,1,1,6,0,1011,1.0,0.99,0.14,0.38,1,1,6,0,1011,1.0,0.99,0.14,0.38
PF16521,PF01843,5,28,3,2,25,988,0.11,0.97,0.6,0.25,28,3,2,25,988,0.11,0.97,0.6,0.25
PF02736,PF01576,24,21,11,13,10,984,0.52,0.98,0.46,0.48,21,11,13,10,984,0.52,0.98,0.46,0.48
PF11410,PF08668,1,5,0,1,5,1012,0.0,0.99,0.0,-0.0,5,0,1,5,1012,0.0,0.99,0.0,-0.0
PF08534,PF04667,25,5,0,25,5,988,0.0,0.97,0.0,-0.01,5,0,25,5,988,0.0,0.97,0.0,-0.01
PF02979,PF02277,3,3,0,3,3,1012,0.0,0.99,0.0,-0.0,3,0,3,3,1012,0.0,0.99,0.0,-0.0
PF16590,PF02951,1,4,0,1,4,1013,0.0,1.0,0.0,-0.0,4,0,1,4,1013,0.0,1.0,0.0,-0.0
PF12709,PF13096,2,0,0,2,0,1016,0,1.0,0.0,0,0,0,2,0,1016,0,1.0,0.0,0
PF06276,PF04183,2,2,2,0,0,1016,1.0,1.0,1.0,1.0,2,2,0,0,1016,1.0,1.0,1.0,1.0
PF05661,PF13994,0,0,0,0,0,1018,0,1.0,0,0,0,0,0,0,1018,0,1.0,0,0
PF07326,PF00419,0,1,0,0,1,1017,0.0,1.0,0,0,1,0,0,1,1017,0.0,1.0,0,0
PF08849,PF12805,0,0,0,0,0,1018,0,1.0,0,0,0,0,0,0,1018,0,1.0,0,0
PF01988,PF01386,18,2,0,18,2,998,0.0,0.98,0.0,-0.01,2,0,18,2,998,0.0,0.98,0.0,-0.01
PF14976,PF07021,2,1,0,2,1,1015,0.0,1.0,0.0,-0.0,1,0,2,1,1015,0.0,1.0,0.0,-0.0
PF08224,PF07899,2,6,1,1,5,1011,0.17,0.99,0.5,0.29,6,1,1,5,1011,0.17,0.99,0.5,0.29
PF11759,PF15480,0,1,0,0,1,1017,0.0,1.0,0,0,1,0,0,1,1017,0.0,1.0,0,0
PF08613,PF13908,23,2,0,23,2,993,0.0,0.98,0.0,-0.01,2,0,23,2,993,0.0,0.98,0.0,-0.01
PF16003,PF16032,1,0,0,1,0,1017,0,1.0,0.0,0,0,0,1,0,1017,0,1.0,0.0,0
PF12169,PF15862,1,2,0,1,2,1015,0.0,1.0,0.0,-0.0,2,0,1,2,1015,0.0,1.0,0.0,-0.0
PF00171,PF00465,106,24,19,87,5,907,0.79,0.91,0.18,0.35,24,19,87,5,907,0.79,0.91,0.18,0.35
PF09757,PF08997,6,7,1,5,6,1006,0.14,0.99,0.17,0.15,7,1,5,6,1006,0.14,0.99,0.17,0.15
PF10294,PF01869,39,14,7,32,7,972,0.5,0.96,0.18,0.28,14,7,32,7,972,0.5,0.96,0.18,0.28
PF10178,PF06127,6,4,0,6,4,1008,0.0,0.99,0.0,-0.0,4,0,6,4,1008,0.0,0.99,0.0,-0.0
PF02108,PF05164,0,0,0,0,0,1018,0,1.0,0,0,0,0,0,0,1018,0,1.0,0,0
PF14993,PF01668,0,2,0,0,2,1016,0.0,1.0,0,0,2,0,0,2,1016,0.0,1.0,0,0
PF02205,PF12828,33,4,2,31,2,983,0.5,0.97,0.06,0.17,4,2,31,2,983,0.5,0.97,0.06,0.17
PF13284,PF06406,0,0,0,0,0,1018,0,1.0,0,0,0,0,0,0,1018,0,1.0,0,0
PF12549,PF00351,3,22,3,0,19,996,0.14,0.98,1.0,0.37,22,3,0,19,996,0.14,0.98,1.0,0.37
PF04685,PF12215,5,8,5,0,3,1010,0.62,1.0,1.0,0.79,8,5,0,3,1010,0.62,1.0,1.0,0.79
PF06356,PF06724,0,0,0,0,0,1018,0,1.0,0,0,0,0,0,0,1018,0,1.0,0,0
PF10673,PF08247,0,0,0,0,0,1018,0,1.0,0,0,0,0,0,0,1018,0,1.0,0,0
PF02384,PF06250,5,2,2,3,0,1013,1.0,1.0,0.4,0.63,2,2,3,0,1013,1.0,1.0,0.4,0.63
PF01223,PF01663,23,38,12,11,26,969,0.32,0.96,0.52,0.39,38,12,11,26,969,0.32,0.96,0.52,0.39
PF04386,PF09772,0,6,0,0,6,1012,0.0,0.99,0,0,6,0,0,6,1012,0.0,0.99,0,0
PF16551,PF16568,1,1,1,0,0,1017,1.0,1.0,1.0,1.0,1,1,0,0,1017,1.0,1.0,1.0,1.0
PF07065,PF02089,9,12,2,7,10,999,0.17,0.98,0.22,0.18,12,2,7,10,999,0.17,0.98,0.22,0.18
PF00852,PF17039,23,16,15,8,1,994,0.94,0.99,0.65,0.78,16,15,8,1,994,0.94,0.99,0.65,0.78
PF04221,PF04170,1,0,0,1,0,1017,0,1.0,0.0,0,0,0,1,0,1017,0,1.0,0.0,0
PF06903,PF04963,0,1,0,0,1,1017,0.0,1.0,0,0,1,0,0,1,1017,0.0,1.0,0,0
PF05090,PF08014,7,1,1,6,0,1011,1.0,0.99,0.14,0.38,1,1,6,0,1011,1.0,0.99,0.14,0.38
PF06549,PF02605,1,0,0,1,0,1017,0,1.0,0.0,0,0,0,1,0,1017,0,1.0,0.0,0
PF17177,PF16953,35,13,6,29,7,976,0.46,0.96,0.17,0.27,13,6,29,7,976,0.46,0.96,0.17,0.27
PF03129,PF02403,40,26,11,29,15,963,0.42,0.96,0.28,0.32,26,11,29,15,963,0.42,0.96,0.28,0.32
PF11917,PF09729,6,8,3,3,5,1007,0.38,0.99,0.5,0.43,8,3,3,5,1007,0.38,0.99,0.5,0.43
PF15189,PF09733,5,5,2,3,3,1010,0.4,0.99,0.4,0.4,5,2,3,3,1010,0.4,0.99,0.4,0.4
PF06150,PF04023,0,1,0,0,1,1017,0.0,1.0,0,0,1,0,0,1,1017,0.0,1.0,0,0
PF03031,PF10213,43,10,4,39,6,969,0.4,0.96,0.09,0.18,10,4,39,6,969,0.4,0.96,0.09,0.18
PF15848,PF03238,0,0,0,0,0,1018,0,1.0,0,0,0,0,0,0,1018,0,1.0,0,0
PF11500,PF15456,1,3,0,1,3,1014,0.0,1.0,0.0,-0.0,3,0,1,3,1014,0.0,1.0,0.0,-0.0
PF07445,PF04489,0,0,0,0,0,1018,0,1.0,0,0,0,0,0,0,1018,0,1.0,0,0
PF04624,PF10856,1,0,0,1,0,1017,0,1.0,0.0,0,0,0,1,0,1017,0,1.0,0.0,0
PF15369,PF08528,2,5,1,1,4,1012,0.2,1.0,0.5,0.31,5,1,1,4,1012,0.2,1.0,0.5,0.31
PF08358,PF03498,1,1,0,1,1,1016,0.0,1.0,0.0,-0.0,1,0,1,1,1016,0.0,1.0,0.0,-0.0
PF00374,PF17188,1,0,0,1,0,1017,0,1.0,0.0,0,0,0,1,0,1017,0,1.0,0.0,0
PF11781,PF10441,6,5,2,4,3,1009,0.4,0.99,0.33,0.36,5,2,4,3,1009,0.4,0.99,0.33,0.36
PF09689,PF03979,0,6,0,0,6,1012,0.0,0.99,0,0,6,0,0,6,1012,0.0,0.99,0,0
PF14760,PF01706,1,1,0,1,1,1016,0.0,1.0,0.0,-0.0,1,0,1,1,1016,0.0,1.0,0.0,-0.0
PF15608,PF12081,0,0,0,0,0,1018,0,1.0,0,0,0,0,0,0,1018,0,1.0,0,0
PF04525,PF04674,4,5,1,3,4,1010,0.2,0.99,0.25,0.22,5,1,3,4,1010,0.2,0.99,0.25,0.22
PF02271,PF12680,11,7,4,7,3,1004,0.57,0.99,0.36,0.45,7,4,7,3,1004,0.57,0.99,0.36,0.45
PF11808,PF06078,2,1,0,2,1,1015,0.0,1.0,0.0,-0.0,1,0,2,1,1015,0.0,1.0,0.0,-0.0
PF16265,PF13482,0,1,0,0,1,1017,0.0,1.0,0,0,1,0,0,1,1017,0.0,1.0,0,0
PF10228,PF10283,8,16,4,4,12,998,0.25,0.98,0.5,0.35,16,4,4,12,998,0.25,0.98,0.5,0.35
PF11648,PF08061,10,2,2,8,0,1008,1.0,0.99,0.2,0.45,2,2,8,0,1008,1.0,0.99,0.2,0.45
PF16206,PF16213,8,22,7,1,15,995,0.32,0.98,0.88,0.52,22,7,1,15,995,0.32,0.98,0.88,0.52
PF01496,PF05742,16,5,2,14,3,999,0.4,0.98,0.12,0.22,5,2,14,3,999,0.4,0.98,0.12,0.22
PF11871,PF17058,0,0,0,0,0,1018,0,1.0,0,0,0,0,0,0,1018,0,1.0,0,0
PF16259,PF17188,0,0,0,0,0,1018,0,1.0,0,0,0,0,0,0,1018,0,1.0,0,0
PF01804,PF17084,1,0,0,1,0,1017,0,1.0,0.0,0,0,0,1,0,1017,0,1.0,0.0,0
PF04900,PF04729,15,7,3,12,4,999,0.43,0.98,0.2,0.29,7,3,12,4,999,0.43,0.98,0.2,0.29
PF00367,PF10410,8,4,1,7,3,1007,0.25,0.99,0.12,0.17,4,1,7,3,1007,0.25,0.99,0.12,0.17
PF09607,PF04236,10,4,1,9,3,1005,0.25,0.99,0.1,0.15,4,1,9,3,1005,0.25,0.99,0.1,0.15
PF07366,PF12006,4,6,0,4,6,1008,0.0,0.99,0.0,-0.0,6,0,4,6,1008,0.0,0.99,0.0,-0.0
PF07542,PF03583,12,1,0,12,1,1005,0.0,0.99,0.0,-0.0,1,0,12,1,1005,0.0,0.99,0.0,-0.0
PF00030,PF03762,18,2,0,18,2,998,0.0,0.98,0.0,-0.01,2,0,18,2,998,0.0,0.98,0.0,-0.01
PF02574,PF02607,17,4,3,14,1,1000,0.75,0.99,0.18,0.36,4,3,14,1,1000,0.75,0.99,0.18,0.36
PF06835,PF03968,1,1,1,0,0,1017,1.0,1.0,1.0,1.0,1,1,0,0,1017,1.0,1.0,1.0,1.0
PF01957,PF10726,0,0,0,0,0,1018,0,1.0,0,0,0,0,0,0,1018,0,1.0,0,0
PF02302,PF12242,1,1,0,1,1,1016,0.0,1.0,0.0,-0.0,1,0,1,1,1016,0.0,1.0,0.0,-0.0
PF01513,PF01758,13,11,3,10,8,997,0.27,0.98,0.23,0.24,11,3,10,8,997,0.27,0.98,0.23,0.24
PF13015,PF12999,12,16,10,2,6,1000,0.62,0.99,0.83,0.72,16,10,2,6,1000,0.62,0.99,0.83,0.72
PF04375,PF05513,2,1,0,2,1,1015,0.0,1.0,0.0,-0.0,1,0,2,1,1015,0.0,1.0,0.0,-0.0
PF07740,PF06446,1,0,0,1,0,1017,0,1.0,0.0,0,0,0,1,0,1017,0,1.0,0.0,0
PF03818,PF00622,0,67,0,0,67,951,0.0,0.93,0,0,67,0,0,67,951,0.0,0.93,0,0
PF13421,PF06744,0,0,0,0,0,1018,0,1.0,0,0,0,0,0,0,1018,0,1.0,0,0
PF16172,PF14429,2,13,2,0,11,1005,0.15,0.99,1.0,0.39,13,2,0,11,1005,0.15,0.99,1.0,0.39
PF09299,PF14659,0,2,0,0,2,1016,0.0,1.0,0,0,2,0,0,2,1016,0.0,1.0,0,0
PF00306,PF01333,12,5,0,12,5,1001,0.0,0.98,0.0,-0.01,5,0,12,5,1001,0.0,0.98,0.0,-0.01
PF00919,PF01938,20,18,14,6,4,994,0.78,0.99,0.7,0.73,18,14,6,4,994,0.78,0.99,0.7,0.73
PF06983,PF09459,2,1,0,2,1,1015,0.0,1.0,0.0,-0.0,1,0,2,1,1015,0.0,1.0,0.0,-0.0
PF15653,PF15143,0,0,0,0,0,1018,0,1.0,0,0,0,0,0,0,1018,0,1.0,0,0
PF10926,PF04166,0,6,0,0,6,1012,0.0,0.99,0,0,6,0,0,6,1012,0.0,0.99,0,0
PF11033,PF00025,0,65,0,0,65,953,0.0,0.94,0,0,65,0,0,65,953,0.0,0.94,0,0
PF08478,PF05467,0,0,0,0,0,1018,0,1.0,0,0,0,0,0,0,1018,0,1.0,0,0
PF08423,PF04005,32,11,3,29,8,978,0.27,0.96,0.09,0.14,11,3,29,8,978,0.27,0.96,0.09,0.14
PF05395,PF15260,2,2,0,2,2,1014,0.0,1.0,0.0,-0.0,2,0,2,2,1014,0.0,1.0,0.0,-0.0
PF04056,PF07975,9,4,4,5,0,1009,1.0,1.0,0.44,0.67,4,4,5,0,1009,1.0,1.0,0.44,0.67
PF01778,PF04874,16,7,5,11,2,1000,0.71,0.99,0.31,0.47,7,5,11,2,1000,0.71,0.99,0.31,0.47
PF08354,PF16073,10,20,10,0,10,998,0.5,0.99,1.0,0.7,20,10,0,10,998,0.5,0.99,1.0,0.7
PF03159,PF01107,18,5,3,15,2,998,0.6,0.98,0.17,0.31,5,3,15,2,998,0.6,0.98,0.17,0.31
PF06253,PF09261,1,21,0,1,21,996,0.0,0.98,0.0,-0.0,21,0,1,21,996,0.0,0.98,0.0,-0.0
PF11978,PF01505,2,2,2,0,0,1016,1.0,1.0,1.0,1.0,2,2,0,0,1016,1.0,1.0,1.0,1.0
PF07489,PF01776,0,6,0,0,6,1012,0.0,0.99,0,0,6,0,0,6,1012,0.0,0.99,0,0
PF12090,PF08729,2,4,0,2,4,1012,0.0,0.99,0.0,-0.0,4,0,2,4,1012,0.0,0.99,0.0,-0.0
PF03488,PF10705,1,0,0,1,0,1017,0,1.0,0.0,0,0,0,1,0,1017,0,1.0,0.0,0
PF12213,PF08418,7,5,2,5,3,1008,0.4,0.99,0.29,0.33,5,2,5,3,1008,0.4,0.99,0.29,0.33
PF16178,PF04547,10,18,9,1,9,999,0.5,0.99,0.9,0.67,18,9,1,9,999,0.5,0.99,0.9,0.67
PF04560,PF10385,18,4,4,14,0,1000,1.0,0.99,0.22,0.47,4,4,14,0,1000,1.0,0.99,0.22,0.47
PF07044,PF15633,0,0,0,0,0,1018,0,1.0,0,0,0,0,0,0,1018,0,1.0,0,0
PF16136,PF07897,1,1,1,0,0,1017,1.0,1.0,1.0,1.0,1,1,0,0,1017,1.0,1.0,1.0,1.0
PF04392,PF01752,2,2,0,2,2,1014,0.0,1.0,0.0,-0.0,2,0,2,2,1014,0.0,1.0,0.0,-0.0
PF05536,PF00475,3,9,1,2,8,1007,0.11,0.99,0.33,0.19,9,1,2,8,1007,0.11,0.99,0.33,0.19
PF13183,PF17221,9,1,0,9,1,1008,0.0,0.99,0.0,-0.0,1,0,9,1,1008,0.0,0.99,0.0,-0.0
PF09631,PF08641,10,4,3,7,1,1007,0.75,0.99,0.3,0.47,4,3,7,1,1007,0.75,0.99,0.3,0.47
PF02477,PF07434,0,0,0,0,0,1018,0,1.0,0,0,0,0,0,0,1018,0,1.0,0,0
PF12130,PF15949,9,5,2,7,3,1006,0.4,0.99,0.22,0.29,5,2,7,3,1006,0.4,0.99,0.22,0.29
PF06395,PF15720,8,1,1,7,0,1010,1.0,0.99,0.12,0.35,1,1,7,0,1010,1.0,0.99,0.12,0.35
PF05870,PF03576,2,0,0,2,0,1016,0,1.0,0.0,0,0,0,2,0,1016,0,1.0,0.0,0
PF05917,PF16752,0,4,0,0,4,1014,0.0,1.0,0,0,4,0,0,4,1014,0.0,1.0,0,0
PF09324,PF12783,12,24,12,0,12,994,0.5,0.99,1.0,0.7,24,12,0,12,994,0.5,0.99,1.0,0.7
PF16100,PF05754,3,0,0,3,0,1015,0,1.0,0.0,0,0,0,3,0,1015,0,1.0,0.0,0
PF12207,PF07226,0,0,0,0,0,1018,0,1.0,0,0,0,0,0,0,1018,0,1.0,0,0
PF07842,PF12457,15,7,7,8,0,1003,1.0,0.99,0.47,0.68,7,7,8,0,1003,1.0,0.99,0.47,0.68
PF14950,PF14951,0,1,0,0,1,1017,0.0,1.0,0,0,1,0,0,1,1017,0.0,1.0,0,0
PF02866,PF00056,22,24,19,3,5,991,0.79,0.99,0.86,0.82,24,19,3,5,991,0.79,0.99,0.86,0.82
PF07924,PF08287,0,3,0,0,3,1015,0.0,1.0,0,0,3,0,0,3,1015,0.0,1.0,0,0
PF10469,PF10470,17,0,0,17,0,1001,0,0.98,0.0,0,0,0,17,0,1001,0,0.98,0.0,0
PF09296,PF09297,8,6,6,2,0,1010,1.0,1.0,0.75,0.87,6,6,2,0,1010,1.0,1.0,0.75,0.87
PF08463,PF03146,2,2,0,2,2,1014,0.0,1.0,0.0,-0.0,2,0,2,2,1014,0.0,1.0,0.0,-0.0
PF15805,PF15803,0,0,0,0,0,1018,0,1.0,0,0,0,0,0,0,1018,0,1.0,0,0
PF01290,PF03466,4,9,0,4,9,1005,0.0,0.99,0.0,-0.01,9,0,4,9,1005,0.0,0.99,0.0,-0.01
PF17175,PF09687,11,0,0,11,0,1007,0,0.99,0.0,0,0,0,11,0,1007,0,0.99,0.0,0
PF05732,PF03742,0,1,0,0,1,1017,0.0,1.0,0,0,1,0,0,1,1017,0.0,1.0,0,0
PF15070,PF10226,1,3,0,1,3,1014,0.0,1.0,0.0,-0.0,3,0,1,3,1014,0.0,1.0,0.0,-0.0
PF05298,PF15677,0,0,0,0,0,1018,0,1.0,0,0,0,0,0,0,1018,0,1.0,0,0
PF07830,PF04471,9,3,2,7,1,1008,0.67,0.99,0.22,0.38,3,2,7,1,1008,0.67,0.99,0.22,0.38
PF09773,PF00076,9,245,8,1,237,772,0.03,0.77,0.89,0.14,245,8,1,237,772,0.03,0.77,0.89,0.14
PF06506,PF09327,4,0,0,4,0,1014,0,1.0,0.0,0,0,0,4,0,1014,0,1.0,0.0,0
PF02683,PF13270,3,3,0,3,3,1012,0.0,0.99,0.0,-0.0,3,0,3,3,1012,0.0,0.99,0.0,-0.0
PF10271,PF15867,4,5,1,3,4,1010,0.2,0.99,0.25,0.22,5,1,3,4,1010,0.2,0.99,0.25,0.22
PF13870,PF06211,3,1,0,3,1,1014,0.0,1.0,0.0,-0.0,1,0,3,1,1014,0.0,1.0,0.0,-0.0
PF08601,PF12498,4,2,2,2,0,1014,1.0,1.0,0.5,0.71,2,2,2,0,1014,1.0,1.0,0.5,0.71
PF12118,PF08808,1,0,0,1,0,1017,0,1.0,0.0,0,0,0,1,0,1017,0,1.0,0.0,0
PF00775,PF13391,19,14,2,17,12,987,0.14,0.97,0.11,0.11,14,2,17,12,987,0.14,0.97,0.11,0.11
PF03603,PF06005,3,0,0,3,0,1015,0,1.0,0.0,0,0,0,3,0,1015,0,1.0,0.0,0
PF15297,PF15893,4,0,0,4,0,1014,0,1.0,0.0,0,0,0,4,0,1014,0,1.0,0.0,0
PF08081,PF12220,1,5,1,0,4,1013,0.2,1.0,1.0,0.45,5,1,0,4,1013,0.2,1.0,1.0,0.45
PF12230,PF09750,13,18,5,8,13,992,0.28,0.98,0.38,0.32,18,5,8,13,992,0.28,0.98,0.38,0.32
PF17015,PF14877,0,4,0,0,4,1014,0.0,1.0,0,0,4,0,0,4,1014,0.0,1.0,0,0
PF12605,PF08332,4,7,2,2,5,1009,0.29,0.99,0.5,0.37,7,2,2,5,1009,0.29,0.99,0.5,0.37
PF16334,PF17168,1,4,1,0,3,1014,0.25,1.0,1.0,0.5,4,1,0,3,1014,0.25,1.0,1.0,0.5
PF09131,PF00419,0,1,0,0,1,1017,0.0,1.0,0,0,1,0,0,1,1017,0.0,1.0,0,0
PF02077,PF09778,6,2,0,6,2,1010,0.0,0.99,0.0,-0.0,2,0,6,2,1010,0.0,0.99,0.0,-0.0
PF06812,PF15050,0,2,0,0,2,1016,0.0,1.0,0,0,2,0,0,2,1016,0.0,1.0,0,0
PF03099,PF09825,17,2,2,15,0,1001,1.0,0.99,0.12,0.34,2,2,15,0,1001,1.0,0.99,0.12,0.34
PF01122,PF14478,5,2,2,3,0,1013,1.0,1.0,0.4,0.63,2,2,3,0,1013,1.0,1.0,0.4,0.63
PF14692,PF12782,0,0,0,0,0,1018,0,1.0,0,0,0,0,0,0,1018,0,1.0,0,0
PF04571,PF16876,11,9,9,2,0,1007,1.0,1.0,0.82,0.9,9,9,2,0,1007,1.0,1.0,0.82,0.9
PF01259,PF02222,10,8,1,9,7,1001,0.12,0.98,0.1,0.1,8,1,9,7,1001,0.12,0.98,0.1,0.1
PF01121,PF01467,14,37,9,5,28,976,0.24,0.97,0.64,0.38,37,9,5,28,976,0.24,0.97,0.64,0.38
PF06404,PF06206,1,1,0,1,1,1016,0.0,1.0,0.0,-0.0,1,0,1,1,1016,0.0,1.0,0.0,-0.0
PF02516,PF04516,17,8,3,14,5,996,0.38,0.98,0.18,0.25,8,3,14,5,996,0.38,0.98,0.18,0.25
PF10297,PF12498,5,2,2,3,0,1013,1.0,1.0,0.4,0.63,2,2,3,0,1013,1.0,1.0,0.4,0.63
PF14783,PF14782,6,8,6,0,2,1010,0.75,1.0,1.0,0.87,8,6,0,2,1010,0.75,1.0,1.0,0.87
PF09435,PF08026,2,0,0,2,0,1016,0,1.0,0.0,0,0,0,2,0,1016,0,1.0,0.0,0
PF15812,PF00714,1,1,0,1,1,1016,0.0,1.0,0.0,-0.0,1,0,1,1,1016,0.0,1.0,0.0,-0.0
PF01227,PF01512,5,10,2,3,8,1005,0.2,0.99,0.4,0.28,10,2,3,8,1005,0.2,0.99,0.4,0.28
PF10661,PF01696,0,0,0,0,0,1018,0,1.0,0,0,0,0,0,0,1018,0,1.0,0,0
PF09432,PF10279,0,0,0,0,0,1018,0,1.0,0,0,0,0,0,0,1018,0,1.0,0,0
PF05622,PF04388,14,8,4,10,4,1000,0.5,0.99,0.29,0.37,8,4,10,4,1000,0.5,0.99,0.29,0.37
PF02734,PF02733,17,14,13,4,1,1000,0.93,1.0,0.76,0.84,14,13,4,1,1000,0.93,1.0,0.76,0.84
PF15173,PF06875,0,0,0,0,0,1018,0,1.0,0,0,0,0,0,0,1018,0,1.0,0,0
PF05916,PF00484,21,19,8,13,11,986,0.42,0.98,0.38,0.39,19,8,13,11,986,0.42,0.98,0.38,0.39
PF10570,PF09291,1,0,0,1,0,1017,0,1.0,0.0,0,0,0,1,0,1017,0,1.0,0.0,0
PF14478,PF01122,2,5,2,0,3,1013,0.4,1.0,1.0,0.63,5,2,0,3,1013,0.4,1.0,1.0,0.63
PF02166,PF02155,6,6,5,1,1,1011,0.83,1.0,0.83,0.83,6,5,1,1,1011,0.83,1.0,0.83,0.83
PF02581,PF02110,6,6,3,3,3,1009,0.5,0.99,0.5,0.5,6,3,3,3,1009,0.5,0.99,0.5,0.5
PF08218,PF15815,1,1,0,1,1,1016,0.0,1.0,0.0,-0.0,1,0,1,1,1016,0.0,1.0,0.0,-0.0
PF02365,PF04577,30,21,8,22,13,975,0.38,0.97,0.27,0.3,21,8,22,13,975,0.38,0.97,0.27,0.3
PF17104,PF17062,0,0,0,0,0,1018,0,1.0,0,0,0,0,0,0,1018,0,1.0,0,0
PF09954,PF00359,0,2,0,0,2,1016,0.0,1.0,0,0,2,0,0,2,1016,0.0,1.0,0,0
PF05687,PF01373,6,8,4,2,4,1008,0.5,0.99,0.67,0.57,8,4,2,4,1008,0.5,0.99,0.67,0.57
PF11638,PF14841,2,1,1,1,0,1016,1.0,1.0,0.5,0.71,1,1,1,0,1016,1.0,1.0,0.5,0.71
PF05884,PF11703,0,0,0,0,0,1018,0,1.0,0,0,0,0,0,0,1018,0,1.0,0,0
PF15264,PF02116,2,2,0,2,2,1014,0.0,1.0,0.0,-0.0,2,0,2,2,1014,0.0,1.0,0.0,-0.0
PF09463,PF10446,0,1,0,0,1,1017,0.0,1.0,0,0,1,0,0,1,1017,0.0,1.0,0,0
PF15047,PF08792,0,0,0,0,0,1018,0,1.0,0,0,0,0,0,0,1018,0,1.0,0,0
PF00261,PF12718,7,1,1,6,0,1011,1.0,0.99,0.14,0.38,1,1,6,0,1011,1.0,0.99,0.14,0.38
PF01670,PF01083,6,16,3,3,13,999,0.19,0.98,0.5,0.3,16,3,3,13,999,0.19,0.98,0.5,0.3
PF08636,PF11623,2,0,0,2,0,1016,0,1.0,0.0,0,0,0,2,0,1016,0,1.0,0.0,0
PF02609,PF05736,1,0,0,1,0,1017,0,1.0,0.0,0,0,0,1,0,1017,0,1.0,0.0,0
PF13093,PF08228,1,3,0,1,3,1014,0.0,1.0,0.0,-0.0,3,0,1,3,1014,0.0,1.0,0.0,-0.0
PF01761,PF00275,14,16,11,3,5,999,0.69,0.99,0.79,0.73,16,11,3,5,999,0.69,0.99,0.79,0.73
PF15348,PF02337,5,5,0,5,5,1008,0.0,0.99,0.0,-0.0,5,0,5,5,1008,0.0,0.99,0.0,-0.0
PF13828,PF09580,0,0,0,0,0,1018,0,1.0,0,0,0,0,0,0,1018,0,1.0,0,0
PF03381,PF07896,18,5,2,16,3,997,0.4,0.98,0.11,0.2,5,2,16,3,997,0.4,0.98,0.11,0.2
PF08310,PF04122,1,0,0,1,0,1017,0,1.0,0.0,0,0,0,1,0,1017,0,1.0,0.0,0
PF10283,PF10228,16,8,4,12,4,998,0.5,0.98,0.25,0.35,8,4,12,4,998,0.5,0.98,0.25,0.35
PF15362,PF12278,1,0,0,1,0,1017,0,1.0,0.0,0,0,0,1,0,1017,0,1.0,0.0,0
PF06666,PF11202,0,0,0,0,0,1018,0,1.0,0,0,0,0,0,0,1018,0,1.0,0,0
PF01370,PF13460,71,49,24,47,25,922,0.49,0.93,0.34,0.37,49,24,47,25,922,0.49,0.93,0.34,0.37
PF07377,PF06674,3,3,3,0,0,1015,1.0,1.0,1.0,1.0,3,3,0,0,1015,1.0,1.0,1.0,1.0
PF11864,PF03542,5,5,5,0,0,1013,1.0,1.0,1.0,1.0,5,5,0,0,1013,1.0,1.0,1.0,1.0
PF15065,PF06951,8,11,2,6,9,1001,0.18,0.99,0.25,0.21,11,2,6,9,1001,0.18,0.99,0.25,0.21
PF02110,PF02581,6,6,3,3,3,1009,0.5,0.99,0.5,0.5,6,3,3,3,1009,0.5,0.99,0.5,0.5
PF12299,PF07157,0,0,0,0,0,1018,0,1.0,0,0,0,0,0,0,1018,0,1.0,0,0
PF09374,PF13722,0,0,0,0,0,1018,0,1.0,0,0,0,0,0,0,1018,0,1.0,0,0
PF11895,PF00141,2,37,2,0,35,981,0.05,0.97,1.0,0.23,37,2,0,35,981,0.05,0.97,1.0,0.23
PF11130,PF12477,0,0,0,0,0,1018,0,1.0,0,0,0,0,0,0,1018,0,1.0,0,0
PF02779,PF00456,41,11,8,33,3,974,0.73,0.96,0.2,0.37,11,8,33,3,974,0.73,0.96,0.2,0.37
PF03283,PF02990,19,29,6,13,23,976,0.21,0.96,0.32,0.24,29,6,13,23,976,0.21,0.96,0.32,0.24
PF08662,PF08159,15,12,3,12,9,994,0.25,0.98,0.2,0.21,12,3,12,9,994,0.25,0.98,0.2,0.21
PF06516,PF06108,5,6,0,5,6,1007,0.0,0.99,0.0,-0.01,6,0,5,6,1007,0.0,0.99,0.0,-0.01
PF11450,PF06277,0,0,0,0,0,1018,0,1.0,0,0,0,0,0,0,1018,0,1.0,0,0
PF04621,PF12310,5,2,2,3,0,1013,1.0,1.0,0.4,0.63,2,2,3,0,1013,1.0,1.0,0.4,0.63
PF08343,PF10554,2,0,0,2,0,1016,0,1.0,0.0,0,0,0,2,0,1016,0,1.0,0.0,0
PF11830,PF15733,4,0,0,4,0,1014,0,1.0,0.0,0,0,0,4,0,1014,0,1.0,0.0,0
PF02036,PF01575,20,34,11,9,23,975,0.32,0.97,0.55,0.41,34,11,9,23,975,0.32,0.97,0.55,0.41
PF00255,PF01625,19,20,2,17,18,981,0.1,0.97,0.11,0.09,20,2,17,18,981,0.1,0.97,0.11,0.09
PF02221,PF11938,19,15,4,15,11,988,0.27,0.97,0.21,0.22,15,4,15,11,988,0.27,0.97,0.21,0.22
PF10494,PF15305,10,2,0,10,2,1006,0.0,0.99,0.0,-0.0,2,0,10,2,1006,0.0,0.99,0.0,-0.0
PF11218,PF02554,1,0,0,1,0,1017,0,1.0,0.0,0,0,0,1,0,1017,0,1.0,0.0,0
PF00747,PF11819,1,10,0,1,10,1007,0.0,0.99,0.0,-0.0,10,0,1,10,1007,0.0,0.99,0.0,-0.0
PF06214,PF11162,1,0,0,1,0,1017,0,1.0,0.0,0,0,0,1,0,1017,0,1.0,0.0,0
PF11623,PF11282,0,2,0,0,2,1016,0.0,1.0,0,0,2,0,0,2,1016,0.0,1.0,0,0
PF09507,PF14621,8,2,1,7,1,1009,0.5,0.99,0.12,0.25,2,1,7,1,1009,0.5,0.99,0.12,0.25
PF02422,PF00074,2,2,0,2,2,1014,0.0,1.0,0.0,-0.0,2,0,2,2,1014,0.0,1.0,0.0,-0.0
PF03739,PF17193,5,0,0,5,0,1013,0,1.0,0.0,0,0,0,5,0,1013,0,1.0,0.0,0
PF01175,PF07159,4,7,1,3,6,1008,0.14,0.99,0.25,0.18,7,1,3,6,1008,0.14,0.99,0.25,0.18
PF09456,PF06761,3,0,0,3,0,1015,0,1.0,0.0,0,0,0,3,0,1015,0,1.0,0.0,0
PF10693,PF06954,0,1,0,0,1,1017,0.0,1.0,0,0,1,0,0,1,1017,0.0,1.0,0,0
PF02704,PF05498,6,7,1,5,6,1006,0.14,0.99,0.17,0.15,7,1,5,6,1006,0.14,0.99,0.17,0.15
PF07889,PF13225,12,3,1,11,2,1004,0.33,0.99,0.08,0.16,3,1,11,2,1004,0.33,0.99,0.08,0.16
PF06357,PF09904,1,0,0,1,0,1017,0,1.0,0.0,0,0,0,1,0,1017,0,1.0,0.0,0
PF10683,PF14372,2,21,2,0,19,997,0.1,0.98,1.0,0.31,21,2,0,19,997,0.1,0.98,1.0,0.31
PF02621,PF05939,0,0,0,0,0,1018,0,1.0,0,0,0,0,0,0,1018,0,1.0,0,0
PF04834,PF06381,0,0,0,0,0,1018,0,1.0,0,0,0,0,0,0,1018,0,1.0,0,0
PF06743,PF08368,8,7,6,2,1,1009,0.86,1.0,0.75,0.8,7,6,2,1,1009,0.86,1.0,0.75,0.8
PF07092,PF12456,6,10,1,5,9,1003,0.1,0.99,0.17,0.12,10,1,5,9,1003,0.1,0.99,0.17,0.12
PF16687,PF15912,5,2,0,5,2,1011,0.0,0.99,0.0,-0.0,2,0,5,2,1011,0.0,0.99,0.0,-0.0
PF00815,PF01502,15,15,8,7,7,996,0.53,0.99,0.53,0.53,15,8,7,7,996,0.53,0.99,0.53,0.53
PF15168,PF05947,3,0,0,3,0,1015,0,1.0,0.0,0,0,0,3,0,1015,0,1.0,0.0,0
PF10270,PF00831,7,10,0,7,10,1001,0.0,0.98,0.0,-0.01,10,0,7,10,1001,0.0,0.98,0.0,-0.01
PF02075,PF02773,3,4,3,0,1,1014,0.75,1.0,1.0,0.87,4,3,0,1,1014,0.75,1.0,1.0,0.87
PF12911,PF02951,4,4,1,3,3,1011,0.25,0.99,0.25,0.25,4,1,3,3,1011,0.25,0.99,0.25,0.25
PF09989,PF06050,0,0,0,0,0,1018,0,1.0,0,0,0,0,0,0,1018,0,1.0,0,0
PF00283,PF00421,1,17,1,0,16,1001,0.06,0.98,1.0,0.24,17,1,0,16,1001,0.06,0.98,1.0,0.24
PF01177,PF01230,8,28,4,4,24,986,0.14,0.97,0.5,0.26,28,4,4,24,986,0.14,0.97,0.5,0.26
PF04959,PF04153,17,12,4,13,8,993,0.33,0.98,0.24,0.27,12,4,13,8,993,0.33,0.98,0.24,0.27
PF14144,PF02173,8,6,3,5,3,1007,0.5,0.99,0.38,0.43,6,3,5,3,1007,0.5,0.99,0.38,0.43
PF02805,PF00165,6,6,6,0,0,1012,1.0,1.0,1.0,1.0,6,6,0,0,1012,1.0,1.0,1.0,1.0
PF17172,PF10568,6,9,3,3,6,1006,0.33,0.99,0.5,0.4,9,3,3,6,1006,0.33,0.99,0.5,0.4
PF15376,PF12509,1,4,1,0,3,1014,0.25,1.0,1.0,0.5,4,1,0,3,1014,0.25,1.0,1.0,0.5
PF15233,PF11291,4,0,0,4,0,1014,0,1.0,0.0,0,0,0,4,0,1014,0,1.0,0.0,0
PF07898,PF15013,6,1,0,6,1,1011,0.0,0.99,0.0,-0.0,1,0,6,1,1011,0.0,0.99,0.0,-0.0
PF12012,PF15273,10,1,1,9,0,1008,1.0,0.99,0.1,0.31,1,1,9,0,1008,1.0,0.99,0.1,0.31
PF05132,PF15311,13,6,4,9,2,1003,0.67,0.99,0.31,0.45,6,4,9,2,1003,0.67,0.99,0.31,0.45
PF01080,PF04184,12,2,1,11,1,1005,0.5,0.99,0.08,0.2,2,1,11,1,1005,0.5,0.99,0.08,0.2
PF11028,PF15627,1,2,0,1,2,1015,0.0,1.0,0.0,-0.0,2,0,1,2,1015,0.0,1.0,0.0,-0.0
PF16915,PF05837,1,1,0,1,1,1016,0.0,1.0,0.0,-0.0,1,0,1,1,1016,0.0,1.0,0.0,-0.0
PF16834,PF05613,0,0,0,0,0,1018,0,1.0,0,0,0,0,0,0,1018,0,1.0,0,0
PF06677,PF10234,3,3,0,3,3,1012,0.0,0.99,0.0,-0.0,3,0,3,3,1012,0.0,0.99,0.0,-0.0
PF15374,PF16829,0,0,0,0,0,1018,0,1.0,0,0,0,0,0,0,1018,0,1.0,0,0
PF10567,PF01580,1,5,0,1,5,1012,0.0,0.99,0.0,-0.0,5,0,1,5,1012,0.0,0.99,0.0,-0.0
PF14648,PF14647,3,3,3,0,0,1015,1.0,1.0,1.0,1.0,3,3,0,0,1015,1.0,1.0,1.0,1.0
PF10431,PF07724,26,27,25,1,2,990,0.93,1.0,0.96,0.94,27,25,1,2,990,0.93,1.0,0.96,0.94
PF09666,PF08744,0,0,0,0,0,1018,0,1.0,0,0,0,0,0,0,1018,0,1.0,0,0
PF11729,PF11561,0,1,0,0,1,1017,0.0,1.0,0,0,1,0,0,1,1017,0.0,1.0,0,0
PF05167,PF06890,1,0,0,1,0,1017,0,1.0,0.0,0,0,0,1,0,1017,0,1.0,0.0,0
PF00400,PF14077,259,4,4,255,0,759,1.0,0.75,0.02,0.11,4,4,255,0,759,1.0,0.75,0.02,0.11
PF11548,PF14948,4,3,3,1,0,1014,1.0,1.0,0.75,0.87,3,3,1,0,1014,1.0,1.0,0.75,0.87
PF02333,PF02012,4,0,0,4,0,1014,0,1.0,0.0,0,0,0,4,0,1014,0,1.0,0.0,0
PF10734,PF03735,0,7,0,0,7,1011,0.0,0.99,0,0,7,0,0,7,1011,0.0,0.99,0,0
PF05438,PF15744,2,0,0,2,0,1016,0,1.0,0.0,0,0,0,2,0,1016,0,1.0,0.0,0
PF08773,PF08127,1,3,1,0,2,1015,0.33,1.0,1.0,0.58,3,1,0,2,1015,0.33,1.0,1.0,0.58
PF06724,PF08795,0,0,0,0,0,1018,0,1.0,0,0,0,0,0,0,1018,0,1.0,0,0
PF15062,PF06695,0,0,0,0,0,1018,0,1.0,0,0,0,0,0,0,1018,0,1.0,0,0
PF10541,PF17213,5,3,0,5,3,1010,0.0,0.99,0.0,-0.0,3,0,5,3,1010,0.0,0.99,0.0,-0.0
PF03637,PF01025,17,15,4,13,11,990,0.27,0.98,0.24,0.24,15,4,13,11,990,0.27,0.98,0.24,0.24
PF09006,PF08391,0,1,0,0,1,1017,0.0,1.0,0,0,1,0,0,1,1017,0.0,1.0,0,0
PF06671,PF02343,0,2,0,0,2,1016,0.0,1.0,0,0,2,0,0,2,1016,0.0,1.0,0,0
PF04643,PF00323,2,0,0,2,0,1016,0,1.0,0.0,0,0,0,2,0,1016,0,1.0,0.0,0
PF03241,PF11794,0,0,0,0,0,1018,0,1.0,0,0,0,0,0,0,1018,0,1.0,0,0
PF10225,PF11282,9,2,0,9,2,1007,0.0,0.99,0.0,-0.0,2,0,9,2,1007,0.0,0.99,0.0,-0.0
PF07068,PF08401,0,0,0,0,0,1018,0,1.0,0,0,0,0,0,0,1018,0,1.0,0,0
PF07199,PF15337,0,3,0,0,3,1015,0.0,1.0,0,0,3,0,0,3,1015,0.0,1.0,0,0
PF14077,PF15512,4,2,1,3,1,1013,0.5,1.0,0.25,0.35,2,1,3,1,1013,0.5,1.0,0.25,0.35
PF15380,PF05418,0,1,0,0,1,1017,0.0,1.0,0,0,1,0,0,1,1017,0.0,1.0,0,0
PF11995,PF13118,4,3,3,1,0,1014,1.0,1.0,0.75,0.87,3,3,1,0,1014,1.0,1.0,0.75,0.87
PF14316,PF08093,0,1,0,0,1,1017,0.0,1.0,0,0,1,0,0,1,1017,0.0,1.0,0,0
PF07163,PF05556,3,5,1,2,4,1011,0.2,0.99,0.33,0.26,5,1,2,4,1011,0.2,0.99,0.33,0.26
PF17007,PF11751,0,0,0,0,0,1018,0,1.0,0,0,0,0,0,0,1018,0,1.0,0,0
PF12034,PF13400,0,0,0,0,0,1018,0,1.0,0,0,0,0,0,0,1018,0,1.0,0,0
PF16727,PF11626,2,7,0,2,7,1009,0.0,0.99,0.0,-0.0,7,0,2,7,1009,0.0,0.99,0.0,-0.0
PF04262,PF12461,1,0,0,1,0,1017,0,1.0,0.0,0,0,0,1,0,1017,0,1.0,0.0,0
PF02198,PF12310,16,2,2,14,0,1002,1.0,0.99,0.12,0.35,2,2,14,0,1002,1.0,0.99,0.12,0.35
PF08074,PF06461,12,12,12,0,0,1006,1.0,1.0,1.0,1.0,12,12,0,0,1006,1.0,1.0,1.0,1.0
PF10197,PF16944,21,2,0,21,2,995,0.0,0.98,0.0,-0.01,2,0,21,2,995,0.0,0.98,0.0,-0.01
PF16414,PF02460,16,44,16,0,28,974,0.36,0.97,1.0,0.59,44,16,0,28,974,0.36,0.97,1.0,0.59
PF15743,PF10452,0,2,0,0,2,1016,0.0,1.0,0,0,2,0,0,2,1016,0.0,1.0,0,0
PF15017,PF17146,1,7,1,0,6,1011,0.14,0.99,1.0,0.38,7,1,0,6,1011,0.14,0.99,1.0,0.38
PF11026,PF01913,0,1,0,0,1,1017,0.0,1.0,0,0,1,0,0,1,1017,0.0,1.0,0,0
PF01125,PF09784,11,0,0,11,0,1007,0,0.99,0.0,0,0,0,11,0,1007,0,0.99,0.0,0
PF10124,PF03264,0,0,0,0,0,1018,0,1.0,0,0,0,0,0,0,1018,0,1.0,0,0
PF13018,PF05658,0,0,0,0,0,1018,0,1.0,0,0,0,0,0,0,1018,0,1.0,0,0
PF16282,PF14958,7,0,0,7,0,1011,0,0.99,0.0,0,0,0,7,0,1011,0,0.99,0.0,0
PF10537,PF15612,11,15,7,4,8,999,0.47,0.99,0.64,0.54,15,7,4,8,999,0.47,0.99,0.64,0.54
PF16452,PF06805,1,0,0,1,0,1017,0,1.0,0.0,0,0,0,1,0,1017,0,1.0,0.0,0
PF04137,PF00197,6,1,0,6,1,1011,0.0,0.99,0.0,-0.0,1,0,6,1,1011,0.0,0.99,0.0,-0.0
PF11052,PF15622,1,0,0,1,0,1017,0,1.0,0.0,0,0,0,1,0,1017,0,1.0,0.0,0
PF12324,PF11245,3,0,0,3,0,1015,0,1.0,0.0,0,0,0,3,0,1015,0,1.0,0.0,0
PF14065,PF11743,0,0,0,0,0,1018,0,1.0,0,0,0,0,0,0,1018,0,1.0,0,0
PF16574,PF16830,2,0,0,2,0,1016,0,1.0,0.0,0,0,0,2,0,1016,0,1.0,0.0,0
PF06224,PF09614,0,0,0,0,0,1018,0,1.0,0,0,0,0,0,0,1018,0,1.0,0,0
PF16653,PF04455,13,3,1,12,2,1003,0.33,0.99,0.08,0.16,3,1,12,2,1003,0.33,0.99,0.08,0.16
PF09753,PF09341,10,8,3,7,5,1003,0.38,0.99,0.3,0.33,8,3,7,5,1003,0.38,0.99,0.3,0.33
PF00295,PF12708,33,13,5,28,8,977,0.38,0.96,0.15,0.23,13,5,28,8,977,0.38,0.96,0.15,0.23
PF17035,PF12024,14,7,1,13,6,998,0.14,0.98,0.07,0.09,7,1,13,6,998,0.14,0.98,0.07,0.09
PF02618,PF03831,1,0,0,1,0,1017,0,1.0,0.0,0,0,0,1,0,1017,0,1.0,0.0,0
PF04883,PF13942,0,0,0,0,0,1018,0,1.0,0,0,0,0,0,0,1018,0,1.0,0,0
PF14467,PF08299,0,2,0,0,2,1016,0.0,1.0,0,0,2,0,0,2,1016,0.0,1.0,0,0
PF11894,PF04704,11,2,1,10,1,1006,0.5,0.99,0.09,0.21,2,1,10,1,1006,0.5,0.99,0.09,0.21
PF02177,PF10515,9,8,8,1,0,1009,1.0,1.0,0.89,0.94,8,8,1,0,1009,1.0,1.0,0.89,0.94
PF08672,PF10557,12,28,5,7,23,983,0.18,0.97,0.42,0.26,28,5,7,23,983,0.18,0.97,0.42,0.26
PF14881,PF10644,10,10,7,3,3,1005,0.7,0.99,0.7,0.7,10,7,3,3,1005,0.7,0.99,0.7,0.7
PF14106,PF11002,0,2,0,0,2,1016,0.0,1.0,0,0,2,0,0,2,1016,0.0,1.0,0,0
PF06473,PF05478,0,5,0,0,5,1013,0.0,1.0,0,0,5,0,0,5,1013,0.0,1.0,0,0
PF08694,PF16843,3,1,0,3,1,1014,0.0,1.0,0.0,-0.0,1,0,3,1,1014,0.0,1.0,0.0,-0.0
PF05195,PF15801,18,6,5,13,1,999,0.83,0.99,0.28,0.48,6,5,13,1,999,0.83,0.99,0.28,0.48
PF10559,PF00344,8,17,8,0,9,1001,0.47,0.99,1.0,0.68,17,8,0,9,1001,0.47,0.99,1.0,0.68
PF12453,PF12567,2,2,2,0,0,1016,1.0,1.0,1.0,1.0,2,2,0,0,1016,1.0,1.0,1.0,1.0
PF01477,PF02010,32,14,10,22,4,982,0.71,0.97,0.31,0.46,14,10,22,4,982,0.71,0.97,0.31,0.46
PF02622,PF12428,8,3,1,7,2,1008,0.33,0.99,0.12,0.2,3,1,7,2,1008,0.33,0.99,0.12,0.2
PF00699,PF00449,7,7,7,0,0,1011,1.0,1.0,1.0,1.0,7,7,0,0,1011,1.0,1.0,1.0,1.0
PF04189,PF02731,12,8,1,11,7,999,0.12,0.98,0.08,0.09,8,1,11,7,999,0.12,0.98,0.08,0.09
PF13007,PF03050,0,0,0,0,0,1018,0,1.0,0,0,0,0,0,0,1018,0,1.0,0,0
PF17029,PF13994,0,0,0,0,0,1018,0,1.0,0,0,0,0,0,0,1018,0,1.0,0,0
PF03494,PF10515,4,8,3,1,5,1009,0.38,0.99,0.75,0.53,8,3,1,5,1009,0.38,0.99,0.75,0.53
PF04702,PF15675,1,1,1,0,0,1017,1.0,1.0,1.0,1.0,1,1,0,0,1017,1.0,1.0,1.0,1.0
PF01111,PF10203,7,5,2,5,3,1008,0.4,0.99,0.29,0.33,5,2,5,3,1008,0.4,0.99,0.29,0.33
PF16766,PF16768,1,2,1,0,1,1016,0.5,1.0,1.0,0.71,2,1,0,1,1016,0.5,1.0,1.0,0.71
PF07390,PF06681,0,0,0,0,0,1018,0,1.0,0,0,0,0,0,0,1018,0,1.0,0,0
PF08548,PF13946,1,1,1,0,0,1017,1.0,1.0,1.0,1.0,1,1,0,0,1017,1.0,1.0,1.0,1.0
PF00339,PF02752,33,30,28,5,2,983,0.93,0.99,0.85,0.89,30,28,5,2,983,0.93,0.99,0.85,0.89
PF02189,PF16680,2,3,1,1,2,1014,0.33,1.0,0.5,0.41,3,1,1,2,1014,0.33,1.0,0.5,0.41
PF03147,PF02912,19,5,4,15,1,998,0.8,0.98,0.21,0.41,5,4,15,1,998,0.8,0.98,0.21,0.41
PF08770,PF01943,0,0,0,0,0,1018,0,1.0,0,0,0,0,0,0,1018,0,1.0,0,0
PF05630,PF01774,4,7,0,4,7,1007,0.0,0.99,0.0,-0.01,7,0,4,7,1007,0.0,0.99,0.0,-0.01
PF02987,PF02919,0,7,0,0,7,1011,0.0,0.99,0,0,7,0,0,7,1011,0.0,0.99,0,0
PF10544,PF04383,12,5,2,10,3,1003,0.4,0.99,0.17,0.25,5,2,10,3,1003,0.4,0.99,0.17,0.25
PF08241,PF13847,78,39,18,60,21,919,0.46,0.92,0.23,0.29,39,18,60,21,919,0.46,0.92,0.23,0.29
PF00235,PF04177,12,11,4,8,7,999,0.36,0.99,0.33,0.34,11,4,8,7,999,0.36,0.99,0.33,0.34
PF17135,PF01268,12,13,6,6,7,999,0.46,0.99,0.5,0.47,13,6,6,7,999,0.46,0.99,0.5,0.47
PF07961,PF17032,0,0,0,0,0,1018,0,1.0,0,0,0,0,0,0,1018,0,1.0,0,0
PF14865,PF10974,0,0,0,0,0,1018,0,1.0,0,0,0,0,0,0,1018,0,1.0,0,0
PF00310,PF04898,12,7,7,5,0,1006,1.0,1.0,0.58,0.76,7,7,5,0,1006,1.0,1.0,0.58,0.76
PF01465,PF10377,15,5,3,12,2,1001,0.6,0.99,0.2,0.34,5,3,12,2,1001,0.6,0.99,0.2,0.34
PF05707,PF00669,0,1,0,0,1,1017,0.0,1.0,0,0,1,0,0,1,1017,0.0,1.0,0,0
PF12727,PF02522,0,1,0,0,1,1017,0.0,1.0,0,0,1,0,0,1,1017,0.0,1.0,0,0
PF02107,PF02501,2,2,0,2,2,1014,0.0,1.0,0.0,-0.0,2,0,2,2,1014,0.0,1.0,0.0,-0.0
PF16190,PF16191,3,4,3,0,1,1014,0.75,1.0,1.0,0.87,4,3,0,1,1014,0.75,1.0,1.0,0.87
PF01948,PF03428,0,0,0,0,0,1018,0,1.0,0,0,0,0,0,0,1018,0,1.0,0,0
PF13640,PF08336,39,10,8,31,2,977,0.8,0.97,0.21,0.4,10,8,31,2,977,0.8,0.97,0.21,0.4
PF12885,PF12886,3,3,3,0,0,1015,1.0,1.0,1.0,1.0,3,3,0,0,1015,1.0,1.0,1.0,1.0
PF13943,PF10063,4,3,0,4,3,1011,0.0,0.99,0.0,-0.0,3,0,4,3,1011,0.0,0.99,0.0,-0.0
PF07763,PF06083,1,3,0,1,3,1014,0.0,1.0,0.0,-0.0,3,0,1,3,1014,0.0,1.0,0.0,-0.0
PF13236,PF15044,11,5,5,6,0,1007,1.0,0.99,0.45,0.67,5,5,6,0,1007,1.0,0.99,0.45,0.67
PF03860,PF07177,0,10,0,0,10,1008,0.0,0.99,0,0,10,0,0,10,1008,0.0,0.99,0,0
PF00301,PF04367,2,2,0,2,2,1014,0.0,1.0,0.0,-0.0,2,0,2,2,1014,0.0,1.0,0.0,-0.0
PF10238,PF07139,6,4,1,5,3,1009,0.25,0.99,0.17,0.2,4,1,5,3,1009,0.25,0.99,0.17,0.2
PF03259,PF06522,12,3,3,9,0,1006,1.0,0.99,0.25,0.5,3,3,9,0,1006,1.0,0.99,0.25,0.5
PF11933,PF03521,4,4,1,3,3,1011,0.25,0.99,0.25,0.25,4,1,3,3,1011,0.25,0.99,0.25,0.25
PF15327,PF16051,2,0,0,2,0,1016,0,1.0,0.0,0,0,0,2,0,1016,0,1.0,0.0,0
PF02264,PF00367,2,8,2,0,6,1010,0.25,0.99,1.0,0.5,8,2,0,6,1010,0.25,0.99,1.0,0.5
PF09253,PF07327,0,1,0,0,1,1017,0.0,1.0,0,0,1,0,0,1,1017,0.0,1.0,0,0
PF04750,PF03972,5,7,1,4,6,1007,0.14,0.99,0.2,0.16,7,1,4,6,1007,0.14,0.99,0.2,0.16
PF12901,PF14437,7,6,1,6,5,1006,0.17,0.99,0.14,0.15,6,1,6,5,1006,0.17,0.99,0.14,0.15
PF11965,PF02514,2,1,1,1,0,1016,1.0,1.0,0.5,0.71,1,1,1,0,1016,1.0,1.0,0.5,0.71
PF11669,PF12527,3,0,0,3,0,1015,0,1.0,0.0,0,0,0,3,0,1015,0,1.0,0.0,0
PF01839,PF08441,19,17,17,2,0,999,1.0,1.0,0.89,0.94,17,17,2,0,999,1.0,1.0,0.89,0.94
PF00729,PF03729,1,0,0,1,0,1017,0,1.0,0.0,0,0,0,1,0,1017,0,1.0,0.0,0
PF00331,PF02018,12,7,4,8,3,1003,0.57,0.99,0.33,0.43,7,4,8,3,1003,0.57,0.99,0.33,0.43
PF06403,PF11751,1,0,0,1,0,1017,0,1.0,0.0,0,0,0,1,0,1017,0,1.0,0.0,0
PF10564,PF11476,1,0,0,1,0,1017,0,1.0,0.0,0,0,0,1,0,1017,0,1.0,0.0,0
PF05859,PF12319,3,1,0,3,1,1014,0.0,1.0,0.0,-0.0,1,0,3,1,1014,0.0,1.0,0.0,-0.0
PF05047,PF02284,10,6,1,9,5,1003,0.17,0.99,0.1,0.12,6,1,9,5,1003,0.17,0.99,0.1,0.12
PF12615,PF05939,0,0,0,0,0,1018,0,1.0,0,0,0,0,0,0,1018,0,1.0,0,0
PF09752,PF15794,8,9,1,7,8,1002,0.11,0.99,0.12,0.11,9,1,7,8,1002,0.11,0.99,0.12,0.11
PF17076,PF15281,0,3,0,0,3,1015,0.0,1.0,0,0,3,0,0,3,1015,0.0,1.0,0,0
PF03312,PF03888,1,0,0,1,0,1017,0,1.0,0.0,0,0,0,1,0,1017,0,1.0,0.0,0
PF03008,PF15471,1,0,0,1,0,1017,0,1.0,0.0,0,0,0,1,0,1017,0,1.0,0.0,0
PF01187,PF15133,11,1,0,11,1,1006,0.0,0.99,0.0,-0.0,1,0,11,1,1006,0.0,0.99,0.0,-0.0
PF05609,PF15370,1,3,0,1,3,1014,0.0,1.0,0.0,-0.0,3,0,1,3,1014,0.0,1.0,0.0,-0.0
PF12221,PF09611,0,0,0,0,0,1018,0,1.0,0,0,0,0,0,0,1018,0,1.0,0,0
PF05477,PF15552,7,1,1,6,0,1011,1.0,0.99,0.14,0.38,1,1,6,0,1011,1.0,0.99,0.14,0.38
PF00213,PF00210,16,13,4,12,9,993,0.31,0.98,0.25,0.27,13,4,12,9,993,0.31,0.98,0.25,0.27
PF07035,PF08427,7,9,1,6,8,1003,0.11,0.99,0.14,0.12,9,1,6,8,1003,0.11,0.99,0.14,0.12
PF04618,PF04617,3,1,1,2,0,1015,1.0,1.0,0.33,0.58,1,1,2,0,1015,1.0,1.0,0.33,0.58
PF00638,PF08911,29,6,5,24,1,988,0.83,0.98,0.17,0.37,6,5,24,1,988,0.83,0.98,0.17,0.37
PF13908,PF14719,2,4,0,2,4,1012,0.0,0.99,0.0,-0.0,4,0,2,4,1012,0.0,0.99,0.0,-0.0
PF09497,PF08729,9,4,2,7,2,1007,0.5,0.99,0.22,0.33,4,2,7,2,1007,0.5,0.99,0.22,0.33
PF00819,PF09990,0,0,0,0,0,1018,0,1.0,0,0,0,0,0,0,1018,0,1.0,0,0
PF04177,PF15377,11,0,0,11,0,1007,0,0.99,0.0,0,0,0,11,0,1007,0,0.99,0.0,0
PF14403,PF06355,0,2,0,0,2,1016,0.0,1.0,0,0,2,0,0,2,1016,0.0,1.0,0,0
PF14702,PF06202,2,3,2,0,1,1015,0.67,1.0,1.0,0.82,3,2,0,1,1015,0.67,1.0,1.0,0.82
PF03357,PF07491,47,7,5,42,2,969,0.71,0.96,0.11,0.26,7,5,42,2,969,0.71,0.96,0.11,0.26
PF04731,PF10525,2,4,1,1,3,1013,0.25,1.0,0.5,0.35,4,1,1,3,1013,0.25,1.0,0.5,0.35
PF15464,PF17049,0,1,0,0,1,1017,0.0,1.0,0,0,1,0,0,1,1017,0.0,1.0,0,0
PF15508,PF05432,4,2,0,4,2,1012,0.0,0.99,0.0,-0.0,2,0,4,2,1012,0.0,0.99,0.0,-0.0
PF06841,PF02511,0,2,0,0,2,1016,0.0,1.0,0,0,2,0,0,2,1016,0.0,1.0,0,0
PF16401,PF16692,1,4,0,1,4,1013,0.0,1.0,0.0,-0.0,4,0,1,4,1013,0.0,1.0,0.0,-0.0
PF01795,PF02381,15,2,2,13,0,1003,1.0,0.99,0.13,0.36,2,2,13,0,1003,1.0,0.99,0.13,0.36
PF16534,PF16557,3,2,2,1,0,1015,1.0,1.0,0.67,0.82,2,2,1,0,1015,1.0,1.0,0.67,0.82
PF09327,PF12256,0,0,0,0,0,1018,0,1.0,0,0,0,0,0,0,1018,0,1.0,0,0
PF14816,PF05604,6,1,1,5,0,1012,1.0,1.0,0.17,0.41,1,1,5,0,1012,1.0,1.0,0.17,0.41
PF00144,PF03109,68,42,23,45,19,931,0.55,0.94,0.34,0.4,42,23,45,19,931,0.55,0.94,0.34,0.4
PF15666,PF11317,0,0,0,0,0,1018,0,1.0,0,0,0,0,0,0,1018,0,1.0,0,0
PF04955,PF06119,0,15,0,0,15,1003,0.0,0.99,0,0,15,0,0,15,1003,0.0,0.99,0,0
PF01657,PF14380,22,10,6,16,4,992,0.6,0.98,0.27,0.4,10,6,16,4,992,0.6,0.98,0.27,0.4
PF10155,PF14441,6,4,0,6,4,1008,0.0,0.99,0.0,-0.0,4,0,6,4,1008,0.0,0.99,0.0,-0.0
PF00649,PF15678,8,0,0,8,0,1010,0,0.99,0.0,0,0,0,8,0,1010,0,0.99,0.0,0
PF05279,PF13174,1,14,1,0,13,1004,0.07,0.99,1.0,0.27,14,1,0,13,1004,0.07,0.99,1.0,0.27
PF02100,PF08559,5,2,1,4,1,1012,0.5,1.0,0.2,0.31,2,1,4,1,1012,0.5,1.0,0.2,0.31
PF00118,PF10247,51,4,2,49,2,965,0.5,0.95,0.04,0.13,4,2,49,2,965,0.5,0.95,0.04,0.13
PF03090,PF11751,0,0,0,0,0,1018,0,1.0,0,0,0,0,0,0,1018,0,1.0,0,0
PF10504,PF15550,1,0,0,1,0,1017,0,1.0,0.0,0,0,0,1,0,1017,0,1.0,0.0,0
PF01674,PF00965,8,6,0,8,6,1004,0.0,0.99,0.0,-0.01,6,0,8,6,1004,0.0,0.99,0.0,-0.01
PF15112,PF09432,3,0,0,3,0,1015,0,1.0,0.0,0,0,0,3,0,1015,0,1.0,0.0,0
PF06313,PF04856,0,0,0,0,0,1018,0,1.0,0,0,0,0,0,0,1018,0,1.0,0,0
PF02551,PF06798,0,0,0,0,0,1018,0,1.0,0,0,0,0,0,0,1018,0,1.0,0,0
PF00288,PF08544,44,35,32,12,3,971,0.91,0.99,0.73,0.81,35,32,12,3,971,0.91,0.99,0.73,0.81
PF04871,PF01782,15,3,1,14,2,1001,0.33,0.98,0.07,0.14,3,1,14,2,1001,0.33,0.98,0.07,0.14
PF02746,PF08288,22,11,2,20,9,987,0.18,0.97,0.09,0.12,11,2,20,9,987,0.18,0.97,0.09,0.12
PF16923,PF03200,8,10,8,0,2,1008,0.8,1.0,1.0,0.89,10,8,0,2,1008,0.8,1.0,1.0,0.89
PF15202,PF15895,0,0,0,0,0,1018,0,1.0,0,0,0,0,0,0,1018,0,1.0,0,0
PF03527,PF15798,2,0,0,2,0,1016,0,1.0,0.0,0,0,0,2,0,1016,0,1.0,0.0,0
PF03006,PF04178,21,13,5,16,8,989,0.38,0.98,0.24,0.29,13,5,16,8,989,0.38,0.98,0.24,0.29
PF04577,PF02517,21,13,6,15,7,990,0.46,0.98,0.29,0.35,13,6,15,7,990,0.46,0.98,0.29,0.35
PF09103,PF09169,6,5,5,1,0,1012,1.0,1.0,0.83,0.91,5,5,1,0,1012,1.0,1.0,0.83,0.91
PF08299,PF14841,2,1,1,1,0,1016,1.0,1.0,0.5,0.71,1,1,1,0,1016,1.0,1.0,0.5,0.71
PF08599,PF14348,1,1,0,1,1,1016,0.0,1.0,0.0,-0.0,1,0,1,1,1016,0.0,1.0,0.0,-0.0
PF11161,PF04559,0,0,0,0,0,1018,0,1.0,0,0,0,0,0,0,1018,0,1.0,0,0
PF01743,PF01144,12,19,3,9,16,990,0.16,0.98,0.25,0.19,19,3,9,16,990,0.16,0.98,0.25,0.19
PF00276,PF02733,25,14,5,20,9,984,0.36,0.97,0.2,0.25,14,5,20,9,984,0.36,0.97,0.2,0.25
PF05427,PF10254,6,4,0,6,4,1008,0.0,0.99,0.0,-0.0,4,0,6,4,1008,0.0,0.99,0.0,-0.0
PF16045,PF14775,7,4,1,6,3,1008,0.25,0.99,0.14,0.18,4,1,6,3,1008,0.25,0.99,0.14,0.18
PF06540,PF01296,1,1,1,0,0,1017,1.0,1.0,1.0,1.0,1,1,0,0,1017,1.0,1.0,1.0,1.0
PF09424,PF10224,6,4,0,6,4,1008,0.0,0.99,0.0,-0.0,4,0,6,4,1008,0.0,0.99,0.0,-0.0
PF08513,PF04494,26,10,7,19,3,989,0.7,0.98,0.27,0.43,10,7,19,3,989,0.7,0.98,0.27,0.43
PF02812,PF05088,14,8,4,10,4,1000,0.5,0.99,0.29,0.37,8,4,10,4,1000,0.5,0.99,0.29,0.37
PF02868,PF16485,1,1,1,0,0,1017,1.0,1.0,1.0,1.0,1,1,0,0,1017,1.0,1.0,1.0,1.0
PF11145,PF04674,2,5,1,1,4,1012,0.2,1.0,0.5,0.31,5,1,1,4,1012,0.2,1.0,0.5,0.31
PF14051,PF14061,8,6,1,7,5,1005,0.17,0.99,0.12,0.14,6,1,7,5,1005,0.17,0.99,0.12,0.14
PF00395,PF15066,11,0,0,11,0,1007,0,0.99,0.0,0,0,0,11,0,1007,0,0.99,0.0,0
PF13677,PF13205,0,3,0,0,3,1015,0.0,1.0,0,0,3,0,0,3,1015,0.0,1.0,0,0
PF05973,PF00695,0,0,0,0,0,1018,0,1.0,0,0,0,0,0,0,1018,0,1.0,0,0
PF11124,PF15775,0,0,0,0,0,1018,0,1.0,0,0,0,0,0,0,1018,0,1.0,0,0
PF02938,PF09924,7,5,4,3,1,1010,0.8,1.0,0.57,0.67,5,4,3,1,1010,0.8,1.0,0.57,0.67
PF12807,PF13236,9,11,6,3,5,1004,0.55,0.99,0.67,0.6,11,6,3,5,1004,0.55,0.99,0.67,0.6
PF13341,PF03089,1,2,1,0,1,1016,0.5,1.0,1.0,0.71,2,1,0,1,1016,0.5,1.0,1.0,0.71
PF03110,PF08313,5,13,2,3,11,1002,0.15,0.99,0.4,0.24,13,2,3,11,1002,0.15,0.99,0.4,0.24
PF07367,PF15610,2,1,0,2,1,1015,0.0,1.0,0.0,-0.0,1,0,2,1,1015,0.0,1.0,0.0,-0.0
PF14634,PF00025,17,65,10,7,55,946,0.15,0.94,0.59,0.28,65,10,7,55,946,0.15,0.94,0.59,0.28
PF06694,PF15060,3,0,0,3,0,1015,0,1.0,0.0,0,0,0,3,0,1015,0,1.0,0.0,0
PF13643,PF15861,1,3,1,0,2,1015,0.33,1.0,1.0,0.58,3,1,0,2,1015,0.33,1.0,1.0,0.58
PF12273,PF06912,10,3,1,9,2,1006,0.33,0.99,0.1,0.18,3,1,9,2,1006,0.33,0.99,0.1,0.18
PF06465,PF08073,11,12,10,1,2,1005,0.83,1.0,0.91,0.87,12,10,1,2,1005,0.83,1.0,0.91,0.87
PF02751,PF02268,14,13,12,2,1,1003,0.92,1.0,0.86,0.89,13,12,2,1,1003,0.92,1.0,0.86,0.89
PF06050,PF09989,0,0,0,0,0,1018,0,1.0,0,0,0,0,0,0,1018,0,1.0,0,0
PF12887,PF12879,0,0,0,0,0,1018,0,1.0,0,0,0,0,0,0,1018,0,1.0,0,0
PF07147,PF02872,9,15,4,5,11,998,0.27,0.98,0.44,0.34,15,4,5,11,998,0.27,0.98,0.44,0.34
PF12811,PF11211,0,0,0,0,0,1018,0,1.0,0,0,0,0,0,0,1018,0,1.0,0,0
PF12772,PF09067,1,2,1,0,1,1016,0.5,1.0,1.0,0.71,2,1,0,1,1016,0.5,1.0,1.0,0.71
PF03943,PF09162,5,4,3,2,1,1012,0.75,1.0,0.6,0.67,4,3,2,1,1012,0.75,1.0,0.6,0.67
PF15949,PF10358,5,19,1,4,18,995,0.05,0.98,0.2,0.09,19,1,4,18,995,0.05,0.98,0.2,0.09
PF06838,PF02534,1,7,0,1,7,1010,0.0,0.99,0.0,-0.0,7,0,1,7,1010,0.0,0.99,0.0,-0.0
PF12824,PF07856,7,7,2,5,5,1006,0.29,0.99,0.29,0.28,7,2,5,5,1006,0.29,0.99,0.29,0.28
PF01352,PF02023,43,15,11,32,4,971,0.73,0.96,0.26,0.42,15,11,32,4,971,0.73,0.96,0.26,0.42
PF16573,PF06807,8,10,8,0,2,1008,0.8,1.0,1.0,0.89,10,8,0,2,1008,0.8,1.0,1.0,0.89
PF00215,PF04275,26,9,4,22,5,987,0.44,0.97,0.15,0.25,9,4,22,5,987,0.44,0.97,0.15,0.25
PF07522,PF13691,21,15,5,16,10,987,0.33,0.97,0.24,0.27,15,5,16,10,987,0.33,0.97,0.24,0.27
PF02408,PF12733,2,1,1,1,0,1016,1.0,1.0,0.5,0.71,1,1,1,0,1016,1.0,1.0,0.5,0.71
PF10421,PF01909,5,22,4,1,18,995,0.18,0.98,0.8,0.38,22,4,1,18,995,0.18,0.98,0.8,0.38
PF15475,PF04736,1,1,0,1,1,1016,0.0,1.0,0.0,-0.0,1,0,1,1,1016,0.0,1.0,0.0,-0.0
PF00974,PF02465,0,0,0,0,0,1018,0,1.0,0,0,0,0,0,0,1018,0,1.0,0,0
PF02696,PF04960,11,6,2,9,4,1003,0.33,0.99,0.18,0.24,6,2,9,4,1003,0.33,0.99,0.18,0.24
PF07473,PF05939,0,0,0,0,0,1018,0,1.0,0,0,0,0,0,0,1018,0,1.0,0,0
PF12625,PF12897,3,2,1,2,1,1014,0.5,1.0,0.33,0.41,2,1,2,1,1014,0.5,1.0,0.33,0.41
PF02374,PF09738,11,1,0,11,1,1006,0.0,0.99,0.0,-0.0,1,0,11,1,1006,0.0,0.99,0.0,-0.0
PF15377,PF01959,0,3,0,0,3,1015,0.0,1.0,0,0,3,0,0,3,1015,0.0,1.0,0,0
PF11465,PF07204,3,4,1,2,3,1012,0.25,1.0,0.33,0.29,4,1,2,3,1012,0.25,1.0,0.33,0.29
PF09095,PF06892,2,0,0,2,0,1016,0,1.0,0.0,0,0,0,2,0,1016,0,1.0,0.0,0
PF11543,PF05020,9,9,7,2,2,1007,0.78,1.0,0.78,0.78,9,7,2,2,1007,0.78,1.0,0.78,0.78
PF04819,PF01896,4,8,2,2,6,1008,0.25,0.99,0.5,0.35,8,2,2,6,1008,0.25,0.99,0.5,0.35
PF16355,PF16353,7,5,1,6,4,1007,0.2,0.99,0.14,0.16,5,1,6,4,1007,0.2,0.99,0.14,0.16
PF02936,PF06417,9,8,2,7,6,1003,0.25,0.99,0.22,0.23,8,2,7,6,1003,0.25,0.99,0.22,0.23
PF12201,PF09690,0,0,0,0,0,1018,0,1.0,0,0,0,0,0,0,1018,0,1.0,0,0
PF08143,PF11627,1,2,1,0,1,1016,0.5,1.0,1.0,0.71,2,1,0,1,1016,0.5,1.0,1.0,0.71
PF02364,PF14288,9,9,9,0,0,1009,1.0,1.0,1.0,1.0,9,9,0,0,1009,1.0,1.0,1.0,1.0
PF00481,PF07830,73,9,9,64,0,945,1.0,0.94,0.12,0.34,9,9,64,0,945,1.0,0.94,0.12,0.34
PF08771,PF11865,10,9,8,2,1,1007,0.89,1.0,0.8,0.84,9,8,2,1,1007,0.89,1.0,0.8,0.84
PF00462,PF06936,49,5,3,46,2,967,0.6,0.95,0.06,0.18,5,3,46,2,967,0.6,0.95,0.06,0.18
PF01923,PF16053,7,9,1,6,8,1003,0.11,0.99,0.14,0.12,9,1,6,8,1003,0.11,0.99,0.14,0.12
PF05849,PF04451,0,1,0,0,1,1017,0.0,1.0,0,0,1,0,0,1,1017,0.0,1.0,0,0
PF02733,PF02734,14,17,13,1,4,1000,0.76,1.0,0.93,0.84,17,13,1,4,1000,0.76,1.0,0.93,0.84
PF05623,PF06404,5,1,0,5,1,1012,0.0,0.99,0.0,-0.0,1,0,5,1,1012,0.0,0.99,0.0,-0.0
PF03615,PF15280,5,2,0,5,2,1011,0.0,0.99,0.0,-0.0,2,0,5,2,1011,0.0,0.99,0.0,-0.0
PF14629,PF08740,8,14,2,6,12,998,0.14,0.98,0.25,0.18,14,2,6,12,998,0.14,0.98,0.25,0.18
PF16004,PF14492,10,35,6,4,29,979,0.17,0.97,0.6,0.31,35,6,4,29,979,0.17,0.97,0.6,0.31
PF16075,PF08744,0,0,0,0,0,1018,0,1.0,0,0,0,0,0,0,1018,0,1.0,0,0
PF15110,PF15849,4,0,0,4,0,1014,0,1.0,0.0,0,0,0,4,0,1014,0,1.0,0.0,0
PF07245,PF05585,5,23,4,1,19,994,0.17,0.98,0.8,0.37,23,4,1,19,994,0.17,0.98,0.8,0.37
PF02140,PF01301,31,31,14,17,17,970,0.45,0.97,0.45,0.43,31,14,17,17,970,0.45,0.97,0.45,0.43
PF06458,PF07523,0,0,0,0,0,1018,0,1.0,0,0,0,0,0,0,1018,0,1.0,0,0
PF08468,PF11697,2,0,0,2,0,1016,0,1.0,0.0,0,0,0,2,0,1016,0,1.0,0.0,0
PF03098,PF08030,28,51,16,12,35,955,0.31,0.95,0.57,0.4,51,16,12,35,955,0.31,0.95,0.57,0.4
PF07792,PF15912,2,2,0,2,2,1014,0.0,1.0,0.0,-0.0,2,0,2,2,1014,0.0,1.0,0.0,-0.0
PF14804,PF12631,2,6,1,1,5,1011,0.17,0.99,0.5,0.29,6,1,1,5,1011,0.17,0.99,0.5,0.29
PF07748,PF09261,21,21,19,2,2,995,0.9,1.0,0.9,0.9,21,19,2,2,995,0.9,1.0,0.9,0.9
PF04752,PF05910,11,10,2,9,8,999,0.2,0.98,0.18,0.18,10,2,9,8,999,0.2,0.98,0.18,0.18
PF10229,PF15008,11,0,0,11,0,1007,0,0.99,0.0,0,0,0,11,0,1007,0,0.99,0.0,0
PF03530,PF02888,14,9,8,6,1,1003,0.89,0.99,0.57,0.71,9,8,6,1,1003,0.89,0.99,0.57,0.71
PF03439,PF11942,14,7,7,7,0,1004,1.0,0.99,0.5,0.7,7,7,7,0,1004,1.0,0.99,0.5,0.7
PF06113,PF15008,4,0,0,4,0,1014,0,1.0,0.0,0,0,0,4,0,1014,0,1.0,0.0,0
PF06728,PF10246,10,9,0,10,9,999,0.0,0.98,0.0,-0.01,9,0,10,9,999,0.0,0.98,0.0,-0.01
PF05932,PF05939,1,0,0,1,0,1017,0,1.0,0.0,0,0,0,1,0,1017,0,1.0,0.0,0
PF02278,PF02884,2,1,1,1,0,1016,1.0,1.0,0.5,0.71,1,1,1,0,1016,1.0,1.0,0.5,0.71
PF15815,PF08941,1,8,1,0,7,1010,0.12,0.99,1.0,0.35,8,1,0,7,1010,0.12,0.99,1.0,0.35
PF13889,PF15557,5,0,0,5,0,1013,0,1.0,0.0,0,0,0,5,0,1013,0,1.0,0.0,0
PF06178,PF11855,0,2,0,0,2,1016,0.0,1.0,0,0,2,0,0,2,1016,0.0,1.0,0,0
PF01383,PF00502,1,0,0,1,0,1017,0,1.0,0.0,0,0,0,1,0,1017,0,1.0,0.0,0
PF03720,PF00984,6,7,6,0,1,1011,0.86,1.0,1.0,0.93,7,6,0,1,1011,0.86,1.0,1.0,0.93
PF06535,PF06534,0,0,0,0,0,1018,0,1.0,0,0,0,0,0,0,1018,0,1.0,0,0
PF03066,PF00707,6,9,1,5,8,1004,0.11,0.99,0.17,0.13,9,1,5,8,1004,0.11,0.99,0.17,0.13
PF10260,PF01599,2,6,1,1,5,1011,0.17,0.99,0.5,0.29,6,1,1,5,1011,0.17,0.99,0.5,0.29
PF08164,PF16174,14,1,0,14,1,1003,0.0,0.99,0.0,-0.0,1,0,14,1,1003,0.0,0.99,0.0,-0.0
PF10212,PF16704,4,1,1,3,0,1014,1.0,1.0,0.25,0.5,1,1,3,0,1014,1.0,1.0,0.25,0.5
PF03703,PF16060,1,5,1,0,4,1013,0.2,1.0,1.0,0.45,5,1,0,4,1013,0.2,1.0,1.0,0.45
PF02929,PF16353,5,5,5,0,0,1013,1.0,1.0,1.0,1.0,5,5,0,0,1013,1.0,1.0,1.0,1.0
PF00716,PF01314,1,4,0,1,4,1013,0.0,1.0,0.0,-0.0,4,0,1,4,1013,0.0,1.0,0.0,-0.0
PF13607,PF13380,2,8,2,0,6,1010,0.25,0.99,1.0,0.5,8,2,0,6,1010,0.25,0.99,1.0,0.5
PF10432,PF16265,2,0,0,2,0,1016,0,1.0,0.0,0,0,0,2,0,1016,0,1.0,0.0,0
PF11707,PF16201,2,3,2,0,1,1015,0.67,1.0,1.0,0.82,3,2,0,1,1015,0.67,1.0,1.0,0.82
PF05445,PF03044,2,0,0,2,0,1016,0,1.0,0.0,0,0,0,2,0,1016,0,1.0,0.0,0
PF03537,PF06206,6,1,0,6,1,1011,0.0,0.99,0.0,-0.0,1,0,6,1,1011,0.0,0.99,0.0,-0.0
PF03109,PF00144,42,68,23,19,45,931,0.34,0.94,0.55,0.4,68,23,19,45,931,0.34,0.94,0.55,0.4
PF14727,PF14728,7,5,5,2,0,1011,1.0,1.0,0.71,0.84,5,5,2,0,1011,1.0,1.0,0.71,0.84
PF04757,PF06803,29,9,4,25,5,984,0.44,0.97,0.14,0.24,9,4,25,5,984,0.44,0.97,0.14,0.24
PF00763,PF01268,24,13,12,12,1,993,0.92,0.99,0.5,0.67,13,12,12,1,993,0.92,0.99,0.5,0.67
PF03792,PF00157,4,8,4,0,4,1010,0.5,1.0,1.0,0.71,8,4,0,4,1010,0.5,1.0,1.0,0.71
PF04879,PF01568,4,5,2,2,3,1011,0.4,1.0,0.5,0.44,5,2,2,3,1011,0.4,1.0,0.5,0.44
PF04815,PF08033,26,24,23,3,1,991,0.96,1.0,0.88,0.92,24,23,3,1,991,0.96,1.0,0.88,0.92
PF08118,PF14942,1,2,0,1,2,1015,0.0,1.0,0.0,-0.0,2,0,1,2,1015,0.0,1.0,0.0,-0.0
PF15162,PF10994,0,0,0,0,0,1018,0,1.0,0,0,0,0,0,0,1018,0,1.0,0,0
PF03453,PF03454,23,16,13,10,3,992,0.81,0.99,0.57,0.67,16,13,10,3,992,0.81,0.99,0.57,0.67
PF08913,PF09141,4,10,4,0,6,1008,0.4,0.99,1.0,0.63,10,4,0,6,1008,0.4,0.99,1.0,0.63
PF07063,PF12900,6,5,1,5,4,1008,0.2,0.99,0.17,0.18,5,1,5,4,1008,0.2,0.99,0.17,0.18
PF02291,PF00473,5,5,2,3,3,1010,0.4,0.99,0.4,0.4,5,2,3,3,1010,0.4,0.99,0.4,0.4
PF02348,PF02130,5,5,0,5,5,1008,0.0,0.99,0.0,-0.0,5,0,5,5,1008,0.0,0.99,0.0,-0.0
PF00490,PF05051,16,7,4,12,3,999,0.57,0.99,0.25,0.37,7,4,12,3,999,0.57,0.99,0.25,0.37
PF02768,PF02767,7,7,7,0,0,1011,1.0,1.0,1.0,1.0,7,7,0,0,1011,1.0,1.0,1.0,1.0
PF02092,PF02091,11,5,4,7,1,1006,0.8,0.99,0.36,0.54,5,4,7,1,1006,0.8,0.99,0.36,0.54
PF10807,PF11231,0,0,0,0,0,1018,0,1.0,0,0,0,0,0,0,1018,0,1.0,0,0
PF09453,PF13925,13,6,2,11,4,1001,0.33,0.99,0.15,0.22,6,2,11,4,1001,0.33,0.99,0.15,0.22
PF15395,PF11713,0,1,0,0,1,1017,0.0,1.0,0,0,1,0,0,1,1017,0.0,1.0,0,0
PF06757,PF10325,2,3,0,2,3,1013,0.0,1.0,0.0,-0.0,3,0,2,3,1013,0.0,1.0,0.0,-0.0
PF06009,PF06008,2,4,2,0,2,1014,0.5,1.0,1.0,0.71,4,2,0,2,1014,0.5,1.0,1.0,0.71
PF02982,PF07464,5,1,0,5,1,1012,0.0,0.99,0.0,-0.0,1,0,5,1,1012,0.0,0.99,0.0,-0.0
PF10139,PF07520,0,0,0,0,0,1018,0,1.0,0,0,0,0,0,0,1018,0,1.0,0,0
PF03980,PF08561,4,5,1,3,4,1010,0.2,0.99,0.25,0.22,5,1,3,4,1010,0.2,0.99,0.25,0.22
PF12360,PF04812,3,3,1,2,2,1013,0.33,1.0,0.33,0.33,3,1,2,2,1013,0.33,1.0,0.33,0.33
PF04046,PF12214,9,7,1,8,6,1003,0.14,0.99,0.11,0.12,7,1,8,6,1003,0.14,0.99,0.11,0.12
PF09316,PF07988,5,1,1,4,0,1013,1.0,1.0,0.2,0.45,1,1,4,0,1013,1.0,1.0,0.2,0.45
PF12633,PF16449,3,0,0,3,0,1015,0,1.0,0.0,0,0,0,3,0,1015,0,1.0,0.0,0
PF08622,PF17187,2,2,2,0,0,1016,1.0,1.0,1.0,1.0,2,2,0,0,1016,1.0,1.0,1.0,1.0
PF08488,PF14380,6,10,4,2,6,1006,0.4,0.99,0.67,0.51,10,4,2,6,1006,0.4,0.99,0.67,0.51
PF11244,PF11235,0,2,0,0,2,1016,0.0,1.0,0,0,2,0,0,2,1016,0.0,1.0,0,0
PF15836,PF04352,1,0,0,1,0,1017,0,1.0,0.0,0,0,0,1,0,1017,0,1.0,0.0,0
PF04768,PF00696,10,39,7,3,32,976,0.18,0.97,0.7,0.34,39,7,3,32,976,0.18,0.97,0.7,0.34
PF12106,PF01514,1,0,0,1,0,1017,0,1.0,0.0,0,0,0,1,0,1017,0,1.0,0.0,0
PF02944,PF10545,14,43,14,0,29,975,0.33,0.97,1.0,0.56,43,14,0,29,975,0.33,0.97,1.0,0.56
PF08473,PF06668,5,3,1,4,2,1011,0.33,0.99,0.2,0.26,3,1,4,2,1011,0.33,0.99,0.2,0.26
PF01566,PF07984,20,1,0,20,1,997,0.0,0.98,0.0,-0.0,1,0,20,1,997,0.0,0.98,0.0,-0.0
PF03795,PF01828,9,7,3,6,4,1005,0.43,0.99,0.33,0.37,7,3,6,4,1005,0.43,0.99,0.33,0.37
PF00752,PF12246,30,2,1,29,1,987,0.5,0.97,0.03,0.12,2,1,29,1,987,0.5,0.97,0.03,0.12
PF07464,PF09057,1,0,0,1,0,1017,0,1.0,0.0,0,0,0,1,0,1017,0,1.0,0.0,0
PF16824,PF16822,0,0,0,0,0,1018,0,1.0,0,0,0,0,0,0,1018,0,1.0,0,0
PF07156,PF08911,14,6,3,11,3,1001,0.5,0.99,0.21,0.32,6,3,11,3,1001,0.5,0.99,0.21,0.32
PF08837,PF16071,0,0,0,0,0,1018,0,1.0,0,0,0,0,0,0,1018,0,1.0,0,0
PF00318,PF16122,25,14,9,16,5,988,0.64,0.98,0.36,0.47,14,9,16,5,988,0.64,0.98,0.36,0.47
PF10601,PF07816,24,0,0,24,0,994,0,0.98,0.0,0,0,0,24,0,994,0,0.98,0.0,0
PF02226,PF08727,12,12,12,0,0,1006,1.0,1.0,1.0,1.0,12,12,0,0,1006,1.0,1.0,1.0,1.0
PF08568,PF12463,5,2,0,5,2,1011,0.0,0.99,0.0,-0.0,2,0,5,2,1011,0.0,0.99,0.0,-0.0
PF02798,PF13409,47,16,7,40,9,962,0.44,0.95,0.15,0.24,16,7,40,9,962,0.44,0.95,0.15,0.24
PF11470,PF09429,6,9,1,5,8,1004,0.11,0.99,0.17,0.13,9,1,5,8,1004,0.11,0.99,0.17,0.13
PF15491,PF15082,0,3,0,0,3,1015,0.0,1.0,0,0,3,0,0,3,1015,0.0,1.0,0,0
PF03065,PF06355,1,2,0,1,2,1015,0.0,1.0,0.0,-0.0,2,0,1,2,1015,0.0,1.0,0.0,-0.0
PF08501,PF01487,17,13,11,6,2,999,0.85,0.99,0.65,0.74,13,11,6,2,999,0.85,0.99,0.65,0.74
PF13862,PF16053,6,9,1,5,8,1004,0.11,0.99,0.17,0.13,9,1,5,8,1004,0.11,0.99,0.17,0.13
PF07524,PF04139,19,11,3,16,8,991,0.27,0.98,0.16,0.2,11,3,16,8,991,0.27,0.98,0.16,0.2
PF11515,PF03256,9,16,7,2,9,1000,0.44,0.99,0.78,0.58,16,7,2,9,1000,0.44,0.99,0.78,0.58
PF05403,PF03973,0,0,0,0,0,1018,0,1.0,0,0,0,0,0,0,1018,0,1.0,0,0
PF15870,PF13423,8,16,3,5,13,997,0.19,0.98,0.38,0.26,16,3,5,13,997,0.19,0.98,0.38,0.26
PF03567,PF01896,16,8,3,13,5,997,0.38,0.98,0.19,0.26,8,3,13,5,997,0.38,0.98,0.19,0.26
PF13769,PF11617,0,1,0,0,1,1017,0.0,1.0,0,0,1,0,0,1,1017,0.0,1.0,0,0
PF02089,PF02284,12,6,1,11,5,1001,0.17,0.98,0.08,0.11,6,1,11,5,1001,0.17,0.98,0.08,0.11
PF02807,PF00217,18,19,16,2,3,997,0.84,1.0,0.89,0.86,19,16,2,3,997,0.84,1.0,0.89,0.86
PF14641,PF14632,12,13,11,1,2,1004,0.85,1.0,0.92,0.88,13,11,1,2,1004,0.85,1.0,0.92,0.88
PF05930,PF15529,0,0,0,0,0,1018,0,1.0,0,0,0,0,0,0,1018,0,1.0,0,0
PF03786,PF14882,1,0,0,1,0,1017,0,1.0,0.0,0,0,0,1,0,1017,0,1.0,0.0,0
PF15018,PF15063,1,0,0,1,0,1017,0,1.0,0.0,0,0,0,1,0,1017,0,1.0,0.0,0
PF02320,PF05915,13,2,1,12,1,1004,0.5,0.99,0.08,0.19,2,1,12,1,1004,0.5,0.99,0.08,0.19
PF03629,PF06206,4,1,0,4,1,1013,0.0,1.0,0.0,-0.0,1,0,4,1,1013,0.0,1.0,0.0,-0.0
PF02035,PF08847,0,0,0,0,0,1018,0,1.0,0,0,0,0,0,0,1018,0,1.0,0,0
PF02972,PF05754,0,0,0,0,0,1018,0,1.0,0,0,0,0,0,0,1018,0,1.0,0,0
PF02449,PF09822,11,5,0,11,5,1002,0.0,0.98,0.0,-0.01,5,0,11,5,1002,0.0,0.98,0.0,-0.01
PF09732,PF09368,11,3,1,10,2,1005,0.33,0.99,0.09,0.17,3,1,10,2,1005,0.33,0.99,0.09,0.17
PF10324,PF10413,31,3,3,28,0,987,1.0,0.97,0.1,0.31,3,3,28,0,987,1.0,0.97,0.1,0.31
PF10333,PF09428,0,1,0,0,1,1017,0.0,1.0,0,0,1,0,0,1,1017,0.0,1.0,0,0
PF02358,PF00982,28,22,22,6,0,990,1.0,0.99,0.79,0.88,22,22,6,0,990,1.0,0.99,0.79,0.88
PF08598,PF15346,6,2,1,5,1,1011,0.5,0.99,0.17,0.29,2,1,5,1,1011,0.5,0.99,0.17,0.29
PF11398,PF01874,0,2,0,0,2,1016,0.0,1.0,0,0,2,0,0,2,1016,0.0,1.0,0,0
PF02237,PF09825,3,2,1,2,1,1014,0.5,1.0,0.33,0.41,2,1,2,1,1014,0.5,1.0,0.33,0.41
PF08210,PF08028,8,3,3,5,0,1010,1.0,1.0,0.38,0.61,3,3,5,0,1010,1.0,1.0,0.38,0.61
PF01315,PF02738,23,23,22,1,1,994,0.96,1.0,0.96,0.96,23,22,1,1,994,0.96,1.0,0.96,0.96
PF10261,PF02560,3,5,0,3,5,1010,0.0,0.99,0.0,-0.0,5,0,3,5,1010,0.0,0.99,0.0,-0.0
PF16874,PF16875,1,1,1,0,0,1017,1.0,1.0,1.0,1.0,1,1,0,0,1017,1.0,1.0,1.0,1.0
PF00077,PF08284,13,23,4,9,19,986,0.17,0.97,0.31,0.22,23,4,9,19,986,0.17,0.97,0.31,0.22
PF02301,PF05653,11,21,2,9,19,988,0.1,0.97,0.18,0.12,21,2,9,19,988,0.1,0.97,0.18,0.12
PF05039,PF15359,0,2,0,0,2,1016,0.0,1.0,0,0,2,0,0,2,1016,0.0,1.0,0,0
PF08589,PF14519,4,0,0,4,0,1014,0,1.0,0.0,0,0,0,4,0,1014,0,1.0,0.0,0
PF04546,PF03979,4,6,4,0,2,1012,0.67,1.0,1.0,0.82,6,4,0,2,1012,0.67,1.0,1.0,0.82
PF02994,PF12259,19,5,2,17,3,996,0.4,0.98,0.11,0.2,5,2,17,3,996,0.4,0.98,0.11,0.2
PF03157,PF13402,1,3,0,1,3,1014,0.0,1.0,0.0,-0.0,3,0,1,3,1014,0.0,1.0,0.0,-0.0
PF07012,PF14362,0,0,0,0,0,1018,0,1.0,0,0,0,0,0,0,1018,0,1.0,0,0
PF16500,PF13825,1,0,0,1,0,1017,0,1.0,0.0,0,0,0,1,0,1017,0,1.0,0.0,0
PF12845,PF13870,7,3,0,7,3,1008,0.0,0.99,0.0,-0.0,3,0,7,3,1008,0.0,0.99,0.0,-0.0
PF04551,PF02901,5,7,2,3,5,1008,0.29,0.99,0.4,0.33,7,2,3,5,1008,0.29,0.99,0.4,0.33
PF06559,PF15175,1,0,0,1,0,1017,0,1.0,0.0,0,0,0,1,0,1017,0,1.0,0.0,0
PF10801,PF02907,0,1,0,0,1,1017,0.0,1.0,0,0,1,0,0,1,1017,0.0,1.0,0,0
PF05444,PF15489,3,3,0,3,3,1012,0.0,0.99,0.0,-0.0,3,0,3,3,1012,0.0,0.99,0.0,-0.0
PF04981,PF05334,5,1,0,5,1,1012,0.0,0.99,0.0,-0.0,1,0,5,1,1012,0.0,0.99,0.0,-0.0
PF05176,PF07063,3,6,0,3,6,1009,0.0,0.99,0.0,-0.0,6,0,3,6,1009,0.0,0.99,0.0,-0.0
PF03222,PF14159,1,0,0,1,0,1017,0,1.0,0.0,0,0,0,1,0,1017,0,1.0,0.0,0
PF12496,PF00616,9,20,2,7,18,991,0.1,0.98,0.22,0.14,20,2,7,18,991,0.1,0.98,0.22,0.14
PF05672,PF14738,5,4,0,5,4,1009,0.0,0.99,0.0,-0.0,4,0,5,4,1009,0.0,0.99,0.0,-0.0
PF02886,PF01273,13,12,12,1,0,1005,1.0,1.0,0.92,0.96,12,12,1,0,1005,1.0,1.0,0.92,0.96
PF11708,PF09282,12,2,1,11,1,1005,0.5,0.99,0.08,0.2,2,1,11,1,1005,0.5,0.99,0.08,0.2
PF08402,PF08352,7,4,2,5,2,1009,0.5,0.99,0.29,0.37,4,2,5,2,1009,0.5,0.99,0.29,0.37
PF00396,PF09353,12,4,1,11,3,1003,0.25,0.99,0.08,0.14,4,1,11,3,1003,0.25,0.99,0.08,0.14
PF14124,PF04848,0,3,0,0,3,1015,0.0,1.0,0,0,3,0,0,3,1015,0.0,1.0,0,0
PF12400,PF01779,4,9,0,4,9,1005,0.0,0.99,0.0,-0.01,9,0,4,9,1005,0.0,0.99,0.0,-0.01
PF13588,PF06798,2,0,0,2,0,1016,0,1.0,0.0,0,0,0,2,0,1016,0,1.0,0.0,0
PF03299,PF15929,10,0,0,10,0,1008,0,0.99,0.0,0,0,0,10,0,1008,0,0.99,0.0,0
PF02488,PF16541,0,2,0,0,2,1016,0.0,1.0,0,0,2,0,0,2,1016,0.0,1.0,0,0
PF05643,PF13006,0,3,0,0,3,1015,0.0,1.0,0,0,3,0,0,3,1015,0.0,1.0,0,0
PF11380,PF17101,7,5,5,2,0,1011,1.0,1.0,0.71,0.84,5,5,2,0,1011,1.0,1.0,0.71,0.84
PF08156,PF09785,25,5,1,24,4,989,0.2,0.97,0.04,0.08,5,1,24,4,989,0.2,0.97,0.04,0.08
PF15387,PF05838,2,0,0,2,0,1016,0,1.0,0.0,0,0,0,2,0,1016,0,1.0,0.0,0
PF03695,PF12019,2,1,0,2,1,1015,0.0,1.0,0.0,-0.0,1,0,2,1,1015,0.0,1.0,0.0,-0.0
PF01156,PF00797,21,13,5,16,8,989,0.38,0.98,0.24,0.29,13,5,16,8,989,0.38,0.98,0.24,0.29
PF15095,PF06773,1,0,0,1,0,1017,0,1.0,0.0,0,0,0,1,0,1017,0,1.0,0.0,0
PF00641,PF08604,48,7,7,41,0,970,1.0,0.96,0.15,0.37,7,7,41,0,970,1.0,0.96,0.15,0.37
PF15010,PF01705,2,8,0,2,8,1008,0.0,0.99,0.0,-0.0,8,0,2,8,1008,0.0,0.99,0.0,-0.0
PF04084,PF15929,8,0,0,8,0,1010,0,0.99,0.0,0,0,0,8,0,1010,0,0.99,0.0,0
PF00610,PF00618,38,40,13,25,27,953,0.33,0.95,0.34,0.31,40,13,25,27,953,0.33,0.95,0.34,0.31
PF05781,PF14662,4,2,2,2,0,1014,1.0,1.0,0.5,0.71,2,2,2,0,1014,1.0,1.0,0.5,0.71
PF02955,PF02951,4,4,4,0,0,1014,1.0,1.0,1.0,1.0,4,4,0,0,1014,1.0,1.0,1.0,1.0
PF03924,PF00486,8,10,2,6,8,1002,0.2,0.99,0.25,0.22,10,2,6,8,1002,0.2,0.99,0.25,0.22
PF01325,PF03090,3,0,0,3,0,1015,0,1.0,0.0,0,0,0,3,0,1015,0,1.0,0.0,0
PF08320,PF06293,14,13,5,9,8,996,0.38,0.98,0.36,0.36,13,5,9,8,996,0.38,0.98,0.36,0.36
PF00016,PF02788,5,2,2,3,0,1013,1.0,1.0,0.4,0.63,2,2,3,0,1013,1.0,1.0,0.4,0.63
PF11309,PF01226,0,8,0,0,8,1010,0.0,0.99,0,0,8,0,0,8,1010,0.0,0.99,0,0
PF01582,PF07725,40,14,13,27,1,977,0.93,0.97,0.33,0.54,14,13,27,1,977,0.93,0.97,0.33,0.54
PF10186,PF09816,8,6,1,7,5,1005,0.17,0.99,0.12,0.14,6,1,7,5,1005,0.17,0.99,0.12,0.14
PF05694,PF08229,6,4,1,5,3,1009,0.25,0.99,0.17,0.2,4,1,5,3,1009,0.25,0.99,0.17,0.2
PF09157,PF09183,3,1,1,2,0,1015,1.0,1.0,0.33,0.58,1,1,2,0,1015,1.0,1.0,0.33,0.58
PF12871,PF14849,5,2,0,5,2,1011,0.0,0.99,0.0,-0.0,2,0,5,2,1011,0.0,0.99,0.0,-0.0
PF04094,PF04195,4,8,2,2,6,1008,0.25,0.99,0.5,0.35,8,2,2,6,1008,0.25,0.99,0.5,0.35
PF02173,PF12498,6,2,2,4,0,1012,1.0,1.0,0.33,0.58,2,2,4,0,1012,1.0,1.0,0.33,0.58
PF03909,PF08567,19,8,8,11,0,999,1.0,0.99,0.42,0.65,8,8,11,0,999,1.0,0.99,0.42,0.65
PF15982,PF14360,2,10,0,2,10,1006,0.0,0.99,0.0,-0.0,10,0,2,10,1006,0.0,0.99,0.0,-0.0
PF03738,PF11965,0,2,0,0,2,1016,0.0,1.0,0,0,2,0,0,2,1016,0.0,1.0,0,0
PF04088,PF08397,2,7,1,1,6,1010,0.14,0.99,0.5,0.26,7,1,1,6,1010,0.14,0.99,0.5,0.26
PF01174,PF03102,3,2,0,3,2,1013,0.0,1.0,0.0,-0.0,2,0,3,2,1013,0.0,1.0,0.0,-0.0
PF16503,PF06041,8,8,2,6,6,1004,0.25,0.99,0.25,0.24,8,2,6,6,1004,0.25,0.99,0.25,0.24
PF14552,PF00669,1,1,0,1,1,1016,0.0,1.0,0.0,-0.0,1,0,1,1,1016,0.0,1.0,0.0,-0.0
PF02646,PF05065,4,1,1,3,0,1014,1.0,1.0,0.25,0.5,1,1,3,0,1014,1.0,1.0,0.25,0.5
PF04168,PF02281,0,0,0,0,0,1018,0,1.0,0,0,0,0,0,0,1018,0,1.0,0,0
PF06695,PF15062,0,0,0,0,0,1018,0,1.0,0,0,0,0,0,0,1018,0,1.0,0,0
PF08551,PF14279,5,0,0,5,0,1013,0,1.0,0.0,0,0,0,5,0,1013,0,1.0,0.0,0
PF08801,PF03177,17,15,14,3,1,1000,0.93,1.0,0.82,0.87,15,14,3,1,1000,0.93,1.0,0.82,0.87
PF00260,PF08515,1,8,0,1,8,1009,0.0,0.99,0.0,-0.0,8,0,1,8,1009,0.0,0.99,0.0,-0.0
PF00868,PF00927,7,9,7,0,2,1009,0.78,1.0,1.0,0.88,9,7,0,2,1009,0.78,1.0,1.0,0.88
PF01059,PF06444,0,1,0,0,1,1017,0.0,1.0,0,0,1,0,0,1,1017,0.0,1.0,0,0
PF10991,PF17056,0,0,0,0,0,1018,0,1.0,0,0,0,0,0,0,1018,0,1.0,0,0
PF13580,PF08345,2,1,0,2,1,1015,0.0,1.0,0.0,-0.0,1,0,2,1,1015,0.0,1.0,0.0,-0.0
PF05405,PF02284,8,6,1,7,5,1005,0.17,0.99,0.12,0.14,6,1,7,5,1005,0.17,0.99,0.12,0.14
PF15667,PF03244,0,0,0,0,0,1018,0,1.0,0,0,0,0,0,0,1018,0,1.0,0,0
PF07137,PF13097,3,4,0,3,4,1011,0.0,0.99,0.0,-0.0,4,0,3,4,1011,0.0,0.99,0.0,-0.0
PF14777,PF14886,4,4,3,1,1,1013,0.75,1.0,0.75,0.75,4,3,1,1,1013,0.75,1.0,0.75,0.75
PF15318,PF16840,0,0,0,0,0,1018,0,1.0,0,0,0,0,0,0,1018,0,1.0,0,0
PF05014,PF06581,3,0,0,3,0,1015,0,1.0,0.0,0,0,0,3,0,1015,0,1.0,0.0,0
PF09614,PF09611,0,0,0,0,0,1018,0,1.0,0,0,0,0,0,0,1018,0,1.0,0,0
PF04314,PF09611,0,0,0,0,0,1018,0,1.0,0,0,0,0,0,0,1018,0,1.0,0,0
PF02558,PF08546,27,20,20,7,0,991,1.0,0.99,0.74,0.86,20,20,7,0,991,1.0,0.99,0.74,0.86
PF10427,PF12938,2,4,1,1,3,1013,0.25,1.0,0.5,0.35,4,1,1,3,1013,0.25,1.0,0.5,0.35
PF13701,PF08813,0,0,0,0,0,1018,0,1.0,0,0,0,0,0,0,1018,0,1.0,0,0
PF07415,PF08020,0,0,0,0,0,1018,0,1.0,0,0,0,0,0,0,1018,0,1.0,0,0
PF07271,PF15400,0,0,0,0,0,1018,0,1.0,0,0,0,0,0,0,1018,0,1.0,0,0
PF14388,PF12680,13,7,1,12,6,999,0.14,0.98,0.08,0.1,7,1,12,6,999,0.14,0.98,0.08,0.1
PF10032,PF15378,4,0,0,4,0,1014,0,1.0,0.0,0,0,0,4,0,1014,0,1.0,0.0,0
PF07713,PF12457,11,7,2,9,5,1002,0.29,0.99,0.18,0.22,7,2,9,5,1002,0.29,0.99,0.18,0.22
PF02466,PF01192,29,5,3,26,2,987,0.6,0.97,0.1,0.24,5,3,26,2,987,0.6,0.97,0.1,0.24
PF11628,PF16680,4,3,1,3,2,1012,0.33,1.0,0.25,0.29,3,1,3,2,1012,0.33,1.0,0.25,0.29
PF14535,PF07074,1,8,1,0,7,1010,0.12,0.99,1.0,0.35,8,1,0,7,1010,0.12,0.99,1.0,0.35
PF14094,PF09655,0,0,0,0,0,1018,0,1.0,0,0,0,0,0,0,1018,0,1.0,0,0
PF00933,PF01915,35,33,32,3,1,982,0.97,1.0,0.91,0.94,33,32,3,1,982,0.97,1.0,0.91,0.94
PF09229,PF08327,18,17,16,2,1,999,0.94,1.0,0.89,0.91,17,16,2,1,999,0.94,1.0,0.89,0.91
PF01661,PF13716,30,29,14,16,15,973,0.48,0.97,0.47,0.46,29,14,16,15,973,0.48,0.97,0.47,0.46
PF13462,PF01097,10,3,0,10,3,1005,0.0,0.99,0.0,-0.01,3,0,10,3,1005,0.0,0.99,0.0,-0.01
PF10988,PF13722,0,0,0,0,0,1018,0,1.0,0,0,0,0,0,0,1018,0,1.0,0,0
PF11709,PF01226,6,8,1,5,7,1005,0.12,0.99,0.17,0.14,8,1,5,7,1005,0.12,0.99,0.17,0.14
PF04139,PF09755,11,4,2,9,2,1005,0.5,0.99,0.18,0.3,4,2,9,2,1005,0.5,0.99,0.18,0.3
PF14802,PF09496,0,4,0,0,4,1014,0.0,1.0,0,0,4,0,0,4,1014,0.0,1.0,0,0
PF15503,PF15062,1,0,0,1,0,1017,0,1.0,0.0,0,0,0,1,0,1017,0,1.0,0.0,0
PF07943,PF00768,6,7,6,0,1,1011,0.86,1.0,1.0,0.93,7,6,0,1,1011,0.86,1.0,1.0,0.93
PF06565,PF00334,6,24,3,3,21,991,0.12,0.98,0.5,0.24,24,3,3,21,991,0.12,0.98,0.5,0.24
PF05989,PF05357,0,0,0,0,0,1018,0,1.0,0,0,0,0,0,0,1018,0,1.0,0,0
PF00758,PF15129,3,1,1,2,0,1015,1.0,1.0,0.33,0.58,1,1,2,0,1015,1.0,1.0,0.33,0.58
PF12965,PF02557,0,2,0,0,2,1016,0.0,1.0,0,0,2,0,0,2,1016,0.0,1.0,0,0
PF09364,PF09363,2,2,2,0,0,1016,1.0,1.0,1.0,1.0,2,2,0,0,1016,1.0,1.0,1.0,1.0
PF06001,PF08214,12,22,12,0,10,996,0.55,0.99,1.0,0.73,22,12,0,10,996,0.55,0.99,1.0,0.73
PF10515,PF02177,8,9,8,0,1,1009,0.89,1.0,1.0,0.94,9,8,0,1,1009,0.89,1.0,1.0,0.94
PF08590,PF17146,14,7,4,10,3,1001,0.57,0.99,0.29,0.4,7,4,10,3,1001,0.57,0.99,0.29,0.4
PF05556,PF14877,5,4,0,5,4,1009,0.0,0.99,0.0,-0.0,4,0,5,4,1009,0.0,0.99,0.0,-0.0
PF16829,PF15872,0,0,0,0,0,1018,0,1.0,0,0,0,0,0,0,1018,0,1.0,0,0
PF03022,PF03417,6,6,0,6,6,1006,0.0,0.99,0.0,-0.01,6,0,6,6,1006,0.0,0.99,0.0,-0.01
PF08317,PF05513,5,1,1,4,0,1013,1.0,1.0,0.2,0.45,1,1,4,0,1013,1.0,1.0,0.2,0.45
PF07717,PF04408,70,80,69,1,11,937,0.86,0.99,0.99,0.92,80,69,1,11,937,0.86,0.99,0.99,0.92
PF09737,PF11635,5,7,1,4,6,1007,0.14,0.99,0.2,0.16,7,1,4,6,1007,0.14,0.99,0.2,0.16
PF15849,PF07259,0,1,0,0,1,1017,0.0,1.0,0,0,1,0,0,1,1017,0.0,1.0,0,0
PF02616,PF07409,0,0,0,0,0,1018,0,1.0,0,0,0,0,0,0,1018,0,1.0,0,0
PF12489,PF15965,3,6,0,3,6,1009,0.0,0.99,0.0,-0.0,6,0,3,6,1009,0.0,0.99,0.0,-0.0
PF00033,PF00115,11,17,10,1,7,1000,0.59,0.99,0.91,0.73,17,10,1,7,1000,0.59,0.99,0.91,0.73
PF09529,PF06798,0,0,0,0,0,1018,0,1.0,0,0,0,0,0,0,1018,0,1.0,0,0
PF08571,PF17221,8,1,0,8,1,1009,0.0,0.99,0.0,-0.0,1,0,8,1,1009,0.0,0.99,0.0,-0.0
PF11288,PF00519,0,5,0,0,5,1013,0.0,1.0,0,0,5,0,0,5,1013,0.0,1.0,0,0
PF00147,PF07546,51,5,4,47,1,966,0.8,0.95,0.08,0.24,5,4,47,1,966,0.8,0.95,0.08,0.24
PF12158,PF01316,0,2,0,0,2,1016,0.0,1.0,0,0,2,0,0,2,1016,0.0,1.0,0,0
PF03502,PF03772,0,4,0,0,4,1014,0.0,1.0,0,0,4,0,0,4,1014,0.0,1.0,0,0
PF04910,PF15929,8,0,0,8,0,1010,0,0.99,0.0,0,0,0,8,0,1010,0,0.99,0.0,0
PF00471,PF05912,4,3,2,2,1,1013,0.67,1.0,0.5,0.58,3,2,2,1,1013,0.67,1.0,0.5,0.58
PF08491,PF12831,4,9,4,0,5,1009,0.44,1.0,1.0,0.67,9,4,0,5,1009,0.44,1.0,1.0,0.67
PF07733,PF14579,13,13,13,0,0,1005,1.0,1.0,1.0,1.0,13,13,0,0,1005,1.0,1.0,1.0,1.0
PF04613,PF13720,9,2,1,8,1,1008,0.5,0.99,0.11,0.23,2,1,8,1,1008,0.5,0.99,0.11,0.23
PF07452,PF00093,1,24,1,0,23,994,0.04,0.98,1.0,0.2,24,1,0,23,994,0.04,0.98,1.0,0.2
PF04435,PF15362,7,1,0,7,1,1010,0.0,0.99,0.0,-0.0,1,0,7,1,1010,0.0,0.99,0.0,-0.0
PF05839,PF01428,4,26,2,2,24,990,0.08,0.97,0.5,0.19,26,2,2,24,990,0.08,0.97,0.5,0.19
PF09261,PF07748,21,21,19,2,2,995,0.9,1.0,0.9,0.9,21,19,2,2,995,0.9,1.0,0.9,0.9
PF06679,PF04736,0,1,0,0,1,1017,0.0,1.0,0,0,1,0,0,1,1017,0.0,1.0,0,0
PF01603,PF04729,21,7,4,17,3,994,0.57,0.98,0.19,0.32,7,4,17,3,994,0.57,0.98,0.19,0.32
PF08768,PF01549,3,43,3,0,40,975,0.07,0.96,1.0,0.26,43,3,0,40,975,0.07,0.96,1.0,0.26
PF06972,PF07001,2,5,0,2,5,1011,0.0,0.99,0.0,-0.0,5,0,2,5,1011,0.0,0.99,0.0,-0.0
PF02152,PF01288,11,11,7,4,4,1003,0.64,0.99,0.64,0.63,11,7,4,4,1003,0.64,0.99,0.64,0.63
PF05203,PF15624,7,4,1,6,3,1008,0.25,0.99,0.14,0.18,4,1,6,3,1008,0.25,0.99,0.14,0.18
PF11731,PF16064,0,7,0,0,7,1011,0.0,0.99,0,0,7,0,0,7,1011,0.0,0.99,0,0
PF08953,PF09453,9,13,1,8,12,997,0.08,0.98,0.11,0.08,13,1,8,12,997,0.08,0.98,0.11,0.08
PF01199,PF04690,13,2,1,12,1,1004,0.5,0.99,0.08,0.19,2,1,12,1,1004,0.5,0.99,0.08,0.19
PF04147,PF07975,13,4,1,12,3,1002,0.25,0.99,0.08,0.13,4,1,12,3,1002,0.25,0.99,0.08,0.13
PF08429,PF02928,12,10,9,3,1,1005,0.9,1.0,0.75,0.82,10,9,3,1,1005,0.9,1.0,0.75,0.82
PF00930,PF02897,13,15,4,9,11,994,0.27,0.98,0.31,0.28,15,4,9,11,994,0.27,0.98,0.31,0.28
PF15510,PF04965,1,0,0,1,0,1017,0,1.0,0.0,0,0,0,1,0,1017,0,1.0,0.0,0
PF10609,PF01883,21,16,3,18,13,984,0.19,0.97,0.14,0.15,16,3,18,13,984,0.19,0.97,0.14,0.15
PF08490,PF08996,13,12,6,7,6,999,0.5,0.99,0.46,0.47,12,6,7,6,999,0.5,0.99,0.46,0.47
PF08153,PF08701,6,3,1,5,2,1010,0.33,0.99,0.17,0.23,3,1,5,2,1010,0.33,0.99,0.17,0.23
PF10667,PF15207,1,1,0,1,1,1016,0.0,1.0,0.0,-0.0,1,0,1,1,1016,0.0,1.0,0.0,-0.0
PF14775,PF13166,4,0,0,4,0,1014,0,1.0,0.0,0,0,0,4,0,1014,0,1.0,0.0,0
PF09850,PF01364,1,2,0,1,2,1015,0.0,1.0,0.0,-0.0,2,0,1,2,1015,0.0,1.0,0.0,-0.0
PF12928,PF10307,9,1,0,9,1,1008,0.0,0.99,0.0,-0.0,1,0,9,1,1008,0.0,0.99,0.0,-0.0
PF05336,PF06711,2,0,0,2,0,1016,0,1.0,0.0,0,0,0,2,0,1016,0,1.0,0.0,0
PF02381,PF17060,2,1,0,2,1,1015,0.0,1.0,0.0,-0.0,1,0,2,1,1015,0.0,1.0,0.0,-0.0
PF08466,PF01007,1,14,1,0,13,1004,0.07,0.99,1.0,0.27,14,1,0,13,1004,0.07,0.99,1.0,0.27
PF16878,PF00157,14,8,4,10,4,1000,0.5,0.99,0.29,0.37,8,4,10,4,1000,0.5,0.99,0.29,0.37
PF12026,PF08824,4,1,1,3,0,1014,1.0,1.0,0.25,0.5,1,1,3,0,1014,1.0,1.0,0.25,0.5
PF02073,PF15834,1,0,0,1,0,1017,0,1.0,0.0,0,0,0,1,0,1017,0,1.0,0.0,0
PF09545,PF08108,0,0,0,0,0,1018,0,1.0,0,0,0,0,0,0,1018,0,1.0,0,0
PF01754,PF01428,10,26,6,4,20,988,0.23,0.98,0.6,0.36,26,6,4,20,988,0.23,0.98,0.6,0.36
PF14861,PF17223,0,1,0,0,1,1017,0.0,1.0,0,0,1,0,0,1,1017,0.0,1.0,0,0
PF14575,PF01404,6,6,5,1,1,1011,0.83,1.0,0.83,0.83,6,5,1,1,1011,0.83,1.0,0.83,0.83
PF09068,PF09069,7,6,6,1,0,1011,1.0,1.0,0.86,0.93,6,6,1,0,1011,1.0,1.0,0.86,0.93
PF15082,PF09322,3,0,0,3,0,1015,0,1.0,0.0,0,0,0,3,0,1015,0,1.0,0.0,0
PF10574,PF09786,0,7,0,0,7,1011,0.0,0.99,0,0,7,0,0,7,1011,0.0,0.99,0,0
PF02758,PF14484,9,11,5,4,6,1003,0.45,0.99,0.56,0.5,11,5,4,6,1003,0.45,0.99,0.56,0.5
PF07534,PF12068,18,9,1,17,8,992,0.11,0.98,0.06,0.07,9,1,17,8,992,0.11,0.98,0.06,0.07
PF04144,PF00992,14,5,3,11,2,1002,0.6,0.99,0.21,0.35,5,3,11,2,1002,0.6,0.99,0.21,0.35
PF11379,PF14328,1,0,0,1,0,1017,0,1.0,0.0,0,0,0,1,0,1017,0,1.0,0.0,0
PF05230,PF02277,0,3,0,0,3,1015,0.0,1.0,0,0,3,0,0,3,1015,0.0,1.0,0,0
PF09664,PF09983,3,3,3,0,0,1015,1.0,1.0,1.0,1.0,3,3,0,0,1015,1.0,1.0,1.0,1.0
PF13449,PF05014,4,3,1,3,2,1012,0.33,1.0,0.25,0.29,3,1,3,2,1012,0.33,1.0,0.25,0.29
PF07894,PF08313,5,13,1,4,12,1001,0.08,0.98,0.2,0.12,13,1,4,12,1001,0.08,0.98,0.2,0.12
PF01924,PF02119,2,2,0,2,2,1014,0.0,1.0,0.0,-0.0,2,0,2,2,1014,0.0,1.0,0.0,-0.0
PF15174,PF09677,0,0,0,0,0,1018,0,1.0,0,0,0,0,0,0,1018,0,1.0,0,0
PF00375,PF03096,12,3,1,11,2,1004,0.33,0.99,0.08,0.16,3,1,11,2,1004,0.33,0.99,0.08,0.16
PF04841,PF04840,9,14,9,0,5,1004,0.64,1.0,1.0,0.8,14,9,0,5,1004,0.64,1.0,1.0,0.8
PF15852,PF07359,0,0,0,0,0,1018,0,1.0,0,0,0,0,0,0,1018,0,1.0,0,0
PF00888,PF10557,39,28,28,11,0,979,1.0,0.99,0.72,0.84,28,28,11,0,979,1.0,0.99,0.72,0.84
PF14744,PF14745,8,6,6,2,0,1010,1.0,1.0,0.75,0.87,6,6,2,0,1010,1.0,1.0,0.75,0.87
PF02624,PF06798,0,0,0,0,0,1018,0,1.0,0,0,0,0,0,0,1018,0,1.0,0,0
PF03875,PF06042,1,1,0,1,1,1016,0.0,1.0,0.0,-0.0,1,0,1,1,1016,0.0,1.0,0.0,-0.0
PF04710,PF16720,4,1,0,4,1,1013,0.0,1.0,0.0,-0.0,1,0,4,1,1013,0.0,1.0,0.0,-0.0
PF14159,PF03350,0,1,0,0,1,1017,0.0,1.0,0,0,1,0,0,1,1017,0.0,1.0,0,0
PF10479,PF00680,8,12,1,7,11,999,0.08,0.98,0.12,0.09,12,1,7,11,999,0.08,0.98,0.12,0.09
PF02570,PF13557,4,4,1,3,3,1011,0.25,0.99,0.25,0.25,4,1,3,3,1011,0.25,0.99,0.25,0.25
PF00165,PF04422,6,0,0,6,0,1012,0,0.99,0.0,0,0,0,6,0,1012,0,0.99,0.0,0
PF01697,PF04646,29,7,1,28,6,983,0.14,0.97,0.03,0.06,7,1,28,6,983,0.14,0.97,0.03,0.06
PF07430,PF15722,0,0,0,0,0,1018,0,1.0,0,0,0,0,0,0,1018,0,1.0,0,0
PF00219,PF00007,8,9,4,4,5,1005,0.44,0.99,0.5,0.47,9,4,4,5,1005,0.44,0.99,0.5,0.47
PF03509,PF16791,0,0,0,0,0,1018,0,1.0,0,0,0,0,0,0,1018,0,1.0,0,0
PF17012,PF04290,0,6,0,0,6,1012,0.0,0.99,0,0,6,0,0,6,1012,0.0,0.99,0,0
PF07528,PF16482,9,4,2,7,2,1007,0.5,0.99,0.22,0.33,4,2,7,2,1007,0.5,0.99,0.22,0.33
PF13888,PF13887,6,6,6,0,0,1012,1.0,1.0,1.0,1.0,6,6,0,0,1012,1.0,1.0,1.0,1.0
PF07304,PF09453,5,13,2,3,11,1002,0.15,0.99,0.4,0.24,13,2,3,11,1002,0.15,0.99,0.4,0.24
PF10339,PF14743,0,3,0,0,3,1015,0.0,1.0,0,0,3,0,0,3,1015,0.0,1.0,0,0
PF11718,PF07521,12,24,11,1,13,993,0.46,0.99,0.92,0.64,24,11,1,13,993,0.46,0.99,0.92,0.64
PF15059,PF15622,3,0,0,3,0,1015,0,1.0,0.0,0,0,0,3,0,1015,0,1.0,0.0,0
PF17097,PF07834,0,2,0,0,2,1016,0.0,1.0,0,0,2,0,0,2,1016,0.0,1.0,0,0
PF05075,PF03436,0,1,0,0,1,1017,0.0,1.0,0,0,1,0,0,1,1017,0.0,1.0,0,0
PF03533,PF09664,3,3,3,0,0,1015,1.0,1.0,1.0,1.0,3,3,0,0,1015,1.0,1.0,1.0,1.0
PF15013,PF10244,1,8,0,1,8,1009,0.0,0.99,0.0,-0.0,8,0,1,8,1009,0.0,0.99,0.0,-0.0
PF08036,PF15041,0,1,0,0,1,1017,0.0,1.0,0,0,1,0,0,1,1017,0.0,1.0,0,0
PF15919,PF00351,0,22,0,0,22,996,0.0,0.98,0,0,22,0,0,22,996,0.0,0.98,0,0
PF00870,PF08563,5,2,2,3,0,1013,1.0,1.0,0.4,0.63,2,2,3,0,1013,1.0,1.0,0.4,0.63
PF03958,PF07963,2,2,2,0,0,1016,1.0,1.0,1.0,1.0,2,2,0,0,1016,1.0,1.0,1.0,1.0
PF08375,PF09440,8,5,1,7,4,1006,0.2,0.99,0.12,0.15,5,1,7,4,1006,0.2,0.99,0.12,0.15
PF03588,PF17078,1,1,0,1,1,1016,0.0,1.0,0.0,-0.0,1,0,1,1,1016,0.0,1.0,0.0,-0.0
PF00094,PF08742,36,29,28,8,1,981,0.97,0.99,0.78,0.86,29,28,8,1,981,0.97,0.99,0.78,0.86
PF01017,PF02865,2,4,2,0,2,1014,0.5,1.0,1.0,0.71,4,2,0,2,1014,0.5,1.0,1.0,0.71
PF05731,PF05386,5,2,2,3,0,1013,1.0,1.0,0.4,0.63,2,2,3,0,1013,1.0,1.0,0.4,0.63
PF06676,PF01750,0,2,0,0,2,1016,0.0,1.0,0,0,2,0,0,2,1016,0.0,1.0,0,0
PF10767,PF17025,0,0,0,0,0,1018,0,1.0,0,0,0,0,0,0,1018,0,1.0,0,0
PF14639,PF14635,13,13,13,0,0,1005,1.0,1.0,1.0,1.0,13,13,0,0,1005,1.0,1.0,1.0,1.0
PF01295,PF03038,1,0,0,1,0,1017,0,1.0,0.0,0,0,0,1,0,1017,0,1.0,0.0,0
PF03834,PF07816,14,0,0,14,0,1004,0,0.99,0.0,0,0,0,14,0,1004,0,0.99,0.0,0
PF11070,PF06890,0,0,0,0,0,1018,0,1.0,0,0,0,0,0,0,1018,0,1.0,0,0
PF12877,PF16019,5,0,0,5,0,1013,0,1.0,0.0,0,0,0,5,0,1013,0,1.0,0.0,0
PF08795,PF06724,0,0,0,0,0,1018,0,1.0,0,0,0,0,0,0,1018,0,1.0,0,0
PF00642,PF15815,71,1,1,70,0,947,1.0,0.93,0.01,0.11,1,1,70,0,947,1.0,0.93,0.01,0.11
PF01035,PF01910,15,1,0,15,1,1002,0.0,0.98,0.0,-0.0,1,0,15,1,1002,0.0,0.98,0.0,-0.0
PF01252,PF03971,4,1,0,4,1,1013,0.0,1.0,0.0,-0.0,1,0,4,1,1013,0.0,1.0,0.0,-0.0
PF15834,PF08411,0,1,0,0,1,1017,0.0,1.0,0,0,1,0,0,1,1017,0.0,1.0,0,0
PF04195,PF11500,8,1,0,8,1,1009,0.0,0.99,0.0,-0.0,1,0,8,1,1009,0.0,0.99,0.0,-0.0
PF06183,PF07385,0,0,0,0,0,1018,0,1.0,0,0,0,0,0,0,1018,0,1.0,0,0
PF01857,PF11934,1,2,1,0,1,1016,0.5,1.0,1.0,0.71,2,1,0,1,1016,0.5,1.0,1.0,0.71
PF04982,PF02033,7,6,0,7,6,1005,0.0,0.99,0.0,-0.01,6,0,7,6,1005,0.0,0.99,0.0,-0.01
PF15325,PF06876,1,0,0,1,0,1017,0,1.0,0.0,0,0,0,1,0,1017,0,1.0,0.0,0
PF02475,PF02676,22,10,7,15,3,993,0.7,0.98,0.32,0.46,10,7,15,3,993,0.7,0.98,0.32,0.46
PF05758,PF10350,3,11,1,2,10,1005,0.09,0.99,0.33,0.17,11,1,2,10,1005,0.09,0.99,0.33,0.17
PF03324,PF13750,0,0,0,0,0,1018,0,1.0,0,0,0,0,0,0,1018,0,1.0,0,0
PF10346,PF14232,1,0,0,1,0,1017,0,1.0,0.0,0,0,0,1,0,1017,0,1.0,0.0,0
PF14624,PF13757,8,0,0,8,0,1010,0,0.99,0.0,0,0,0,8,0,1010,0,0.99,0.0,0
PF08887,PF03525,0,0,0,0,0,1018,0,1.0,0,0,0,0,0,0,1018,0,1.0,0,0
PF08611,PF07510,6,1,0,6,1,1011,0.0,0.99,0.0,-0.0,1,0,6,1,1011,0.0,0.99,0.0,-0.0
PF08014,PF05841,1,0,0,1,0,1017,0,1.0,0.0,0,0,0,1,0,1017,0,1.0,0.0,0
PF03793,PF03241,3,0,0,3,0,1015,0,1.0,0.0,0,0,0,3,0,1015,0,1.0,0.0,0
PF09580,PF13828,0,0,0,0,0,1018,0,1.0,0,0,0,0,0,0,1018,0,1.0,0,0
PF00317,PF02867,11,14,11,0,3,1004,0.79,1.0,1.0,0.89,14,11,0,3,1004,0.79,1.0,1.0,0.89
PF13764,PF16399,9,14,2,7,12,997,0.14,0.98,0.22,0.17,14,2,7,12,997,0.14,0.98,0.22,0.17
PF01421,PF01562,33,32,26,7,6,979,0.81,0.99,0.79,0.79,32,26,7,6,979,0.81,0.99,0.79,0.79
PF04414,PF10340,3,0,0,3,0,1015,0,1.0,0.0,0,0,0,3,0,1015,0,1.0,0.0,0
PF16952,PF12437,2,2,1,1,1,1015,0.5,1.0,0.5,0.5,2,1,1,1,1015,0.5,1.0,0.5,0.5
PF02919,PF14370,7,6,6,1,0,1011,1.0,1.0,0.86,0.93,6,6,1,0,1011,1.0,1.0,0.86,0.93
PF09766,PF07978,9,17,3,6,14,995,0.18,0.98,0.33,0.23,17,3,6,14,995,0.18,0.98,0.33,0.23
PF09655,PF14094,0,0,0,0,0,1018,0,1.0,0,0,0,0,0,0,1018,0,1.0,0,0
PF00319,PF12346,20,1,0,20,1,997,0.0,0.98,0.0,-0.0,1,0,20,1,997,0.0,0.98,0.0,-0.0
PF02585,PF10183,13,9,2,11,7,998,0.22,0.98,0.15,0.18,9,2,11,7,998,0.22,0.98,0.15,0.18
PF00644,PF12174,44,7,5,39,2,972,0.71,0.96,0.11,0.27,7,5,39,2,972,0.71,0.96,0.11,0.27
PF00945,PF14534,4,0,0,4,0,1014,0,1.0,0.0,0,0,0,4,0,1014,0,1.0,0.0,0
PF16859,PF02129,0,20,0,0,20,998,0.0,0.98,0,0,20,0,0,20,998,0.0,0.98,0,0
PF12769,PF02233,6,7,6,0,1,1011,0.86,1.0,1.0,0.93,7,6,0,1,1011,0.86,1.0,1.0,0.93
PF09770,PF03993,3,2,0,3,2,1013,0.0,1.0,0.0,-0.0,2,0,3,2,1013,0.0,1.0,0.0,-0.0
PF02793,PF01825,20,33,6,14,27,971,0.18,0.96,0.3,0.21,33,6,14,27,971,0.18,0.96,0.3,0.21
PF02728,PF02727,18,17,13,5,4,996,0.76,0.99,0.72,0.74,17,13,5,4,996,0.76,0.99,0.72,0.74
PF02158,PF07204,4,4,2,2,2,1012,0.5,1.0,0.5,0.5,4,2,2,2,1012,0.5,1.0,0.5,0.5
PF08789,PF11515,0,9,0,0,9,1009,0.0,0.99,0,0,9,0,0,9,1009,0.0,0.99,0,0
PF07498,PF07497,12,3,3,9,0,1006,1.0,0.99,0.25,0.5,3,3,9,0,1006,1.0,0.99,0.25,0.5
PF05535,PF06729,0,0,0,0,0,1018,0,1.0,0,0,0,0,0,0,1018,0,1.0,0,0
PF06232,PF07333,4,1,0,4,1,1013,0.0,1.0,0.0,-0.0,1,0,4,1,1013,0.0,1.0,0.0,-0.0
PF04286,PF07434,2,0,0,2,0,1016,0,1.0,0.0,0,0,0,2,0,1016,0,1.0,0.0,0
PF16822,PF08497,0,0,0,0,0,1018,0,1.0,0,0,0,0,0,0,1018,0,1.0,0,0
PF02837,PF02929,16,5,5,11,0,1002,1.0,0.99,0.31,0.56,5,5,11,0,1002,1.0,0.99,0.31,0.56
PF00014,PF10223,48,2,2,46,0,970,1.0,0.95,0.04,0.2,2,2,46,0,970,1.0,0.95,0.04,0.2
PF04589,PF12031,1,8,1,0,7,1010,0.12,0.99,1.0,0.35,8,1,0,7,1010,0.12,0.99,1.0,0.35
PF14021,PF08591,0,0,0,0,0,1018,0,1.0,0,0,0,0,0,0,1018,0,1.0,0,0
PF06585,PF16984,11,3,2,9,1,1006,0.67,0.99,0.18,0.34,3,2,9,1,1006,0.67,0.99,0.18,0.34
PF02730,PF07411,4,0,0,4,0,1014,0,1.0,0.0,0,0,0,4,0,1014,0,1.0,0.0,0
PF03957,PF12498,3,2,2,1,0,1015,1.0,1.0,0.67,0.82,2,2,1,0,1015,1.0,1.0,0.67,0.82
PF10380,PF09818,1,1,0,1,1,1016,0.0,1.0,0.0,-0.0,1,0,1,1,1016,0.0,1.0,0.0,-0.0
PF07109,PF03882,2,0,0,2,0,1016,0,1.0,0.0,0,0,0,2,0,1016,0,1.0,0.0,0
PF05022,PF08640,11,10,3,8,7,1000,0.3,0.99,0.27,0.28,10,3,8,7,1000,0.3,0.99,0.27,0.28
PF15474,PF07833,1,6,0,1,6,1011,0.0,0.99,0.0,-0.0,6,0,1,6,1011,0.0,0.99,0.0,-0.0
PF06467,PF12012,4,10,3,1,7,1007,0.3,0.99,0.75,0.47,10,3,1,7,1007,0.3,0.99,0.75,0.47
PF00954,PF08276,26,20,18,8,2,990,0.9,0.99,0.69,0.78,20,18,8,2,990,0.9,0.99,0.69,0.78
PF04563,PF04561,21,4,3,18,1,996,0.75,0.98,0.14,0.32,4,3,18,1,996,0.75,0.98,0.14,0.32
PF05766,PF07022,0,1,0,0,1,1017,0.0,1.0,0,0,1,0,0,1,1017,0.0,1.0,0,0
PF04870,PF10179,14,3,0,14,3,1001,0.0,0.98,0.0,-0.01,3,0,14,3,1001,0.0,0.98,0.0,-0.01
PF04348,PF12437,1,2,0,1,2,1015,0.0,1.0,0.0,-0.0,2,0,1,2,1015,0.0,1.0,0.0,-0.0
PF06683,PF12121,0,0,0,0,0,1018,0,1.0,0,0,0,0,0,0,1018,0,1.0,0,0
PF01248,PF07896,35,5,3,32,2,981,0.6,0.97,0.09,0.22,5,3,32,2,981,0.6,0.97,0.09,0.22
PF06809,PF03359,6,9,2,4,7,1005,0.22,0.99,0.33,0.27,9,2,4,7,1005,0.22,0.99,0.33,0.27
PF12708,PF06964,13,14,6,7,8,997,0.43,0.99,0.46,0.44,14,6,7,8,997,0.43,0.99,0.46,0.44
PF05434,PF04756,6,11,3,3,8,1004,0.27,0.99,0.5,0.36,11,3,3,8,1004,0.27,0.99,0.5,0.36
PF10717,PF03265,0,18,0,0,18,1000,0.0,0.98,0,0,18,0,0,18,1000,0.0,0.98,0,0
PF12215,PF04685,8,5,5,3,0,1010,1.0,1.0,0.62,0.79,5,5,3,0,1010,1.0,1.0,0.62,0.79
PF08280,PF08453,0,2,0,0,2,1016,0.0,1.0,0,0,2,0,0,2,1016,0.0,1.0,0,0
PF04773,PF09327,7,0,0,7,0,1011,0,0.99,0.0,0,0,0,7,0,1011,0,0.99,0.0,0
PF02671,PF08295,29,17,16,13,1,988,0.94,0.99,0.55,0.71,17,16,13,1,988,0.94,0.99,0.55,0.71
PF10415,PF08328,19,2,0,19,2,997,0.0,0.98,0.0,-0.01,2,0,19,2,997,0.0,0.98,0.0,-0.01
PF00015,PF02203,12,4,4,8,0,1006,1.0,0.99,0.33,0.58,4,4,8,0,1006,1.0,0.99,0.33,0.58
PF00095,PF00086,30,25,11,19,14,974,0.44,0.97,0.37,0.39,25,11,19,14,974,0.44,0.97,0.37,0.39
PF02491,PF12327,2,5,2,0,3,1013,0.4,1.0,1.0,0.63,5,2,0,3,1013,0.4,1.0,1.0,0.63
PF10216,PF16836,0,0,0,0,0,1018,0,1.0,0,0,0,0,0,0,1018,0,1.0,0,0
PF05257,PF06324,2,1,0,2,1,1015,0.0,1.0,0.0,-0.0,1,0,2,1,1015,0.0,1.0,0.0,-0.0
PF11360,PF08653,1,1,1,0,0,1017,1.0,1.0,1.0,1.0,1,1,0,0,1017,1.0,1.0,1.0,1.0
PF03205,PF02217,1,3,0,1,3,1014,0.0,1.0,0.0,-0.0,3,0,1,3,1014,0.0,1.0,0.0,-0.0
PF08682,PF01721,0,0,0,0,0,1018,0,1.0,0,0,0,0,0,0,1018,0,1.0,0,0
PF00376,PF09278,2,2,2,0,0,1016,1.0,1.0,1.0,1.0,2,2,0,0,1016,1.0,1.0,1.0,1.0
PF03587,PF05915,8,2,1,7,1,1009,0.5,0.99,0.12,0.25,2,1,7,1,1009,0.5,0.99,0.12,0.25
PF16988,PF04157,3,10,3,0,7,1008,0.3,0.99,1.0,0.55,10,3,0,7,1008,0.3,0.99,1.0,0.55
PF02591,PF12889,0,0,0,0,0,1018,0,1.0,0,0,0,0,0,0,1018,0,1.0,0,0
PF01364,PF15518,2,1,0,2,1,1015,0.0,1.0,0.0,-0.0,1,0,2,1,1015,0.0,1.0,0.0,-0.0
PF10486,PF04747,1,0,0,1,0,1017,0,1.0,0.0,0,0,0,1,0,1017,0,1.0,0.0,0
PF00680,PF00910,12,14,12,0,2,1004,0.86,1.0,1.0,0.92,14,12,0,2,1004,0.86,1.0,1.0,0.92
PF03647,PF00301,13,2,0,13,2,1003,0.0,0.99,0.0,-0.01,2,0,13,2,1003,0.0,0.99,0.0,-0.01
PF04837,PF06355,0,2,0,0,2,1016,0.0,1.0,0,0,2,0,0,2,1016,0.0,1.0,0,0
PF07929,PF13392,5,7,0,5,7,1006,0.0,0.99,0.0,-0.01,7,0,5,7,1006,0.0,0.99,0.0,-0.01
PF12495,PF04489,0,0,0,0,0,1018,0,1.0,0,0,0,0,0,0,1018,0,1.0,0,0
PF05735,PF02412,3,3,3,0,0,1015,1.0,1.0,1.0,1.0,3,3,0,0,1015,1.0,1.0,1.0,1.0
PF16346,PF16352,0,0,0,0,0,1018,0,1.0,0,0,0,0,0,0,1018,0,1.0,0,0
PF01680,PF11779,7,6,1,6,5,1006,0.17,0.99,0.14,0.15,6,1,6,5,1006,0.17,0.99,0.14,0.15
PF16463,PF14489,0,1,0,0,1,1017,0.0,1.0,0,0,1,0,0,1,1017,0.0,1.0,0,0
PF16078,PF16870,6,14,6,0,8,1004,0.43,0.99,1.0,0.65,14,6,0,8,1004,0.43,0.99,1.0,0.65
PF05290,PF08873,0,0,0,0,0,1018,0,1.0,0,0,0,0,0,0,1018,0,1.0,0,0
PF02634,PF12931,1,12,0,1,12,1005,0.0,0.99,0.0,-0.0,12,0,1,12,1005,0.0,0.99,0.0,-0.0
PF03801,PF07989,9,13,2,7,11,998,0.15,0.98,0.22,0.18,13,2,7,11,998,0.15,0.98,0.22,0.18
PF03449,PF01272,12,10,10,2,0,1006,1.0,1.0,0.83,0.91,10,10,2,0,1006,1.0,1.0,0.83,0.91
PF11926,PF00684,2,2,0,2,2,1014,0.0,1.0,0.0,-0.0,2,0,2,2,1014,0.0,1.0,0.0,-0.0
PF00450,PF05388,53,2,2,51,0,965,1.0,0.95,0.04,0.19,2,2,51,0,965,1.0,0.95,0.04,0.19
PF17013,PF04370,0,0,0,0,0,1018,0,1.0,0,0,0,0,0,0,1018,0,1.0,0,0
PF00732,PF05199,56,62,54,2,8,954,0.87,0.99,0.96,0.91,62,54,2,8,954,0.87,0.99,0.96,0.91
PF05625,PF04756,9,11,3,6,8,1001,0.27,0.99,0.33,0.29,11,3,6,8,1001,0.27,0.99,0.33,0.29
PF02185,PF03097,22,33,12,10,21,975,0.36,0.97,0.55,0.43,33,12,10,21,975,0.36,0.97,0.55,0.43
PF12840,PF08093,0,1,0,0,1,1017,0.0,1.0,0,0,1,0,0,1,1017,0.0,1.0,0,0
PF02672,PF00121,3,13,1,2,12,1003,0.08,0.99,0.33,0.16,13,1,2,12,1003,0.08,0.99,0.33,0.16
PF15386,PF13270,1,3,0,1,3,1014,0.0,1.0,0.0,-0.0,3,0,1,3,1014,0.0,1.0,0.0,-0.0
PF09013,PF07334,2,1,0,2,1,1015,0.0,1.0,0.0,-0.0,1,0,2,1,1015,0.0,1.0,0.0,-0.0
PF10616,PF08936,0,0,0,0,0,1018,0,1.0,0,0,0,0,0,0,1018,0,1.0,0,0
PF02843,PF02844,13,13,13,0,0,1005,1.0,1.0,1.0,1.0,13,13,0,0,1005,1.0,1.0,1.0,1.0
PF17079,PF04966,0,1,0,0,1,1017,0.0,1.0,0,0,1,0,0,1,1017,0.0,1.0,0,0
PF08086,PF04099,1,16,0,1,16,1001,0.0,0.98,0.0,-0.0,16,0,1,16,1001,0.0,0.98,0.0,-0.0
PF08409,PF09295,9,2,1,8,1,1008,0.5,0.99,0.11,0.23,2,1,8,1,1008,0.5,0.99,0.11,0.23
PF14911,PF14951,1,1,0,1,1,1016,0.0,1.0,0.0,-0.0,1,0,1,1,1016,0.0,1.0,0.0,-0.0
PF03414,PF06951,5,11,2,3,9,1004,0.18,0.99,0.4,0.26,11,2,3,9,1004,0.18,0.99,0.4,0.26
PF14357,PF03901,0,30,0,0,30,988,0.0,0.97,0,0,30,0,0,30,988,0.0,0.97,0,0
PF04568,PF00833,5,18,2,3,16,997,0.11,0.98,0.4,0.2,18,2,3,16,997,0.11,0.98,0.4,0.2
PF12602,PF11751,0,0,0,0,0,1018,0,1.0,0,0,0,0,0,0,1018,0,1.0,0,0
PF15164,PF02543,0,3,0,0,3,1015,0.0,1.0,0,0,3,0,0,3,1015,0.0,1.0,0,0
PF04130,PF02705,40,15,10,30,5,973,0.67,0.97,0.25,0.39,15,10,30,5,973,0.67,0.97,0.25,0.39
PF08385,PF08393,26,36,22,4,14,978,0.61,0.98,0.85,0.71,36,22,4,14,978,0.61,0.98,0.85,0.71
PF00618,PF00617,40,46,39,1,7,971,0.85,0.99,0.97,0.91,46,39,1,7,971,0.85,0.99,0.97,0.91
PF04178,PF03208,13,8,3,10,5,1000,0.38,0.99,0.23,0.29,8,3,10,5,1000,0.38,0.99,0.23,0.29
PF07915,PF05672,19,5,3,16,2,997,0.6,0.98,0.16,0.3,5,3,16,2,997,0.6,0.98,0.16,0.3
PF13499,PF13833,125,53,41,84,12,881,0.77,0.91,0.33,0.46,53,41,84,12,881,0.77,0.91,0.33,0.46
PF04431,PF02789,4,18,1,3,17,997,0.06,0.98,0.25,0.11,18,1,3,17,997,0.06,0.98,0.25,0.11
PF10510,PF05719,13,5,0,13,5,1000,0.0,0.98,0.0,-0.01,5,0,13,5,1000,0.0,0.98,0.0,-0.01
PF12854,PF13041,62,130,60,2,70,886,0.46,0.93,0.97,0.64,130,60,2,70,886,0.46,0.93,0.97,0.64
PF11705,PF12131,8,2,0,8,2,1008,0.0,0.99,0.0,-0.0,2,0,8,2,1008,0.0,0.99,0.0,-0.0
PF12675,PF05001,0,7,0,0,7,1011,0.0,0.99,0,0,7,0,0,7,1011,0.0,0.99,0,0
PF01466,PF03931,26,25,19,7,6,986,0.76,0.99,0.73,0.74,25,19,7,6,986,0.76,0.99,0.73,0.74
PF05034,PF14842,0,0,0,0,0,1018,0,1.0,0,0,0,0,0,0,1018,0,1.0,0,0
PF03374,PF04451,1,1,0,1,1,1016,0.0,1.0,0.0,-0.0,1,0,1,1,1016,0.0,1.0,0.0,-0.0
PF15735,PF11502,5,1,0,5,1,1012,0.0,0.99,0.0,-0.0,1,0,5,1,1012,0.0,0.99,0.0,-0.0
PF01030,PF00757,10,7,6,4,1,1007,0.86,1.0,0.6,0.71,7,6,4,1,1007,0.86,1.0,0.6,0.71
PF03454,PF03453,16,23,13,3,10,992,0.57,0.99,0.81,0.67,23,13,3,10,992,0.57,0.99,0.81,0.67
PF07248,PF10340,0,0,0,0,0,1018,0,1.0,0,0,0,0,0,0,1018,0,1.0,0,0
PF14942,PF11027,2,2,0,2,2,1014,0.0,1.0,0.0,-0.0,2,0,2,2,1014,0.0,1.0,0.0,-0.0
PF06687,PF13805,7,9,0,7,9,1002,0.0,0.98,0.0,-0.01,9,0,7,9,1002,0.0,0.98,0.0,-0.01
PF12374,PF08828,1,1,1,0,0,1017,1.0,1.0,1.0,1.0,1,1,0,0,1017,1.0,1.0,1.0,1.0
PF08122,PF09696,4,9,0,4,9,1005,0.0,0.99,0.0,-0.01,9,0,4,9,1005,0.0,0.99,0.0,-0.01
PF07442,PF10101,0,0,0,0,0,1018,0,1.0,0,0,0,0,0,0,1018,0,1.0,0,0
PF02049,PF12724,2,0,0,2,0,1016,0,1.0,0.0,0,0,0,2,0,1016,0,1.0,0.0,0
PF11832,PF04245,0,0,0,0,0,1018,0,1.0,0,0,0,0,0,0,1018,0,1.0,0,0
PF04054,PF16417,11,11,9,2,2,1005,0.82,1.0,0.82,0.82,11,9,2,2,1005,0.82,1.0,0.82,0.82
PF15326,PF10482,1,1,0,1,1,1016,0.0,1.0,0.0,-0.0,1,0,1,1,1016,0.0,1.0,0.0,-0.0
PF03861,PF08093,1,1,0,1,1,1016,0.0,1.0,0.0,-0.0,1,0,1,1,1016,0.0,1.0,0.0,-0.0
PF16661,PF10996,30,32,27,3,5,983,0.84,0.99,0.9,0.87,32,27,3,5,983,0.84,0.99,0.9,0.87
PF08167,PF08166,5,3,3,2,0,1013,1.0,1.0,0.6,0.77,3,3,2,0,1013,1.0,1.0,0.6,0.77
PF08612,PF03386,8,0,0,8,0,1010,0,0.99,0.0,0,0,0,8,0,1010,0,0.99,0.0,0
PF09129,PF11880,2,3,2,0,1,1015,0.67,1.0,1.0,0.82,3,2,0,1,1015,0.67,1.0,1.0,0.82
PF03869,PF04363,3,2,2,1,0,1015,1.0,1.0,0.67,0.82,2,2,1,0,1015,1.0,1.0,0.67,0.82
PF06045,PF14683,3,17,3,0,14,1001,0.18,0.99,1.0,0.42,17,3,0,14,1001,0.18,0.99,1.0,0.42
PF11693,PF06276,2,2,0,2,2,1014,0.0,1.0,0.0,-0.0,2,0,2,2,1014,0.0,1.0,0.0,-0.0
PF02569,PF09774,11,8,1,10,7,1000,0.12,0.98,0.09,0.1,8,1,10,7,1000,0.12,0.98,0.09,0.1
PF06532,PF13793,0,23,0,0,23,995,0.0,0.98,0,0,23,0,0,23,995,0.0,0.98,0,0
PF00668,PF16177,35,14,7,28,7,976,0.5,0.97,0.2,0.3,14,7,28,7,976,0.5,0.97,0.2,0.3
PF10562,PF10565,5,2,2,3,0,1013,1.0,1.0,0.4,0.63,2,2,3,0,1013,1.0,1.0,0.4,0.63
PF04185,PF03647,15,13,4,11,9,994,0.31,0.98,0.27,0.28,13,4,11,9,994,0.31,0.98,0.27,0.28
PF03501,PF00159,7,2,1,6,1,1010,0.5,0.99,0.14,0.26,2,1,6,1,1010,0.5,0.99,0.14,0.26
PF16657,PF09154,1,3,1,0,2,1015,0.33,1.0,1.0,0.58,3,1,0,2,1015,0.33,1.0,1.0,0.58
PF17032,PF10868,0,0,0,0,0,1018,0,1.0,0,0,0,0,0,0,1018,0,1.0,0,0
PF01036,PF01987,9,6,1,8,5,1004,0.17,0.99,0.11,0.13,6,1,8,5,1004,0.17,0.99,0.11,0.13
PF05233,PF07879,1,1,1,0,0,1017,1.0,1.0,1.0,1.0,1,1,0,0,1017,1.0,1.0,1.0,1.0
PF00995,PF06783,31,2,2,29,0,987,1.0,0.97,0.06,0.25,2,2,29,0,987,1.0,0.97,0.06,0.25
PF05078,PF05910,3,10,1,2,9,1006,0.1,0.99,0.33,0.18,10,1,2,9,1006,0.1,0.99,0.33,0.18
PF04674,PF04398,5,9,1,4,8,1005,0.11,0.99,0.2,0.14,9,1,4,8,1005,0.11,0.99,0.2,0.14
PF09415,PF11032,3,3,2,1,1,1014,0.67,1.0,0.67,0.67,3,2,1,1,1014,0.67,1.0,0.67,0.67
PF14538,PF08232,18,8,2,16,6,994,0.25,0.98,0.11,0.16,8,2,16,6,994,0.25,0.98,0.11,0.16
PF07062,PF05822,1,15,0,1,15,1002,0.0,0.98,0.0,-0.0,15,0,1,15,1002,0.0,0.98,0.0,-0.0
PF10204,PF03036,3,8,1,2,7,1008,0.12,0.99,0.33,0.2,8,1,2,7,1008,0.12,0.99,0.33,0.2
PF01429,PF10440,23,4,3,20,1,994,0.75,0.98,0.13,0.31,4,3,20,1,994,0.75,0.98,0.13,0.31
PF02537,PF08622,7,2,0,7,2,1009,0.0,0.99,0.0,-0.0,2,0,7,2,1009,0.0,0.99,0.0,-0.0
PF00046,PF12403,95,1,1,94,0,923,1.0,0.91,0.01,0.1,1,1,94,0,923,1.0,0.91,0.01,0.1
PF13286,PF04225,6,6,1,5,5,1007,0.17,0.99,0.17,0.16,6,1,5,5,1007,0.17,0.99,0.17,0.16
PF08505,PF10490,1,4,0,1,4,1013,0.0,1.0,0.0,-0.0,4,0,1,4,1013,0.0,1.0,0.0,-0.0
PF13330,PF10162,16,10,4,12,6,996,0.4,0.98,0.25,0.31,10,4,12,6,996,0.4,0.98,0.25,0.31
PF03117,PF04347,0,0,0,0,0,1018,0,1.0,0,0,0,0,0,0,1018,0,1.0,0,0
PF09510,PF08795,0,0,0,0,0,1018,0,1.0,0,0,0,0,0,0,1018,0,1.0,0,0
PF10185,PF12020,2,0,0,2,0,1016,0,1.0,0.0,0,0,0,2,0,1016,0,1.0,0.0,0
PF02741,PF03729,1,0,0,1,0,1017,0,1.0,0.0,0,0,0,1,0,1017,0,1.0,0.0,0
PF00786,PF05210,32,1,1,31,0,986,1.0,0.97,0.03,0.17,1,1,31,0,986,1.0,0.97,0.03,0.17
PF06280,PF05922,2,25,1,1,24,992,0.04,0.98,0.5,0.14,25,1,1,24,992,0.04,0.98,0.5,0.14
PF09088,PF09090,11,11,11,0,0,1007,1.0,1.0,1.0,1.0,11,11,0,0,1007,1.0,1.0,1.0,1.0
PF04923,PF06417,4,8,2,2,6,1008,0.25,0.99,0.5,0.35,8,2,2,6,1008,0.25,0.99,0.5,0.35
PF08278,PF13612,4,3,1,3,2,1012,0.33,1.0,0.25,0.29,3,1,3,2,1012,0.33,1.0,0.25,0.29
PF16685,PF15273,3,1,0,3,1,1014,0.0,1.0,0.0,-0.0,1,0,3,1,1014,0.0,1.0,0.0,-0.0
PF11883,PF12398,5,4,4,1,0,1013,1.0,1.0,0.8,0.89,4,4,1,0,1013,1.0,1.0,0.8,0.89
PF04925,PF04795,7,2,1,6,1,1010,0.5,0.99,0.14,0.26,2,1,6,1,1010,0.5,0.99,0.14,0.26
PF01969,PF07411,0,0,0,0,0,1018,0,1.0,0,0,0,0,0,0,1018,0,1.0,0,0
PF00821,PF08925,3,6,0,3,6,1009,0.0,0.99,0.0,-0.0,6,0,3,6,1009,0.0,0.99,0.0,-0.0
PF04320,PF17164,1,0,0,1,0,1017,0,1.0,0.0,0,0,0,1,0,1017,0,1.0,0.0,0
PF01296,PF06540,1,1,1,0,0,1017,1.0,1.0,1.0,1.0,1,1,0,0,1017,1.0,1.0,1.0,1.0
PF00701,PF04479,22,25,8,14,17,979,0.32,0.97,0.36,0.33,25,8,14,17,979,0.32,0.97,0.36,0.33
PF03608,PF03829,2,2,2,0,0,1016,1.0,1.0,1.0,1.0,2,2,0,0,1016,1.0,1.0,1.0,1.0
PF05154,PF09350,15,3,0,15,3,1000,0.0,0.98,0.0,-0.01,3,0,15,3,1000,0.0,0.98,0.0,-0.01
PF13746,PF11614,4,4,4,0,0,1014,1.0,1.0,1.0,1.0,4,4,0,0,1014,1.0,1.0,1.0,1.0
PF04122,PF08310,0,1,0,0,1,1017,0.0,1.0,0,0,1,0,0,1,1017,0.0,1.0,0,0
PF01070,PF00173,45,87,33,12,54,919,0.38,0.94,0.73,0.5,87,33,12,54,919,0.38,0.94,0.73,0.5
PF00643,PF03915,55,6,4,51,2,961,0.67,0.95,0.07,0.21,6,4,51,2,961,0.67,0.95,0.07,0.21
PF02632,PF01668,6,2,0,6,2,1010,0.0,0.99,0.0,-0.0,2,0,6,2,1010,0.0,0.99,0.0,-0.0
PF11102,PF06105,0,10,0,0,10,1008,0.0,0.99,0,0,10,0,0,10,1008,0.0,0.99,0,0
PF12816,PF12451,4,8,1,3,7,1007,0.12,0.99,0.25,0.17,8,1,3,7,1007,0.12,0.99,0.25,0.17
PF12889,PF03354,0,0,0,0,0,1018,0,1.0,0,0,0,0,0,0,1018,0,1.0,0,0
PF02023,PF12417,15,5,3,12,2,1001,0.6,0.99,0.2,0.34,5,3,12,2,1001,0.6,0.99,0.2,0.34
PF11027,PF14865,2,0,0,2,0,1016,0,1.0,0.0,0,0,0,2,0,1016,0,1.0,0.0,0
PF02947,PF15138,3,1,1,2,0,1015,1.0,1.0,0.33,0.58,1,1,2,0,1015,1.0,1.0,0.33,0.58
PF11054,PF07276,1,0,0,1,0,1017,0,1.0,0.0,0,0,0,1,0,1017,0,1.0,0.0,0
PF03789,PF12731,2,1,1,1,0,1016,1.0,1.0,0.5,0.71,1,1,1,0,1016,1.0,1.0,0.5,0.71
PF11620,PF04621,2,5,2,0,3,1013,0.4,1.0,1.0,0.63,5,2,0,3,1013,0.4,1.0,1.0,0.63
PF03814,PF02669,1,1,1,0,0,1017,1.0,1.0,1.0,1.0,1,1,0,0,1017,1.0,1.0,1.0,1.0
PF11642,PF15685,0,0,0,0,0,1018,0,1.0,0,0,0,0,0,0,1018,0,1.0,0,0
PF12095,PF08843,1,0,0,1,0,1017,0,1.0,0.0,0,0,0,1,0,1017,0,1.0,0.0,0
PF02927,PF00942,2,2,1,1,1,1015,0.5,1.0,0.5,0.5,2,1,1,1,1015,0.5,1.0,0.5,0.5
PF17066,PF09428,1,1,0,1,1,1016,0.0,1.0,0.0,-0.0,1,0,1,1,1016,0.0,1.0,0.0,-0.0
PF00349,PF03727,20,22,20,0,2,996,0.91,1.0,1.0,0.95,22,20,0,2,996,0.91,1.0,1.0,0.95
PF12013,PF00172,11,139,10,1,129,878,0.07,0.87,0.91,0.24,139,10,1,129,878,0.07,0.87,0.91,0.24
PF14026,PF03116,0,0,0,0,0,1018,0,1.0,0,0,0,0,0,0,1018,0,1.0,0,0
PF02012,PF02333,0,4,0,0,4,1014,0.0,1.0,0,0,4,0,0,4,1014,0.0,1.0,0,0
PF05894,PF08291,0,0,0,0,0,1018,0,1.0,0,0,0,0,0,0,1018,0,1.0,0,0
PF01263,PF05042,21,4,1,20,3,994,0.25,0.98,0.05,0.1,4,1,20,3,994,0.25,0.98,0.05,0.1
PF15009,PF14954,1,2,0,1,2,1015,0.0,1.0,0.0,-0.0,2,0,1,2,1015,0.0,1.0,0.0,-0.0
PF07705,PF00419,0,1,0,0,1,1017,0.0,1.0,0,0,1,0,0,1,1017,0.0,1.0,0,0
PF01357,PF03330,14,20,13,1,7,997,0.65,0.99,0.93,0.77,20,13,1,7,997,0.65,0.99,0.93,0.77
PF00308,PF08479,5,0,0,5,0,1013,0,1.0,0.0,0,0,0,5,0,1013,0,1.0,0.0,0
PF10533,PF03106,3,18,3,0,15,1000,0.17,0.99,1.0,0.41,18,3,0,15,1000,0.17,0.99,1.0,0.41
PF03876,PF08292,16,5,5,11,0,1002,1.0,0.99,0.31,0.56,5,5,11,0,1002,1.0,0.99,0.31,0.56
PF14317,PF12608,0,0,0,0,0,1018,0,1.0,0,0,0,0,0,0,1018,0,1.0,0,0
PF03477,PF00317,6,11,6,0,5,1007,0.55,1.0,1.0,0.74,11,6,0,5,1007,0.55,1.0,1.0,0.74
PF10707,PF15727,0,0,0,0,0,1018,0,1.0,0,0,0,0,0,0,1018,0,1.0,0,0
PF06574,PF07298,4,2,0,4,2,1012,0.0,0.99,0.0,-0.0,2,0,4,2,1012,0.0,0.99,0.0,-0.0
PF01147,PF00711,0,0,0,0,0,1018,0,1.0,0,0,0,0,0,0,1018,0,1.0,0,0
PF12844,PF03709,2,2,0,2,2,1014,0.0,1.0,0.0,-0.0,2,0,2,2,1014,0.0,1.0,0.0,-0.0
PF02895,PF08707,2,1,0,2,1,1015,0.0,1.0,0.0,-0.0,1,0,2,1,1015,0.0,1.0,0.0,-0.0
PF09682,PF13906,0,18,0,0,18,1000,0.0,0.98,0,0,18,0,0,18,1000,0.0,0.98,0,0
PF00529,PF04984,3,0,0,3,0,1015,0,1.0,0.0,0,0,0,3,0,1015,0,1.0,0.0,0
PF00148,PF08369,1,1,1,0,0,1017,1.0,1.0,1.0,1.0,1,1,0,0,1017,1.0,1.0,1.0,1.0
PF06779,PF09444,0,1,0,0,1,1017,0.0,1.0,0,0,1,0,0,1,1017,0.0,1.0,0,0
PF02879,PF02880,34,37,33,1,4,980,0.89,1.0,0.97,0.93,37,33,1,4,980,0.89,1.0,0.97,0.93
PF10092,PF04421,0,6,0,0,6,1012,0.0,0.99,0,0,6,0,0,6,1012,0.0,0.99,0,0
PF07177,PF12610,10,0,0,10,0,1008,0,0.99,0.0,0,0,0,10,0,1008,0,0.99,0.0,0
PF00113,PF03952,15,13,11,4,2,1001,0.85,0.99,0.73,0.78,13,11,4,2,1001,0.85,0.99,0.73,0.78
PF00241,PF14724,26,3,3,23,0,992,1.0,0.98,0.12,0.34,3,3,23,0,992,1.0,0.98,0.12,0.34
PF13321,PF01347,0,19,0,0,19,999,0.0,0.98,0,0,19,0,0,19,999,0.0,0.98,0,0
PF13508,PF13673,10,23,5,5,18,990,0.22,0.98,0.5,0.32,23,5,5,18,990,0.22,0.98,0.5,0.32
PF05149,PF05551,2,0,0,2,0,1016,0,1.0,0.0,0,0,0,2,0,1016,0,1.0,0.0,0
PF00503,PF03332,44,16,11,33,5,969,0.69,0.96,0.25,0.4,16,11,33,5,969,0.69,0.96,0.25,0.4
PF07831,PF02885,2,6,2,0,4,1012,0.33,1.0,1.0,0.58,6,2,0,4,1012,0.33,1.0,1.0,0.58
PF05874,PF03601,1,0,0,1,0,1017,0,1.0,0.0,0,0,0,1,0,1017,0,1.0,0.0,0
PF01890,PF08982,1,3,0,1,3,1014,0.0,1.0,0.0,-0.0,3,0,1,3,1014,0.0,1.0,0.0,-0.0
PF10116,PF06082,0,0,0,0,0,1018,0,1.0,0,0,0,0,0,0,1018,0,1.0,0,0
PF05300,PF16954,4,2,0,4,2,1012,0.0,0.99,0.0,-0.0,2,0,4,2,1012,0.0,0.99,0.0,-0.0
PF04690,PF04720,2,8,0,2,8,1008,0.0,0.99,0.0,-0.0,8,0,2,8,1008,0.0,0.99,0.0,-0.0
PF10615,PF10590,5,8,2,3,6,1007,0.25,0.99,0.4,0.31,8,2,3,6,1007,0.25,0.99,0.4,0.31
PF03821,PF03261,0,4,0,0,4,1014,0.0,1.0,0,0,4,0,0,4,1014,0.0,1.0,0,0
PF01769,PF03448,6,4,1,5,3,1009,0.25,0.99,0.17,0.2,4,1,5,3,1009,0.25,0.99,0.17,0.2
PF02803,PF00108,39,43,38,1,5,974,0.88,0.99,0.97,0.92,43,38,1,5,974,0.88,0.99,0.97,0.92
PF06977,PF15082,0,3,0,0,3,1015,0.0,1.0,0,0,3,0,0,3,1015,0.0,1.0,0,0
PF04820,PF05390,9,2,0,9,2,1007,0.0,0.99,0.0,-0.0,2,0,9,2,1007,0.0,0.99,0.0,-0.0
PF03059,PF02897,5,15,1,4,14,999,0.07,0.98,0.2,0.11,15,1,4,14,999,0.07,0.98,0.2,0.11
PF09551,PF14976,0,2,0,0,2,1016,0.0,1.0,0,0,2,0,0,2,1016,0.0,1.0,0,0
PF00617,PF00618,46,40,39,7,1,971,0.97,0.99,0.85,0.91,40,39,7,1,971,0.97,0.99,0.85,0.91
PF09065,PF02788,0,2,0,0,2,1016,0.0,1.0,0,0,2,0,0,2,1016,0.0,1.0,0,0
PF06732,PF08914,5,14,1,4,13,1000,0.07,0.98,0.2,0.11,14,1,4,13,1000,0.07,0.98,0.2,0.11
PF02526,PF05594,0,0,0,0,0,1018,0,1.0,0,0,0,0,0,0,1018,0,1.0,0,0
PF03925,PF07157,1,0,0,1,0,1017,0,1.0,0.0,0,0,0,1,0,1017,0,1.0,0.0,0
PF15048,PF10044,2,0,0,2,0,1016,0,1.0,0.0,0,0,0,2,0,1016,0,1.0,0.0,0
PF04272,PF03275,2,1,0,2,1,1015,0.0,1.0,0.0,-0.0,1,0,2,1,1015,0.0,1.0,0.0,-0.0
PF02888,PF03530,9,14,8,1,6,1003,0.57,0.99,0.89,0.71,14,8,1,6,1003,0.57,0.99,0.89,0.71
PF10530,PF01234,0,5,0,0,5,1013,0.0,1.0,0,0,5,0,0,5,1013,0.0,1.0,0,0
PF06324,PF17056,1,0,0,1,0,1017,0,1.0,0.0,0,0,0,1,0,1017,0,1.0,0.0,0
PF09584,PF16669,0,8,0,0,8,1010,0.0,0.99,0,0,8,0,0,8,1010,0.0,0.99,0,0
PF10554,PF11751,0,0,0,0,0,1018,0,1.0,0,0,0,0,0,0,1018,0,1.0,0,0
PF15274,PF05483,1,4,0,1,4,1013,0.0,1.0,0.0,-0.0,4,0,1,4,1013,0.0,1.0,0.0,-0.0
PF11616,PF15811,2,7,1,1,6,1010,0.14,0.99,0.5,0.26,7,1,1,6,1010,0.14,0.99,0.5,0.26
PF09224,PF09361,0,0,0,0,0,1018,0,1.0,0,0,0,0,0,0,1018,0,1.0,0,0
PF16881,PF06463,11,9,4,7,5,1002,0.44,0.99,0.36,0.4,9,4,7,5,1002,0.44,0.99,0.36,0.4
PF13407,PF04069,17,7,4,13,3,998,0.57,0.98,0.24,0.36,7,4,13,3,998,0.57,0.98,0.24,0.36
PF08892,PF08411,1,1,0,1,1,1016,0.0,1.0,0.0,-0.0,1,0,1,1,1016,0.0,1.0,0.0,-0.0
PF14025,PF02217,0,3,0,0,3,1015,0.0,1.0,0,0,3,0,0,3,1015,0.0,1.0,0,0
PF14728,PF14727,5,7,5,0,2,1011,0.71,1.0,1.0,0.84,7,5,0,2,1011,0.71,1.0,1.0,0.84
PF13013,PF13094,1,1,0,1,1,1016,0.0,1.0,0.0,-0.0,1,0,1,1,1016,0.0,1.0,0.0,-0.0
PF16717,PF08558,10,4,0,10,4,1004,0.0,0.99,0.0,-0.01,4,0,10,4,1004,0.0,0.99,0.0,-0.01
PF11136,PF11876,0,0,0,0,0,1018,0,1.0,0,0,0,0,0,0,1018,0,1.0,0,0
PF00685,PF12062,40,8,7,33,1,977,0.88,0.97,0.17,0.38,8,7,33,1,977,0.88,0.97,0.17,0.38
PF10273,PF07052,5,12,2,3,10,1003,0.17,0.99,0.4,0.25,12,2,3,10,1003,0.17,0.99,0.4,0.25
PF05784,PF12896,0,14,0,0,14,1004,0.0,0.99,0,0,14,0,0,14,1004,0.0,0.99,0,0
PF00305,PF01477,19,32,14,5,18,981,0.44,0.98,0.74,0.56,32,14,5,18,981,0.44,0.98,0.74,0.56
PF06024,PF09087,1,1,1,0,0,1017,1.0,1.0,1.0,1.0,1,1,0,0,1017,1.0,1.0,1.0,1.0
PF04120,PF05953,0,1,0,0,1,1017,0.0,1.0,0,0,1,0,0,1,1017,0.0,1.0,0,0
PF04671,PF13753,1,0,0,1,0,1017,0,1.0,0.0,0,0,0,1,0,1017,0,1.0,0.0,0
PF16916,PF10241,10,5,2,8,3,1005,0.4,0.99,0.2,0.28,5,2,8,3,1005,0.4,0.99,0.2,0.28
PF03427,PF08329,3,1,0,3,1,1014,0.0,1.0,0.0,-0.0,1,0,3,1,1014,0.0,1.0,0.0,-0.0
PF06345,PF06346,4,3,2,2,1,1013,0.67,1.0,0.5,0.58,3,2,2,1,1013,0.67,1.0,0.5,0.58
PF05736,PF16325,0,1,0,0,1,1017,0.0,1.0,0,0,1,0,0,1,1017,0.0,1.0,0,0
PF02078,PF10581,4,0,0,4,0,1014,0,1.0,0.0,0,0,0,4,0,1014,0,1.0,0.0,0
PF05327,PF04006,12,10,1,11,9,997,0.1,0.98,0.08,0.08,10,1,11,9,997,0.1,0.98,0.08,0.08
PF01118,PF02774,13,14,10,3,4,1001,0.71,0.99,0.77,0.74,14,10,3,4,1001,0.71,0.99,0.77,0.74
PF04347,PF15681,0,3,0,0,3,1015,0.0,1.0,0,0,3,0,0,3,1015,0.0,1.0,0,0
PF16851,PF10868,0,0,0,0,0,1018,0,1.0,0,0,0,0,0,0,1018,0,1.0,0,0
PF14655,PF14656,13,6,6,7,0,1005,1.0,0.99,0.46,0.68,6,6,7,0,1005,1.0,0.99,0.46,0.68
PF14324,PF13864,9,6,3,6,3,1006,0.5,0.99,0.33,0.4,6,3,6,3,1006,0.5,0.99,0.33,0.4
PF08944,PF16621,2,2,2,0,0,1016,1.0,1.0,1.0,1.0,2,2,0,0,1016,1.0,1.0,1.0,1.0
PF15509,PF05177,2,4,0,2,4,1012,0.0,0.99,0.0,-0.0,4,0,2,4,1012,0.0,0.99,0.0,-0.0
PF11691,PF01846,0,20,0,0,20,998,0.0,0.98,0,0,20,0,0,20,998,0.0,0.98,0,0
PF09649,PF13836,2,0,0,2,0,1016,0,1.0,0.0,0,0,0,2,0,1016,0,1.0,0.0,0
PF16853,PF04349,1,0,0,1,0,1017,0,1.0,0.0,0,0,0,1,0,1017,0,1.0,0.0,0
PF15388,PF03298,2,3,0,2,3,1013,0.0,1.0,0.0,-0.0,3,0,2,3,1013,0.0,1.0,0.0,-0.0
PF08198,PF03020,1,6,1,0,5,1012,0.17,1.0,1.0,0.41,6,1,0,5,1012,0.17,1.0,1.0,0.41
PF12301,PF00272,1,0,0,1,0,1017,0,1.0,0.0,0,0,0,1,0,1017,0,1.0,0.0,0
PF07463,PF14849,4,2,0,4,2,1012,0.0,0.99,0.0,-0.0,2,0,4,2,1012,0.0,0.99,0.0,-0.0
PF14347,PF15186,0,1,0,0,1,1017,0.0,1.0,0,0,1,0,0,1,1017,0.0,1.0,0,0
PF00910,PF00680,14,12,12,2,0,1004,1.0,1.0,0.86,0.92,12,12,2,0,1004,1.0,1.0,0.86,0.92
PF14657,PF16055,1,0,0,1,0,1017,0,1.0,0.0,0,0,0,1,0,1017,0,1.0,0.0,0
PF03284,PF13366,0,0,0,0,0,1018,0,1.0,0,0,0,0,0,0,1018,0,1.0,0,0
PF07603,PF05673,0,0,0,0,0,1018,0,1.0,0,0,0,0,0,0,1018,0,1.0,0,0
PF07418,PF07333,0,1,0,0,1,1017,0.0,1.0,0,0,1,0,0,1,1017,0.0,1.0,0,0
PF04425,PF04426,0,3,0,0,3,1015,0.0,1.0,0,0,3,0,0,3,1015,0.0,1.0,0,0
PF01684,PF16709,0,3,0,0,3,1015,0.0,1.0,0,0,3,0,0,3,1015,0.0,1.0,0,0
PF08103,PF13632,0,15,0,0,15,1003,0.0,0.99,0,0,15,0,0,15,1003,0.0,0.99,0,0
PF06911,PF10505,21,7,3,18,4,993,0.43,0.98,0.14,0.24,7,3,18,4,993,0.43,0.98,0.14,0.24
PF07343,PF14232,0,0,0,0,0,1018,0,1.0,0,0,0,0,0,0,1018,0,1.0,0,0
PF00056,PF02866,24,22,19,5,3,991,0.86,0.99,0.79,0.82,22,19,5,3,991,0.86,0.99,0.79,0.82
PF08797,PF12054,20,10,5,15,5,993,0.5,0.98,0.25,0.34,10,5,15,5,993,0.5,0.98,0.25,0.34
PF12087,PF10061,0,0,0,0,0,1018,0,1.0,0,0,0,0,0,0,1018,0,1.0,0,0
PF05969,PF07405,0,0,0,0,0,1018,0,1.0,0,0,0,0,0,0,1018,0,1.0,0,0
PF00445,PF04603,20,4,3,17,1,997,0.75,0.98,0.15,0.33,4,3,17,1,997,0.75,0.98,0.15,0.33
PF08991,PF14777,5,4,3,2,1,1012,0.75,1.0,0.6,0.67,4,3,2,1,1012,0.75,1.0,0.6,0.67
PF12798,PF12837,0,0,0,0,0,1018,0,1.0,0,0,0,0,0,0,1018,0,1.0,0,0
PF02754,PF02589,7,6,6,1,0,1011,1.0,1.0,0.86,0.93,6,6,1,0,1011,1.0,1.0,0.86,0.93
PF02097,PF05901,0,0,0,0,0,1018,0,1.0,0,0,0,0,0,0,1018,0,1.0,0,0
PF15191,PF14621,0,2,0,0,2,1016,0.0,1.0,0,0,2,0,0,2,1016,0.0,1.0,0,0
PF14852,PF14853,4,5,4,0,1,1013,0.8,1.0,1.0,0.89,5,4,0,1,1013,0.8,1.0,1.0,0.89
PF14283,PF13098,0,5,0,0,5,1013,0.0,1.0,0,0,5,0,0,5,1013,0.0,1.0,0,0
PF06589,PF16979,0,12,0,0,12,1006,0.0,0.99,0,0,12,0,0,12,1006,0.0,0.99,0,0
PF01799,PF02738,21,23,21,0,2,995,0.91,1.0,1.0,0.95,23,21,0,2,995,0.91,1.0,1.0,0.95
PF06082,PF03090,0,0,0,0,0,1018,0,1.0,0,0,0,0,0,0,1018,0,1.0,0,0
PF03079,PF05995,17,10,3,14,7,994,0.3,0.98,0.18,0.22,10,3,14,7,994,0.3,0.98,0.18,0.22
PF09469,PF12516,2,0,0,2,0,1016,0,1.0,0.0,0,0,0,2,0,1016,0,1.0,0.0,0
PF12246,PF12247,2,2,2,0,0,1016,1.0,1.0,1.0,1.0,2,2,0,0,1016,1.0,1.0,1.0,1.0
PF04695,PF14922,12,4,0,12,4,1002,0.0,0.98,0.0,-0.01,4,0,12,4,1002,0.0,0.98,0.0,-0.01
PF00069,PF07714,346,180,146,200,34,638,0.81,0.77,0.42,0.46,180,146,200,34,638,0.81,0.77,0.42,0.46
PF08646,PF16900,22,15,15,7,0,996,1.0,0.99,0.68,0.82,15,15,7,0,996,1.0,0.99,0.68,0.82
PF15142,PF03819,2,1,0,2,1,1015,0.0,1.0,0.0,-0.0,1,0,2,1,1015,0.0,1.0,0.0,-0.0
PF01182,PF02585,18,13,4,14,9,991,0.31,0.98,0.22,0.25,13,4,14,9,991,0.31,0.98,0.22,0.25
PF07739,PF13096,1,0,0,1,0,1017,0,1.0,0.0,0,0,0,1,0,1017,0,1.0,0.0,0
PF10761,PF00619,0,28,0,0,28,990,0.0,0.97,0,0,28,0,0,28,990,0.0,0.97,0,0
PF01314,PF15708,4,0,0,4,0,1014,0,1.0,0.0,0,0,0,4,0,1014,0,1.0,0.0,0
PF16797,PF12063,3,9,2,1,7,1008,0.22,0.99,0.67,0.38,9,2,1,7,1008,0.22,0.99,0.67,0.38
PF13390,PF09829,0,0,0,0,0,1018,0,1.0,0,0,0,0,0,0,1018,0,1.0,0,0
PF01256,PF01652,15,27,6,9,21,982,0.22,0.97,0.4,0.28,27,6,9,21,982,0.22,0.97,0.4,0.28
PF05857,PF13247,0,0,0,0,0,1018,0,1.0,0,0,0,0,0,0,1018,0,1.0,0,0
PF16165,PF08150,8,6,4,4,2,1008,0.67,0.99,0.5,0.57,6,4,4,2,1008,0.67,0.99,0.5,0.57
PF08370,PF06422,7,15,4,3,11,1000,0.27,0.99,0.57,0.38,15,4,3,11,1000,0.27,0.99,0.57,0.38
PF02836,PF02837,18,16,12,6,4,996,0.75,0.99,0.67,0.7,16,12,6,4,996,0.75,0.99,0.67,0.7
PF01862,PF15796,1,4,0,1,4,1013,0.0,1.0,0.0,-0.0,4,0,1,4,1013,0.0,1.0,0.0,-0.0
PF08226,PF12761,12,7,2,10,5,1001,0.29,0.99,0.17,0.21,7,2,10,5,1001,0.29,0.99,0.17,0.21
PF01088,PF03577,27,4,0,27,4,987,0.0,0.97,0.0,-0.01,4,0,27,4,987,0.0,0.97,0.0,-0.01
PF08276,PF00954,20,26,18,2,8,990,0.69,0.99,0.9,0.78,26,18,2,8,990,0.69,0.99,0.9,0.78
PF14694,PF04412,3,1,0,3,1,1014,0.0,1.0,0.0,-0.0,1,0,3,1,1014,0.0,1.0,0.0,-0.0
PF07706,PF09029,2,2,1,1,1,1015,0.5,1.0,0.5,0.5,2,1,1,1,1015,0.5,1.0,0.5,0.5
PF01638,PF01312,1,0,0,1,0,1017,0,1.0,0.0,0,0,0,1,0,1017,0,1.0,0.0,0
PF04947,PF07882,0,1,0,0,1,1017,0.0,1.0,0,0,1,0,0,1,1017,0.0,1.0,0,0
PF07732,PF07731,51,50,46,5,4,963,0.92,0.99,0.9,0.91,50,46,5,4,963,0.92,0.99,0.9,0.91
PF09832,PF05611,0,0,0,0,0,1018,0,1.0,0,0,0,0,0,0,1018,0,1.0,0,0
PF08092,PF08089,1,0,0,1,0,1017,0,1.0,0.0,0,0,0,1,0,1017,0,1.0,0.0,0
PF04222,PF17206,0,1,0,0,1,1017,0.0,1.0,0,0,1,0,0,1,1017,0.0,1.0,0,0
PF01157,PF01907,14,9,3,11,6,998,0.33,0.98,0.21,0.26,9,3,11,6,998,0.33,0.98,0.21,0.26
PF12247,PF12246,2,2,2,0,0,1016,1.0,1.0,1.0,1.0,2,2,0,0,1016,1.0,1.0,1.0,1.0
PF02203,PF00015,4,12,4,0,8,1006,0.33,0.99,1.0,0.58,12,4,0,8,1006,0.33,0.99,1.0,0.58
PF00992,PF04144,5,14,3,2,11,1002,0.21,0.99,0.6,0.35,14,3,2,11,1002,0.21,0.99,0.6,0.35
PF02565,PF04355,0,0,0,0,0,1018,0,1.0,0,0,0,0,0,0,1018,0,1.0,0,0
PF06512,PF11933,5,4,4,1,0,1013,1.0,1.0,0.8,0.89,4,4,1,0,1013,1.0,1.0,0.8,0.89
PF14331,PF07491,0,7,0,0,7,1011,0.0,0.99,0,0,7,0,0,7,1011,0.0,0.99,0,0
PF01212,PF02347,24,9,6,18,3,991,0.67,0.98,0.25,0.4,9,6,18,3,991,0.67,0.98,0.25,0.4
PF00631,PF08833,22,2,0,22,2,994,0.0,0.98,0.0,-0.01,2,0,22,2,994,0.0,0.98,0.0,-0.01
PF01698,PF03414,1,5,0,1,5,1012,0.0,0.99,0.0,-0.0,5,0,1,5,1012,0.0,0.99,0.0,-0.0
PF10426,PF12940,4,4,4,0,0,1014,1.0,1.0,1.0,1.0,4,4,0,0,1014,1.0,1.0,1.0,1.0
PF17002,PF17206,0,1,0,0,1,1017,0.0,1.0,0,0,1,0,0,1,1017,0.0,1.0,0,0
PF14435,PF07954,0,1,0,0,1,1017,0.0,1.0,0,0,1,0,0,1,1017,0.0,1.0,0,0
PF16735,PF10580,3,1,1,2,0,1015,1.0,1.0,0.33,0.58,1,1,2,0,1015,1.0,1.0,0.33,0.58
PF04962,PF02653,5,11,3,2,8,1005,0.27,0.99,0.6,0.4,11,3,2,8,1005,0.27,0.99,0.6,0.4
PF05134,PF03934,1,2,1,0,1,1016,0.5,1.0,1.0,0.71,2,1,0,1,1016,0.5,1.0,1.0,0.71
PF01841,PF00868,26,7,7,19,0,992,1.0,0.98,0.27,0.51,7,7,19,0,992,1.0,0.98,0.27,0.51
PF04844,PF03479,6,6,2,4,4,1008,0.33,0.99,0.33,0.33,6,2,4,4,1008,0.33,0.99,0.33,0.33
PF11787,PF11786,4,4,4,0,0,1014,1.0,1.0,1.0,1.0,4,4,0,0,1014,1.0,1.0,1.0,1.0
PF06411,PF04989,0,2,0,0,2,1016,0.0,1.0,0,0,2,0,0,2,1016,0.0,1.0,0,0
PF04629,PF09007,6,2,1,5,1,1011,0.5,0.99,0.17,0.29,2,1,5,1,1011,0.5,0.99,0.17,0.29
PF15349,PF07807,0,5,0,0,5,1013,0.0,1.0,0,0,5,0,0,5,1013,0.0,1.0,0,0
PF06167,PF13986,1,1,1,0,0,1017,1.0,1.0,1.0,1.0,1,1,0,0,1017,1.0,1.0,1.0,1.0
PF01667,PF04667,9,5,1,8,4,1005,0.2,0.99,0.11,0.14,5,1,8,4,1005,0.2,0.99,0.11,0.14
PF04015,PF05930,3,0,0,3,0,1015,0,1.0,0.0,0,0,0,3,0,1015,0,1.0,0.0,0
PF05761,PF15388,10,2,1,9,1,1007,0.5,0.99,0.1,0.22,2,1,9,1,1007,0.5,0.99,0.1,0.22
PF11650,PF14322,0,0,0,0,0,1018,0,1.0,0,0,0,0,0,0,1018,0,1.0,0,0
PF15198,PF13737,0,0,0,0,0,1018,0,1.0,0,0,0,0,0,0,1018,0,1.0,0,0
PF11761,PF02979,0,3,0,0,3,1015,0.0,1.0,0,0,3,0,0,3,1015,0.0,1.0,0,0
PF04059,PF12196,6,1,1,5,0,1012,1.0,1.0,0.17,0.41,1,1,5,0,1012,1.0,1.0,0.17,0.41
PF02946,PF01159,7,19,3,4,16,995,0.16,0.98,0.43,0.25,19,3,4,16,995,0.16,0.98,0.43,0.25
PF12045,PF12284,1,1,1,0,0,1017,1.0,1.0,1.0,1.0,1,1,0,0,1017,1.0,1.0,1.0,1.0
PF12264,PF08762,4,4,4,0,0,1014,1.0,1.0,1.0,1.0,4,4,0,0,1014,1.0,1.0,1.0,1.0
PF04224,PF14759,3,7,1,2,6,1009,0.14,0.99,0.33,0.21,7,1,2,6,1009,0.14,0.99,0.33,0.21
PF09533,PF15212,0,0,0,0,0,1018,0,1.0,0,0,0,0,0,0,1018,0,1.0,0,0
PF02973,PF11697,1,0,0,1,0,1017,0,1.0,0.0,0,0,0,1,0,1017,0,1.0,0.0,0
PF01291,PF15055,1,0,0,1,0,1017,0,1.0,0.0,0,0,0,1,0,1017,0,1.0,0.0,0
PF02935,PF14866,6,0,0,6,0,1012,0,0.99,0.0,0,0,0,6,0,1012,0,0.99,0.0,0
PF01131,PF01751,20,30,16,4,14,984,0.53,0.98,0.8,0.64,30,16,4,14,984,0.53,0.98,0.8,0.64
PF07897,PF16136,1,1,1,0,0,1017,1.0,1.0,1.0,1.0,1,1,0,0,1017,1.0,1.0,1.0,1.0
PF01381,PF08523,9,6,6,3,0,1009,1.0,1.0,0.67,0.82,6,6,3,0,1009,1.0,1.0,0.67,0.82
PF12411,PF16347,1,8,1,0,7,1010,0.12,0.99,1.0,0.35,8,1,0,7,1010,0.12,0.99,1.0,0.35
PF10317,PF10319,9,1,0,9,1,1008,0.0,0.99,0.0,-0.0,1,0,9,1,1008,0.0,0.99,0.0,-0.0
PF01372,PF08110,1,0,0,1,0,1017,0,1.0,0.0,0,0,0,1,0,1017,0,1.0,0.0,0
PF10796,PF10146,0,3,0,0,3,1015,0.0,1.0,0,0,3,0,0,3,1015,0.0,1.0,0,0
PF02906,PF12617,13,0,0,13,0,1005,0,0.99,0.0,0,0,0,13,0,1005,0,0.99,0.0,0
PF00435,PF16901,42,9,2,40,7,969,0.22,0.95,0.05,0.09,9,2,40,7,969,0.22,0.95,0.05,0.09
PF02347,PF01212,9,24,6,3,18,991,0.25,0.98,0.67,0.4,24,6,3,18,991,0.25,0.98,0.67,0.4
PF10106,PF17206,1,1,0,1,1,1016,0.0,1.0,0.0,-0.0,1,0,1,1,1016,0.0,1.0,0.0,-0.0
PF13929,PF13722,0,0,0,0,0,1018,0,1.0,0,0,0,0,0,0,1018,0,1.0,0,0
PF07292,PF07334,2,1,1,1,0,1016,1.0,1.0,0.5,0.71,1,1,1,0,1016,1.0,1.0,0.5,0.71
PF01154,PF08540,19,17,17,2,0,999,1.0,1.0,0.89,0.94,17,17,2,0,999,1.0,1.0,0.89,0.94
PF00167,PF14798,9,2,1,8,1,1008,0.5,0.99,0.11,0.23,2,1,8,1,1008,0.5,0.99,0.11,0.23
PF08364,PF16658,5,1,1,4,0,1013,1.0,1.0,0.2,0.45,1,1,4,0,1013,1.0,1.0,0.2,0.45
PF07710,PF08563,2,2,2,0,0,1016,1.0,1.0,1.0,1.0,2,2,0,0,1016,1.0,1.0,1.0,1.0
PF10563,PF03203,1,0,0,1,0,1017,0,1.0,0.0,0,0,0,1,0,1017,0,1.0,0.0,0
PF12067,PF13775,1,1,0,1,1,1016,0.0,1.0,0.0,-0.0,1,0,1,1,1016,0.0,1.0,0.0,-0.0
PF05424,PF03011,1,1,1,0,0,1017,1.0,1.0,1.0,1.0,1,1,0,0,1017,1.0,1.0,1.0,1.0
PF05637,PF01786,19,12,5,14,7,992,0.42,0.98,0.26,0.32,12,5,14,7,992,0.42,0.98,0.26,0.32
PF03353,PF10440,4,4,1,3,3,1011,0.25,0.99,0.25,0.25,4,1,3,3,1011,0.25,0.99,0.25,0.25
PF08940,PF03428,0,0,0,0,0,1018,0,1.0,0,0,0,0,0,0,1018,0,1.0,0,0
PF02080,PF02254,3,13,2,1,11,1004,0.15,0.99,0.67,0.32,13,2,1,11,1004,0.15,0.99,0.67,0.32
PF15797,PF10104,4,8,1,3,7,1007,0.12,0.99,0.25,0.17,8,1,3,7,1007,0.12,0.99,0.25,0.17
PF02206,PF11548,8,4,1,7,3,1007,0.25,0.99,0.12,0.17,4,1,7,3,1007,0.25,0.99,0.12,0.17
PF14322,PF05513,0,1,0,0,1,1017,0.0,1.0,0,0,1,0,0,1,1017,0.0,1.0,0,0
PF17068,PF15334,0,0,0,0,0,1018,0,1.0,0,0,0,0,0,0,1018,0,1.0,0,0
PF09259,PF00267,2,1,0,2,1,1015,0.0,1.0,0.0,-0.0,1,0,2,1,1015,0.0,1.0,0.0,-0.0
PF13842,PF13843,2,49,2,0,47,969,0.04,0.95,1.0,0.2,49,2,0,47,969,0.04,0.95,1.0,0.2
PF05138,PF08651,0,1,0,0,1,1017,0.0,1.0,0,0,1,0,0,1,1017,0.0,1.0,0,0
PF00227,PF10584,87,32,31,56,1,930,0.97,0.94,0.36,0.57,32,31,56,1,930,0.97,0.94,0.36,0.57
PF08367,PF16187,7,20,1,6,19,992,0.05,0.98,0.14,0.07,20,1,6,19,992,0.05,0.98,0.14,0.07
PF08707,PF08453,1,2,0,1,2,1015,0.0,1.0,0.0,-0.0,2,0,1,2,1015,0.0,1.0,0.0,-0.0
PF10165,PF05719,9,5,1,8,4,1005,0.2,0.99,0.11,0.14,5,1,8,4,1005,0.2,0.99,0.11,0.14
PF05825,PF15071,2,0,0,2,0,1016,0,1.0,0.0,0,0,0,2,0,1016,0,1.0,0.0,0
PF14632,PF14641,13,12,11,2,1,1004,0.92,1.0,0.85,0.88,12,11,2,1,1004,0.92,1.0,0.85,0.88
PF03144,PF08938,59,5,4,55,1,958,0.8,0.94,0.07,0.22,5,4,55,1,958,0.8,0.94,0.07,0.22
PF08638,PF04048,9,11,2,7,9,1000,0.18,0.98,0.22,0.19,11,2,7,9,1000,0.18,0.98,0.22,0.19
PF09310,PF15898,0,2,0,0,2,1016,0.0,1.0,0,0,2,0,0,2,1016,0.0,1.0,0,0
PF00708,PF15013,7,1,0,7,1,1010,0.0,0.99,0.0,-0.0,1,0,7,1,1010,0.0,0.99,0.0,-0.0
PF00357,PF00882,2,0,0,2,0,1016,0,1.0,0.0,0,0,0,2,0,1016,0,1.0,0.0,0
PF17203,PF09239,5,2,0,5,2,1011,0.0,0.99,0.0,-0.0,2,0,5,2,1011,0.0,0.99,0.0,-0.0
PF14920,PF14918,0,0,0,0,0,1018,0,1.0,0,0,0,0,0,0,1018,0,1.0,0,0
PF00163,PF00900,15,15,3,12,12,991,0.2,0.98,0.2,0.19,15,3,12,12,991,0.2,0.98,0.2,0.19
PF15356,PF11057,0,0,0,0,0,1018,0,1.0,0,0,0,0,0,0,1018,0,1.0,0,0
PF02907,PF10801,1,0,0,1,0,1017,0,1.0,0.0,0,0,0,1,0,1017,0,1.0,0.0,0
PF00575,PF09371,34,3,2,32,1,983,0.67,0.97,0.06,0.19,3,2,32,1,983,0.67,0.97,0.06,0.19
PF06021,PF08444,4,2,2,2,0,1014,1.0,1.0,0.5,0.71,2,2,2,0,1014,1.0,1.0,0.5,0.71
PF02939,PF01975,13,12,1,12,11,994,0.08,0.98,0.08,0.07,12,1,12,11,994,0.08,0.98,0.08,0.07
PF12541,PF09365,0,2,0,0,2,1016,0.0,1.0,0,0,2,0,0,2,1016,0.0,1.0,0,0
PF02792,PF03842,6,0,0,6,0,1012,0,0.99,0.0,0,0,0,6,0,1012,0,0.99,0.0,0
PF08961,PF09049,1,0,0,1,0,1017,0,1.0,0.0,0,0,0,1,0,1017,0,1.0,0.0,0
PF15282,PF15090,5,1,0,5,1,1012,0.0,0.99,0.0,-0.0,1,0,5,1,1012,0.0,0.99,0.0,-0.0
PF01307,PF13186,0,13,0,0,13,1005,0.0,0.99,0,0,13,0,0,13,1005,0.0,0.99,0,0
PF01034,PF06365,4,6,1,3,5,1009,0.17,0.99,0.25,0.2,6,1,3,5,1009,0.17,0.99,0.25,0.2
PF03471,PF15450,5,1,0,5,1,1012,0.0,0.99,0.0,-0.0,1,0,5,1,1012,0.0,0.99,0.0,-0.0
PF02607,PF02965,4,5,4,0,1,1013,0.8,1.0,1.0,0.89,5,4,0,1,1013,0.8,1.0,1.0,0.89
PF12236,PF06122,0,0,0,0,0,1018,0,1.0,0,0,0,0,0,0,1018,0,1.0,0,0
PF01228,PF02901,2,7,2,0,5,1011,0.29,1.0,1.0,0.53,7,2,0,5,1011,0.29,1.0,1.0,0.53
PF06331,PF12806,11,3,3,8,0,1007,1.0,0.99,0.27,0.52,3,3,8,0,1007,1.0,0.99,0.27,0.52
PF05344,PF01529,0,56,0,0,56,962,0.0,0.94,0,0,56,0,0,56,962,0.0,0.94,0,0
PF00391,PF02896,12,16,8,4,8,998,0.5,0.99,0.67,0.57,16,8,4,8,998,0.5,0.99,0.67,0.57
PF13361,PF00580,19,18,16,3,2,997,0.89,1.0,0.84,0.86,18,16,3,2,997,0.89,1.0,0.84,0.86
PF05083,PF01514,0,0,0,0,0,1018,0,1.0,0,0,0,0,0,0,1018,0,1.0,0,0
PF02146,PF04574,51,6,6,45,0,967,1.0,0.96,0.12,0.34,6,6,45,0,967,1.0,0.96,0.12,0.34
PF04342,PF13742,0,2,0,0,2,1016,0.0,1.0,0,0,2,0,0,2,1016,0.0,1.0,0,0
PF02996,PF01956,28,11,4,24,7,983,0.36,0.97,0.14,0.21,11,4,24,7,983,0.36,0.97,0.14,0.21
PF01284,PF07303,26,10,7,19,3,989,0.7,0.98,0.27,0.43,10,7,19,3,989,0.7,0.98,0.27,0.43
PF05353,PF10645,1,2,0,1,2,1015,0.0,1.0,0.0,-0.0,2,0,1,2,1015,0.0,1.0,0.0,-0.0
PF12401,PF00791,0,14,0,0,14,1004,0.0,0.99,0,0,14,0,0,14,1004,0.0,0.99,0,0
PF14449,PF04740,0,0,0,0,0,1018,0,1.0,0,0,0,0,0,0,1018,0,1.0,0,0
PF14413,PF04446,10,11,10,0,1,1007,0.91,1.0,1.0,0.95,11,10,0,1,1007,0.91,1.0,1.0,0.95
PF04465,PF09260,0,5,0,0,5,1013,0.0,1.0,0,0,5,0,0,5,1013,0.0,1.0,0,0
PF07659,PF11272,0,0,0,0,0,1018,0,1.0,0,0,0,0,0,0,1018,0,1.0,0,0
PF06803,PF08941,9,8,3,6,5,1004,0.38,0.99,0.33,0.35,8,3,6,5,1004,0.38,0.99,0.33,0.35
PF10282,PF09724,14,13,6,8,7,997,0.46,0.99,0.43,0.44,13,6,8,7,997,0.46,0.99,0.43,0.44
PF09379,PF09380,40,32,30,10,2,976,0.94,0.99,0.75,0.83,32,30,10,2,976,0.94,0.99,0.75,0.83
PF04622,PF07444,5,0,0,5,0,1013,0,1.0,0.0,0,0,0,5,0,1013,0,1.0,0.0,0
PF14398,PF07902,0,1,0,0,1,1017,0.0,1.0,0,0,1,0,0,1,1017,0.0,1.0,0,0
PF14901,PF14308,2,11,0,2,11,1005,0.0,0.99,0.0,-0.0,11,0,2,11,1005,0.0,0.99,0.0,-0.0
PF04346,PF03244,2,0,0,2,0,1016,0,1.0,0.0,0,0,0,2,0,1016,0,1.0,0.0,0
PF04570,PF10248,2,3,0,2,3,1013,0.0,1.0,0.0,-0.0,3,0,2,3,1013,0.0,1.0,0.0,-0.0
PF16135,PF07897,15,1,1,14,0,1003,1.0,0.99,0.07,0.26,1,1,14,0,1003,1.0,0.99,0.07,0.26
PF05617,PF02519,3,12,1,2,11,1004,0.08,0.99,0.33,0.16,12,1,2,11,1004,0.08,0.99,0.33,0.16
PF04096,PF12110,11,15,10,1,5,1002,0.67,0.99,0.91,0.78,15,10,1,5,1002,0.67,0.99,0.91,0.78
PF11981,PF12840,0,0,0,0,0,1018,0,1.0,0,0,0,0,0,0,1018,0,1.0,0,0
PF09849,PF06681,0,0,0,0,0,1018,0,1.0,0,0,0,0,0,0,1018,0,1.0,0,0
PF13293,PF04617,1,1,1,0,0,1017,1.0,1.0,1.0,1.0,1,1,0,0,1017,1.0,1.0,1.0,1.0
PF00567,PF13871,33,6,4,29,2,983,0.67,0.97,0.12,0.28,6,4,29,2,983,0.67,0.97,0.12,0.28
PF07422,PF13307,0,21,0,0,21,997,0.0,0.98,0,0,21,0,0,21,997,0.0,0.98,0,0
PF07685,PF11642,3,0,0,3,0,1015,0,1.0,0.0,0,0,0,3,0,1015,0,1.0,0.0,0
PF03465,PF03464,9,8,8,1,0,1009,1.0,1.0,0.89,0.94,8,8,1,0,1009,1.0,1.0,0.89,0.94
PF15658,PF09500,0,0,0,0,0,1018,0,1.0,0,0,0,0,0,0,1018,0,1.0,0,0
PF06330,PF06581,2,0,0,2,0,1016,0,1.0,0.0,0,0,0,2,0,1016,0,1.0,0.0,0
PF08115,PF08676,0,24,0,0,24,994,0.0,0.98,0,0,24,0,0,24,994,0.0,0.98,0,0
PF05754,PF02972,0,0,0,0,0,1018,0,1.0,0,0,0,0,0,0,1018,0,1.0,0,0
PF02397,PF02719,2,4,2,0,2,1014,0.5,1.0,1.0,0.71,4,2,0,2,1014,0.5,1.0,1.0,0.71
PF10404,PF10403,7,10,7,0,3,1008,0.7,1.0,1.0,0.84,10,7,0,3,1008,0.7,1.0,1.0,0.84
PF08516,PF00200,24,29,23,1,6,988,0.79,0.99,0.96,0.87,29,23,1,6,988,0.79,0.99,0.96,0.87
PF00873,PF13953,7,5,3,4,2,1009,0.6,0.99,0.43,0.5,5,3,4,2,1009,0.6,0.99,0.43,0.5
PF00354,PF10393,17,3,3,14,0,1001,1.0,0.99,0.18,0.42,3,3,14,0,1001,1.0,0.99,0.18,0.42
PF06638,PF16954,3,2,0,3,2,1013,0.0,1.0,0.0,-0.0,2,0,3,2,1013,0.0,1.0,0.0,-0.0
PF15192,PF15680,0,0,0,0,0,1018,0,1.0,0,0,0,0,0,0,1018,0,1.0,0,0
PF15357,PF04754,0,1,0,0,1,1017,0.0,1.0,0,0,1,0,0,1,1017,0.0,1.0,0,0
PF14008,PF16656,26,24,22,4,2,990,0.92,0.99,0.85,0.88,24,22,4,2,990,0.92,0.99,0.85,0.88
PF07866,PF04024,0,0,0,0,0,1018,0,1.0,0,0,0,0,0,0,1018,0,1.0,0,0
PF09729,PF16944,8,2,0,8,2,1008,0.0,0.99,0.0,-0.0,2,0,8,2,1008,0.0,0.99,0.0,-0.0
PF05299,PF05707,0,0,0,0,0,1018,0,1.0,0,0,0,0,0,0,1018,0,1.0,0,0
PF04748,PF10403,1,10,0,1,10,1007,0.0,0.99,0.0,-0.0,10,0,1,10,1007,0.0,0.99,0.0,-0.0
PF02983,PF09272,2,4,1,1,3,1013,0.25,1.0,0.5,0.35,4,1,1,3,1013,0.25,1.0,0.5,0.35
PF08472,PF05116,2,11,1,1,10,1006,0.09,0.99,0.5,0.21,11,1,1,10,1006,0.09,0.99,0.5,0.21
PF06934,PF10566,0,0,0,0,0,1018,0,1.0,0,0,0,0,0,0,1018,0,1.0,0,0
PF07502,PF16915,2,1,1,1,0,1016,1.0,1.0,0.5,0.71,1,1,1,0,1016,1.0,1.0,0.5,0.71
PF11736,PF03922,4,0,0,4,0,1014,0,1.0,0.0,0,0,0,4,0,1014,0,1.0,0.0,0
PF12483,PF01980,3,1,0,3,1,1014,0.0,1.0,0.0,-0.0,1,0,3,1,1014,0.0,1.0,0.0,-0.0
PF05965,PF05964,19,18,17,2,1,998,0.94,1.0,0.89,0.92,18,17,2,1,998,0.94,1.0,0.89,0.92
PF14908,PF13020,5,5,1,4,4,1009,0.2,0.99,0.2,0.2,5,1,4,4,1009,0.2,0.99,0.2,0.2
PF02351,PF00393,3,12,1,2,11,1004,0.08,0.99,0.33,0.16,12,1,2,11,1004,0.08,0.99,0.33,0.16
PF12686,PF04222,0,0,0,0,0,1018,0,1.0,0,0,0,0,0,0,1018,0,1.0,0,0
PF07526,PF16493,4,1,1,3,0,1014,1.0,1.0,0.25,0.5,1,1,3,0,1014,1.0,1.0,0.25,0.5
PF15069,PF15060,0,0,0,0,0,1018,0,1.0,0,0,0,0,0,0,1018,0,1.0,0,0
PF04277,PF15214,2,2,0,2,2,1014,0.0,1.0,0.0,-0.0,2,0,2,2,1014,0.0,1.0,0.0,-0.0
PF07918,PF10295,0,3,0,0,3,1015,0.0,1.0,0,0,3,0,0,3,1015,0.0,1.0,0,0
PF05791,PF05164,0,0,0,0,0,1018,0,1.0,0,0,0,0,0,0,1018,0,1.0,0,0
PF10223,PF06910,2,1,0,2,1,1015,0.0,1.0,0.0,-0.0,1,0,2,1,1015,0.0,1.0,0.0,-0.0
PF08840,PF04775,4,3,2,2,1,1013,0.67,1.0,0.5,0.58,3,2,2,1,1013,0.67,1.0,0.5,0.58
PF05821,PF00717,6,33,3,3,30,982,0.09,0.97,0.5,0.2,33,3,3,30,982,0.09,0.97,0.5,0.2
PF01740,PF00916,35,37,31,4,6,977,0.84,0.99,0.89,0.86,37,31,4,6,977,0.84,0.99,0.89,0.86
PF04176,PF04716,9,13,3,6,10,999,0.23,0.98,0.33,0.27,13,3,6,10,999,0.23,0.98,0.33,0.27
PF12869,PF04122,3,0,0,3,0,1015,0,1.0,0.0,0,0,0,3,0,1015,0,1.0,0.0,0
PF02336,PF02277,2,3,0,2,3,1013,0.0,1.0,0.0,-0.0,3,0,2,3,1013,0.0,1.0,0.0,-0.0
PF14224,PF15984,0,0,0,0,0,1018,0,1.0,0,0,0,0,0,0,1018,0,1.0,0,0
PF15470,PF00936,0,0,0,0,0,1018,0,1.0,0,0,0,0,0,0,1018,0,1.0,0,0
PF02210,PF00054,40,15,13,27,2,976,0.87,0.97,0.33,0.52,15,13,27,2,976,0.87,0.97,0.33,0.52
PF15904,PF10428,2,4,1,1,3,1013,0.25,1.0,0.5,0.35,4,1,1,3,1013,0.25,1.0,0.5,0.35
PF03626,PF07726,2,5,2,0,3,1013,0.4,1.0,1.0,0.63,5,2,0,3,1013,0.4,1.0,1.0,0.63
PF00334,PF05186,24,20,5,19,15,979,0.25,0.97,0.21,0.21,20,5,19,15,979,0.25,0.97,0.21,0.21
PF01033,PF09412,18,12,7,11,5,995,0.58,0.98,0.39,0.47,12,7,11,5,995,0.58,0.98,0.39,0.47
PF03085,PF15067,0,4,0,0,4,1014,0.0,1.0,0,0,4,0,0,4,1014,0.0,1.0,0,0
PF02265,PF06404,7,1,0,7,1,1010,0.0,0.99,0.0,-0.0,1,0,7,1,1010,0.0,0.99,0.0,-0.0
PF06842,PF09495,9,1,0,9,1,1008,0.0,0.99,0.0,-0.0,1,0,9,1,1008,0.0,0.99,0.0,-0.0
PF03248,PF06404,6,1,0,6,1,1011,0.0,0.99,0.0,-0.0,1,0,6,1,1011,0.0,0.99,0.0,-0.0
PF08727,PF00947,12,12,12,0,0,1006,1.0,1.0,1.0,1.0,12,12,0,0,1006,1.0,1.0,1.0,1.0
PF11794,PF03241,0,0,0,0,0,1018,0,1.0,0,0,0,0,0,0,1018,0,1.0,0,0
PF03898,PF08795,0,0,0,0,0,1018,0,1.0,0,0,0,0,0,0,1018,0,1.0,0,0
PF08125,PF01232,7,6,6,1,0,1011,1.0,1.0,0.86,0.93,6,6,1,0,1011,1.0,1.0,0.86,0.93
PF08247,PF10673,0,0,0,0,0,1018,0,1.0,0,0,0,0,0,0,1018,0,1.0,0,0
PF06629,PF12192,0,0,0,0,0,1018,0,1.0,0,0,0,0,0,0,1018,0,1.0,0,0
PF05207,PF14901,14,2,1,13,1,1003,0.5,0.99,0.07,0.19,2,1,13,1,1003,0.5,0.99,0.07,0.19
PF06350,PF07859,7,69,7,0,62,949,0.1,0.94,1.0,0.31,69,7,0,62,949,0.1,0.94,1.0,0.31
PF11799,PF00817,25,27,25,0,2,991,0.93,1.0,1.0,0.96,27,25,0,2,991,0.93,1.0,1.0,0.96
PF10058,PF10217,7,1,0,7,1,1010,0.0,0.99,0.0,-0.0,1,0,7,1,1010,0.0,0.99,0.0,-0.0
PF02391,PF05176,10,3,2,8,1,1007,0.67,0.99,0.2,0.36,3,2,8,1,1007,0.67,0.99,0.2,0.36
PF00646,PF12937,94,96,41,53,55,869,0.43,0.89,0.44,0.37,96,41,53,55,869,0.43,0.89,0.44,0.37
PF10176,PF15503,5,1,0,5,1,1012,0.0,0.99,0.0,-0.0,1,0,5,1,1012,0.0,0.99,0.0,-0.0
PF00123,PF16680,7,3,0,7,3,1008,0.0,0.99,0.0,-0.0,3,0,7,3,1008,0.0,0.99,0.0,-0.0
PF13903,PF03091,9,13,1,8,12,997,0.08,0.98,0.11,0.08,13,1,8,12,997,0.08,0.98,0.11,0.08
PF15762,PF15312,0,0,0,0,0,1018,0,1.0,0,0,0,0,0,0,1018,0,1.0,0,0
PF08867,PF09498,0,0,0,0,0,1018,0,1.0,0,0,0,0,0,0,1018,0,1.0,0,0
PF01990,PF02392,2,8,1,1,7,1009,0.12,0.99,0.5,0.25,8,1,1,7,1009,0.12,0.99,0.5,0.25
PF06943,PF04086,2,11,0,2,11,1005,0.0,0.99,0.0,-0.0,11,0,2,11,1005,0.0,0.99,0.0,-0.0
PF02637,PF02934,9,11,9,0,2,1007,0.82,1.0,1.0,0.9,11,9,0,2,1007,0.82,1.0,1.0,0.9
PF04760,PF14578,9,1,1,8,0,1009,1.0,0.99,0.11,0.33,1,1,8,0,1009,1.0,0.99,0.11,0.33
PF04801,PF03299,14,10,2,12,8,996,0.2,0.98,0.14,0.16,10,2,12,8,996,0.2,0.98,0.14,0.16
PF04452,PF09991,2,0,0,2,0,1016,0,1.0,0.0,0,0,0,2,0,1016,0,1.0,0.0,0
PF03189,PF01285,7,4,1,6,3,1008,0.25,0.99,0.14,0.18,4,1,6,3,1008,0.25,0.99,0.14,0.18
PF14887,PF13775,7,1,0,7,1,1010,0.0,0.99,0.0,-0.0,1,0,7,1,1010,0.0,0.99,0.0,-0.0
PF15099,PF15725,0,0,0,0,0,1018,0,1.0,0,0,0,0,0,0,1018,0,1.0,0,0
PF08975,PF12158,1,0,0,1,0,1017,0,1.0,0.0,0,0,0,1,0,1017,0,1.0,0.0,0
PF05912,PF04402,3,6,1,2,5,1010,0.17,0.99,0.33,0.23,6,1,2,5,1010,0.17,0.99,0.33,0.23
PF02373,PF02375,38,19,17,21,2,978,0.89,0.98,0.45,0.62,19,17,21,2,978,0.89,0.98,0.45,0.62
PF15752,PF15762,0,0,0,0,0,1018,0,1.0,0,0,0,0,0,0,1018,0,1.0,0,0
PF08263,PF00560,52,50,35,17,15,951,0.7,0.97,0.67,0.67,50,35,17,15,951,0.7,0.97,0.67,0.67
PF09830,PF07931,10,3,1,9,2,1006,0.33,0.99,0.1,0.18,3,1,9,2,1006,0.33,0.99,0.1,0.18
PF02629,PF08442,16,16,6,10,10,992,0.38,0.98,0.38,0.37,16,6,10,10,992,0.38,0.98,0.38,0.37
PF00957,PF13774,36,20,17,19,3,979,0.85,0.98,0.47,0.62,20,17,19,3,979,0.85,0.98,0.47,0.62
PF05179,PF16050,5,8,5,0,3,1010,0.62,1.0,1.0,0.79,8,5,0,3,1010,0.62,1.0,1.0,0.79
PF07969,PF01979,17,47,8,9,39,962,0.17,0.95,0.47,0.26,47,8,9,39,962,0.17,0.95,0.47,0.26
PF16546,PF07219,12,2,1,11,1,1005,0.5,0.99,0.08,0.2,2,1,11,1,1005,0.5,0.99,0.08,0.2
PF17030,PF11794,0,0,0,0,0,1018,0,1.0,0,0,0,0,0,0,1018,0,1.0,0,0
PF15301,PF03285,4,0,0,4,0,1014,0,1.0,0.0,0,0,0,4,0,1014,0,1.0,0.0,0
PF10381,PF03986,9,10,9,0,1,1008,0.9,1.0,1.0,0.95,10,9,0,1,1008,0.9,1.0,1.0,0.95
PF05892,PF13330,0,16,0,0,16,1002,0.0,0.98,0,0,16,0,0,16,1002,0.0,0.98,0,0
PF05562,PF01387,3,0,0,3,0,1015,0,1.0,0.0,0,0,0,3,0,1015,0,1.0,0.0,0
PF09262,PF16725,12,3,2,10,1,1005,0.67,0.99,0.17,0.33,3,2,10,1,1005,0.67,0.99,0.17,0.33
PF01878,PF08228,10,3,1,9,2,1006,0.33,0.99,0.1,0.18,3,1,9,2,1006,0.33,0.99,0.1,0.18
PF08070,PF16898,4,9,4,0,5,1009,0.44,1.0,1.0,0.67,9,4,0,5,1009,0.44,1.0,1.0,0.67
PF05964,PF05965,18,19,17,1,2,998,0.89,1.0,0.94,0.92,19,17,1,2,998,0.89,1.0,0.94,0.92
PF04747,PF15818,0,0,0,0,0,1018,0,1.0,0,0,0,0,0,0,1018,0,1.0,0,0
PF01609,PF04865,3,0,0,3,0,1015,0,1.0,0.0,0,0,0,3,0,1015,0,1.0,0.0,0
PF11221,PF14748,4,6,1,3,5,1009,0.17,0.99,0.25,0.2,6,1,3,5,1009,0.17,0.99,0.25,0.2
PF01347,PF09172,19,10,10,9,0,999,1.0,0.99,0.53,0.72,10,10,9,0,999,1.0,0.99,0.53,0.72
PF10964,PF05125,0,0,0,0,0,1018,0,1.0,0,0,0,0,0,0,1018,0,1.0,0,0
PF00100,PF00530,55,39,21,34,18,945,0.54,0.95,0.38,0.43,39,21,34,18,945,0.54,0.95,0.38,0.43
PF02954,PF00158,7,11,6,1,5,1006,0.55,0.99,0.86,0.68,11,6,1,5,1006,0.55,0.99,0.86,0.68
PF00913,PF13206,0,0,0,0,0,1018,0,1.0,0,0,0,0,0,0,1018,0,1.0,0,0
PF14441,PF10155,4,6,0,4,6,1008,0.0,0.99,0.0,-0.0,6,0,4,6,1008,0.0,0.99,0.0,-0.0
PF07492,PF01204,9,23,9,0,14,995,0.39,0.99,1.0,0.62,23,9,0,14,995,0.39,0.99,1.0,0.62
PF07882,PF02952,1,1,1,0,0,1017,1.0,1.0,1.0,1.0,1,1,0,0,1017,1.0,1.0,1.0,1.0
PF11790,PF09362,8,10,3,5,7,1003,0.3,0.99,0.38,0.33,10,3,5,7,1003,0.3,0.99,0.38,0.33
PF06222,PF09722,0,0,0,0,0,1018,0,1.0,0,0,0,0,0,0,1018,0,1.0,0,0
PF15717,PF04988,0,5,0,0,5,1013,0.0,1.0,0,0,5,0,0,5,1013,0.0,1.0,0,0
PF10042,PF00038,2,22,0,2,22,994,0.0,0.98,0.0,-0.01,22,0,2,22,994,0.0,0.98,0.0,-0.01
PF05206,PF11722,9,9,5,4,4,1005,0.56,0.99,0.56,0.55,9,5,4,4,1005,0.56,0.99,0.56,0.55
PF01731,PF10420,4,1,1,3,0,1014,1.0,1.0,0.25,0.5,1,1,3,0,1014,1.0,1.0,0.25,0.5
PF16972,PF11069,2,3,0,2,3,1013,0.0,1.0,0.0,-0.0,3,0,2,3,1013,0.0,1.0,0.0,-0.0
PF15216,PF15555,1,1,0,1,1,1016,0.0,1.0,0.0,-0.0,1,0,1,1,1016,0.0,1.0,0.0,-0.0
PF04353,PF04553,0,3,0,0,3,1015,0.0,1.0,0,0,3,0,0,3,1015,0.0,1.0,0,0
PF09132,PF15685,0,0,0,0,0,1018,0,1.0,0,0,0,0,0,0,1018,0,1.0,0,0
PF05337,PF07199,2,0,0,2,0,1016,0,1.0,0.0,0,0,0,2,0,1016,0,1.0,0.0,0
PF17085,PF15060,0,0,0,0,0,1018,0,1.0,0,0,0,0,0,0,1018,0,1.0,0,0
PF08567,PF03909,8,19,8,0,11,999,0.42,0.99,1.0,0.65,19,8,0,11,999,0.42,0.99,1.0,0.65
PF12341,PF08953,12,9,2,10,7,999,0.22,0.98,0.17,0.18,9,2,10,7,999,0.22,0.98,0.17,0.18
PF13339,PF13864,15,6,4,11,2,1001,0.67,0.99,0.27,0.42,6,4,11,2,1001,0.67,0.99,0.27,0.42
PF07529,PF15790,17,1,1,16,0,1001,1.0,0.98,0.06,0.24,1,1,16,0,1001,1.0,0.98,0.06,0.24
PF09749,PF06658,10,3,2,8,1,1007,0.67,0.99,0.2,0.36,3,2,8,1,1007,0.67,0.99,0.2,0.36
PF14355,PF11363,0,0,0,0,0,1018,0,1.0,0,0,0,0,0,0,1018,0,1.0,0,0
PF13362,PF02108,0,0,0,0,0,1018,0,1.0,0,0,0,0,0,0,1018,0,1.0,0,0
PF12589,PF08498,6,11,3,3,8,1004,0.27,0.99,0.5,0.36,11,3,3,8,1004,0.27,0.99,0.5,0.36
PF09797,PF10022,10,7,1,9,6,1002,0.14,0.99,0.1,0.11,7,1,9,6,1002,0.14,0.99,0.1,0.11
PF16566,PF04818,12,29,10,2,19,987,0.34,0.98,0.83,0.53,29,10,2,19,987,0.34,0.98,0.83,0.53
PF08412,PF13545,6,3,0,6,3,1009,0.0,0.99,0.0,-0.0,3,0,6,3,1009,0.0,0.99,0.0,-0.0
PF10551,PF04434,56,24,21,35,3,959,0.88,0.96,0.38,0.56,24,21,35,3,959,0.88,0.96,0.38,0.56
PF10797,PF12897,1,2,1,0,1,1016,0.5,1.0,1.0,0.71,2,1,0,1,1016,0.5,1.0,1.0,0.71
PF14560,PF01302,13,46,9,4,37,968,0.2,0.96,0.69,0.35,46,9,4,37,968,0.2,0.96,0.69,0.35
PF15315,PF05135,0,0,0,0,0,1018,0,1.0,0,0,0,0,0,0,1018,0,1.0,0,0
PF11807,PF04199,12,22,8,4,14,992,0.36,0.98,0.67,0.48,22,8,4,14,992,0.36,0.98,0.67,0.48
PF06080,PF05811,10,4,2,8,2,1006,0.5,0.99,0.2,0.31,4,2,8,2,1006,0.5,0.99,0.2,0.31
PF09342,PF15494,3,10,2,1,8,1007,0.2,0.99,0.67,0.36,10,2,1,8,1007,0.2,0.99,0.67,0.36
PF09789,PF15929,4,0,0,4,0,1014,0,1.0,0.0,0,0,0,4,0,1014,0,1.0,0.0,0
PF08984,PF14850,0,4,0,0,4,1014,0.0,1.0,0,0,4,0,0,4,1014,0.0,1.0,0,0
PF10873,PF09461,0,0,0,0,0,1018,0,1.0,0,0,0,0,0,0,1018,0,1.0,0,0
PF01788,PF00882,0,0,0,0,0,1018,0,1.0,0,0,0,0,0,0,1018,0,1.0,0,0
PF17112,PF15207,0,1,0,0,1,1017,0.0,1.0,0,0,1,0,0,1,1017,0.0,1.0,0,0
PF03209,PF05336,0,2,0,0,2,1016,0.0,1.0,0,0,2,0,0,2,1016,0.0,1.0,0,0
PF10191,PF15964,7,0,0,7,0,1011,0,0.99,0.0,0,0,0,7,0,1011,0,0.99,0.0,0
PF05662,PF07409,3,0,0,3,0,1015,0,1.0,0.0,0,0,0,3,0,1015,0,1.0,0.0,0
PF00454,PF02259,63,29,25,38,4,951,0.86,0.96,0.4,0.57,29,25,38,4,951,0.86,0.96,0.4,0.57
PF03948,PF17221,6,1,0,6,1,1011,0.0,0.99,0.0,-0.0,1,0,6,1,1011,0.0,0.99,0.0,-0.0
PF16550,PF14831,3,2,0,3,2,1013,0.0,1.0,0.0,-0.0,2,0,3,2,1013,0.0,1.0,0.0,-0.0
PF14959,PF13910,1,2,0,1,2,1015,0.0,1.0,0.0,-0.0,2,0,1,2,1015,0.0,1.0,0.0,-0.0
PF05163,PF09798,0,0,0,0,0,1018,0,1.0,0,0,0,0,0,0,1018,0,1.0,0,0
PF09594,PF09834,1,0,0,1,0,1017,0,1.0,0.0,0,0,0,1,0,1017,0,1.0,0.0,0
PF05202,PF02277,0,3,0,0,3,1015,0.0,1.0,0,0,3,0,0,3,1015,0.0,1.0,0,0
PF03988,PF00865,0,0,0,0,0,1018,0,1.0,0,0,0,0,0,0,1018,0,1.0,0,0
PF05977,PF07523,7,0,0,7,0,1011,0,0.99,0.0,0,0,0,7,0,1011,0,0.99,0.0,0
PF02945,PF03175,6,11,5,1,6,1006,0.45,0.99,0.83,0.61,11,5,1,6,1006,0.45,0.99,0.83,0.61
PF04479,PF12296,25,6,5,20,1,992,0.83,0.98,0.2,0.4,6,5,20,1,992,0.83,0.98,0.2,0.4
PF10144,PF04955,0,0,0,0,0,1018,0,1.0,0,0,0,0,0,0,1018,0,1.0,0,0
PF07990,PF12600,4,0,0,4,0,1014,0,1.0,0.0,0,0,0,4,0,1014,0,1.0,0.0,0
PF04797,PF00780,0,38,0,0,38,980,0.0,0.96,0,0,38,0,0,38,980,0.0,0.96,0,0
PF01652,PF08534,27,25,11,16,14,977,0.44,0.97,0.41,0.41,25,11,16,14,977,0.44,0.97,0.41,0.41
PF13996,PF08926,0,10,0,0,10,1008,0.0,0.99,0,0,10,0,0,10,1008,0.0,0.99,0,0
PF13810,PF05841,1,0,0,1,0,1017,0,1.0,0.0,0,0,0,1,0,1017,0,1.0,0.0,0
PF11862,PF14258,1,0,0,1,0,1017,0,1.0,0.0,0,0,0,1,0,1017,0,1.0,0.0,0
PF01061,PF06472,54,13,8,46,5,959,0.62,0.95,0.15,0.29,13,8,46,5,959,0.62,0.95,0.15,0.29
PF05769,PF05346,8,14,2,6,12,998,0.14,0.98,0.25,0.18,14,2,6,12,998,0.14,0.98,0.25,0.18
PF08058,PF10333,0,0,0,0,0,1018,0,1.0,0,0,0,0,0,0,1018,0,1.0,0,0
PF01630,PF06083,8,3,1,7,2,1008,0.33,0.99,0.12,0.2,3,1,7,2,1008,0.33,0.99,0.12,0.2
PF11720,PF09183,1,1,1,0,0,1017,1.0,1.0,1.0,1.0,1,1,0,0,1017,1.0,1.0,1.0,1.0
PF09134,PF13946,0,1,0,0,1,1017,0.0,1.0,0,0,1,0,0,1,1017,0.0,1.0,0,0
PF11338,PF09510,4,0,0,4,0,1014,0,1.0,0.0,0,0,0,4,0,1014,0,1.0,0.0,0
PF04889,PF13954,12,3,1,11,2,1004,0.33,0.99,0.08,0.16,3,1,11,2,1004,0.33,0.99,0.08,0.16
PF12780,PF12777,37,38,34,3,4,977,0.89,0.99,0.92,0.9,38,34,3,4,977,0.89,0.99,0.92,0.9
PF11792,PF13403,0,0,0,0,0,1018,0,1.0,0,0,0,0,0,0,1018,0,1.0,0,0
PF08675,PF04857,4,23,4,0,19,995,0.17,0.98,1.0,0.41,23,4,0,19,995,0.17,0.98,1.0,0.41
PF08287,PF05419,3,0,0,3,0,1015,0,1.0,0.0,0,0,0,3,0,1015,0,1.0,0.0,0
PF01973,PF00002,0,56,0,0,56,962,0.0,0.94,0,0,56,0,0,56,962,0.0,0.94,0,0
PF09668,PF09280,19,9,5,14,4,995,0.56,0.98,0.26,0.37,9,5,14,4,995,0.56,0.98,0.26,0.37
PF06089,PF02604,8,0,0,8,0,1010,0,0.99,0.0,0,0,0,8,0,1010,0,0.99,0.0,0
PF16803,PF05093,6,16,6,0,10,1002,0.38,0.99,1.0,0.61,16,6,0,10,1002,0.38,0.99,1.0,0.61
PF00312,PF05180,21,6,3,18,3,994,0.5,0.98,0.14,0.26,6,3,18,3,994,0.5,0.98,0.14,0.26
PF12782,PF15362,0,1,0,0,1,1017,0.0,1.0,0,0,1,0,0,1,1017,0.0,1.0,0,0
PF11970,PF02112,3,4,0,3,4,1011,0.0,0.99,0.0,-0.0,4,0,3,4,1011,0.0,0.99,0.0,-0.0
PF04814,PF04812,4,3,3,1,0,1014,1.0,1.0,0.75,0.87,3,3,1,0,1014,1.0,1.0,0.75,0.87
PF15782,PF00680,3,12,1,2,11,1004,0.08,0.99,0.33,0.16,12,1,2,11,1004,0.08,0.99,0.33,0.16
PF00139,PF03822,23,4,3,20,1,994,0.75,0.98,0.13,0.31,4,3,20,1,994,0.75,0.98,0.13,0.31
PF02760,PF13553,1,6,0,1,6,1011,0.0,0.99,0.0,-0.0,6,0,1,6,1011,0.0,0.99,0.0,-0.0
PF13968,PF04578,19,16,16,3,0,999,1.0,1.0,0.84,0.92,16,16,3,0,999,1.0,1.0,0.84,0.92
PF06586,PF05309,1,1,1,0,0,1017,1.0,1.0,1.0,1.0,1,1,0,0,1017,1.0,1.0,1.0,1.0
PF13906,PF13520,18,74,17,1,57,943,0.23,0.94,0.94,0.45,74,17,1,57,943,0.23,0.94,0.94,0.45
PF07851,PF07767,8,12,2,6,10,1000,0.17,0.98,0.25,0.2,12,2,6,10,1000,0.17,0.98,0.25,0.2
PF13751,PF05947,2,0,0,2,0,1016,0,1.0,0.0,0,0,0,2,0,1016,0,1.0,0.0,0
PF05129,PF03760,10,1,0,10,1,1007,0.0,0.99,0.0,-0.0,1,0,10,1,1007,0.0,0.99,0.0,-0.0
PF10181,PF01632,3,5,0,3,5,1010,0.0,0.99,0.0,-0.0,5,0,3,5,1010,0.0,0.99,0.0,-0.0
PF08357,PF15037,9,1,1,8,0,1009,1.0,0.99,0.11,0.33,1,1,8,0,1009,1.0,0.99,0.11,0.33
PF14418,PF17182,1,0,0,1,0,1017,0,1.0,0.0,0,0,0,1,0,1017,0,1.0,0.0,0
PF08132,PF01536,2,9,1,1,8,1008,0.11,0.99,0.5,0.23,9,1,1,8,1008,0.11,0.99,0.5,0.23
PF08624,PF10307,4,1,0,4,1,1013,0.0,1.0,0.0,-0.0,1,0,4,1,1013,0.0,1.0,0.0,-0.0
PF04716,PF01632,13,5,0,13,5,1000,0.0,0.98,0.0,-0.01,5,0,13,5,1000,0.0,0.98,0.0,-0.01
PF11678,PF00514,0,63,0,0,63,955,0.0,0.94,0,0,63,0,0,63,955,0.0,0.94,0,0
PF09618,PF14982,1,0,0,1,0,1017,0,1.0,0.0,0,0,0,1,0,1017,0,1.0,0.0,0
PF07347,PF11029,9,2,0,9,2,1007,0.0,0.99,0.0,-0.0,2,0,9,2,1007,0.0,0.99,0.0,-0.0
PF08827,PF05437,0,0,0,0,0,1018,0,1.0,0,0,0,0,0,0,1018,0,1.0,0,0
PF06876,PF15325,0,1,0,0,1,1017,0.0,1.0,0,0,1,0,0,1,1017,0.0,1.0,0,0
PF14838,PF14837,4,2,2,2,0,1014,1.0,1.0,0.5,0.71,2,2,2,0,1014,1.0,1.0,0.5,0.71
PF10798,PF03550,0,0,0,0,0,1018,0,1.0,0,0,0,0,0,0,1018,0,1.0,0,0
PF03791,PF03790,3,1,1,2,0,1015,1.0,1.0,0.33,0.58,1,1,2,0,1015,1.0,1.0,0.33,0.58
PF01336,PF00152,50,70,40,10,30,938,0.57,0.96,0.8,0.66,70,40,10,30,938,0.57,0.96,0.8,0.66
PF10793,PF15623,0,0,0,0,0,1018,0,1.0,0,0,0,0,0,0,1018,0,1.0,0,0
PF15800,PF14554,1,2,1,0,1,1016,0.5,1.0,1.0,0.71,2,1,0,1,1016,0.5,1.0,1.0,0.71
PF00521,PF16898,19,9,8,11,1,998,0.89,0.99,0.42,0.61,9,8,11,1,998,0.89,0.99,0.42,0.61
PF03867,PF10525,1,4,1,0,3,1014,0.25,1.0,1.0,0.5,4,1,0,3,1014,0.25,1.0,1.0,0.5
PF13204,PF12904,0,0,0,0,0,1018,0,1.0,0,0,0,0,0,0,1018,0,1.0,0,0
PF00274,PF05617,13,3,0,13,3,1002,0.0,0.98,0.0,-0.01,3,0,13,3,1002,0.0,0.98,0.0,-0.01
PF01702,PF10231,14,8,3,11,5,999,0.38,0.98,0.21,0.28,8,3,11,5,999,0.38,0.98,0.21,0.28
PF12634,PF13362,2,0,0,2,0,1016,0,1.0,0.0,0,0,0,2,0,1016,0,1.0,0.0,0
PF09004,PF08284,14,23,4,10,19,985,0.17,0.97,0.29,0.21,23,4,10,19,985,0.17,0.97,0.29,0.21
PF06218,PF06699,6,14,4,2,10,1002,0.29,0.99,0.67,0.43,14,4,2,10,1002,0.29,0.99,0.67,0.43
PF01575,PF08354,34,10,10,24,0,984,1.0,0.98,0.29,0.54,10,10,24,0,984,1.0,0.98,0.29,0.54
PF11406,PF10106,0,1,0,0,1,1017,0.0,1.0,0,0,1,0,0,1,1017,0.0,1.0,0,0
PF02366,PF16192,13,14,13,0,1,1004,0.93,1.0,1.0,0.96,14,13,0,1,1004,0.93,1.0,1.0,0.96
PF02873,PF02913,6,29,3,3,26,986,0.1,0.97,0.5,0.22,29,3,3,26,986,0.1,0.97,0.5,0.22
PF00137,PF07687,23,11,4,19,7,988,0.36,0.97,0.17,0.24,11,4,19,7,988,0.36,0.97,0.17,0.24
PF10588,PF00384,17,23,15,2,8,993,0.65,0.99,0.88,0.75,23,15,2,8,993,0.65,0.99,0.88,0.75
PF15651,PF14858,0,0,0,0,0,1018,0,1.0,0,0,0,0,0,0,1018,0,1.0,0,0
PF02029,PF15388,7,2,2,5,0,1011,1.0,1.0,0.29,0.53,2,2,5,0,1011,1.0,1.0,0.29,0.53
PF07217,PF16019,6,0,0,6,0,1012,0,0.99,0.0,0,0,0,6,0,1012,0,0.99,0.0,0
PF06444,PF01059,1,0,0,1,0,1017,0,1.0,0.0,0,0,0,1,0,1017,0,1.0,0.0,0
PF10466,PF06309,1,4,0,1,4,1013,0.0,1.0,0.0,-0.0,4,0,1,4,1013,0.0,1.0,0.0,-0.0
PF07970,PF06201,15,18,5,10,13,990,0.28,0.98,0.33,0.29,18,5,10,13,990,0.28,0.98,0.33,0.29
PF07655,PF10079,1,0,0,1,0,1017,0,1.0,0.0,0,0,0,1,0,1017,0,1.0,0.0,0
PF07259,PF15120,1,1,0,1,1,1016,0.0,1.0,0.0,-0.0,1,0,1,1,1016,0.0,1.0,0.0,-0.0
PF03040,PF02392,6,8,6,0,2,1010,0.75,1.0,1.0,0.87,8,6,0,2,1010,0.75,1.0,1.0,0.87
PF07809,PF15298,0,0,0,0,0,1018,0,1.0,0,0,0,0,0,0,1018,0,1.0,0,0
PF00160,PF13879,73,10,7,66,3,942,0.7,0.93,0.1,0.24,10,7,66,3,942,0.7,0.93,0.1,0.24
PF02752,PF05404,30,3,1,29,2,986,0.33,0.97,0.03,0.1,3,1,29,2,986,0.33,0.97,0.03,0.1
PF17168,PF16335,4,4,4,0,0,1014,1.0,1.0,1.0,1.0,4,4,0,0,1014,1.0,1.0,1.0,1.0
PF15175,PF08945,0,0,0,0,0,1018,0,1.0,0,0,0,0,0,0,1018,0,1.0,0,0
PF06124,PF03406,2,0,0,2,0,1016,0,1.0,0.0,0,0,0,2,0,1016,0,1.0,0.0,0
PF15472,PF15175,0,0,0,0,0,1018,0,1.0,0,0,0,0,0,0,1018,0,1.0,0,0
PF16696,PF11464,2,11,1,1,10,1006,0.09,0.99,0.5,0.21,11,1,1,10,1006,0.09,0.99,0.5,0.21
PF02687,PF12704,10,6,5,5,1,1007,0.83,0.99,0.5,0.64,6,5,5,1,1007,0.83,0.99,0.5,0.64
PF08873,PF05290,0,0,0,0,0,1018,0,1.0,0,0,0,0,0,0,1018,0,1.0,0,0
PF01968,PF05378,28,28,28,0,0,990,1.0,1.0,1.0,1.0,28,28,0,0,990,1.0,1.0,1.0,1.0
PF12194,PF08291,1,0,0,1,0,1017,0,1.0,0.0,0,0,0,1,0,1017,0,1.0,0.0,0
PF11671,PF12278,0,0,0,0,0,1018,0,1.0,0,0,0,0,0,0,1018,0,1.0,0,0
PF15690,PF15689,0,0,0,0,0,1018,0,1.0,0,0,0,0,0,0,1018,0,1.0,0,0
PF06293,PF09812,13,2,2,11,0,1005,1.0,0.99,0.15,0.39,2,2,11,0,1005,1.0,0.99,0.15,0.39
PF10385,PF04561,4,4,2,2,2,1012,0.5,1.0,0.5,0.5,4,2,2,2,1012,0.5,1.0,0.5,0.5
PF05136,PF01312,3,0,0,3,0,1015,0,1.0,0.0,0,0,0,3,0,1015,0,1.0,0.0,0
PF03717,PF00905,17,19,16,1,3,998,0.84,1.0,0.94,0.89,19,16,1,3,998,0.84,1.0,0.94,0.89
PF06952,PF04754,0,1,0,0,1,1017,0.0,1.0,0,0,1,0,0,1,1017,0.0,1.0,0,0
PF01469,PF09289,4,4,2,2,2,1012,0.5,1.0,0.5,0.5,4,2,2,2,1012,0.5,1.0,0.5,0.5
PF16124,PF09382,30,17,17,13,0,988,1.0,0.99,0.57,0.75,17,17,13,0,988,1.0,0.99,0.57,0.75
PF07813,PF07421,0,1,0,0,1,1017,0.0,1.0,0,0,1,0,0,1,1017,0.0,1.0,0,0
PF11492,PF00915,1,1,1,0,0,1017,1.0,1.0,1.0,1.0,1,1,0,0,1017,1.0,1.0,1.0,1.0
PF00993,PF16196,0,0,0,0,0,1018,0,1.0,0,0,0,0,0,0,1018,0,1.0,0,0
PF00436,PF04667,22,5,0,22,5,991,0.0,0.97,0.0,-0.01,5,0,22,5,991,0.0,0.97,0.0,-0.01
PF03882,PF17192,0,0,0,0,0,1018,0,1.0,0,0,0,0,0,0,1018,0,1.0,0,0
PF07694,PF13556,7,1,1,6,0,1011,1.0,0.99,0.14,0.38,1,1,6,0,1011,1.0,0.99,0.14,0.38
PF10076,PF05947,0,0,0,0,0,1018,0,1.0,0,0,0,0,0,0,1018,0,1.0,0,0
PF11584,PF15809,0,0,0,0,0,1018,0,1.0,0,0,0,0,0,0,1018,0,1.0,0,0
PF08725,PF07965,9,4,4,5,0,1009,1.0,1.0,0.44,0.67,4,4,5,0,1009,1.0,1.0,0.44,0.67
PF15275,PF16043,5,1,0,5,1,1012,0.0,0.99,0.0,-0.0,1,0,5,1,1012,0.0,0.99,0.0,-0.0
PF10996,PF16661,32,30,27,5,3,983,0.9,0.99,0.84,0.87,30,27,5,3,983,0.9,0.99,0.84,0.87
PF00275,PF01761,16,14,11,5,3,999,0.79,0.99,0.69,0.73,14,11,5,3,999,0.79,0.99,0.69,0.73
PF15253,PF12887,3,0,0,3,0,1015,0,1.0,0.0,0,0,0,3,0,1015,0,1.0,0.0,0
PF15846,PF07117,3,0,0,3,0,1015,0,1.0,0.0,0,0,0,3,0,1015,0,1.0,0.0,0
PF10232,PF07406,9,2,0,9,2,1007,0.0,0.99,0.0,-0.0,2,0,9,2,1007,0.0,0.99,0.0,-0.0
PF03922,PF11736,0,4,0,0,4,1014,0.0,1.0,0,0,4,0,0,4,1014,0.0,1.0,0,0
PF09387,PF07738,0,28,0,0,28,990,0.0,0.97,0,0,28,0,0,28,990,0.0,0.97,0,0
PF01398,PF13012,46,24,23,23,1,971,0.96,0.98,0.5,0.68,24,23,23,1,971,0.96,0.98,0.5,0.68
PF02295,PF16797,11,3,2,9,1,1006,0.67,0.99,0.18,0.34,3,2,9,1,1006,0.67,0.99,0.18,0.34
PF03865,PF13722,0,0,0,0,0,1018,0,1.0,0,0,0,0,0,0,1018,0,1.0,0,0
PF12376,PF15120,0,1,0,0,1,1017,0.0,1.0,0,0,1,0,0,1,1017,0.0,1.0,0,0
PF03947,PF07985,18,12,6,12,6,994,0.5,0.98,0.33,0.4,12,6,12,6,994,0.5,0.98,0.33,0.4
PF14824,PF13241,10,10,10,0,0,1008,1.0,1.0,1.0,1.0,10,10,0,0,1008,1.0,1.0,1.0,1.0
PF09743,PF08638,4,9,1,3,8,1006,0.11,0.99,0.25,0.16,9,1,3,8,1006,0.11,0.99,0.25,0.16
PF10938,PF06185,0,0,0,0,0,1018,0,1.0,0,0,0,0,0,0,1018,0,1.0,0,0
PF15068,PF16590,1,1,0,1,1,1016,0.0,1.0,0.0,-0.0,1,0,1,1,1016,0.0,1.0,0.0,-0.0
PF16469,PF16126,2,1,0,2,1,1015,0.0,1.0,0.0,-0.0,1,0,2,1,1015,0.0,1.0,0.0,-0.0
PF03766,PF12590,1,1,0,1,1,1016,0.0,1.0,0.0,-0.0,1,0,1,1,1016,0.0,1.0,0.0,-0.0
PF01551,PF01476,14,39,6,8,33,971,0.15,0.96,0.43,0.24,39,6,8,33,971,0.15,0.96,0.43,0.24
PF03962,PF05207,7,14,2,5,12,999,0.14,0.98,0.29,0.19,14,2,5,12,999,0.14,0.98,0.29,0.19
PF05620,PF03943,4,5,1,3,4,1010,0.2,0.99,0.25,0.22,5,1,3,4,1010,0.2,0.99,0.25,0.22
PF04961,PF02971,4,4,4,0,0,1014,1.0,1.0,1.0,1.0,4,4,0,0,1014,1.0,1.0,1.0,1.0
PF00989,PF08447,37,25,15,22,10,971,0.6,0.97,0.41,0.48,25,15,22,10,971,0.6,0.97,0.41,0.48
PF02129,PF08530,20,17,17,3,0,998,1.0,1.0,0.85,0.92,17,17,3,0,998,1.0,1.0,0.85,0.92
PF08450,PF07350,22,2,1,21,1,995,0.5,0.98,0.05,0.15,2,1,21,1,995,0.5,0.98,0.05,0.15
PF00455,PF07476,3,0,0,3,0,1015,0,1.0,0.0,0,0,0,3,0,1015,0,1.0,0.0,0
PF05131,PF12451,5,8,2,3,6,1007,0.25,0.99,0.4,0.31,8,2,3,6,1007,0.25,0.99,0.4,0.31
PF05832,PF04667,10,5,0,10,5,1003,0.0,0.99,0.0,-0.01,5,0,10,5,1003,0.0,0.99,0.0,-0.01
PF06573,PF15207,2,1,0,2,1,1015,0.0,1.0,0.0,-0.0,1,0,2,1,1015,0.0,1.0,0.0,-0.0
PF03370,PF15247,6,7,2,4,5,1007,0.29,0.99,0.33,0.3,7,2,4,5,1007,0.29,0.99,0.33,0.3
PF15208,PF16590,1,1,0,1,1,1016,0.0,1.0,0.0,-0.0,1,0,1,1,1016,0.0,1.0,0.0,-0.0
PF02883,PF09066,17,7,3,14,4,997,0.43,0.98,0.18,0.27,7,3,14,4,997,0.43,0.98,0.18,0.27
PF00236,PF05039,1,0,0,1,0,1017,0,1.0,0.0,0,0,0,1,0,1017,0,1.0,0.0,0
PF14955,PF14935,5,2,0,5,2,1011,0.0,0.99,0.0,-0.0,2,0,5,2,1011,0.0,0.99,0.0,-0.0
PF07123,PF05936,6,2,2,4,0,1012,1.0,1.0,0.33,0.58,2,2,4,0,1012,1.0,1.0,0.33,0.58
PF01170,PF13391,14,14,1,13,13,991,0.07,0.97,0.07,0.06,14,1,13,13,991,0.07,0.97,0.07,0.06
PF04764,PF12241,0,1,0,0,1,1017,0.0,1.0,0,0,1,0,0,1,1017,0.0,1.0,0,0
PF01909,PF03828,22,26,17,5,9,987,0.65,0.99,0.77,0.7,26,17,5,9,987,0.65,0.99,0.77,0.7
PF04950,PF08142,19,14,14,5,0,999,1.0,1.0,0.74,0.86,14,14,5,0,999,1.0,1.0,0.74,0.86
PF08631,PF15979,7,12,2,5,10,1001,0.17,0.99,0.29,0.21,12,2,5,10,1001,0.17,0.99,0.29,0.21
PF03247,PF17014,5,0,0,5,0,1013,0,1.0,0.0,0,0,0,5,0,1013,0,1.0,0.0,0
PF13695,PF00468,4,5,0,4,5,1009,0.0,0.99,0.0,-0.0,5,0,4,5,1009,0.0,0.99,0.0,-0.0
PF14111,PF14392,57,29,24,33,5,956,0.83,0.96,0.42,0.57,29,24,33,5,956,0.83,0.96,0.42,0.57
PF08687,PF08688,4,2,2,2,0,1014,1.0,1.0,0.5,0.71,2,2,2,0,1014,1.0,1.0,0.5,0.71
PF06592,PF02951,1,4,0,1,4,1013,0.0,1.0,0.0,-0.0,4,0,1,4,1013,0.0,1.0,0.0,-0.0
PF15701,PF10737,0,0,0,0,0,1018,0,1.0,0,0,0,0,0,0,1018,0,1.0,0,0
PF00866,PF06995,7,0,0,7,0,1011,0,0.99,0.0,0,0,0,7,0,1011,0,0.99,0.0,0
PF04510,PF08124,1,2,1,0,1,1016,0.5,1.0,1.0,0.71,2,1,0,1,1016,0.5,1.0,1.0,0.71
PF15262,PF12202,4,11,4,0,7,1007,0.36,0.99,1.0,0.6,11,4,0,7,1007,0.36,0.99,1.0,0.6
PF12192,PF08404,0,0,0,0,0,1018,0,1.0,0,0,0,0,0,0,1018,0,1.0,0,0
PF07270,PF06115,0,0,0,0,0,1018,0,1.0,0,0,0,0,0,0,1018,0,1.0,0,0
PF05504,PF03592,8,0,0,8,0,1010,0,0.99,0.0,0,0,0,8,0,1010,0,0.99,0.0,0
PF15363,PF15082,1,3,0,1,3,1014,0.0,1.0,0.0,-0.0,3,0,1,3,1014,0.0,1.0,0.0,-0.0
PF16422,PF16423,4,3,3,1,0,1014,1.0,1.0,0.75,0.87,3,3,1,0,1014,1.0,1.0,0.75,0.87
PF02845,PF01735,32,16,4,28,12,974,0.25,0.96,0.12,0.16,16,4,28,12,974,0.25,0.96,0.12,0.16
PF16118,PF15730,1,1,0,1,1,1016,0.0,1.0,0.0,-0.0,1,0,1,1,1016,0.0,1.0,0.0,-0.0
PF00134,PF02984,69,43,39,30,4,945,0.91,0.97,0.57,0.7,43,39,30,4,945,0.91,0.97,0.57,0.7
PF06813,PF05978,6,16,1,5,15,997,0.06,0.98,0.17,0.09,16,1,5,15,997,0.06,0.98,0.17,0.09
PF15031,PF15171,6,1,0,6,1,1011,0.0,0.99,0.0,-0.0,1,0,6,1,1011,0.0,0.99,0.0,-0.0
PF00061,PF08212,20,8,2,18,6,992,0.25,0.98,0.1,0.15,8,2,18,6,992,0.25,0.98,0.1,0.15
PF11936,PF16553,5,1,1,4,0,1013,1.0,1.0,0.2,0.45,1,1,4,0,1013,1.0,1.0,0.2,0.45
PF07386,PF06581,5,0,0,5,0,1013,0,1.0,0.0,0,0,0,5,0,1013,0,1.0,0.0,0
PF13423,PF15870,16,8,3,13,5,997,0.38,0.98,0.19,0.26,8,3,13,5,997,0.38,0.98,0.19,0.26
PF00660,PF15478,1,1,0,1,1,1016,0.0,1.0,0.0,-0.0,1,0,1,1,1016,0.0,1.0,0.0,-0.0
PF00715,PF10422,2,1,0,2,1,1015,0.0,1.0,0.0,-0.0,1,0,2,1,1015,0.0,1.0,0.0,-0.0
PF04724,PF07816,6,0,0,6,0,1012,0,0.99,0.0,0,0,0,6,0,1012,0,0.99,0.0,0
PF06821,PF15088,2,0,0,2,0,1016,0,1.0,0.0,0,0,0,2,0,1016,0,1.0,0.0,0
PF00296,PF06609,19,12,5,14,7,992,0.42,0.98,0.26,0.32,12,5,14,7,992,0.42,0.98,0.26,0.32
PF01270,PF05448,1,2,0,1,2,1015,0.0,1.0,0.0,-0.0,2,0,1,2,1015,0.0,1.0,0.0,-0.0
PF00182,PF00187,14,13,6,8,7,997,0.46,0.99,0.43,0.44,13,6,8,7,997,0.46,0.99,0.43,0.44
PF02965,PF02607,5,4,4,1,0,1013,1.0,1.0,0.8,0.89,4,4,1,0,1013,1.0,1.0,0.8,0.89
PF14249,PF00301,2,2,0,2,2,1014,0.0,1.0,0.0,-0.0,2,0,2,2,1014,0.0,1.0,0.0,-0.0
PF04541,PF15091,0,0,0,0,0,1018,0,1.0,0,0,0,0,0,0,1018,0,1.0,0,0
PF15011,PF10195,4,1,0,4,1,1013,0.0,1.0,0.0,-0.0,1,0,4,1,1013,0.0,1.0,0.0,-0.0
PF08284,PF00077,23,13,4,19,9,986,0.31,0.97,0.17,0.22,13,4,19,9,986,0.31,0.97,0.17,0.22
PF15681,PF15119,3,1,0,3,1,1014,0.0,1.0,0.0,-0.0,1,0,3,1,1014,0.0,1.0,0.0,-0.0
PF06134,PF08117,2,1,0,2,1,1015,0.0,1.0,0.0,-0.0,1,0,2,1,1015,0.0,1.0,0.0,-0.0
PF14359,PF03831,0,0,0,0,0,1018,0,1.0,0,0,0,0,0,0,1018,0,1.0,0,0
PF16547,PF11919,3,8,3,0,5,1010,0.38,1.0,1.0,0.61,8,3,0,5,1010,0.38,1.0,1.0,0.61
PF10566,PF10908,0,0,0,0,0,1018,0,1.0,0,0,0,0,0,0,1018,0,1.0,0,0
PF00585,PF00290,4,4,0,4,4,1010,0.0,0.99,0.0,-0.0,4,0,4,4,1010,0.0,0.99,0.0,-0.0
PF06899,PF14340,0,2,0,0,2,1016,0.0,1.0,0,0,2,0,0,2,1016,0.0,1.0,0,0
PF00373,PF09379,53,40,38,15,2,963,0.95,0.98,0.72,0.82,40,38,15,2,963,0.95,0.98,0.72,0.82
PF08528,PF04090,5,2,0,5,2,1011,0.0,0.99,0.0,-0.0,2,0,5,2,1011,0.0,0.99,0.0,-0.0
PF02458,PF01063,33,20,7,26,13,972,0.35,0.96,0.21,0.25,20,7,26,13,972,0.35,0.96,0.21,0.25
PF16192,PF02366,14,13,13,1,0,1004,1.0,1.0,0.93,0.96,13,13,1,0,1004,1.0,1.0,0.93,0.96
PF10127,PF07805,1,1,0,1,1,1016,0.0,1.0,0.0,-0.0,1,0,1,1,1016,0.0,1.0,0.0,-0.0
PF15702,PF08570,3,2,0,3,2,1013,0.0,1.0,0.0,-0.0,2,0,3,2,1013,0.0,1.0,0.0,-0.0
PF16563,PF13919,6,9,3,3,6,1006,0.33,0.99,0.5,0.4,9,3,3,6,1006,0.33,0.99,0.5,0.4
PF01222,PF09465,23,7,4,19,3,992,0.57,0.98,0.17,0.31,7,4,19,3,992,0.57,0.98,0.17,0.31
PF15133,PF17076,1,0,0,1,0,1017,0,1.0,0.0,0,0,0,1,0,1017,0,1.0,0.0,0
PF08384,PF08035,0,0,0,0,0,1018,0,1.0,0,0,0,0,0,0,1018,0,1.0,0,0
PF09443,PF15346,2,2,1,1,1,1015,0.5,1.0,0.5,0.5,2,1,1,1,1015,0.5,1.0,0.5,0.5
PF14767,PF14766,0,3,0,0,3,1015,0.0,1.0,0,0,3,0,0,3,1015,0.0,1.0,0,0
PF04405,PF04363,0,2,0,0,2,1016,0.0,1.0,0,0,2,0,0,2,1016,0.0,1.0,0,0
PF11235,PF11244,2,0,0,2,0,1016,0,1.0,0.0,0,0,0,2,0,1016,0,1.0,0.0,0
PF05099,PF15990,0,4,0,0,4,1014,0.0,1.0,0,0,4,0,0,4,1014,0.0,1.0,0,0
PF00115,PF00119,17,9,7,10,2,999,0.78,0.99,0.41,0.56,9,7,10,2,999,0.78,0.99,0.41,0.56
PF03881,PF10282,13,14,3,10,11,994,0.21,0.98,0.23,0.21,14,3,10,11,994,0.21,0.98,0.23,0.21
PF15736,PF04865,1,0,0,1,0,1017,0,1.0,0.0,0,0,0,1,0,1017,0,1.0,0.0,0
PF04049,PF16546,12,12,4,8,8,998,0.33,0.98,0.33,0.33,12,4,8,8,998,0.33,0.98,0.33,0.33
PF07834,PF15486,2,1,1,1,0,1016,1.0,1.0,0.5,0.71,1,1,1,0,1016,1.0,1.0,0.5,0.71
PF07333,PF11264,1,1,0,1,1,1016,0.0,1.0,0.0,-0.0,1,0,1,1,1016,0.0,1.0,0.0,-0.0
PF02559,PF07999,3,2,2,1,0,1015,1.0,1.0,0.67,0.82,2,2,1,0,1015,1.0,1.0,0.67,0.82
PF00387,PF00388,18,23,17,1,6,994,0.74,0.99,0.94,0.83,23,17,1,6,994,0.74,0.99,0.94,0.83
PF04718,PF16158,9,11,4,5,7,1002,0.36,0.99,0.44,0.4,11,4,5,7,1002,0.36,0.99,0.44,0.4
PF13405,PF00036,35,37,19,16,18,965,0.51,0.97,0.54,0.51,37,19,16,18,965,0.51,0.97,0.54,0.51
PF07310,PF01913,1,1,0,1,1,1016,0.0,1.0,0.0,-0.0,1,0,1,1,1016,0.0,1.0,0.0,-0.0
PF05089,PF12971,11,8,8,3,0,1007,1.0,1.0,0.73,0.85,8,8,3,0,1007,1.0,1.0,0.73,0.85
PF03836,PF15780,5,10,2,3,8,1005,0.2,0.99,0.4,0.28,10,2,3,8,1005,0.2,0.99,0.4,0.28
PF12205,PF08518,3,8,3,0,5,1010,0.38,1.0,1.0,0.61,8,3,0,5,1010,0.38,1.0,1.0,0.61
PF00316,PF04666,27,11,5,22,6,985,0.45,0.97,0.19,0.28,11,5,22,6,985,0.45,0.97,0.19,0.28
PF15295,PF12830,0,9,0,0,9,1009,0.0,0.99,0,0,9,0,0,9,1009,0.0,0.99,0,0
PF04093,PF13502,2,1,1,1,0,1016,1.0,1.0,0.5,0.71,1,1,1,0,1016,1.0,1.0,0.5,0.71
PF15117,PF08404,0,0,0,0,0,1018,0,1.0,0,0,0,0,0,0,1018,0,1.0,0,0
PF02195,PF04736,8,1,0,8,1,1009,0.0,0.99,0.0,-0.0,1,0,8,1,1009,0.0,0.99,0.0,-0.0
PF01022,PF01710,2,1,0,2,1,1015,0.0,1.0,0.0,-0.0,1,0,2,1,1015,0.0,1.0,0.0,-0.0
PF08787,PF06108,4,6,1,3,5,1009,0.17,0.99,0.25,0.2,6,1,3,5,1009,0.17,0.99,0.25,0.2
PF15625,PF16056,3,3,1,2,2,1013,0.33,1.0,0.33,0.33,3,1,2,2,1013,0.33,1.0,0.33,0.33
PF12464,PF14602,14,26,10,4,16,988,0.38,0.98,0.71,0.52,26,10,4,16,988,0.38,0.98,0.71,0.52
PF15477,PF11669,8,3,0,8,3,1007,0.0,0.99,0.0,-0.0,3,0,8,3,1007,0.0,0.99,0.0,-0.0
PF10291,PF08683,6,8,1,5,7,1005,0.12,0.99,0.17,0.14,8,1,5,7,1005,0.12,0.99,0.17,0.14
PF03572,PF13180,17,32,9,8,23,978,0.28,0.97,0.53,0.37,32,9,8,23,978,0.28,0.97,0.53,0.37
PF02419,PF00284,1,2,1,0,1,1016,0.5,1.0,1.0,0.71,2,1,0,1,1016,0.5,1.0,1.0,0.71
PF00290,PF14821,4,7,0,4,7,1007,0.0,0.99,0.0,-0.01,7,0,4,7,1007,0.0,0.99,0.0,-0.01
PF02480,PF06305,4,3,3,1,0,1014,1.0,1.0,0.75,0.87,3,3,1,0,1014,1.0,1.0,0.75,0.87
PF09834,PF13362,0,0,0,0,0,1018,0,1.0,0,0,0,0,0,0,1018,0,1.0,0,0
PF13568,PF06798,0,0,0,0,0,1018,0,1.0,0,0,0,0,0,0,1018,0,1.0,0,0
PF08883,PF05419,11,0,0,11,0,1007,0,0.99,0.0,0,0,0,11,0,1007,0,0.99,0.0,0
PF02984,PF16899,43,10,3,40,7,968,0.3,0.95,0.07,0.13,10,3,40,7,968,0.3,0.95,0.07,0.13
PF03264,PF02217,0,3,0,0,3,1015,0.0,1.0,0,0,3,0,0,3,1015,0.0,1.0,0,0
PF09553,PF02863,2,2,0,2,2,1014,0.0,1.0,0.0,-0.0,2,0,2,2,1014,0.0,1.0,0.0,-0.0
PF08649,PF11093,2,0,0,2,0,1016,0,1.0,0.0,0,0,0,2,0,1016,0,1.0,0.0,0
PF00151,PF01477,33,32,12,21,20,965,0.38,0.96,0.36,0.35,32,12,21,20,965,0.38,0.96,0.36,0.35
PF05270,PF09206,7,3,2,5,1,1010,0.67,0.99,0.29,0.43,3,2,5,1,1010,0.67,0.99,0.29,0.43
PF02790,PF06481,12,3,2,10,1,1005,0.67,0.99,0.17,0.33,3,2,10,1,1005,0.67,0.99,0.17,0.33
PF08163,PF15785,11,11,2,9,9,998,0.18,0.98,0.18,0.17,11,2,9,9,998,0.18,0.98,0.18,0.17
PF17152,PF01752,1,2,0,1,2,1015,0.0,1.0,0.0,-0.0,2,0,1,2,1015,0.0,1.0,0.0,-0.0
PF08282,PF00689,22,62,14,8,48,948,0.23,0.94,0.64,0.36,62,14,8,48,948,0.23,0.94,0.64,0.36
PF03577,PF05191,4,12,1,3,11,1003,0.08,0.99,0.25,0.14,12,1,3,11,1003,0.08,0.99,0.25,0.14
PF08625,PF14077,6,4,1,5,3,1009,0.25,0.99,0.17,0.2,4,1,5,3,1009,0.25,0.99,0.17,0.2
PF06668,PF08473,3,5,1,2,4,1011,0.2,0.99,0.33,0.26,5,1,2,4,1011,0.2,0.99,0.33,0.26
PF05811,PF10195,4,1,0,4,1,1013,0.0,1.0,0.0,-0.0,1,0,4,1,1013,0.0,1.0,0.0,-0.0
PF14518,PF08297,3,1,0,3,1,1014,0.0,1.0,0.0,-0.0,1,0,3,1,1014,0.0,1.0,0.0,-0.0
PF06277,PF11921,0,1,0,0,1,1017,0.0,1.0,0,0,1,0,0,1,1017,0.0,1.0,0,0
PF15313,PF13097,8,4,0,8,4,1006,0.0,0.99,0.0,-0.01,4,0,8,4,1006,0.0,0.99,0.0,-0.01
PF15838,PF05151,0,0,0,0,0,1018,0,1.0,0,0,0,0,0,0,1018,0,1.0,0,0
PF01704,PF01652,27,27,8,19,19,972,0.3,0.96,0.3,0.28,27,8,19,19,972,0.3,0.96,0.3,0.28
PF13436,PF13441,2,2,2,0,0,1016,1.0,1.0,1.0,1.0,2,2,0,0,1016,1.0,1.0,1.0,1.0
PF03778,PF10285,0,0,0,0,0,1018,0,1.0,0,0,0,0,0,0,1018,0,1.0,0,0
PF09138,PF08228,8,3,2,6,1,1009,0.67,0.99,0.25,0.41,3,2,6,1,1009,0.67,0.99,0.25,0.41
PF14902,PF05762,1,4,1,0,3,1014,0.25,1.0,1.0,0.5,4,1,0,3,1014,0.25,1.0,1.0,0.5
PF01487,PF08501,13,17,11,2,6,999,0.65,0.99,0.85,0.74,17,11,2,6,999,0.65,0.99,0.85,0.74
PF06886,PF12214,5,7,3,2,4,1009,0.43,0.99,0.6,0.5,7,3,2,4,1009,0.43,0.99,0.6,0.5
PF07469,PF16279,3,6,3,0,3,1012,0.5,1.0,1.0,0.71,6,3,0,3,1012,0.5,1.0,1.0,0.71
PF08569,PF15390,7,0,0,7,0,1011,0,0.99,0.0,0,0,0,7,0,1011,0,0.99,0.0,0
PF07846,PF12904,1,0,0,1,0,1017,0,1.0,0.0,0,0,0,1,0,1017,0,1.0,0.0,0
PF11960,PF08557,2,6,0,2,6,1010,0.0,0.99,0.0,-0.0,6,0,2,6,1010,0.0,0.99,0.0,-0.0
PF01486,PF12347,10,7,3,7,4,1004,0.43,0.99,0.3,0.35,7,3,7,4,1004,0.43,0.99,0.3,0.35
PF09165,PF08802,4,3,2,2,1,1013,0.67,1.0,0.5,0.58,3,2,2,1,1013,0.67,1.0,0.5,0.58
PF07742,PF15279,10,0,0,10,0,1008,0,0.99,0.0,0,0,0,10,0,1008,0,0.99,0.0,0
PF00447,PF01985,30,9,4,26,5,983,0.44,0.97,0.13,0.23,9,4,26,5,983,0.44,0.97,0.13,0.23
PF04029,PF08795,2,0,0,2,0,1016,0,1.0,0.0,0,0,0,2,0,1016,0,1.0,0.0,0
PF06869,PF01666,0,0,0,0,0,1018,0,1.0,0,0,0,0,0,0,1018,0,1.0,0,0
PF05041,PF14611,8,4,0,8,4,1006,0.0,0.99,0.0,-0.01,4,0,8,4,1006,0.0,0.99,0.0,-0.01
PF10531,PF01512,13,10,7,6,3,1002,0.7,0.99,0.54,0.61,10,7,6,3,1002,0.7,0.99,0.54,0.61
PF06382,PF02101,1,7,0,1,7,1010,0.0,0.99,0.0,-0.0,7,0,1,7,1010,0.0,0.99,0.0,-0.0
PF00947,PF08727,12,12,12,0,0,1006,1.0,1.0,1.0,1.0,12,12,0,0,1006,1.0,1.0,1.0,1.0
PF09394,PF08857,0,0,0,0,0,1018,0,1.0,0,0,0,0,0,0,1018,0,1.0,0,0
PF07635,PF03548,0,3,0,0,3,1015,0.0,1.0,0,0,3,0,0,3,1015,0.0,1.0,0,0
PF00184,PF02740,2,1,0,2,1,1015,0.0,1.0,0.0,-0.0,1,0,2,1,1015,0.0,1.0,0.0,-0.0
PF07999,PF07077,2,3,2,0,1,1015,0.67,1.0,1.0,0.82,3,2,0,1,1015,0.67,1.0,1.0,0.82
PF01015,PF16054,9,4,2,7,2,1007,0.5,0.99,0.22,0.33,4,2,7,2,1007,0.5,0.99,0.22,0.33
PF05241,PF07106,9,7,1,8,6,1003,0.14,0.99,0.11,0.12,7,1,8,6,1003,0.14,0.99,0.11,0.12
PF12308,PF02191,2,13,1,1,12,1004,0.08,0.99,0.5,0.19,13,1,1,12,1004,0.08,0.99,0.5,0.19
PF11200,PF08759,0,0,0,0,0,1018,0,1.0,0,0,0,0,0,0,1018,0,1.0,0,0
PF02208,PF08687,4,4,1,3,3,1011,0.25,0.99,0.25,0.25,4,1,3,3,1011,0.25,0.99,0.25,0.25
PF05666,PF14659,0,2,0,0,2,1016,0.0,1.0,0,0,2,0,0,2,1016,0.0,1.0,0,0
PF09409,PF16678,28,8,6,22,2,988,0.75,0.98,0.21,0.39,8,6,22,2,988,0.75,0.98,0.21,0.39
PF05296,PF00103,2,4,0,2,4,1012,0.0,0.99,0.0,-0.0,4,0,2,4,1012,0.0,0.99,0.0,-0.0
PF10438,PF09087,1,1,1,0,0,1017,1.0,1.0,1.0,1.0,1,1,0,0,1017,1.0,1.0,1.0,1.0
PF03069,PF00265,12,10,2,10,8,998,0.2,0.98,0.17,0.17,10,2,10,8,998,0.2,0.98,0.17,0.17
PF12626,PF00308,3,5,3,0,2,1013,0.6,1.0,1.0,0.77,5,3,0,2,1013,0.6,1.0,1.0,0.77
PF12940,PF10426,4,4,4,0,0,1014,1.0,1.0,1.0,1.0,4,4,0,0,1014,1.0,1.0,1.0,1.0
PF05899,PF02502,5,7,1,4,6,1007,0.14,0.99,0.2,0.16,7,1,4,6,1007,0.14,0.99,0.2,0.16
PF15067,PF12527,4,0,0,4,0,1014,0,1.0,0.0,0,0,0,4,0,1014,0,1.0,0.0,0
PF09931,PF09444,1,1,0,1,1,1016,0.0,1.0,0.0,-0.0,1,0,1,1,1016,0.0,1.0,0.0,-0.0
PF02335,PF00079,1,29,0,1,29,988,0.0,0.97,0.0,-0.01,29,0,1,29,988,0.0,0.97,0.0,-0.01
PF11526,PF15912,7,2,0,7,2,1009,0.0,0.99,0.0,-0.0,2,0,7,2,1009,0.0,0.99,0.0,-0.0
PF06826,PF10554,1,0,0,1,0,1017,0,1.0,0.0,0,0,0,1,0,1017,0,1.0,0.0,0
PF07815,PF09431,8,10,2,6,8,1002,0.2,0.99,0.25,0.22,10,2,6,8,1002,0.2,0.99,0.25,0.22
PF00136,PF03104,37,36,35,2,1,980,0.97,1.0,0.95,0.96,36,35,2,1,980,0.97,1.0,0.95,0.96
PF01343,PF08496,15,3,3,12,0,1003,1.0,0.99,0.2,0.44,3,3,12,0,1003,1.0,0.99,0.2,0.44
PF09763,PF15277,8,9,7,1,2,1008,0.78,1.0,0.88,0.82,9,7,1,2,1008,0.78,1.0,0.88,0.82
PF15073,PF12600,1,0,0,1,0,1017,0,1.0,0.0,0,0,0,1,0,1017,0,1.0,0.0,0
PF07348,PF16033,0,4,0,0,4,1014,0.0,1.0,0,0,4,0,0,4,1014,0.0,1.0,0,0
PF06079,PF02290,10,14,7,3,7,1001,0.5,0.99,0.7,0.59,14,7,3,7,1001,0.5,0.99,0.7,0.59
PF01251,PF16739,21,10,5,16,5,992,0.5,0.98,0.24,0.34,10,5,16,5,992,0.5,0.98,0.24,0.34
PF05151,PF09252,0,0,0,0,0,1018,0,1.0,0,0,0,0,0,0,1018,0,1.0,0,0
PF16760,PF08323,2,6,1,1,5,1011,0.17,0.99,0.5,0.29,6,1,1,5,1011,0.17,0.99,0.5,0.29
PF10597,PF10596,15,18,15,0,3,1000,0.83,1.0,1.0,0.91,18,15,0,3,1000,0.83,1.0,1.0,0.91
PF14737,PF07929,10,5,0,10,5,1003,0.0,0.99,0.0,-0.01,5,0,10,5,1003,0.0,0.99,0.0,-0.01
PF02592,PF15775,3,0,0,3,0,1015,0,1.0,0.0,0,0,0,3,0,1015,0,1.0,0.0,0
PF03106,PF07887,18,11,9,9,2,998,0.82,0.99,0.5,0.63,11,9,9,2,998,0.82,0.99,0.5,0.63
PF04508,PF12384,2,2,1,1,1,1015,0.5,1.0,0.5,0.5,2,1,1,1,1015,0.5,1.0,0.5,0.5
PF15843,PF15623,0,0,0,0,0,1018,0,1.0,0,0,0,0,0,0,1018,0,1.0,0,0
PF12369,PF09193,2,1,1,1,0,1016,1.0,1.0,0.5,0.71,1,1,1,0,1016,1.0,1.0,0.5,0.71
PF12814,PF10650,9,3,1,8,2,1007,0.33,0.99,0.11,0.19,3,1,8,2,1007,0.33,0.99,0.11,0.19
PF09204,PF10106,1,1,0,1,1,1016,0.0,1.0,0.0,-0.0,1,0,1,1,1016,0.0,1.0,0.0,-0.0
PF02212,PF00350,34,66,29,5,37,947,0.44,0.96,0.85,0.59,66,29,5,37,947,0.44,0.96,0.85,0.59
PF03772,PF13567,4,4,4,0,0,1014,1.0,1.0,1.0,1.0,4,4,0,0,1014,1.0,1.0,1.0,1.0
PF15765,PF15856,0,1,0,0,1,1017,0.0,1.0,0,0,1,0,0,1,1017,0.0,1.0,0,0
PF15784,PF10506,0,4,0,0,4,1014,0.0,1.0,0,0,4,0,0,4,1014,0.0,1.0,0,0
PF03359,PF15279,9,0,0,9,0,1009,0,0.99,0.0,0,0,0,9,0,1009,0,0.99,0.0,0
PF07412,PF10276,5,1,0,5,1,1012,0.0,0.99,0.0,-0.0,1,0,5,1,1012,0.0,0.99,0.0,-0.0
PF02801,PF00109,58,60,58,0,2,958,0.97,1.0,1.0,0.98,60,58,0,2,958,0.97,1.0,1.0,0.98
PF15700,PF15972,0,0,0,0,0,1018,0,1.0,0,0,0,0,0,0,1018,0,1.0,0,0
PF08881,PF11807,8,12,1,7,11,999,0.08,0.98,0.12,0.09,12,1,7,11,999,0.08,0.98,0.12,0.09
PF08427,PF07035,9,7,1,8,6,1003,0.14,0.99,0.11,0.12,7,1,8,6,1003,0.14,0.99,0.11,0.12
PF08000,PF02074,2,1,0,2,1,1015,0.0,1.0,0.0,-0.0,1,0,2,1,1015,0.0,1.0,0.0,-0.0
PF09135,PF08649,0,2,0,0,2,1016,0.0,1.0,0,0,2,0,0,2,1016,0.0,1.0,0,0
PF17103,PF11380,5,7,4,1,3,1010,0.57,1.0,0.8,0.67,7,4,1,3,1010,0.57,1.0,0.8,0.67
PF00060,PF10613,46,33,31,15,2,970,0.94,0.98,0.67,0.79,33,31,15,2,970,0.94,0.98,0.67,0.79
PF06468,PF02014,7,14,5,2,9,1002,0.36,0.99,0.71,0.5,14,5,2,9,1002,0.36,0.99,0.71,0.5
PF12043,PF03085,2,0,0,2,0,1016,0,1.0,0.0,0,0,0,2,0,1016,0,1.0,0.0,0
PF12794,PF05065,2,1,0,2,1,1015,0.0,1.0,0.0,-0.0,1,0,2,1,1015,0.0,1.0,0.0,-0.0
PF05910,PF04720,10,8,3,7,5,1003,0.38,0.99,0.3,0.33,8,3,7,5,1003,0.38,0.99,0.3,0.33
PF08243,PF12169,12,1,0,12,1,1005,0.0,0.99,0.0,-0.0,1,0,12,1,1005,0.0,0.99,0.0,-0.0
PF14953,PF05233,3,1,1,2,0,1015,1.0,1.0,0.33,0.58,1,1,2,0,1015,1.0,1.0,0.33,0.58
PF12550,PF16787,5,18,4,1,14,999,0.22,0.99,0.8,0.42,18,4,1,14,999,0.22,0.99,0.8,0.42
PF07226,PF12207,0,0,0,0,0,1018,0,1.0,0,0,0,0,0,0,1018,0,1.0,0,0
PF08236,PF11764,14,7,3,11,4,1000,0.43,0.99,0.21,0.3,7,3,11,4,1000,0.43,0.99,0.21,0.3
PF05991,PF03703,3,1,0,3,1,1014,0.0,1.0,0.0,-0.0,1,0,3,1,1014,0.0,1.0,0.0,-0.0
PF13916,PF12509,4,4,0,4,4,1010,0.0,0.99,0.0,-0.0,4,0,4,4,1010,0.0,0.99,0.0,-0.0
PF15545,PF02741,0,1,0,0,1,1017,0.0,1.0,0,0,1,0,0,1,1017,0.0,1.0,0,0
PF01404,PF14575,6,6,5,1,1,1011,0.83,1.0,0.83,0.83,6,5,1,1,1011,0.83,1.0,0.83,0.83
PF07557,PF06637,8,0,0,8,0,1010,0,0.99,0.0,0,0,0,8,0,1010,0,0.99,0.0,0
PF13656,PF00411,15,23,6,9,17,986,0.26,0.97,0.4,0.31,23,6,9,17,986,0.26,0.97,0.4,0.31
PF07855,PF06749,9,7,1,8,6,1003,0.14,0.99,0.11,0.12,7,1,8,6,1003,0.14,0.99,0.11,0.12
PF01617,PF01228,12,2,2,10,0,1006,1.0,0.99,0.17,0.41,2,2,10,0,1006,1.0,0.99,0.17,0.41
PF01520,PF03244,3,0,0,3,0,1015,0,1.0,0.0,0,0,0,3,0,1015,0,1.0,0.0,0
PF09747,PF04253,10,15,4,6,11,997,0.27,0.98,0.4,0.32,15,4,6,11,997,0.27,0.98,0.4,0.32
PF02550,PF13336,10,12,9,1,3,1005,0.75,1.0,0.9,0.82,12,9,1,3,1005,0.75,1.0,0.9,0.82
PF05586,PF16754,2,0,0,2,0,1016,0,1.0,0.0,0,0,0,2,0,1016,0,1.0,0.0,0
PF03141,PF05097,20,5,2,18,3,995,0.4,0.98,0.1,0.19,5,2,18,3,995,0.4,0.98,0.1,0.19
PF14486,PF12628,0,0,0,0,0,1018,0,1.0,0,0,0,0,0,0,1018,0,1.0,0,0
PF16196,PF00993,0,0,0,0,0,1018,0,1.0,0,0,0,0,0,0,1018,0,1.0,0,0
PF04610,PF11751,3,0,0,3,0,1015,0,1.0,0.0,0,0,0,3,0,1015,0,1.0,0.0,0
PF11614,PF13746,4,4,4,0,0,1014,1.0,1.0,1.0,1.0,4,4,0,0,1014,1.0,1.0,1.0,1.0
PF00835,PF13097,1,4,0,1,4,1013,0.0,1.0,0.0,-0.0,4,0,1,4,1013,0.0,1.0,0.0,-0.0
PF03275,PF05611,1,0,0,1,0,1017,0,1.0,0.0,0,0,0,1,0,1017,0,1.0,0.0,0
PF15423,PF04500,0,23,0,0,23,995,0.0,0.98,0,0,23,0,0,23,995,0.0,0.98,0,0
PF08180,PF04835,0,0,0,0,0,1018,0,1.0,0,0,0,0,0,0,1018,0,1.0,0,0
PF12056,PF05562,4,3,2,2,1,1013,0.67,1.0,0.5,0.58,3,2,2,1,1013,0.67,1.0,0.5,0.58
PF00876,PF04658,24,10,4,20,6,988,0.4,0.97,0.17,0.25,10,4,20,6,988,0.4,0.97,0.17,0.25
PF04003,PF08149,13,7,1,12,6,999,0.14,0.98,0.08,0.1,7,1,12,6,999,0.14,0.98,0.08,0.1
PF13786,PF07804,3,1,0,3,1,1014,0.0,1.0,0.0,-0.0,1,0,3,1,1014,0.0,1.0,0.0,-0.0
PF00576,PF00711,6,0,0,6,0,1012,0,0.99,0.0,0,0,0,6,0,1012,0,0.99,0.0,0
PF06366,PF08997,0,7,0,0,7,1011,0.0,0.99,0,0,7,0,0,7,1011,0.0,0.99,0,0
PF12274,PF09733,8,5,1,7,4,1006,0.2,0.99,0.12,0.15,5,1,7,4,1006,0.2,0.99,0.12,0.15
PF05988,PF16011,2,2,0,2,2,1014,0.0,1.0,0.0,-0.0,2,0,2,2,1014,0.0,1.0,0.0,-0.0
PF04389,PF02225,46,47,25,21,22,950,0.53,0.96,0.54,0.52,47,25,21,22,950,0.53,0.96,0.54,0.52
PF12075,PF12297,8,0,0,8,0,1010,0,0.99,0.0,0,0,0,8,0,1010,0,0.99,0.0,0
PF17186,PF07143,0,1,0,0,1,1017,0.0,1.0,0,0,1,0,0,1,1017,0.0,1.0,0,0
PF10409,PF14671,26,4,3,23,1,991,0.75,0.98,0.12,0.29,4,3,23,1,991,0.75,0.98,0.12,0.29
PF02826,PF00389,27,49,18,9,31,960,0.37,0.96,0.67,0.48,49,18,9,31,960,0.37,0.96,0.67,0.48
PF04547,PF16178,18,10,9,9,1,999,0.9,0.99,0.5,0.67,10,9,9,1,999,0.9,0.99,0.5,0.67
PF00359,PF07565,2,7,0,2,7,1009,0.0,0.99,0.0,-0.0,7,0,2,7,1009,0.0,0.99,0.0,-0.0
PF01791,PF04176,12,9,3,9,6,1000,0.33,0.99,0.25,0.28,9,3,9,6,1000,0.33,0.99,0.25,0.28
PF03845,PF15518,8,1,0,8,1,1009,0.0,0.99,0.0,-0.0,1,0,8,1,1009,0.0,0.99,0.0,-0.0
PF11105,PF15814,1,0,0,1,0,1017,0,1.0,0.0,0,0,0,1,0,1017,0,1.0,0.0,0
PF06394,PF06784,7,5,1,6,4,1007,0.2,0.99,0.14,0.16,5,1,6,4,1007,0.2,0.99,0.14,0.16
PF08546,PF02558,20,27,20,0,7,991,0.74,0.99,1.0,0.86,27,20,0,7,991,0.74,0.99,1.0,0.86
PF06920,PF14429,13,13,6,7,7,998,0.46,0.99,0.46,0.45,13,6,7,7,998,0.46,0.99,0.46,0.45
PF12430,PF12537,1,1,1,0,0,1017,1.0,1.0,1.0,1.0,1,1,0,0,1017,1.0,1.0,1.0,1.0
PF04969,PF04968,48,13,10,38,3,967,0.77,0.96,0.21,0.39,13,10,38,3,967,0.77,0.96,0.21,0.39
PF13387,PF03726,0,9,0,0,9,1009,0.0,0.99,0,0,9,0,0,9,1009,0.0,0.99,0,0
PF02941,PF06393,1,2,0,1,2,1015,0.0,1.0,0.0,-0.0,2,0,1,2,1015,0.0,1.0,0.0,-0.0
PF05177,PF15509,4,2,0,4,2,1012,0.0,0.99,0.0,-0.0,2,0,4,2,1012,0.0,0.99,0.0,-0.0
PF06428,PF15266,8,3,1,7,2,1008,0.33,0.99,0.12,0.2,3,1,7,2,1008,0.33,0.99,0.12,0.2
PF00549,PF08442,30,16,14,16,2,986,0.88,0.98,0.47,0.63,16,14,16,2,986,0.88,0.98,0.47,0.63
PF00724,PF00756,35,17,5,30,12,971,0.29,0.96,0.14,0.19,17,5,30,12,971,0.29,0.96,0.14,0.19
PF08063,PF00645,7,22,5,2,17,994,0.23,0.98,0.71,0.4,22,5,2,17,994,0.23,0.98,0.71,0.4
PF12018,PF10156,8,3,0,8,3,1007,0.0,0.99,0.0,-0.0,3,0,8,3,1007,0.0,0.99,0.0,-0.0
PF00071,PF00255,144,19,14,130,5,869,0.74,0.87,0.1,0.24,19,14,130,5,869,0.74,0.87,0.1,0.24
PF06295,PF06560,0,1,0,0,1,1017,0.0,1.0,0,0,1,0,0,1,1017,0.0,1.0,0,0
PF07470,PF03583,19,1,0,19,1,998,0.0,0.98,0.0,-0.0,1,0,19,1,998,0.0,0.98,0.0,-0.0
PF14683,PF06045,17,3,3,14,0,1001,1.0,0.99,0.18,0.42,3,3,14,0,1001,1.0,0.99,0.18,0.42
PF13441,PF06547,2,3,2,0,1,1015,0.67,1.0,1.0,0.82,3,2,0,1,1015,0.67,1.0,1.0,0.82
PF03950,PF04558,23,12,12,11,0,995,1.0,0.99,0.52,0.72,12,12,11,0,995,1.0,0.99,0.52,0.72
PF05368,PF11807,46,12,9,37,3,969,0.75,0.96,0.2,0.37,12,9,37,3,969,0.75,0.96,0.2,0.37
PF07883,PF05899,30,5,2,28,3,985,0.4,0.97,0.07,0.15,5,2,28,3,985,0.4,0.97,0.07,0.15
PF05235,PF10412,0,0,0,0,0,1018,0,1.0,0,0,0,0,0,0,1018,0,1.0,0,0
PF02749,PF01729,10,10,10,0,0,1008,1.0,1.0,1.0,1.0,10,10,0,0,1008,1.0,1.0,1.0,1.0
PF11542,PF06586,1,1,0,1,1,1016,0.0,1.0,0.0,-0.0,1,0,1,1,1016,0.0,1.0,0.0,-0.0
PF05768,PF01796,7,1,1,6,0,1011,1.0,0.99,0.14,0.38,1,1,6,0,1011,1.0,0.99,0.14,0.38
PF04086,PF00448,11,37,10,1,27,980,0.27,0.97,0.91,0.49,37,10,1,27,980,0.27,0.97,0.91,0.49
PF05063,PF05346,22,14,7,15,7,989,0.5,0.98,0.32,0.39,14,7,15,7,989,0.5,0.98,0.32,0.39
PF07937,PF09611,0,0,0,0,0,1018,0,1.0,0,0,0,0,0,0,1018,0,1.0,0,0
PF06476,PF10118,1,4,0,1,4,1013,0.0,1.0,0.0,-0.0,4,0,1,4,1013,0.0,1.0,0.0,-0.0
PF16984,PF06585,3,11,2,1,9,1006,0.18,0.99,0.67,0.34,11,2,1,9,1006,0.18,0.99,0.67,0.34
PF09472,PF14421,1,0,0,1,0,1017,0,1.0,0.0,0,0,0,1,0,1017,0,1.0,0.0,0
PF07335,PF06912,1,3,0,1,3,1014,0.0,1.0,0.0,-0.0,3,0,1,3,1014,0.0,1.0,0.0,-0.0
PF14977,PF10198,6,4,1,5,3,1009,0.25,0.99,0.17,0.2,4,1,5,3,1009,0.25,0.99,0.17,0.2
PF14649,PF04048,4,11,0,4,11,1003,0.0,0.99,0.0,-0.01,11,0,4,11,1003,0.0,0.99,0.0,-0.01
PF11879,PF11601,4,3,3,1,0,1014,1.0,1.0,0.75,0.87,3,3,1,0,1014,1.0,1.0,0.75,0.87
PF15299,PF05334,8,1,0,8,1,1009,0.0,0.99,0.0,-0.0,1,0,8,1,1009,0.0,0.99,0.0,-0.0
PF08411,PF08461,1,0,0,1,0,1017,0,1.0,0.0,0,0,0,1,0,1017,0,1.0,0.0,0
PF03226,PF05362,20,20,8,12,12,986,0.4,0.98,0.4,0.39,20,8,12,12,986,0.4,0.98,0.4,0.39
PF14974,PF00467,10,13,3,7,10,998,0.23,0.98,0.3,0.25,13,3,7,10,998,0.23,0.98,0.3,0.25
PF10168,PF16840,2,0,0,2,0,1016,0,1.0,0.0,0,0,0,2,0,1016,0,1.0,0.0,0
PF15770,PF15334,0,0,0,0,0,1018,0,1.0,0,0,0,0,0,0,1018,0,1.0,0,0
PF13801,PF11316,0,0,0,0,0,1018,0,1.0,0,0,0,0,0,0,1018,0,1.0,0,0
PF11780,PF16510,0,0,0,0,0,1018,0,1.0,0,0,0,0,0,0,1018,0,1.0,0,0
PF16030,PF12032,9,8,1,8,7,1002,0.12,0.99,0.11,0.11,8,1,8,7,1002,0.12,0.99,0.11,0.11
PF10259,PF03980,10,4,1,9,3,1005,0.25,0.99,0.1,0.15,4,1,9,3,1005,0.25,0.99,0.1,0.15
PF00460,PF06429,2,2,1,1,1,1015,0.5,1.0,0.5,0.5,2,1,1,1,1015,0.5,1.0,0.5,0.5
PF07927,PF08453,2,2,0,2,2,1014,0.0,1.0,0.0,-0.0,2,0,2,2,1014,0.0,1.0,0.0,-0.0
PF06670,PF01254,0,1,0,0,1,1017,0.0,1.0,0,0,1,0,0,1,1017,0.0,1.0,0,0
PF08331,PF15052,0,3,0,0,3,1015,0.0,1.0,0,0,3,0,0,3,1015,0.0,1.0,0,0
PF00412,PF15936,88,7,6,82,1,929,0.86,0.92,0.07,0.23,7,6,82,1,929,0.86,0.92,0.07,0.23
PF16113,PF00378,20,62,14,6,48,950,0.23,0.95,0.7,0.38,62,14,6,48,950,0.23,0.95,0.7,0.38
PF04999,PF03865,1,0,0,1,0,1017,0,1.0,0.0,0,0,0,1,0,1017,0,1.0,0.0,0
PF16218,PF15550,0,0,0,0,0,1018,0,1.0,0,0,0,0,0,0,1018,0,1.0,0,0
PF16840,PF15318,0,0,0,0,0,1018,0,1.0,0,0,0,0,0,0,1018,0,1.0,0,0
PF00609,PF00781,20,47,20,0,27,971,0.43,0.97,1.0,0.64,47,20,0,27,971,0.43,0.97,1.0,0.64
PF14389,PF04784,6,16,6,0,10,1002,0.38,0.99,1.0,0.61,16,6,0,10,1002,0.38,0.99,1.0,0.61
PF08831,PF09307,3,3,3,0,0,1015,1.0,1.0,1.0,1.0,3,3,0,0,1015,1.0,1.0,1.0,1.0
PF04136,PF04048,13,11,4,9,7,998,0.36,0.98,0.31,0.33,11,4,9,7,998,0.36,0.98,0.31,0.33
PF01209,PF01294,10,5,1,9,4,1004,0.2,0.99,0.1,0.14,5,1,9,4,1004,0.2,0.99,0.1,0.14
PF06299,PF03815,0,11,0,0,11,1007,0.0,0.99,0,0,11,0,0,11,1007,0.0,0.99,0,0
PF08690,PF05824,2,2,1,1,1,1015,0.5,1.0,0.5,0.5,2,1,1,1,1015,0.5,1.0,0.5,0.5
PF04350,PF11794,0,0,0,0,0,1018,0,1.0,0,0,0,0,0,0,1018,0,1.0,0,0
PF13684,PF14052,1,0,0,1,0,1017,0,1.0,0.0,0,0,0,1,0,1017,0,1.0,0.0,0
PF01935,PF08886,0,0,0,0,0,1018,0,1.0,0,0,0,0,0,0,1018,0,1.0,0,0
PF09762,PF17045,3,0,0,3,0,1015,0,1.0,0.0,0,0,0,3,0,1015,0,1.0,0.0,0
PF05772,PF05925,0,2,0,0,2,1016,0.0,1.0,0,0,2,0,0,2,1016,0.0,1.0,0,0
PF05890,PF09814,8,12,1,7,11,999,0.08,0.98,0.12,0.09,12,1,7,11,999,0.08,0.98,0.12,0.09
PF06653,PF15556,2,0,0,2,0,1016,0,1.0,0.0,0,0,0,2,0,1016,0,1.0,0.0,0
PF10576,PF14815,3,7,3,0,4,1011,0.43,1.0,1.0,0.65,7,3,0,4,1011,0.43,1.0,1.0,0.65
PF01644,PF06165,15,3,2,13,1,1002,0.67,0.99,0.13,0.29,3,2,13,1,1002,0.67,0.99,0.13,0.29
PF15497,PF00706,1,0,0,1,0,1017,0,1.0,0.0,0,0,0,1,0,1017,0,1.0,0.0,0
PF00488,PF05192,43,38,35,8,3,972,0.92,0.99,0.81,0.86,38,35,8,3,972,0.92,0.99,0.81,0.86
PF02706,PF04085,1,0,0,1,0,1017,0,1.0,0.0,0,0,0,1,0,1017,0,1.0,0.0,0
PF16022,PF07178,0,1,0,0,1,1017,0.0,1.0,0,0,1,0,0,1,1017,0.0,1.0,0,0
PF05190,PF05192,6,38,5,1,33,979,0.13,0.97,0.83,0.32,38,5,1,33,979,0.13,0.97,0.83,0.32
PF00537,PF10839,1,0,0,1,0,1017,0,1.0,0.0,0,0,0,1,0,1017,0,1.0,0.0,0
PF11502,PF15735,1,5,0,1,5,1012,0.0,0.99,0.0,-0.0,5,0,1,5,1012,0.0,0.99,0.0,-0.0
PF05222,PF12769,18,6,6,12,0,1000,1.0,0.99,0.33,0.57,6,6,12,0,1000,1.0,0.99,0.33,0.57
PF02436,PF08502,3,9,3,0,6,1009,0.33,0.99,1.0,0.58,9,3,0,6,1009,0.33,0.99,1.0,0.58
PF01568,PF04879,5,4,2,3,2,1011,0.5,1.0,0.4,0.44,4,2,3,2,1011,0.5,1.0,0.4,0.44
PF14052,PF10995,0,0,0,0,0,1018,0,1.0,0,0,0,0,0,0,1018,0,1.0,0,0
PF01508,PF13948,0,5,0,0,5,1013,0.0,1.0,0,0,5,0,0,5,1013,0.0,1.0,0,0
PF01745,PF16958,2,0,0,2,0,1016,0,1.0,0.0,0,0,0,2,0,1016,0,1.0,0.0,0
PF03850,PF01015,10,9,2,8,7,1001,0.22,0.99,0.2,0.2,9,2,8,7,1001,0.22,0.99,0.2,0.2
PF14113,PF06890,0,0,0,0,0,1018,0,1.0,0,0,0,0,0,0,1018,0,1.0,0,0
PF11547,PF12516,4,0,0,4,0,1014,0,1.0,0.0,0,0,0,4,0,1014,0,1.0,0.0,0
PF10749,PF04917,0,1,0,0,1,1017,0.0,1.0,0,0,1,0,0,1,1017,0.0,1.0,0,0
PF03805,PF01194,0,4,0,0,4,1014,0.0,1.0,0,0,4,0,0,4,1014,0.0,1.0,0,0
PF09741,PF01513,6,13,0,6,13,999,0.0,0.98,0.0,-0.01,13,0,6,13,999,0.0,0.98,0.0,-0.01
PF14340,PF06936,2,5,2,0,3,1013,0.4,1.0,1.0,0.63,5,2,0,3,1013,0.4,1.0,1.0,0.63
PF04289,PF13897,0,8,0,0,8,1010,0.0,0.99,0,0,8,0,0,8,1010,0.0,0.99,0,0
PF10865,PF02591,0,0,0,0,0,1018,0,1.0,0,0,0,0,0,0,1018,0,1.0,0,0
PF15355,PF07505,0,0,0,0,0,1018,0,1.0,0,0,0,0,0,0,1018,0,1.0,0,0
PF06174,PF00736,0,28,0,0,28,990,0.0,0.97,0,0,28,0,0,28,990,0.0,0.97,0,0
PF02308,PF07392,2,0,0,2,0,1016,0,1.0,0.0,0,0,0,2,0,1016,0,1.0,0.0,0
PF07944,PF07173,12,6,1,11,5,1001,0.17,0.98,0.08,0.11,6,1,11,5,1001,0.17,0.98,0.08,0.11
PF13166,PF10375,0,1,0,0,1,1017,0.0,1.0,0,0,1,0,0,1,1017,0.0,1.0,0,0
PF01855,PF17147,14,8,8,6,0,1004,1.0,0.99,0.57,0.75,8,8,6,0,1004,1.0,0.99,0.57,0.75
PF09746,PF07217,9,6,0,9,6,1003,0.0,0.99,0.0,-0.01,6,0,9,6,1003,0.0,0.99,0.0,-0.01
PF09643,PF09281,0,2,0,0,2,1016,0.0,1.0,0,0,2,0,0,2,1016,0.0,1.0,0,0
PF03447,PF00742,16,9,7,9,2,1000,0.78,0.99,0.44,0.58,9,7,9,2,1000,0.78,0.99,0.44,0.58
PF07218,PF03729,0,0,0,0,0,1018,0,1.0,0,0,0,0,0,0,1018,0,1.0,0,0
PF10307,PF10198,1,4,0,1,4,1013,0.0,1.0,0.0,-0.0,4,0,1,4,1013,0.0,1.0,0.0,-0.0
PF14370,PF02919,6,7,6,0,1,1011,0.86,1.0,1.0,0.93,7,6,0,1,1011,0.86,1.0,1.0,0.93
PF05139,PF09424,0,6,0,0,6,1012,0.0,0.99,0,0,6,0,0,6,1012,0.0,0.99,0,0
PF11262,PF16134,6,7,6,0,1,1011,0.86,1.0,1.0,0.93,7,6,0,1,1011,0.86,1.0,1.0,0.93
PF03823,PF15829,3,1,1,2,0,1015,1.0,1.0,0.33,0.58,1,1,2,0,1015,1.0,1.0,0.33,0.58
PF15955,PF15868,1,6,0,1,6,1011,0.0,0.99,0.0,-0.0,6,0,1,6,1011,0.0,0.99,0.0,-0.0
PF10188,PF09816,0,6,0,0,6,1012,0.0,0.99,0,0,6,0,0,6,1012,0.0,0.99,0,0
PF00568,PF14957,22,6,3,19,3,993,0.5,0.98,0.14,0.25,6,3,19,3,993,0.5,0.98,0.14,0.25
PF00081,PF02777,22,22,22,0,0,996,1.0,1.0,1.0,1.0,22,22,0,0,996,1.0,1.0,1.0,1.0
PF00912,PF13699,9,0,0,9,0,1009,0,0.99,0.0,0,0,0,9,0,1009,0,0.99,0.0,0
PF02737,PF00725,29,27,27,2,0,989,1.0,1.0,0.93,0.96,27,27,2,0,989,1.0,1.0,0.93,0.96
PF06800,PF13296,1,1,0,1,1,1016,0.0,1.0,0.0,-0.0,1,0,1,1,1016,0.0,1.0,0.0,-0.0
PF08172,PF15908,3,5,0,3,5,1010,0.0,0.99,0.0,-0.0,5,0,3,5,1010,0.0,0.99,0.0,-0.0
PF05659,PF12061,5,2,1,4,1,1012,0.5,1.0,0.2,0.31,2,1,4,1,1012,0.5,1.0,0.2,0.31
PF09227,PF00796,0,0,0,0,0,1018,0,1.0,0,0,0,0,0,0,1018,0,1.0,0,0
PF06073,PF16859,0,0,0,0,0,1018,0,1.0,0,0,0,0,0,0,1018,0,1.0,0,0
PF04905,PF04902,4,0,0,4,0,1014,0,1.0,0.0,0,0,0,4,0,1014,0,1.0,0.0,0
PF09159,PF07080,1,3,0,1,3,1014,0.0,1.0,0.0,-0.0,3,0,1,3,1014,0.0,1.0,0.0,-0.0
PF05681,PF05683,3,6,3,0,3,1012,0.5,1.0,1.0,0.71,6,3,0,3,1012,0.5,1.0,1.0,0.71
PF04833,PF06830,2,0,0,2,0,1016,0,1.0,0.0,0,0,0,2,0,1016,0,1.0,0.0,0
PF10394,PF10496,13,14,1,12,13,992,0.07,0.98,0.08,0.06,14,1,12,13,992,0.07,0.98,0.08,0.06
PF05671,PF04764,2,0,0,2,0,1016,0,1.0,0.0,0,0,0,2,0,1016,0,1.0,0.0,0
PF04307,PF14985,1,2,0,1,2,1015,0.0,1.0,0.0,-0.0,2,0,1,2,1015,0.0,1.0,0.0,-0.0
PF00161,PF00652,13,48,6,7,42,963,0.12,0.95,0.46,0.22,48,6,7,42,963,0.12,0.95,0.46,0.22
PF06701,PF11515,16,9,6,10,3,999,0.67,0.99,0.38,0.49,9,6,10,3,999,0.67,0.99,0.38,0.49
PF01641,PF05047,9,10,1,8,9,1000,0.1,0.98,0.11,0.1,10,1,8,9,1000,0.1,0.98,0.11,0.1
PF00129,PF04833,6,2,0,6,2,1010,0.0,0.99,0.0,-0.0,2,0,6,2,1010,0.0,0.99,0.0,-0.0
PF08886,PF14842,0,0,0,0,0,1018,0,1.0,0,0,0,0,0,0,1018,0,1.0,0,0
PF00737,PF01947,1,0,0,1,0,1017,0,1.0,0.0,0,0,0,1,0,1017,0,1.0,0.0,0
PF12225,PF15608,2,0,0,2,0,1016,0,1.0,0.0,0,0,0,2,0,1016,0,1.0,0.0,0
PF04244,PF14814,0,0,0,0,0,1018,0,1.0,0,0,0,0,0,0,1018,0,1.0,0,0
PF08016,PF02010,28,14,8,20,6,984,0.57,0.97,0.29,0.39,14,8,20,6,984,0.57,0.97,0.29,0.39
PF05720,PF07944,0,12,0,0,12,1006,0.0,0.99,0,0,12,0,0,12,1006,0.0,0.99,0,0
PF03034,PF04831,8,4,1,7,3,1007,0.25,0.99,0.12,0.17,4,1,7,3,1007,0.25,0.99,0.12,0.17
PF08292,PF03876,5,16,5,0,11,1002,0.31,0.99,1.0,0.56,16,5,0,11,1002,0.31,0.99,1.0,0.56
PF00513,PF08719,1,19,0,1,19,998,0.0,0.98,0.0,-0.0,19,0,1,19,998,0.0,0.98,0.0,-0.0
PF10685,PF16871,1,0,0,1,0,1017,0,1.0,0.0,0,0,0,1,0,1017,0,1.0,0.0,0
PF07743,PF09350,17,3,0,17,3,998,0.0,0.98,0.0,-0.01,3,0,17,3,998,0.0,0.98,0.0,-0.01
PF02699,PF02355,4,4,3,1,1,1013,0.75,1.0,0.75,0.75,4,3,1,1,1013,0.75,1.0,0.75,0.75
PF13323,PF00368,3,16,3,0,13,1002,0.19,0.99,1.0,0.43,16,3,0,13,1002,0.19,0.99,1.0,0.43
PF10691,PF11861,1,15,1,0,14,1003,0.07,0.99,1.0,0.26,15,1,0,14,1003,0.07,0.99,1.0,0.26
PF06470,PF12455,17,7,1,16,6,995,0.14,0.98,0.06,0.08,7,1,16,6,995,0.14,0.98,0.06,0.08
PF07575,PF14778,10,3,1,9,2,1006,0.33,0.99,0.1,0.18,3,1,9,2,1006,0.33,0.99,0.1,0.18
PF06296,PF15763,0,0,0,0,0,1018,0,1.0,0,0,0,0,0,0,1018,0,1.0,0,0
PF09328,PF05023,2,9,2,0,7,1009,0.22,0.99,1.0,0.47,9,2,0,7,1009,0.22,0.99,1.0,0.47
PF00414,PF17007,0,0,0,0,0,1018,0,1.0,0,0,0,0,0,0,1018,0,1.0,0,0
PF04080,PF07712,10,0,0,10,0,1008,0,0.99,0.0,0,0,0,10,0,1008,0,0.99,0.0,0
PF09012,PF11975,3,8,0,3,8,1007,0.0,0.99,0.0,-0.0,8,0,3,8,1007,0.0,0.99,0.0,-0.0
PF00859,PF10524,2,4,2,0,2,1014,0.5,1.0,1.0,0.71,4,2,0,2,1014,0.5,1.0,1.0,0.71
PF17027,PF10618,0,0,0,0,0,1018,0,1.0,0,0,0,0,0,0,1018,0,1.0,0,0
PF01092,PF10234,11,3,1,10,2,1005,0.33,0.99,0.09,0.17,3,1,10,2,1005,0.33,0.99,0.09,0.17
PF03102,PF08666,2,8,0,2,8,1008,0.0,0.99,0.0,-0.0,8,0,2,8,1008,0.0,0.99,0.0,-0.0
PF07810,PF13890,11,4,2,9,2,1005,0.5,0.99,0.18,0.3,4,2,9,2,1005,0.5,0.99,0.18,0.3
PF15291,PF08308,1,0,0,1,0,1017,0,1.0,0.0,0,0,0,1,0,1017,0,1.0,0.0,0
PF11577,PF16574,4,2,0,4,2,1012,0.0,0.99,0.0,-0.0,2,0,4,2,1012,0.0,0.99,0.0,-0.0
PF08780,PF13645,0,0,0,0,0,1018,0,1.0,0,0,0,0,0,0,1018,0,1.0,0,0
PF03843,PF01673,0,0,0,0,0,1018,0,1.0,0,0,0,0,0,0,1018,0,1.0,0,0
PF11141,PF00906,0,1,0,0,1,1017,0.0,1.0,0,0,1,0,0,1,1017,0.0,1.0,0,0
PF01078,PF00243,0,5,0,0,5,1013,0.0,1.0,0,0,5,0,0,5,1013,0.0,1.0,0,0
PF07223,PF12049,1,0,0,1,0,1017,0,1.0,0.0,0,0,0,1,0,1017,0,1.0,0.0,0
PF05585,PF05380,23,28,12,11,16,979,0.43,0.97,0.52,0.46,28,12,11,16,979,0.43,0.97,0.52,0.46
PF16006,PF16171,1,0,0,1,0,1017,0,1.0,0.0,0,0,0,1,0,1017,0,1.0,0.0,0
PF13985,PF12431,1,0,0,1,0,1017,0,1.0,0.0,0,0,0,1,0,1017,0,1.0,0.0,0
PF01593,PF02353,63,13,8,55,5,950,0.62,0.94,0.13,0.26,13,8,55,5,950,0.62,0.94,0.13,0.26
PF14770,PF15071,3,0,0,3,0,1015,0,1.0,0.0,0,0,0,3,0,1015,0,1.0,0.0,0
PF05678,PF07939,9,2,1,8,1,1008,0.5,0.99,0.11,0.23,2,1,8,1,1008,0.5,0.99,0.11,0.23
PF08069,PF05019,12,9,4,8,5,1001,0.44,0.99,0.33,0.38,9,4,8,5,1001,0.44,0.99,0.33,0.38
PF02657,PF00358,3,9,0,3,9,1006,0.0,0.99,0.0,-0.01,9,0,3,9,1006,0.0,0.99,0.0,-0.01
PF09339,PF01022,11,2,0,11,2,1005,0.0,0.99,0.0,-0.0,2,0,11,2,1005,0.0,0.99,0.0,-0.0
PF08559,PF04367,2,2,0,2,2,1014,0.0,1.0,0.0,-0.0,2,0,2,2,1014,0.0,1.0,0.0,-0.0
PF05292,PF06244,11,11,4,7,7,1000,0.36,0.99,0.36,0.36,11,4,7,7,1000,0.36,0.99,0.36,0.36
PF05127,PF13718,15,13,12,3,1,1002,0.92,1.0,0.8,0.86,13,12,3,1,1002,0.92,1.0,0.8,0.86
PF16214,PF06327,9,6,6,3,0,1009,1.0,1.0,0.67,0.82,6,6,3,0,1009,1.0,1.0,0.67,0.82
PF09786,PF10574,7,0,0,7,0,1011,0,0.99,0.0,0,0,0,7,0,1011,0,0.99,0.0,0
PF12529,PF02485,2,17,2,0,15,1001,0.12,0.99,1.0,0.34,17,2,0,15,1001,0.12,0.99,1.0,0.34
PF09270,PF09271,13,13,13,0,0,1005,1.0,1.0,1.0,1.0,13,13,0,0,1005,1.0,1.0,1.0,1.0
PF15984,PF14224,0,0,0,0,0,1018,0,1.0,0,0,0,0,0,0,1018,0,1.0,0,0
PF12733,PF06662,1,3,0,1,3,1014,0.0,1.0,0.0,-0.0,3,0,1,3,1014,0.0,1.0,0.0,-0.0
PF09383,PF01032,2,5,2,0,3,1013,0.4,1.0,1.0,0.63,5,2,0,3,1013,0.4,1.0,1.0,0.63
PF11416,PF09177,5,7,1,4,6,1007,0.14,0.99,0.2,0.16,7,1,4,6,1007,0.14,0.99,0.2,0.16
PF15120,PF15829,1,1,1,0,0,1017,1.0,1.0,1.0,1.0,1,1,0,0,1017,1.0,1.0,1.0,1.0
PF05346,PF04139,14,11,4,10,7,997,0.36,0.98,0.29,0.31,11,4,10,7,997,0.36,0.98,0.29,0.31
PF11831,PF15934,12,0,0,12,0,1006,0,0.99,0.0,0,0,0,12,0,1006,0,0.99,0.0,0
PF00553,PF09478,3,9,3,0,6,1009,0.33,0.99,1.0,0.58,9,3,0,6,1009,0.33,0.99,1.0,0.58
PF08259,PF11751,0,0,0,0,0,1018,0,1.0,0,0,0,0,0,0,1018,0,1.0,0,0
PF14998,PF06596,2,1,1,1,0,1016,1.0,1.0,0.5,0.71,1,1,1,0,1016,1.0,1.0,0.5,0.71
PF14027,PF11807,16,12,6,10,6,996,0.5,0.98,0.38,0.43,12,6,10,6,996,0.5,0.98,0.38,0.43
PF13408,PF07508,2,2,2,0,0,1016,1.0,1.0,1.0,1.0,2,2,0,0,1016,1.0,1.0,1.0,1.0
PF04118,PF09743,7,4,0,7,4,1007,0.0,0.99,0.0,-0.01,4,0,7,4,1007,0.0,0.99,0.0,-0.01
PF10528,PF00624,2,0,0,2,0,1016,0,1.0,0.0,0,0,0,2,0,1016,0,1.0,0.0,0
PF06424,PF08163,2,11,1,1,10,1006,0.09,0.99,0.5,0.21,11,1,1,10,1006,0.09,0.99,0.5,0.21
PF08674,PF00135,0,82,0,0,82,936,0.0,0.92,0,0,82,0,0,82,936,0.0,0.92,0,0
PF04924,PF01540,0,0,0,0,0,1018,0,1.0,0,0,0,0,0,0,1018,0,1.0,0,0
PF16870,PF16078,14,6,6,8,0,1004,1.0,0.99,0.43,0.65,6,6,8,0,1004,1.0,0.99,0.43,0.65
PF15501,PF14722,2,7,0,2,7,1009,0.0,0.99,0.0,-0.0,7,0,2,7,1009,0.0,0.99,0.0,-0.0
PF04960,PF16553,6,1,1,5,0,1012,1.0,1.0,0.17,0.41,1,1,5,0,1012,1.0,1.0,0.17,0.41
PF14935,PF10244,2,8,1,1,7,1009,0.12,0.99,0.5,0.25,8,1,1,7,1009,0.12,0.99,0.5,0.25
PF10645,PF16861,2,3,0,2,3,1013,0.0,1.0,0.0,-0.0,3,0,2,3,1013,0.0,1.0,0.0,-0.0
PF08119,PF12084,1,0,0,1,0,1017,0,1.0,0.0,0,0,0,1,0,1017,0,1.0,0.0,0
PF13460,PF08547,49,15,10,39,5,964,0.67,0.96,0.2,0.35,15,10,39,5,964,0.67,0.96,0.2,0.35
PF09806,PF15352,5,0,0,5,0,1013,0,1.0,0.0,0,0,0,5,0,1013,0,1.0,0.0,0
PF12394,PF05057,2,32,2,0,30,986,0.06,0.97,1.0,0.25,32,2,0,30,986,0.06,0.97,1.0,0.25
PF02872,PF16656,15,24,6,9,18,985,0.25,0.97,0.4,0.3,24,6,9,18,985,0.25,0.97,0.4,0.3
PF06748,PF10816,0,0,0,0,0,1018,0,1.0,0,0,0,0,0,0,1018,0,1.0,0,0
PF11051,PF04189,10,12,3,7,9,999,0.25,0.98,0.3,0.27,12,3,7,9,999,0.25,0.98,0.3,0.27
PF11198,PF04001,0,0,0,0,0,1018,0,1.0,0,0,0,0,0,0,1018,0,1.0,0,0
PF11146,PF16824,0,0,0,0,0,1018,0,1.0,0,0,0,0,0,0,1018,0,1.0,0,0
PF11325,PF14877,0,4,0,0,4,1014,0.0,1.0,0,0,4,0,0,4,1014,0.0,1.0,0,0
PF00759,PF09478,19,9,3,16,6,993,0.33,0.98,0.16,0.22,9,3,16,6,993,0.33,0.98,0.16,0.22
PF05966,PF13116,0,9,0,0,9,1009,0.0,0.99,0,0,9,0,0,9,1009,0.0,0.99,0,0
PF10311,PF13390,5,0,0,5,0,1013,0,1.0,0.0,0,0,0,5,0,1013,0,1.0,0.0,0
PF11911,PF09340,3,6,1,2,5,1010,0.17,0.99,0.33,0.23,6,1,2,5,1010,0.17,0.99,0.33,0.23
PF16319,PF09856,1,0,0,1,0,1017,0,1.0,0.0,0,0,0,1,0,1017,0,1.0,0.0,0
PF05383,PF14327,20,12,2,18,10,988,0.17,0.97,0.1,0.12,12,2,18,10,988,0.17,0.97,0.1,0.12
PF12884,PF12886,1,3,1,0,2,1015,0.33,1.0,1.0,0.58,3,1,0,2,1015,0.33,1.0,1.0,0.58
PF02112,PF11970,4,3,0,4,3,1011,0.0,0.99,0.0,-0.0,3,0,4,3,1011,0.0,0.99,0.0,-0.0
PF13601,PF04014,0,1,0,0,1,1017,0.0,1.0,0,0,1,0,0,1,1017,0.0,1.0,0,0
PF15489,PF11277,3,7,2,1,5,1010,0.29,0.99,0.67,0.43,7,2,1,5,1010,0.29,0.99,0.67,0.43
PF13195,PF01869,0,14,0,0,14,1004,0.0,0.99,0,0,14,0,0,14,1004,0.0,0.99,0,0
PF03649,PF03459,4,3,2,2,1,1013,0.67,1.0,0.5,0.58,3,2,2,1,1013,0.67,1.0,0.5,0.58
PF03360,PF00992,15,5,1,14,4,999,0.2,0.98,0.07,0.11,5,1,14,4,999,0.2,0.98,0.07,0.11
PF02595,PF02565,1,0,0,1,0,1017,0,1.0,0.0,0,0,0,1,0,1017,0,1.0,0.0,0
PF04111,PF15285,12,1,0,12,1,1005,0.0,0.99,0.0,-0.0,1,0,12,1,1005,0.0,0.99,0.0,-0.0
PF01659,PF06412,0,0,0,0,0,1018,0,1.0,0,0,0,0,0,0,1018,0,1.0,0,0
PF10401,PF00605,9,11,8,1,3,1006,0.73,1.0,0.89,0.8,11,8,1,3,1006,0.73,1.0,0.89,0.8
PF02066,PF06892,0,0,0,0,0,1018,0,1.0,0,0,0,0,0,0,1018,0,1.0,0,0
PF11233,PF15046,0,3,0,0,3,1015,0.0,1.0,0,0,3,0,0,3,1015,0.0,1.0,0,0
PF16207,PF08941,11,8,2,9,6,1001,0.25,0.99,0.18,0.21,8,2,9,6,1001,0.25,0.99,0.18,0.21
PF00798,PF15608,2,0,0,2,0,1016,0,1.0,0.0,0,0,0,2,0,1016,0,1.0,0.0,0
PF10119,PF17192,0,0,0,0,0,1018,0,1.0,0,0,0,0,0,0,1018,0,1.0,0,0
PF04769,PF11025,2,0,0,2,0,1016,0,1.0,0.0,0,0,0,2,0,1016,0,1.0,0.0,0
PF12570,PF15208,0,1,0,0,1,1017,0.0,1.0,0,0,1,0,0,1,1017,0.0,1.0,0,0
PF07833,PF05939,6,0,0,6,0,1012,0,0.99,0.0,0,0,0,6,0,1012,0,0.99,0.0,0
PF02597,PF02391,13,10,3,10,7,998,0.3,0.98,0.23,0.25,10,3,10,7,998,0.3,0.98,0.23,0.25
PF00333,PF03719,20,22,18,2,4,994,0.82,0.99,0.9,0.86,22,18,2,4,994,0.82,0.99,0.9,0.86
PF09363,PF09364,2,2,2,0,0,1016,1.0,1.0,1.0,1.0,2,2,0,0,1016,1.0,1.0,1.0,1.0
PF08334,PF01514,1,0,0,1,0,1017,0,1.0,0.0,0,0,0,1,0,1017,0,1.0,0.0,0
PF10148,PF15929,4,0,0,4,0,1014,0,1.0,0.0,0,0,0,4,0,1014,0,1.0,0.0,0
PF15628,PF15629,3,0,0,3,0,1015,0,1.0,0.0,0,0,0,3,0,1015,0,1.0,0.0,0
PF12491,PF06448,1,4,1,0,3,1014,0.25,1.0,1.0,0.5,4,1,0,3,1014,0.25,1.0,1.0,0.5
PF12999,PF13015,16,12,10,6,2,1000,0.83,0.99,0.62,0.72,12,10,6,2,1000,0.83,0.99,0.62,0.72
PF03186,PF06725,1,1,0,1,1,1016,0.0,1.0,0.0,-0.0,1,0,1,1,1016,0.0,1.0,0.0,-0.0
PF10982,PF06995,1,0,0,1,0,1017,0,1.0,0.0,0,0,0,1,0,1017,0,1.0,0.0,0
PF16054,PF11032,4,3,2,2,1,1013,0.67,1.0,0.5,0.58,3,2,2,1,1013,0.67,1.0,0.5,0.58
PF05974,PF03090,0,0,0,0,0,1018,0,1.0,0,0,0,0,0,0,1018,0,1.0,0,0
PF08740,PF14629,14,8,2,12,6,998,0.25,0.98,0.14,0.18,8,2,12,6,998,0.25,0.98,0.14,0.18
PF11722,PF05206,9,9,5,4,4,1005,0.56,0.99,0.56,0.55,9,5,4,4,1005,0.56,0.99,0.56,0.55
PF06918,PF16034,2,2,0,2,2,1014,0.0,1.0,0.0,-0.0,2,0,2,2,1014,0.0,1.0,0.0,-0.0
PF17198,PF09367,0,0,0,0,0,1018,0,1.0,0,0,0,0,0,0,1018,0,1.0,0,0
PF10758,PF07617,0,0,0,0,0,1018,0,1.0,0,0,0,0,0,0,1018,0,1.0,0,0
PF10111,PF13477,0,0,0,0,0,1018,0,1.0,0,0,0,0,0,0,1018,0,1.0,0,0
PF00012,PF10712,69,6,6,63,0,949,1.0,0.94,0.09,0.29,6,6,63,0,949,1.0,0.94,0.09,0.29
PF12878,PF12879,0,0,0,0,0,1018,0,1.0,0,0,0,0,0,0,1018,0,1.0,0,0
PF03301,PF08127,6,3,1,5,2,1010,0.33,0.99,0.17,0.23,3,1,5,2,1010,0.33,0.99,0.17,0.23
PF05936,PF12080,2,0,0,2,0,1016,0,1.0,0.0,0,0,0,2,0,1016,0,1.0,0.0,0
PF12128,PF01630,0,8,0,0,8,1010,0.0,0.99,0,0,8,0,0,8,1010,0.0,0.99,0,0
PF10315,PF15097,0,1,0,0,1,1017,0.0,1.0,0,0,1,0,0,1,1017,0.0,1.0,0,0
PF02413,PF06798,0,0,0,0,0,1018,0,1.0,0,0,0,0,0,0,1018,0,1.0,0,0
PF07510,PF03745,1,0,0,1,0,1017,0,1.0,0.0,0,0,0,1,0,1017,0,1.0,0.0,0
PF07298,PF09991,2,0,0,2,0,1016,0,1.0,0.0,0,0,0,2,0,1016,0,1.0,0.0,0
PF07024,PF11026,0,0,0,0,0,1018,0,1.0,0,0,0,0,0,0,1018,0,1.0,0,0
PF11202,PF04671,0,1,0,0,1,1017,0.0,1.0,0,0,1,0,0,1,1017,0.0,1.0,0,0
PF05934,PF15877,6,0,0,6,0,1012,0,0.99,0.0,0,0,0,6,0,1012,0,0.99,0.0,0
PF07294,PF11210,1,0,0,1,0,1017,0,1.0,0.0,0,0,0,1,0,1017,0,1.0,0.0,0
PF07793,PF12385,0,0,0,0,0,1018,0,1.0,0,0,0,0,0,0,1018,0,1.0,0,0
PF02791,PF15612,21,15,11,10,4,993,0.73,0.99,0.52,0.61,15,11,10,4,993,0.73,0.99,0.52,0.61
PF13575,PF15097,0,1,0,0,1,1017,0.0,1.0,0,0,1,0,0,1,1017,0.0,1.0,0,0
PF00394,PF07732,43,51,42,1,9,966,0.82,0.99,0.98,0.89,51,42,1,9,966,0.82,0.99,0.98,0.89
PF04527,PF15955,0,1,0,0,1,1017,0.0,1.0,0,0,1,0,0,1,1017,0.0,1.0,0,0
PF16217,PF13722,0,0,0,0,0,1018,0,1.0,0,0,0,0,0,0,1018,0,1.0,0,0
PF13815,PF07926,6,9,0,6,9,1003,0.0,0.99,0.0,-0.01,9,0,6,9,1003,0.0,0.99,0.0,-0.01
PF14495,PF09057,2,0,0,2,0,1016,0,1.0,0.0,0,0,0,2,0,1016,0,1.0,0.0,0
PF00520,PF03521,88,4,4,84,0,930,1.0,0.92,0.05,0.2,4,4,84,0,930,1.0,0.92,0.05,0.2
PF05210,PF08776,1,10,0,1,10,1007,0.0,0.99,0.0,-0.0,10,0,1,10,1007,0.0,0.99,0.0,-0.0
PF01312,PF17193,0,0,0,0,0,1018,0,1.0,0,0,0,0,0,0,1018,0,1.0,0,0
PF04052,PF01514,0,0,0,0,0,1018,0,1.0,0,0,0,0,0,0,1018,0,1.0,0,0
PF01992,PF08061,10,2,2,8,0,1008,1.0,0.99,0.2,0.45,2,2,8,0,1008,1.0,0.99,0.2,0.45
PF11811,PF08482,0,3,0,0,3,1015,0.0,1.0,0,0,3,0,0,3,1015,0.0,1.0,0,0
PF00536,PF07647,62,41,27,35,14,942,0.66,0.95,0.44,0.51,41,27,35,14,942,0.66,0.95,0.44,0.51
PF16575,PF06807,21,10,10,11,0,997,1.0,0.99,0.48,0.69,10,10,11,0,997,1.0,0.99,0.48,0.69
PF13259,PF01643,5,1,0,5,1,1012,0.0,0.99,0.0,-0.0,1,0,5,1,1012,0.0,0.99,0.0,-0.0
PF00049,PF08365,8,1,1,7,0,1010,1.0,0.99,0.12,0.35,1,1,7,0,1010,1.0,0.99,0.12,0.35
PF08008,PF02217,0,3,0,0,3,1015,0.0,1.0,0,0,3,0,0,3,1015,0.0,1.0,0,0
PF16588,PF10490,3,4,0,3,4,1011,0.0,0.99,0.0,-0.0,4,0,3,4,1011,0.0,0.99,0.0,-0.0
PF03866,PF13089,0,1,0,0,1,1017,0.0,1.0,0,0,1,0,0,1,1017,0.0,1.0,0,0
PF05594,PF03958,0,2,0,0,2,1016,0.0,1.0,0,0,2,0,0,2,1016,0.0,1.0,0,0
PF10340,PF03576,0,0,0,0,0,1018,0,1.0,0,0,0,0,0,0,1018,0,1.0,0,0
PF15466,PF14885,0,1,0,0,1,1017,0.0,1.0,0,0,1,0,0,1,1017,0.0,1.0,0,0
PF02881,PF00448,31,37,30,1,7,980,0.81,0.99,0.97,0.88,37,30,1,7,980,0.81,0.99,0.97,0.88
PF13931,PF16540,8,8,3,5,5,1005,0.38,0.99,0.38,0.37,8,3,5,5,1005,0.38,0.99,0.38,0.37
PF08457,PF10638,7,0,0,7,0,1011,0,0.99,0.0,0,0,0,7,0,1011,0,0.99,0.0,0
PF11805,PF08228,0,3,0,0,3,1015,0.0,1.0,0,0,3,0,0,3,1015,0.0,1.0,0,0
PF07523,PF09327,0,0,0,0,0,1018,0,1.0,0,0,0,0,0,0,1018,0,1.0,0,0
PF00463,PF01274,10,9,2,8,7,1001,0.22,0.99,0.2,0.2,9,2,8,7,1001,0.22,0.99,0.2,0.2
PF12053,PF09045,4,1,1,3,0,1014,1.0,1.0,0.25,0.5,1,1,3,0,1014,1.0,1.0,0.25,0.5
PF00076,PF08081,245,1,1,244,0,773,1.0,0.76,0.0,0.06,1,1,244,0,773,1.0,0.76,0.0,0.06
PF01749,PF16186,21,21,16,5,5,992,0.76,0.99,0.76,0.76,21,16,5,5,992,0.76,0.99,0.76,0.76
PF12936,PF05178,8,8,8,0,0,1010,1.0,1.0,1.0,1.0,8,8,0,0,1010,1.0,1.0,1.0,1.0
PF07165,PF02284,2,6,0,2,6,1010,0.0,0.99,0.0,-0.0,6,0,2,6,1010,0.0,0.99,0.0,-0.0
PF13329,PF16910,10,14,2,8,12,996,0.14,0.98,0.2,0.16,14,2,8,12,996,0.14,0.98,0.2,0.16
PF14489,PF06403,1,1,0,1,1,1016,0.0,1.0,0.0,-0.0,1,0,1,1,1016,0.0,1.0,0.0,-0.0
PF02317,PF07479,7,26,4,3,22,989,0.15,0.98,0.57,0.29,26,4,3,22,989,0.15,0.98,0.57,0.29
PF08819,PF08189,0,0,0,0,0,1018,0,1.0,0,0,0,0,0,0,1018,0,1.0,0,0
PF05053,PF14674,2,0,0,2,0,1016,0,1.0,0.0,0,0,0,2,0,1016,0,1.0,0.0,0
PF03180,PF16358,3,0,0,3,0,1015,0,1.0,0.0,0,0,0,3,0,1015,0,1.0,0.0,0
PF08337,PF01833,11,37,10,1,27,980,0.27,0.97,0.91,0.49,37,10,1,27,980,0.27,0.97,0.91,0.49
PF01220,PF06070,3,1,0,3,1,1014,0.0,1.0,0.0,-0.0,1,0,3,1,1014,0.0,1.0,0.0,-0.0
PF13475,PF03516,11,1,0,11,1,1006,0.0,0.99,0.0,-0.0,1,0,11,1,1006,0.0,0.99,0.0,-0.0
PF17043,PF12640,0,2,0,0,2,1016,0.0,1.0,0,0,2,0,0,2,1016,0.0,1.0,0,0
PF15134,PF15036,1,1,0,1,1,1016,0.0,1.0,0.0,-0.0,1,0,1,1,1016,0.0,1.0,0.0,-0.0
PF02204,PF01754,34,10,7,27,3,981,0.7,0.97,0.21,0.37,10,7,27,3,981,0.7,0.97,0.21,0.37
PF12596,PF12017,5,24,4,1,20,993,0.17,0.98,0.8,0.36,24,4,1,20,993,0.17,0.98,0.8,0.36
PF17031,PF07413,0,0,0,0,0,1018,0,1.0,0,0,0,0,0,0,1018,0,1.0,0,0
PF04777,PF00085,26,99,21,5,78,914,0.21,0.92,0.81,0.39,99,21,5,78,914,0.21,0.92,0.81,0.39
PF08781,PF16421,11,8,1,10,7,1000,0.12,0.98,0.09,0.1,8,1,10,7,1000,0.12,0.98,0.09,0.1
PF04194,PF07929,10,5,0,10,5,1003,0.0,0.99,0.0,-0.01,5,0,10,5,1003,0.0,0.99,0.0,-0.01
PF12825,PF12828,7,4,4,3,0,1011,1.0,1.0,0.57,0.75,4,4,3,0,1011,1.0,1.0,0.57,0.75
PF05347,PF04281,29,3,1,28,2,987,0.33,0.97,0.03,0.1,3,1,28,2,987,0.33,0.97,0.03,0.1
PF03671,PF14825,8,8,2,6,6,1004,0.25,0.99,0.25,0.24,8,2,6,6,1004,0.25,0.99,0.25,0.24
PF04991,PF07782,9,12,3,6,9,1000,0.25,0.99,0.33,0.28,12,3,6,9,1000,0.25,0.99,0.33,0.28
PF00986,PF00204,13,19,10,3,9,996,0.53,0.99,0.77,0.63,19,10,3,9,996,0.53,0.99,0.77,0.63
PF00443,PF06337,115,17,16,99,1,902,0.94,0.9,0.14,0.34,17,16,99,1,902,0.94,0.9,0.14,0.34
PF00251,PF08244,16,13,13,3,0,1002,1.0,1.0,0.81,0.9,13,13,3,0,1002,1.0,1.0,0.81,0.9
PF00194,PF10263,27,22,7,20,15,976,0.32,0.97,0.26,0.27,22,7,20,15,976,0.32,0.97,0.26,0.27
PF17046,PF11558,5,0,0,5,0,1013,0,1.0,0.0,0,0,0,5,0,1013,0,1.0,0.0,0
PF16072,PF15669,1,0,0,1,0,1017,0,1.0,0.0,0,0,0,1,0,1017,0,1.0,0.0,0
PF13234,PF11648,10,10,4,6,6,1002,0.4,0.99,0.4,0.39,10,4,6,6,1002,0.4,0.99,0.4,0.39
PF10266,PF04922,3,9,1,2,8,1007,0.11,0.99,0.33,0.19,9,1,2,8,1007,0.11,0.99,0.33,0.19
PF11788,PF15916,17,4,3,14,1,1000,0.75,0.99,0.18,0.36,4,3,14,1,1000,0.75,0.99,0.18,0.36
PF00687,PF15998,19,8,2,17,6,993,0.25,0.98,0.11,0.15,8,2,17,6,993,0.25,0.98,0.11,0.15
PF02513,PF02988,1,1,0,1,1,1016,0.0,1.0,0.0,-0.0,1,0,1,1,1016,0.0,1.0,0.0,-0.0
PF14687,PF14688,8,9,8,0,1,1009,0.89,1.0,1.0,0.94,9,8,0,1,1009,0.89,1.0,1.0,0.94
PF14050,PF04968,1,13,0,1,13,1004,0.0,0.99,0.0,-0.0,13,0,1,13,1004,0.0,0.99,0.0,-0.0
PF13725,PF13718,12,13,12,0,1,1005,0.92,1.0,1.0,0.96,13,12,0,1,1005,0.92,1.0,1.0,0.96
PF12938,PF16608,4,4,1,3,3,1011,0.25,0.99,0.25,0.25,4,1,3,3,1011,0.25,0.99,0.25,0.25
PF14510,PF06422,16,15,14,2,1,1001,0.93,1.0,0.88,0.9,15,14,2,1,1001,0.93,1.0,0.88,0.9
PF01853,PF05712,31,22,6,25,16,971,0.27,0.96,0.19,0.21,22,6,25,16,971,0.27,0.96,0.19,0.21
PF07055,PF12241,1,1,1,0,0,1017,1.0,1.0,1.0,1.0,1,1,0,0,1017,1.0,1.0,1.0,1.0
PF06703,PF03298,7,3,0,7,3,1008,0.0,0.99,0.0,-0.0,3,0,7,3,1008,0.0,0.99,0.0,-0.0
PF10264,PF04182,6,6,1,5,5,1007,0.17,0.99,0.17,0.16,6,1,5,5,1007,0.17,0.99,0.17,0.16
PF06644,PF06127,11,4,0,11,4,1003,0.0,0.99,0.0,-0.01,4,0,11,4,1003,0.0,0.99,0.0,-0.01
PF11696,PF15463,5,1,0,5,1,1012,0.0,0.99,0.0,-0.0,1,0,5,1,1012,0.0,0.99,0.0,-0.0
PF03523,PF00229,1,8,1,0,7,1010,0.12,0.99,1.0,0.35,8,1,0,7,1010,0.12,0.99,1.0,0.35
PF00984,PF03720,7,6,6,1,0,1011,1.0,1.0,0.86,0.93,6,6,1,0,1011,1.0,1.0,0.86,0.93
PF09263,PF09262,3,12,3,0,9,1006,0.25,0.99,1.0,0.5,12,3,0,9,1006,0.25,0.99,1.0,0.5
PF03317,PF15200,5,0,0,5,0,1013,0,1.0,0.0,0,0,0,5,0,1013,0,1.0,0.0,0
PF13945,PF15624,1,4,0,1,4,1013,0.0,1.0,0.0,-0.0,4,0,1,4,1013,0.0,1.0,0.0,-0.0
PF13422,PF14052,8,0,0,8,0,1010,0,0.99,0.0,0,0,0,8,0,1010,0,0.99,0.0,0
PF04516,PF15996,8,8,3,5,5,1005,0.38,0.99,0.38,0.37,8,3,5,5,1005,0.38,0.99,0.38,0.37
PF10467,PF11855,1,2,0,1,2,1015,0.0,1.0,0.0,-0.0,2,0,1,2,1015,0.0,1.0,0.0,-0.0
PF05452,PF06853,0,1,0,0,1,1017,0.0,1.0,0,0,1,0,0,1,1017,0.0,1.0,0,0
PF08919,PF09027,10,2,2,8,0,1008,1.0,0.99,0.2,0.45,2,2,8,0,1008,1.0,0.99,0.2,0.45
PF10599,PF09950,5,0,0,5,0,1013,0,1.0,0.0,0,0,0,5,0,1013,0,1.0,0.0,0
PF00427,PF00502,0,0,0,0,0,1018,0,1.0,0,0,0,0,0,0,1018,0,1.0,0,0
PF08373,PF08368,16,7,7,9,0,1002,1.0,0.99,0.44,0.66,7,7,9,0,1002,1.0,0.99,0.44,0.66
PF12234,PF09453,7,13,1,6,12,999,0.08,0.98,0.14,0.1,13,1,6,12,999,0.08,0.98,0.14,0.1
PF05071,PF03501,15,7,4,11,3,1000,0.57,0.99,0.27,0.38,7,4,11,3,1000,0.57,0.99,0.27,0.38
PF08039,PF05488,1,0,0,1,0,1017,0,1.0,0.0,0,0,0,1,0,1017,0,1.0,0.0,0
PF07973,PF01411,26,27,17,9,10,982,0.63,0.98,0.65,0.63,27,17,9,10,982,0.63,0.98,0.65,0.63
PF01655,PF02928,18,10,3,15,7,993,0.3,0.98,0.17,0.21,10,3,15,7,993,0.3,0.98,0.17,0.21
PF05262,PF07988,1,1,0,1,1,1016,0.0,1.0,0.0,-0.0,1,0,1,1,1016,0.0,1.0,0.0,-0.0
PF05173,PF01113,5,8,5,0,3,1010,0.62,1.0,1.0,0.79,8,5,0,3,1010,0.62,1.0,1.0,0.79
PF01725,PF09297,14,6,2,12,4,1000,0.33,0.98,0.14,0.21,6,2,12,4,1000,0.33,0.98,0.14,0.21
PF04699,PF03152,5,17,2,3,15,998,0.12,0.98,0.4,0.21,17,2,3,15,998,0.12,0.98,0.4,0.21
PF08757,PF10042,4,2,0,4,2,1012,0.0,0.99,0.0,-0.0,2,0,4,2,1012,0.0,0.99,0.0,-0.0
PF16776,PF16726,1,1,0,1,1,1016,0.0,1.0,0.0,-0.0,1,0,1,1,1016,0.0,1.0,0.0,-0.0
PF14652,PF10347,1,5,0,1,5,1012,0.0,0.99,0.0,-0.0,5,0,1,5,1012,0.0,0.99,0.0,-0.0
PF10018,PF07939,16,2,2,14,0,1002,1.0,0.99,0.12,0.35,2,2,14,0,1002,1.0,0.99,0.12,0.35
PF11625,PF10999,0,0,0,0,0,1018,0,1.0,0,0,0,0,0,0,1018,0,1.0,0,0
PF13694,PF15400,0,0,0,0,0,1018,0,1.0,0,0,0,0,0,0,1018,0,1.0,0,0
PF17204,PF02931,0,78,0,0,78,940,0.0,0.92,0,0,78,0,0,78,940,0.0,0.92,0,0
PF05266,PF16097,0,1,0,0,1,1017,0.0,1.0,0,0,1,0,0,1,1017,0.0,1.0,0,0
PF05366,PF05541,1,0,0,1,0,1017,0,1.0,0.0,0,0,0,1,0,1017,0,1.0,0.0,0
PF14832,PF17124,5,0,0,5,0,1013,0,1.0,0.0,0,0,0,5,0,1013,0,1.0,0.0,0
PF05830,PF02654,1,3,0,1,3,1014,0.0,1.0,0.0,-0.0,3,0,1,3,1014,0.0,1.0,0.0,-0.0
PF03485,PF05746,17,30,15,2,15,986,0.5,0.98,0.88,0.66,30,15,2,15,986,0.5,0.98,0.88,0.66
PF15996,PF05041,8,8,3,5,5,1005,0.38,0.99,0.38,0.37,8,3,5,5,1005,0.38,0.99,0.38,0.37
PF04791,PF04859,17,3,1,16,2,999,0.33,0.98,0.06,0.13,3,1,16,2,999,0.33,0.98,0.06,0.13
PF13002,PF04090,4,2,0,4,2,1012,0.0,0.99,0.0,-0.0,2,0,4,2,1012,0.0,0.99,0.0,-0.0
PF04316,PF08404,0,0,0,0,0,1018,0,1.0,0,0,0,0,0,0,1018,0,1.0,0,0
PF00125,PF16211,46,24,21,25,3,969,0.88,0.97,0.46,0.62,24,21,25,3,969,0.88,0.97,0.46,0.62
PF15180,PF17062,3,0,0,3,0,1015,0,1.0,0.0,0,0,0,3,0,1015,0,1.0,0.0,0
PF15332,PF15115,1,0,0,1,0,1017,0,1.0,0.0,0,0,0,1,0,1017,0,1.0,0.0,0
PF00336,PF07569,1,13,0,1,13,1004,0.0,0.99,0.0,-0.0,13,0,1,13,1004,0.0,0.99,0.0,-0.0
PF09085,PF09991,0,0,0,0,0,1018,0,1.0,0,0,0,0,0,0,1018,0,1.0,0,0
PF09859,PF15213,0,0,0,0,0,1018,0,1.0,0,0,0,0,0,0,1018,0,1.0,0,0
PF08484,PF08421,2,2,2,0,0,1016,1.0,1.0,1.0,1.0,2,2,0,0,1016,1.0,1.0,1.0,1.0
PF04729,PF07798,7,8,2,5,6,1005,0.25,0.99,0.29,0.26,8,2,5,6,1005,0.25,0.99,0.29,0.26
PF08783,PF13696,7,10,7,0,3,1008,0.7,1.0,1.0,0.84,10,7,0,3,1008,0.7,1.0,1.0,0.84
PF00596,PF13419,33,55,17,16,38,947,0.31,0.95,0.52,0.37,55,17,16,38,947,0.31,0.95,0.52,0.37
PF08094,PF10456,1,14,0,1,14,1003,0.0,0.99,0.0,-0.0,14,0,1,14,1003,0.0,0.99,0.0,-0.0
PF11734,PF09179,3,3,3,0,0,1015,1.0,1.0,1.0,1.0,3,3,0,0,1015,1.0,1.0,1.0,1.0
PF14543,PF14541,27,27,22,5,5,986,0.81,0.99,0.81,0.81,27,22,5,5,986,0.81,0.99,0.81,0.81
PF01776,PF12020,6,0,0,6,0,1012,0,0.99,0.0,0,0,0,6,0,1012,0,0.99,0.0,0
PF15923,PF15997,1,0,0,1,0,1017,0,1.0,0.0,0,0,0,1,0,1017,0,1.0,0.0,0
PF00789,PF04000,23,16,4,19,12,983,0.25,0.97,0.17,0.19,16,4,19,12,983,0.25,0.97,0.17,0.19
PF15350,PF14022,0,2,0,0,2,1016,0.0,1.0,0,0,2,0,0,2,1016,0.0,1.0,0,0
PF00906,PF08453,1,2,0,1,2,1015,0.0,1.0,0.0,-0.0,2,0,1,2,1015,0.0,1.0,0.0,-0.0
PF11672,PF09967,2,2,2,0,0,1016,1.0,1.0,1.0,1.0,2,2,0,0,1016,1.0,1.0,1.0,1.0
PF05515,PF15856,0,1,0,0,1,1017,0.0,1.0,0,0,1,0,0,1,1017,0.0,1.0,0,0
PF00476,PF01927,15,4,2,13,2,1001,0.5,0.99,0.13,0.25,4,2,13,2,1001,0.5,0.99,0.13,0.25
PF03601,PF05874,0,1,0,0,1,1017,0.0,1.0,0,0,1,0,0,1,1017,0.0,1.0,0,0
PF11347,PF15085,1,2,0,1,2,1015,0.0,1.0,0.0,-0.0,2,0,1,2,1015,0.0,1.0,0.0,-0.0
PF14420,PF15898,14,2,1,13,1,1003,0.5,0.99,0.07,0.19,2,1,13,1,1003,0.5,0.99,0.07,0.19
PF12242,PF12241,1,1,1,0,0,1017,1.0,1.0,1.0,1.0,1,1,0,0,1017,1.0,1.0,1.0,1.0
PF03927,PF09092,0,1,0,0,1,1017,0.0,1.0,0,0,1,0,0,1,1017,0.0,1.0,0,0
PF00853,PF12540,4,1,0,4,1,1013,0.0,1.0,0.0,-0.0,1,0,4,1,1013,0.0,1.0,0.0,-0.0
PF08623,PF04048,10,11,0,10,11,997,0.0,0.98,0.0,-0.01,11,0,10,11,997,0.0,0.98,0.0,-0.01
PF03108,PF04434,16,24,13,3,11,991,0.54,0.99,0.81,0.66,24,13,3,11,991,0.54,0.99,0.81,0.66
PF16888,PF04740,0,0,0,0,0,1018,0,1.0,0,0,0,0,0,0,1018,0,1.0,0,0
PF03479,PF04934,6,13,1,5,12,1000,0.08,0.98,0.17,0.11,13,1,5,12,1000,0.08,0.98,0.17,0.11
PF01544,PF14441,34,4,1,33,3,981,0.25,0.96,0.03,0.08,4,1,33,3,981,0.25,0.96,0.03,0.08
PF16061,PF04437,3,13,2,1,11,1004,0.15,0.99,0.67,0.32,13,2,1,11,1004,0.15,0.99,0.67,0.32
PF09606,PF06401,6,3,0,6,3,1009,0.0,0.99,0.0,-0.0,3,0,6,3,1009,0.0,0.99,0.0,-0.0
PF13882,PF06583,3,1,1,2,0,1015,1.0,1.0,0.33,0.58,1,1,2,0,1015,1.0,1.0,0.33,0.58
PF00408,PF02878,28,39,27,1,12,978,0.69,0.99,0.96,0.81,39,27,1,12,978,0.69,0.99,0.96,0.81
PF04043,PF01095,16,29,11,5,18,984,0.38,0.98,0.69,0.5,29,11,5,18,984,0.38,0.98,0.69,0.5
PF04502,PF00836,23,10,6,17,4,991,0.6,0.98,0.26,0.39,10,6,17,4,991,0.6,0.98,0.26,0.39
PF07297,PF03912,5,0,0,5,0,1013,0,1.0,0.0,0,0,0,5,0,1013,0,1.0,0.0,0
PF01384,PF01597,16,23,3,13,20,982,0.13,0.97,0.19,0.14,23,3,13,20,982,0.13,0.97,0.19,0.14
PF05375,PF09206,7,3,0,7,3,1008,0.0,0.99,0.0,-0.0,3,0,7,3,1008,0.0,0.99,0.0,-0.0
PF07261,PF15771,0,0,0,0,0,1018,0,1.0,0,0,0,0,0,0,1018,0,1.0,0,0
PF04721,PF07912,4,3,0,4,3,1011,0.0,0.99,0.0,-0.0,3,0,4,3,1011,0.0,0.99,0.0,-0.0
PF02434,PF05679,28,13,10,18,3,987,0.77,0.98,0.36,0.52,13,10,18,3,987,0.77,0.98,0.36,0.52
PF16059,PF07001,5,5,1,4,4,1009,0.2,0.99,0.2,0.2,5,1,4,4,1009,0.2,0.99,0.2,0.2
PF05645,PF08221,6,8,5,1,3,1009,0.62,1.0,0.83,0.72,8,5,1,3,1009,0.62,1.0,0.83,0.72
PF14554,PF04692,2,1,1,1,0,1016,1.0,1.0,0.5,0.71,1,1,1,0,1016,1.0,1.0,0.5,0.71
PF13753,PF06745,0,0,0,0,0,1018,0,1.0,0,0,0,0,0,0,1018,0,1.0,0,0
PF03319,PF15046,0,3,0,0,3,1015,0.0,1.0,0,0,3,0,0,3,1015,0.0,1.0,0,0
PF07105,PF05926,0,0,0,0,0,1018,0,1.0,0,0,0,0,0,0,1018,0,1.0,0,0
PF02224,PF01037,5,3,0,5,3,1010,0.0,0.99,0.0,-0.0,3,0,5,3,1010,0.0,0.99,0.0,-0.0
PF08124,PF02278,2,2,2,0,0,1016,1.0,1.0,1.0,1.0,2,2,0,0,1016,1.0,1.0,1.0,1.0
PF15143,PF07805,0,1,0,0,1,1017,0.0,1.0,0,0,1,0,0,1,1017,0.0,1.0,0,0
PF08277,PF00024,9,52,8,1,44,965,0.15,0.96,0.89,0.36,52,8,1,44,965,0.15,0.96,0.89,0.36
PF06022,PF07418,0,0,0,0,0,1018,0,1.0,0,0,0,0,0,0,1018,0,1.0,0,0
PF01530,PF08474,14,4,4,10,0,1004,1.0,0.99,0.29,0.53,4,4,10,0,1004,1.0,0.99,0.29,0.53
PF05835,PF05395,5,2,0,5,2,1011,0.0,0.99,0.0,-0.0,2,0,5,2,1011,0.0,0.99,0.0,-0.0
PF06716,PF14539,0,0,0,0,0,1018,0,1.0,0,0,0,0,0,0,1018,0,1.0,0,0
PF02661,PF02430,11,1,1,10,0,1007,1.0,0.99,0.09,0.3,1,1,10,0,1007,1.0,0.99,0.09,0.3
PF04413,PF15924,1,5,1,0,4,1013,0.2,1.0,1.0,0.45,5,1,0,4,1013,0.2,1.0,1.0,0.45
PF00746,PF10856,0,0,0,0,0,1018,0,1.0,0,0,0,0,0,0,1018,0,1.0,0,0
PF09269,PF15086,4,3,1,3,2,1012,0.33,1.0,0.25,0.29,3,1,3,2,1012,0.33,1.0,0.25,0.29
PF08345,PF03428,1,0,0,1,0,1017,0,1.0,0.0,0,0,0,1,0,1017,0,1.0,0.0,0
PF04481,PF02195,3,8,0,3,8,1007,0.0,0.99,0.0,-0.0,8,0,3,8,1007,0.0,0.99,0.0,-0.0
PF07061,PF04099,9,16,3,6,13,996,0.19,0.98,0.33,0.24,16,3,6,13,996,0.19,0.98,0.33,0.24
PF06197,PF09699,0,0,0,0,0,1018,0,1.0,0,0,0,0,0,0,1018,0,1.0,0,0
PF09191,PF12104,0,0,0,0,0,1018,0,1.0,0,0,0,0,0,0,1018,0,1.0,0,0
PF16233,PF16899,0,10,0,0,10,1008,0.0,0.99,0,0,10,0,0,10,1008,0.0,0.99,0,0
PF14484,PF02758,11,9,5,6,4,1003,0.56,0.99,0.45,0.5,9,5,6,4,1003,0.56,0.99,0.45,0.5
PF10276,PF07939,1,2,0,1,2,1015,0.0,1.0,0.0,-0.0,2,0,1,2,1015,0.0,1.0,0.0,-0.0
PF00497,PF10613,29,33,11,18,22,967,0.33,0.96,0.38,0.34,33,11,18,22,967,0.33,0.96,0.38,0.34
PF03087,PF04674,6,5,0,6,5,1007,0.0,0.99,0.0,-0.01,5,0,6,5,1007,0.0,0.99,0.0,-0.01
PF02961,PF09307,3,3,0,3,3,1012,0.0,0.99,0.0,-0.0,3,0,3,3,1012,0.0,0.99,0.0,-0.0
PF12210,PF11464,5,11,1,4,10,1003,0.09,0.99,0.2,0.13,11,1,4,10,1003,0.09,0.99,0.2,0.13
PF04627,PF08367,12,7,1,11,6,1000,0.14,0.98,0.08,0.1,7,1,11,6,1000,0.14,0.98,0.08,0.1
PF07923,PF11882,7,6,6,1,0,1011,1.0,1.0,0.86,0.93,6,6,1,0,1011,1.0,1.0,0.86,0.93
PF12084,PF10225,0,9,0,0,9,1009,0.0,0.99,0,0,9,0,0,9,1009,0.0,0.99,0,0
PF01210,PF07479,27,26,24,3,2,989,0.92,1.0,0.89,0.9,26,24,3,2,989,0.92,1.0,0.89,0.9
PF08479,PF01514,0,0,0,0,0,1018,0,1.0,0,0,0,0,0,0,1018,0,1.0,0,0
PF04803,PF02576,3,0,0,3,0,1015,0,1.0,0.0,0,0,0,3,0,1015,0,1.0,0.0,0
PF14295,PF00024,38,52,25,13,27,953,0.48,0.96,0.66,0.54,52,25,13,27,953,0.48,0.96,0.66,0.54
PF03737,PF04148,12,4,0,12,4,1002,0.0,0.98,0.0,-0.01,4,0,12,4,1002,0.0,0.98,0.0,-0.01
PF08313,PF03110,13,5,2,11,3,1002,0.4,0.99,0.15,0.24,5,2,11,3,1002,0.4,0.99,0.15,0.24
PF10471,PF02044,6,0,0,6,0,1012,0,0.99,0.0,0,0,0,6,0,1012,0,0.99,0.0,0
PF15802,PF12243,1,2,0,1,2,1015,0.0,1.0,0.0,-0.0,2,0,1,2,1015,0.0,1.0,0.0,-0.0
PF06955,PF15886,8,7,2,6,5,1005,0.29,0.99,0.25,0.26,7,2,6,5,1005,0.29,0.99,0.25,0.26
PF15394,PF08432,2,0,0,2,0,1016,0,1.0,0.0,0,0,0,2,0,1016,0,1.0,0.0,0
PF12904,PF13204,0,0,0,0,0,1018,0,1.0,0,0,0,0,0,0,1018,0,1.0,0,0
PF03634,PF09335,6,22,2,4,20,992,0.09,0.98,0.33,0.17,22,2,4,20,992,0.09,0.98,0.33,0.17
PF03470,PF03468,3,6,3,0,3,1012,0.5,1.0,1.0,0.71,6,3,0,3,1012,0.5,1.0,1.0,0.71
PF07983,PF00332,13,26,10,3,16,989,0.38,0.98,0.77,0.54,26,10,3,16,989,0.38,0.98,0.77,0.54
PF07699,PF01404,20,6,4,16,2,996,0.67,0.98,0.2,0.36,6,4,16,2,996,0.67,0.98,0.2,0.36
PF17092,PF08274,1,0,0,1,0,1017,0,1.0,0.0,0,0,0,1,0,1017,0,1.0,0.0,0
PF04253,PF09747,15,10,4,11,6,997,0.4,0.98,0.27,0.32,10,4,11,6,997,0.4,0.98,0.27,0.32
PF14473,PF06541,0,0,0,0,0,1018,0,1.0,0,0,0,0,0,0,1018,0,1.0,0,0
PF01966,PF02541,25,6,5,20,1,992,0.83,0.98,0.2,0.4,6,5,20,1,992,0.83,0.98,0.2,0.4
PF14755,PF00063,2,73,2,0,71,945,0.03,0.93,1.0,0.16,73,2,0,71,945,0.03,0.93,1.0,0.16
PF09728,PF10595,10,4,3,7,1,1007,0.75,0.99,0.3,0.47,4,3,7,1,1007,0.75,0.99,0.3,0.47
PF09538,PF13965,0,4,0,0,4,1014,0.0,1.0,0,0,4,0,0,4,1014,0.0,1.0,0,0
PF15223,PF08782,0,10,0,0,10,1008,0.0,0.99,0,0,10,0,0,10,1008,0.0,0.99,0,0
PF13472,PF03659,39,19,9,30,10,969,0.47,0.96,0.23,0.31,19,9,30,10,969,0.47,0.96,0.23,0.31
PF12881,PF11265,1,4,1,0,3,1014,0.25,1.0,1.0,0.5,4,1,0,3,1014,0.25,1.0,1.0,0.5
PF09586,PF09611,0,0,0,0,0,1018,0,1.0,0,0,0,0,0,0,1018,0,1.0,0,0
PF05045,PF04196,0,1,0,0,1,1017,0.0,1.0,0,0,1,0,0,1,1017,0.0,1.0,0,0
PF10523,PF03131,10,16,3,7,13,995,0.19,0.98,0.3,0.23,16,3,7,13,995,0.19,0.98,0.3,0.23
PF11898,PF02559,3,3,2,1,1,1014,0.67,1.0,0.67,0.67,3,2,1,1,1014,0.67,1.0,0.67,0.67
PF08553,PF07096,3,5,0,3,5,1010,0.0,0.99,0.0,-0.0,5,0,3,5,1010,0.0,0.99,0.0,-0.0
PF08189,PF00451,0,1,0,0,1,1017,0.0,1.0,0,0,1,0,0,1,1017,0.0,1.0,0,0
PF04313,PF12008,4,4,4,0,0,1014,1.0,1.0,1.0,1.0,4,4,0,0,1014,1.0,1.0,1.0,1.0
PF05362,PF03226,20,20,8,12,12,986,0.4,0.98,0.4,0.39,20,8,12,12,986,0.4,0.98,0.4,0.39
PF15766,PF15052,0,3,0,0,3,1015,0.0,1.0,0,0,3,0,0,3,1015,0.0,1.0,0,0
PF16418,PF16417,9,11,9,0,2,1007,0.82,1.0,1.0,0.9,11,9,0,2,1007,0.82,1.0,1.0,0.9
PF06979,PF11927,4,13,0,4,13,1001,0.0,0.98,0.0,-0.01,13,0,4,13,1001,0.0,0.98,0.0,-0.01
PF13430,PF09232,3,0,0,3,0,1015,0,1.0,0.0,0,0,0,3,0,1015,0,1.0,0.0,0
PF02357,PF12656,2,15,0,2,15,1001,0.0,0.98,0.0,-0.01,15,0,2,15,1001,0.0,0.98,0.0,-0.01
PF09462,PF10407,2,0,0,2,0,1016,0,1.0,0.0,0,0,0,2,0,1016,0,1.0,0.0,0
PF16769,PF16768,1,2,1,0,1,1016,0.5,1.0,1.0,0.71,2,1,0,1,1016,0.5,1.0,1.0,0.71
PF07547,PF15774,4,0,0,4,0,1014,0,1.0,0.0,0,0,0,4,0,1014,0,1.0,0.0,0
PF06963,PF07063,13,6,2,11,4,1001,0.33,0.99,0.15,0.22,6,2,11,4,1001,0.33,0.99,0.15,0.22
PF12036,PF04091,2,13,0,2,13,1003,0.0,0.99,0.0,-0.01,13,0,2,13,1003,0.0,0.99,0.0,-0.01
PF16796,PF16540,8,8,3,5,5,1005,0.38,0.99,0.38,0.37,8,3,5,5,1005,0.38,0.99,0.38,0.37
PF02181,PF06345,39,4,4,35,0,979,1.0,0.97,0.1,0.31,4,4,35,0,979,1.0,0.97,0.1,0.31
PF08561,PF04716,5,13,2,3,11,1002,0.15,0.99,0.4,0.24,13,2,3,11,1002,0.15,0.99,0.4,0.24
PF01016,PF04716,16,13,3,13,10,992,0.23,0.98,0.19,0.2,13,3,13,10,992,0.23,0.98,0.19,0.2
PF14221,PF02212,0,34,0,0,34,984,0.0,0.97,0,0,34,0,0,34,984,0.0,0.97,0,0
PF15550,PF06875,0,0,0,0,0,1018,0,1.0,0,0,0,0,0,0,1018,0,1.0,0,0
PF08026,PF15085,0,2,0,0,2,1016,0.0,1.0,0,0,2,0,0,2,1016,0.0,1.0,0,0
PF00886,PF00499,8,2,0,8,2,1008,0.0,0.99,0.0,-0.0,2,0,8,2,1008,0.0,0.99,0.0,-0.0
PF07258,PF00243,15,5,1,14,4,999,0.2,0.98,0.07,0.11,5,1,14,4,999,0.2,0.98,0.07,0.11
PF12029,PF07999,2,2,2,0,0,1016,1.0,1.0,1.0,1.0,2,2,0,0,1016,1.0,1.0,1.0,1.0
PF02138,PF06469,34,3,3,31,0,984,1.0,0.97,0.09,0.29,3,3,31,0,984,1.0,0.97,0.09,0.29
PF14305,PF11057,0,0,0,0,0,1018,0,1.0,0,0,0,0,0,0,1018,0,1.0,0,0
PF10461,PF09034,1,2,1,0,1,1016,0.5,1.0,1.0,0.71,2,1,0,1,1016,0.5,1.0,1.0,0.71
PF08540,PF01154,17,19,17,0,2,999,0.89,1.0,1.0,0.94,19,17,0,2,999,0.89,1.0,1.0,0.94
PF04087,PF05334,0,1,0,0,1,1017,0.0,1.0,0,0,1,0,0,1,1017,0.0,1.0,0,0
PF10516,PF06428,3,8,1,2,7,1008,0.12,0.99,0.33,0.2,8,1,2,7,1008,0.12,0.99,0.33,0.2
PF14811,PF01160,4,1,0,4,1,1013,0.0,1.0,0.0,-0.0,1,0,4,1,1013,0.0,1.0,0.0,-0.0
PF08183,PF15082,0,3,0,0,3,1015,0.0,1.0,0,0,3,0,0,3,1015,0.0,1.0,0,0
PF00156,PF00215,33,26,15,18,11,974,0.58,0.97,0.45,0.5,26,15,18,11,974,0.58,0.97,0.45,0.5
PF17005,PF10647,1,3,1,0,2,1015,0.33,1.0,1.0,0.58,3,1,0,2,1015,0.33,1.0,1.0,0.58
PF00467,PF11942,13,7,2,11,5,1000,0.29,0.98,0.15,0.2,7,2,11,5,1000,0.29,0.98,0.15,0.2
PF07128,PF05761,0,10,0,0,10,1008,0.0,0.99,0,0,10,0,0,10,1008,0.0,0.99,0,0
PF16321,PF02482,4,2,2,2,0,1014,1.0,1.0,0.5,0.71,2,2,2,0,1014,1.0,1.0,0.5,0.71
PF02525,PF06232,2,4,0,2,4,1012,0.0,0.99,0.0,-0.0,4,0,2,4,1012,0.0,0.99,0.0,-0.0
PF07582,PF02058,0,1,0,0,1,1017,0.0,1.0,0,0,1,0,0,1,1017,0.0,1.0,0,0
PF08279,PF02912,10,5,3,7,2,1006,0.6,0.99,0.3,0.42,5,3,7,2,1006,0.6,0.99,0.3,0.42
PF17146,PF15017,7,1,1,6,0,1011,1.0,0.99,0.14,0.38,1,1,6,0,1011,1.0,0.99,0.14,0.38
PF03618,PF06485,2,4,1,1,3,1013,0.25,1.0,0.5,0.35,4,1,1,3,1013,0.25,1.0,0.5,0.35
PF03600,PF00939,6,17,2,4,15,997,0.12,0.98,0.33,0.19,17,2,4,15,997,0.12,0.98,0.33,0.19
PF08244,PF00251,13,16,13,0,3,1002,0.81,1.0,1.0,0.9,16,13,0,3,1002,0.81,1.0,1.0,0.9
PF00039,PF00040,3,20,3,0,17,998,0.15,0.98,1.0,0.38,20,3,0,17,998,0.15,0.98,1.0,0.38
PF00717,PF04667,33,5,1,32,4,981,0.2,0.96,0.03,0.07,5,1,32,4,981,0.2,0.96,0.03,0.07
PF01397,PF03936,16,22,16,0,6,996,0.73,0.99,1.0,0.85,22,16,0,6,996,0.73,0.99,1.0,0.85
PF07409,PF07157,0,0,0,0,0,1018,0,1.0,0,0,0,0,0,0,1018,0,1.0,0,0
PF10170,PF08669,2,25,1,1,24,992,0.04,0.98,0.5,0.14,25,1,1,24,992,0.04,0.98,0.5,0.14
PF14642,PF05179,1,5,0,1,5,1012,0.0,0.99,0.0,-0.0,5,0,1,5,1012,0.0,0.99,0.0,-0.0
PF09758,PF04048,2,11,0,2,11,1005,0.0,0.99,0.0,-0.0,11,0,2,11,1005,0.0,0.99,0.0,-0.0
PF16040,PF03359,7,9,1,6,8,1003,0.11,0.99,0.14,0.12,9,1,6,8,1003,0.11,0.99,0.14,0.12
PF10507,PF10239,5,6,2,3,4,1009,0.33,0.99,0.4,0.36,6,2,3,4,1009,0.33,0.99,0.4,0.36
PF01722,PF04493,16,8,2,14,6,996,0.25,0.98,0.12,0.17,8,2,14,6,996,0.25,0.98,0.12,0.17
PF08194,PF11630,0,0,0,0,0,1018,0,1.0,0,0,0,0,0,0,1018,0,1.0,0,0
PF17048,PF04734,8,8,8,0,0,1010,1.0,1.0,1.0,1.0,8,8,0,0,1010,1.0,1.0,1.0,1.0
PF00050,PF09289,19,4,2,17,2,997,0.5,0.98,0.11,0.22,4,2,17,2,997,0.5,0.98,0.11,0.22
PF11873,PF04466,0,0,0,0,0,1018,0,1.0,0,0,0,0,0,0,1018,0,1.0,0,0
PF10965,PF07295,0,0,0,0,0,1018,0,1.0,0,0,0,0,0,0,1018,0,1.0,0,0
PF01679,PF04729,12,7,1,11,6,1000,0.14,0.98,0.08,0.1,7,1,11,6,1000,0.14,0.98,0.08,0.1
PF04538,PF14473,1,0,0,1,0,1017,0,1.0,0.0,0,0,0,1,0,1017,0,1.0,0.0,0
PF17075,PF15144,0,0,0,0,0,1018,0,1.0,0,0,0,0,0,0,1018,0,1.0,0,0
PF14457,PF01323,0,21,0,0,21,997,0.0,0.98,0,0,21,0,0,21,997,0.0,0.98,0,0
PF14895,PF00964,3,0,0,3,0,1015,0,1.0,0.0,0,0,0,3,0,1015,0,1.0,0.0,0
PF05547,PF15553,1,0,0,1,0,1017,0,1.0,0.0,0,0,0,1,0,1017,0,1.0,0.0,0
PF09193,PF10413,1,3,1,0,2,1015,0.33,1.0,1.0,0.58,3,1,0,2,1015,0.33,1.0,1.0,0.58
PF13005,PF05065,0,1,0,0,1,1017,0.0,1.0,0,0,1,0,0,1,1017,0.0,1.0,0,0
PF11651,PF10460,0,0,0,0,0,1018,0,1.0,0,0,0,0,0,0,1018,0,1.0,0,0
PF15991,PF06420,0,1,0,0,1,1017,0.0,1.0,0,0,1,0,0,1,1017,0.0,1.0,0,0
PF08712,PF01106,15,18,15,0,3,1000,0.83,1.0,1.0,0.91,18,15,0,3,1000,0.83,1.0,1.0,0.91
PF04290,PF12857,6,2,2,4,0,1012,1.0,1.0,0.33,0.58,2,2,4,0,1012,1.0,1.0,0.33,0.58
PF11371,PF07259,0,1,0,0,1,1017,0.0,1.0,0,0,1,0,0,1,1017,0.0,1.0,0,0
PF11945,PF04004,6,11,1,5,10,1002,0.09,0.99,0.17,0.12,11,1,5,10,1002,0.09,0.99,0.17,0.12
PF08859,PF17017,0,0,0,0,0,1018,0,1.0,0,0,0,0,0,0,1018,0,1.0,0,0
PF05002,PF09032,20,3,2,18,1,997,0.67,0.98,0.1,0.25,3,2,18,1,997,0.67,0.98,0.1,0.25
PF05461,PF12605,15,4,3,12,1,1002,0.75,0.99,0.2,0.38,4,3,12,1,1002,0.75,0.99,0.2,0.38
PF00090,PF15913,57,8,7,50,1,960,0.88,0.95,0.12,0.32,8,7,50,1,960,0.88,0.95,0.12,0.32
PF12619,PF14551,13,46,13,0,33,972,0.28,0.97,1.0,0.52,46,13,0,33,972,0.28,0.97,1.0,0.52
PF06942,PF15434,0,1,0,0,1,1017,0.0,1.0,0,0,1,0,0,1,1017,0.0,1.0,0,0
PF07277,PF07367,0,2,0,0,2,1016,0.0,1.0,0,0,2,0,0,2,1016,0.0,1.0,0,0
PF03858,PF16954,0,2,0,0,2,1016,0.0,1.0,0,0,2,0,0,2,1016,0.0,1.0,0,0
PF06209,PF10537,2,11,1,1,10,1006,0.09,0.99,0.5,0.21,11,1,1,10,1006,0.09,0.99,0.5,0.21
PF06312,PF05679,3,13,3,0,10,1005,0.23,0.99,1.0,0.48,13,3,0,10,1005,0.23,0.99,1.0,0.48
PF06309,PF07542,4,12,1,3,11,1003,0.08,0.99,0.25,0.14,12,1,3,11,1003,0.08,0.99,0.25,0.14
PF09751,PF15388,7,2,2,5,0,1011,1.0,1.0,0.29,0.53,2,2,5,0,1011,1.0,1.0,0.29,0.53
PF16741,PF16099,2,1,0,2,1,1015,0.0,1.0,0.0,-0.0,1,0,2,1,1015,0.0,1.0,0.0,-0.0
PF07302,PF07499,0,2,0,0,2,1016,0.0,1.0,0,0,2,0,0,2,1016,0.0,1.0,0,0
PF00042,PF00175,23,62,14,9,48,947,0.23,0.94,0.61,0.35,62,14,9,48,947,0.23,0.94,0.61,0.35
PF06439,PF03422,1,14,1,0,13,1004,0.07,0.99,1.0,0.27,14,1,0,13,1004,0.07,0.99,1.0,0.27
PF15756,PF15049,1,0,0,1,0,1017,0,1.0,0.0,0,0,0,1,0,1017,0,1.0,0.0,0
PF09775,PF01286,0,4,0,0,4,1014,0.0,1.0,0,0,4,0,0,4,1014,0.0,1.0,0,0
PF05242,PF06008,0,4,0,0,4,1014,0.0,1.0,0,0,4,0,0,4,1014,0.0,1.0,0,0
PF15243,PF05039,0,0,0,0,0,1018,0,1.0,0,0,0,0,0,0,1018,0,1.0,0,0
PF17051,PF15046,0,3,0,0,3,1015,0.0,1.0,0,0,3,0,0,3,1015,0.0,1.0,0,0
PF01231,PF01070,18,45,10,8,35,965,0.22,0.96,0.56,0.33,45,10,8,35,965,0.22,0.96,0.56,0.33
PF03016,PF09258,34,13,10,24,3,981,0.77,0.97,0.29,0.47,13,10,24,3,981,0.77,0.97,0.29,0.47
PF05473,PF12453,4,2,1,3,1,1013,0.5,1.0,0.25,0.35,2,1,3,1,1013,0.5,1.0,0.25,0.35
PF08294,PF01126,10,10,3,7,7,1001,0.3,0.99,0.3,0.29,10,3,7,7,1001,0.3,0.99,0.3,0.29
PF06868,PF03379,0,1,0,0,1,1017,0.0,1.0,0,0,1,0,0,1,1017,0.0,1.0,0,0
PF02806,PF02922,20,16,13,7,3,995,0.81,0.99,0.65,0.72,16,13,7,3,995,0.81,0.99,0.65,0.72
PF15043,PF03819,1,1,0,1,1,1016,0.0,1.0,0.0,-0.0,1,0,1,1,1016,0.0,1.0,0.0,-0.0
PF10403,PF10405,10,10,10,0,0,1008,1.0,1.0,1.0,1.0,10,10,0,0,1008,1.0,1.0,1.0,1.0
PF04858,PF00463,3,10,1,2,9,1006,0.1,0.99,0.33,0.18,10,1,2,9,1006,0.1,0.99,0.33,0.18
PF09078,PF08437,1,2,0,1,2,1015,0.0,1.0,0.0,-0.0,2,0,1,2,1015,0.0,1.0,0.0,-0.0
PF06702,PF15051,11,1,0,11,1,1006,0.0,0.99,0.0,-0.0,1,0,11,1,1006,0.0,0.99,0.0,-0.0
PF10329,PF05704,4,5,0,4,5,1009,0.0,0.99,0.0,-0.0,5,0,4,5,1009,0.0,0.99,0.0,-0.0
PF01554,PF14667,28,2,2,26,0,990,1.0,0.97,0.07,0.26,2,2,26,0,990,1.0,0.97,0.07,0.26
PF05876,PF07409,4,0,0,4,0,1014,0,1.0,0.0,0,0,0,4,0,1014,0,1.0,0.0,0
PF10498,PF12414,3,4,3,0,1,1014,0.75,1.0,1.0,0.87,4,3,0,1,1014,0.75,1.0,1.0,0.87
PF12696,PF08722,1,1,1,0,0,1017,1.0,1.0,1.0,1.0,1,1,0,0,1017,1.0,1.0,1.0,1.0
PF16098,PF16097,4,1,1,3,0,1014,1.0,1.0,0.25,0.5,1,1,3,0,1014,1.0,1.0,0.25,0.5
PF05710,PF02557,0,2,0,0,2,1016,0.0,1.0,0,0,2,0,0,2,1016,0.0,1.0,0,0
PF12998,PF14051,19,8,4,15,4,995,0.5,0.98,0.21,0.32,8,4,15,4,995,0.5,0.98,0.21,0.32
PF05512,PF03386,3,0,0,3,0,1015,0,1.0,0.0,0,0,0,3,0,1015,0,1.0,0.0,0
PF09831,PF00854,0,30,0,0,30,988,0.0,0.97,0,0,30,0,0,30,988,0.0,0.97,0,0
PF11801,PF17171,0,10,0,0,10,1008,0.0,0.99,0,0,10,0,0,10,1008,0.0,0.99,0,0
PF00203,PF00252,18,25,6,12,19,981,0.24,0.97,0.33,0.27,25,6,12,19,981,0.24,0.97,0.33,0.27
PF00722,PF15886,43,7,4,39,3,972,0.57,0.96,0.09,0.22,7,4,39,3,972,0.57,0.96,0.09,0.22
PF04158,PF16699,7,4,1,6,3,1008,0.25,0.99,0.14,0.18,4,1,6,3,1008,0.25,0.99,0.14,0.18
PF08441,PF01839,17,19,17,0,2,999,0.89,1.0,1.0,0.94,19,17,0,2,999,0.89,1.0,1.0,0.94
PF09756,PF04367,6,2,1,5,1,1011,0.5,0.99,0.17,0.29,2,1,5,1,1011,0.5,0.99,0.17,0.29
PF06012,PF06025,6,9,5,1,4,1008,0.56,1.0,0.83,0.68,9,5,1,4,1008,0.56,1.0,0.83,0.68
PF04672,PF09479,0,1,0,0,1,1017,0.0,1.0,0,0,1,0,0,1,1017,0.0,1.0,0,0
PF08098,PF03891,1,0,0,1,0,1017,0,1.0,0.0,0,0,0,1,0,1017,0,1.0,0.0,0
PF04835,PF04848,0,3,0,0,3,1015,0.0,1.0,0,0,3,0,0,3,1015,0.0,1.0,0,0
PF05043,PF11975,5,8,2,3,6,1007,0.25,0.99,0.4,0.31,8,2,3,6,1007,0.25,0.99,0.4,0.31
PF15321,PF06403,0,1,0,0,1,1017,0.0,1.0,0,0,1,0,0,1,1017,0.0,1.0,0,0
PF16974,PF12046,0,0,0,0,0,1018,0,1.0,0,0,0,0,0,0,1018,0,1.0,0,0
PF05915,PF04716,2,13,1,1,12,1004,0.08,0.99,0.5,0.19,13,1,1,12,1004,0.08,0.99,0.5,0.19
PF12042,PF11260,0,0,0,0,0,1018,0,1.0,0,0,0,0,0,0,1018,0,1.0,0,0
PF03827,PF08983,2,1,1,1,0,1016,1.0,1.0,0.5,0.71,1,1,1,0,1016,1.0,1.0,0.5,0.71
PF04336,PF12854,1,62,0,1,62,955,0.0,0.94,0.0,-0.01,62,0,1,62,955,0.0,0.94,0.0,-0.01
PF02705,PF03407,15,16,2,13,14,989,0.12,0.97,0.13,0.12,16,2,13,14,989,0.12,0.97,0.13,0.12
PF00281,PF00673,22,23,18,4,5,991,0.78,0.99,0.82,0.8,23,18,4,5,991,0.78,0.99,0.82,0.8
PF04901,PF12020,2,0,0,2,0,1016,0,1.0,0.0,0,0,0,2,0,1016,0,1.0,0.0,0
PF11363,PF02277,0,3,0,0,3,1015,0.0,1.0,0,0,3,0,0,3,1015,0.0,1.0,0,0
PF05652,PF06414,11,11,1,10,10,997,0.09,0.98,0.09,0.08,11,1,10,10,997,0.09,0.98,0.09,0.08
PF05479,PF00321,1,0,0,1,0,1017,0,1.0,0.0,0,0,0,1,0,1017,0,1.0,0.0,0
PF12307,PF08808,2,0,0,2,0,1016,0,1.0,0.0,0,0,0,2,0,1016,0,1.0,0.0,0
PF11308,PF04320,0,1,0,0,1,1017,0.0,1.0,0,0,1,0,0,1,1017,0.0,1.0,0,0
PF00654,PF01595,34,18,4,30,14,970,0.22,0.96,0.12,0.14,18,4,30,14,970,0.22,0.96,0.12,0.14
PF00155,PF05175,102,27,10,92,17,899,0.37,0.89,0.1,0.15,27,10,92,17,899,0.37,0.89,0.1,0.15
PF01000,PF03118,7,6,4,3,2,1009,0.67,1.0,0.57,0.61,6,4,3,2,1009,0.67,1.0,0.57,0.61
PF15306,PF07889,3,12,3,0,9,1006,0.25,0.99,1.0,0.5,12,3,0,9,1006,0.25,0.99,1.0,0.5
PF01323,PF06288,21,1,1,20,0,997,1.0,0.98,0.05,0.22,1,1,20,0,997,1.0,0.98,0.05,0.22
PF01875,PF03842,8,0,0,8,0,1010,0,0.99,0.0,0,0,0,8,0,1010,0,0.99,0.0,0
PF00829,PF07798,13,8,3,10,5,1000,0.38,0.99,0.23,0.29,8,3,10,5,1000,0.38,0.99,0.23,0.29
PF00653,PF00382,16,20,5,11,15,987,0.25,0.97,0.31,0.27,20,5,11,15,987,0.25,0.97,0.31,0.27
PF12078,PF07735,6,11,2,4,9,1003,0.18,0.99,0.33,0.24,11,2,4,9,1003,0.18,0.99,0.33,0.24
PF15304,PF01430,1,1,0,1,1,1016,0.0,1.0,0.0,-0.0,1,0,1,1,1016,0.0,1.0,0.0,-0.0
PF14837,PF14838,2,4,2,0,2,1014,0.5,1.0,1.0,0.71,4,2,0,2,1014,0.5,1.0,1.0,0.71
PF10660,PF09360,2,16,2,0,14,1002,0.12,0.99,1.0,0.35,16,2,0,14,1002,0.12,0.99,1.0,0.35
PF11598,PF01414,2,11,2,0,9,1007,0.18,0.99,1.0,0.42,11,2,0,9,1007,0.18,0.99,1.0,0.42
PF07364,PF07171,3,3,3,0,0,1015,1.0,1.0,1.0,1.0,3,3,0,0,1015,1.0,1.0,1.0,1.0
PF17025,PF07472,0,0,0,0,0,1018,0,1.0,0,0,0,0,0,0,1018,0,1.0,0,0
PF03406,PF09498,0,0,0,0,0,1018,0,1.0,0,0,0,0,0,0,1018,0,1.0,0,0
PF13188,PF08448,5,11,5,0,6,1007,0.45,0.99,1.0,0.67,11,5,0,6,1007,0.45,0.99,1.0,0.67
PF09243,PF02357,13,2,0,13,2,1003,0.0,0.99,0.0,-0.01,2,0,13,2,1003,0.0,0.99,0.0,-0.01
PF03496,PF09372,3,1,1,2,0,1015,1.0,1.0,0.33,0.58,1,1,2,0,1015,1.0,1.0,0.33,0.58
PF14664,PF14663,11,11,10,1,1,1006,0.91,1.0,0.91,0.91,11,10,1,1,1006,0.91,1.0,0.91,0.91
PF02702,PF10412,2,0,0,2,0,1016,0,1.0,0.0,0,0,0,2,0,1016,0,1.0,0.0,0
PF11528,PF16011,0,2,0,0,2,1016,0.0,1.0,0,0,2,0,0,2,1016,0.0,1.0,0,0
PF04239,PF02413,3,0,0,3,0,1015,0,1.0,0.0,0,0,0,3,0,1015,0,1.0,0.0,0
PF06986,PF01867,0,3,0,0,3,1015,0.0,1.0,0,0,3,0,0,3,1015,0.0,1.0,0,0
PF00731,PF02222,11,8,5,6,3,1004,0.62,0.99,0.45,0.53,8,5,6,3,1004,0.62,0.99,0.45,0.53
PF02464,PF02371,7,3,0,7,3,1008,0.0,0.99,0.0,-0.0,3,0,7,3,1008,0.0,0.99,0.0,-0.0
PF12032,PF16030,8,9,1,7,8,1002,0.11,0.99,0.12,0.11,9,1,7,8,1002,0.11,0.99,0.12,0.11
PF00166,PF03330,16,20,6,10,14,988,0.3,0.98,0.38,0.32,20,6,10,14,988,0.3,0.98,0.38,0.32
PF07795,PF04536,2,4,2,0,2,1014,0.5,1.0,1.0,0.71,4,2,0,2,1014,0.5,1.0,1.0,0.71
PF03983,PF12026,7,4,1,6,3,1008,0.25,0.99,0.14,0.18,4,1,6,3,1008,0.25,0.99,0.14,0.18
PF07821,PF16028,9,1,1,8,0,1009,1.0,0.99,0.11,0.33,1,1,8,0,1009,1.0,0.99,0.11,0.33
PF02497,PF10380,2,1,0,2,1,1015,0.0,1.0,0.0,-0.0,1,0,2,1,1015,0.0,1.0,0.0,-0.0
PF12680,PF08787,7,4,2,5,2,1009,0.5,0.99,0.29,0.37,4,2,5,2,1009,0.5,0.99,0.29,0.37
PF01934,PF13427,1,1,1,0,0,1017,1.0,1.0,1.0,1.0,1,1,0,0,1017,1.0,1.0,1.0,1.0
PF05232,PF08497,0,0,0,0,0,1018,0,1.0,0,0,0,0,0,0,1018,0,1.0,0,0
PF06140,PF05308,6,3,1,5,2,1010,0.33,0.99,0.17,0.23,3,1,5,2,1010,0.33,0.99,0.17,0.23
PF07057,PF08291,4,0,0,4,0,1014,0,1.0,0.0,0,0,0,4,0,1014,0,1.0,0.0,0
PF08729,PF12480,4,4,1,3,3,1011,0.25,0.99,0.25,0.25,4,1,3,3,1011,0.25,0.99,0.25,0.25
PF12516,PF11822,0,7,0,0,7,1011,0.0,0.99,0,0,7,0,0,7,1011,0.0,0.99,0,0
PF14290,PF03745,0,0,0,0,0,1018,0,1.0,0,0,0,0,0,0,1018,0,1.0,0,0
PF01150,PF06179,22,10,6,16,4,992,0.6,0.98,0.27,0.4,10,6,16,4,992,0.6,0.98,0.27,0.4
PF13959,PF16124,22,30,8,14,22,974,0.27,0.96,0.36,0.29,30,8,14,22,974,0.27,0.96,0.36,0.29
PF08527,PF03068,4,8,4,0,4,1010,0.5,1.0,1.0,0.71,8,4,0,4,1010,0.5,1.0,1.0,0.71
PF00931,PF07725,82,14,13,69,1,935,0.93,0.93,0.16,0.37,14,13,69,1,935,0.93,0.93,0.16,0.37
PF02020,PF04613,32,9,2,30,7,979,0.22,0.96,0.06,0.1,9,2,30,7,979,0.22,0.96,0.06,0.1
PF02137,PF14622,22,22,5,17,17,979,0.23,0.97,0.23,0.21,22,5,17,17,979,0.23,0.97,0.23,0.21
PF08719,PF01872,19,15,5,14,10,989,0.33,0.98,0.26,0.28,15,5,14,10,989,0.33,0.98,0.26,0.28
PF03987,PF03986,15,10,9,6,1,1002,0.9,0.99,0.6,0.73,10,9,6,1,1002,0.9,0.99,0.6,0.73
PF17210,PF00746,6,0,0,6,0,1012,0,0.99,0.0,0,0,0,6,0,1012,0,0.99,0.0,0
PF01165,PF07816,4,0,0,4,0,1014,0,1.0,0.0,0,0,0,4,0,1014,0,1.0,0.0,0
PF08281,PF04539,5,15,3,2,12,1001,0.2,0.99,0.6,0.34,15,3,2,12,1001,0.2,0.99,0.6,0.34
PF10462,PF08744,3,0,0,3,0,1015,0,1.0,0.0,0,0,0,3,0,1015,0,1.0,0.0,0
PF02259,PF02260,29,24,18,11,6,983,0.75,0.98,0.62,0.67,24,18,11,6,983,0.75,0.98,0.62,0.67
PF08461,PF08411,0,1,0,0,1,1017,0.0,1.0,0,0,1,0,0,1,1017,0.0,1.0,0,0
PF01422,PF13902,11,9,4,7,5,1002,0.44,0.99,0.36,0.4,9,4,7,5,1002,0.44,0.99,0.36,0.4
PF04073,PF08907,13,3,3,10,0,1005,1.0,0.99,0.23,0.48,3,3,10,0,1005,1.0,0.99,0.23,0.48
PF01676,PF06415,15,4,4,11,0,1003,1.0,0.99,0.27,0.51,4,4,11,0,1003,1.0,0.99,0.27,0.51
PF17053,PF17049,0,1,0,0,1,1017,0.0,1.0,0,0,1,0,0,1,1017,0.0,1.0,0,0
PF10334,PF10337,7,7,6,1,1,1010,0.86,1.0,0.86,0.86,7,6,1,1,1010,0.86,1.0,0.86,0.86
PF06070,PF01580,1,5,0,1,5,1012,0.0,0.99,0.0,-0.0,5,0,1,5,1012,0.0,0.99,0.0,-0.0
PF15093,PF07891,2,1,0,2,1,1015,0.0,1.0,0.0,-0.0,1,0,2,1,1015,0.0,1.0,0.0,-0.0
PF00613,PF00792,33,24,24,9,0,985,1.0,0.99,0.73,0.85,24,24,9,0,985,1.0,0.99,0.73,0.85
PF00583,PF13673,86,23,16,70,7,925,0.7,0.92,0.19,0.33,23,16,70,7,925,0.7,0.92,0.19,0.33
PF04579,PF15750,3,1,0,3,1,1014,0.0,1.0,0.0,-0.0,1,0,3,1,1014,0.0,1.0,0.0,-0.0
PF15240,PF05238,2,0,0,2,0,1016,0,1.0,0.0,0,0,0,2,0,1016,0,1.0,0.0,0
PF13566,PF08886,1,0,0,1,0,1017,0,1.0,0.0,0,0,0,1,0,1017,0,1.0,0.0,0
PF02877,PF05406,19,23,19,0,4,995,0.83,1.0,1.0,0.91,23,19,0,4,995,0.83,1.0,1.0,0.91
PF11817,PF07919,5,3,3,2,0,1013,1.0,1.0,0.6,0.77,3,3,2,0,1013,1.0,1.0,0.6,0.77
PF12519,PF16871,5,0,0,5,0,1013,0,1.0,0.0,0,0,0,5,0,1013,0,1.0,0.0,0
PF02465,PF08497,0,0,0,0,0,1018,0,1.0,0,0,0,0,0,0,1018,0,1.0,0,0
PF00909,PF03595,29,21,6,23,15,974,0.29,0.96,0.21,0.22,21,6,23,15,974,0.29,0.96,0.21,0.22
PF10744,PF10264,2,6,1,1,5,1011,0.17,0.99,0.5,0.29,6,1,1,5,1011,0.17,0.99,0.5,0.29
PF08583,PF00159,14,2,0,14,2,1002,0.0,0.98,0.0,-0.01,2,0,14,2,1002,0.0,0.98,0.0,-0.01
PF12571,PF15726,0,0,0,0,0,1018,0,1.0,0,0,0,0,0,0,1018,0,1.0,0,0
PF15578,PF15085,1,2,0,1,2,1015,0.0,1.0,0.0,-0.0,2,0,1,2,1015,0.0,1.0,0.0,-0.0
PF11374,PF08216,15,5,3,12,2,1001,0.6,0.99,0.2,0.34,5,3,12,2,1001,0.6,0.99,0.2,0.34
PF13271,PF05386,7,2,2,5,0,1011,1.0,1.0,0.29,0.53,2,2,5,0,1011,1.0,1.0,0.29,0.53
PF13866,PF15285,1,1,0,1,1,1016,0.0,1.0,0.0,-0.0,1,0,1,1,1016,0.0,1.0,0.0,-0.0
PF12190,PF08026,0,0,0,0,0,1018,0,1.0,0,0,0,0,0,0,1018,0,1.0,0,0
PF05221,PF00670,10,6,6,4,0,1008,1.0,1.0,0.6,0.77,6,6,4,0,1008,1.0,1.0,0.6,0.77
PF11461,PF16516,11,5,0,11,5,1002,0.0,0.98,0.0,-0.01,5,0,11,5,1002,0.0,0.98,0.0,-0.01
PF06058,PF15996,6,8,0,6,8,1004,0.0,0.99,0.0,-0.01,8,0,6,8,1004,0.0,0.99,0.0,-0.01
PF08936,PF04222,0,0,0,0,0,1018,0,1.0,0,0,0,0,0,0,1018,0,1.0,0,0
PF01216,PF02267,5,4,1,4,3,1010,0.25,0.99,0.2,0.22,4,1,4,3,1010,0.25,0.99,0.2,0.22
PF13401,PF14630,14,9,4,10,5,999,0.44,0.99,0.29,0.35,9,4,10,5,999,0.44,0.99,0.29,0.35
PF07576,PF13436,10,2,2,8,0,1008,1.0,0.99,0.2,0.45,2,2,8,0,1008,1.0,0.99,0.2,0.45
PF00795,PF01177,46,8,6,40,2,970,0.75,0.96,0.13,0.3,8,6,40,2,970,0.75,0.96,0.13,0.3
PF10867,PF05817,0,13,0,0,13,1005,0.0,0.99,0,0,13,0,0,13,1005,0.0,0.99,0,0
PF14204,PF17144,15,14,11,4,3,1000,0.79,0.99,0.73,0.76,14,11,4,3,1000,0.79,0.99,0.73,0.76
PF15245,PF11623,0,0,0,0,0,1018,0,1.0,0,0,0,0,0,0,1018,0,1.0,0,0
PF08221,PF10644,8,10,1,7,9,1001,0.1,0.98,0.12,0.1,10,1,7,9,1001,0.1,0.98,0.12,0.1
PF02530,PF17206,1,1,0,1,1,1016,0.0,1.0,0.0,-0.0,1,0,1,1,1016,0.0,1.0,0.0,-0.0
PF03200,PF16923,10,8,8,2,0,1008,1.0,1.0,0.8,0.89,8,8,2,0,1008,1.0,1.0,0.8,0.89
PF00735,PF04548,32,22,9,23,13,973,0.41,0.96,0.28,0.32,22,9,23,13,973,0.41,0.96,0.28,0.32
PF00405,PF09439,9,6,1,8,5,1004,0.17,0.99,0.11,0.13,6,1,8,5,1004,0.17,0.99,0.11,0.13
PF05872,PF15442,0,2,0,0,2,1016,0.0,1.0,0,0,2,0,0,2,1016,0.0,1.0,0,0
PF00705,PF02747,10,11,9,1,2,1006,0.82,1.0,0.9,0.86,11,9,1,2,1006,0.82,1.0,0.9,0.86
PF05879,PF04091,13,13,5,8,8,997,0.38,0.98,0.38,0.38,13,5,8,8,997,0.38,0.98,0.38,0.38
PF06294,PF16034,6,2,0,6,2,1010,0.0,0.99,0.0,-0.0,2,0,6,2,1010,0.0,0.99,0.0,-0.0
PF14258,PF03241,0,0,0,0,0,1018,0,1.0,0,0,0,0,0,0,1018,0,1.0,0,0
PF14815,PF10576,7,3,3,4,0,1011,1.0,1.0,0.43,0.65,3,3,4,0,1011,1.0,1.0,0.43,0.65
PF01541,PF07460,24,12,10,14,2,992,0.83,0.98,0.42,0.58,12,10,14,2,992,0.83,0.98,0.42,0.58
PF04126,PF15696,3,0,0,3,0,1015,0,1.0,0.0,0,0,0,3,0,1015,0,1.0,0.0,0
PF12168,PF01706,1,1,0,1,1,1016,0.0,1.0,0.0,-0.0,1,0,1,1,1016,0.0,1.0,0.0,-0.0
PF10378,PF12178,5,2,0,5,2,1011,0.0,0.99,0.0,-0.0,2,0,5,2,1011,0.0,0.99,0.0,-0.0
PF09005,PF16568,10,1,1,9,0,1008,1.0,0.99,0.1,0.31,1,1,9,0,1008,1.0,0.99,0.1,0.31
PF02724,PF16901,8,9,2,6,7,1003,0.22,0.99,0.25,0.23,9,2,6,7,1003,0.22,0.99,0.25,0.23
PF04338,PF02609,0,1,0,0,1,1017,0.0,1.0,0,0,1,0,0,1,1017,0.0,1.0,0,0
PF06315,PF16216,8,0,0,8,0,1010,0,0.99,0.0,0,0,0,8,0,1010,0,0.99,0.0,0
PF13406,PF07409,1,0,0,1,0,1017,0,1.0,0.0,0,0,0,1,0,1017,0,1.0,0.0,0
PF03704,PF13464,2,1,0,2,1,1015,0.0,1.0,0.0,-0.0,1,0,2,1,1015,0.0,1.0,0.0,-0.0
PF03561,PF04115,8,11,4,4,7,1003,0.36,0.99,0.5,0.42,11,4,4,7,1003,0.36,0.99,0.5,0.42
PF05716,PF10522,4,5,2,2,3,1011,0.4,1.0,0.5,0.44,5,2,2,3,1011,0.4,1.0,0.5,0.44
PF09713,PF11669,10,3,0,10,3,1005,0.0,0.99,0.0,-0.01,3,0,10,3,1005,0.0,0.99,0.0,-0.01
PF14380,PF08488,10,6,4,6,2,1006,0.67,0.99,0.4,0.51,6,4,6,2,1006,0.67,0.99,0.4,0.51
PF04501,PF05489,1,0,0,1,0,1017,0,1.0,0.0,0,0,0,1,0,1017,0,1.0,0.0,0
PF00243,PF01731,5,4,0,5,4,1009,0.0,0.99,0.0,-0.0,4,0,5,4,1009,0.0,0.99,0.0,-0.0
PF15448,PF15447,1,1,1,0,0,1017,1.0,1.0,1.0,1.0,1,1,0,0,1017,1.0,1.0,1.0,1.0
PF12223,PF04148,1,4,0,1,4,1013,0.0,1.0,0.0,-0.0,4,0,1,4,1013,0.0,1.0,0.0,-0.0
PF08148,PF15790,9,1,1,8,0,1009,1.0,0.99,0.11,0.33,1,1,8,0,1009,1.0,0.99,0.11,0.33
PF03902,PF00172,4,139,4,0,135,879,0.03,0.87,1.0,0.16,139,4,0,135,879,0.03,0.87,1.0,0.16
PF05004,PF04836,6,4,4,2,0,1012,1.0,1.0,0.67,0.82,4,4,2,0,1012,1.0,1.0,0.67,0.82
PF06719,PF12852,2,2,2,0,0,1016,1.0,1.0,1.0,1.0,2,2,0,0,1016,1.0,1.0,1.0,1.0
PF02884,PF02278,1,2,1,0,1,1016,0.5,1.0,1.0,0.71,2,1,0,1,1016,0.5,1.0,1.0,0.71
PF15737,PF10407,2,0,0,2,0,1016,0,1.0,0.0,0,0,0,2,0,1016,0,1.0,0.0,0
PF10287,PF10290,3,1,1,2,0,1015,1.0,1.0,0.33,0.58,1,1,2,0,1015,1.0,1.0,0.33,0.58
PF13846,PF12449,1,4,0,1,4,1013,0.0,1.0,0.0,-0.0,4,0,1,4,1013,0.0,1.0,0.0,-0.0
PF03493,PF03520,11,8,4,7,4,1003,0.5,0.99,0.36,0.42,8,4,7,4,1003,0.5,0.99,0.36,0.42
PF15662,PF14690,0,0,0,0,0,1018,0,1.0,0,0,0,0,0,0,1018,0,1.0,0,0
PF04048,PF08638,11,9,2,9,7,1000,0.22,0.98,0.18,0.19,9,2,9,7,1000,0.22,0.98,0.18,0.19
PF05097,PF06136,5,6,1,4,5,1008,0.17,0.99,0.2,0.18,6,1,4,5,1008,0.17,0.99,0.2,0.18
PF09377,PF01172,8,10,7,1,3,1007,0.7,1.0,0.88,0.78,10,7,1,3,1007,0.7,1.0,0.88,0.78
PF00719,PF00886,21,8,4,17,4,993,0.5,0.98,0.19,0.3,8,4,17,4,993,0.5,0.98,0.19,0.3
PF07652,PF10927,6,0,0,6,0,1012,0,0.99,0.0,0,0,0,6,0,1012,0,0.99,0.0,0
PF04193,PF10171,27,7,4,23,3,988,0.57,0.97,0.15,0.28,7,4,23,3,988,0.57,0.97,0.15,0.28
PF17064,PF02448,6,0,0,6,0,1012,0,0.99,0.0,0,0,0,6,0,1012,0,0.99,0.0,0
PF13355,PF15027,2,0,0,2,0,1016,0,1.0,0.0,0,0,0,2,0,1016,0,1.0,0.0,0
PF05224,PF13887,16,6,6,10,0,1002,1.0,0.99,0.38,0.61,6,6,10,0,1002,1.0,0.99,0.38,0.61
PF15748,PF11402,0,0,0,0,0,1018,0,1.0,0,0,0,0,0,0,1018,0,1.0,0,0
PF01596,PF15011,15,4,3,12,1,1002,0.75,0.99,0.2,0.38,4,3,12,1,1002,0.75,0.99,0.2,0.38
PF08753,PF02951,0,4,0,0,4,1014,0.0,1.0,0,0,4,0,0,4,1014,0.0,1.0,0,0
PF12929,PF10252,11,1,0,11,1,1006,0.0,0.99,0.0,-0.0,1,0,11,1,1006,0.0,0.99,0.0,-0.0
PF05000,PF04983,31,31,30,1,1,986,0.97,1.0,0.97,0.97,31,30,1,1,986,0.97,1.0,0.97,0.97
PF00904,PF10583,0,0,0,0,0,1018,0,1.0,0,0,0,0,0,0,1018,0,1.0,0,0
PF14876,PF17219,0,1,0,0,1,1017,0.0,1.0,0,0,1,0,0,1,1017,0.0,1.0,0,0
PF03880,PF03461,5,3,2,3,1,1012,0.67,1.0,0.4,0.51,3,2,3,1,1012,0.67,1.0,0.4,0.51
PF06681,PF03238,0,0,0,0,0,1018,0,1.0,0,0,0,0,0,0,1018,0,1.0,0,0
PF10649,PF11418,0,0,0,0,0,1018,0,1.0,0,0,0,0,0,0,1018,0,1.0,0,0
PF08150,PF16165,6,8,4,2,4,1008,0.5,0.99,0.67,0.57,8,4,2,4,1008,0.5,0.99,0.67,0.57
PF05428,PF04452,1,2,0,1,2,1015,0.0,1.0,0.0,-0.0,2,0,1,2,1015,0.0,1.0,0.0,-0.0
PF03992,PF16166,23,2,1,22,1,994,0.5,0.98,0.04,0.14,2,1,22,1,994,0.5,0.98,0.04,0.14
PF01628,PF08411,2,1,0,2,1,1015,0.0,1.0,0.0,-0.0,1,0,2,1,1015,0.0,1.0,0.0,-0.0
PF06933,PF07610,0,1,0,0,1,1017,0.0,1.0,0,0,1,0,0,1,1017,0.0,1.0,0,0
PF04228,PF05509,0,1,0,0,1,1017,0.0,1.0,0,0,1,0,0,1,1017,0.0,1.0,0,0
PF16969,PF07767,11,12,5,6,7,1000,0.42,0.99,0.45,0.43,12,5,6,7,1000,0.42,0.99,0.45,0.43
PF08188,PF09707,1,0,0,1,0,1017,0,1.0,0.0,0,0,0,1,0,1017,0,1.0,0.0,0
PF12706,PF13691,35,15,11,24,4,979,0.73,0.97,0.31,0.47,15,11,24,4,979,0.73,0.97,0.31,0.47
PF03913,PF13629,0,1,0,0,1,1017,0.0,1.0,0,0,1,0,0,1,1017,0.0,1.0,0,0
PF08805,PF04917,1,1,1,0,0,1017,1.0,1.0,1.0,1.0,1,1,0,0,1017,1.0,1.0,1.0,1.0
PF07645,PF07679,60,92,37,23,55,903,0.4,0.92,0.62,0.46,92,37,23,55,903,0.4,0.92,0.62,0.46
PF03724,PF09149,0,3,0,0,3,1015,0.0,1.0,0,0,3,0,0,3,1015,0.0,1.0,0,0
PF04679,PF01068,18,19,18,0,1,999,0.95,1.0,1.0,0.97,19,18,0,1,999,0.95,1.0,1.0,0.97
PF05703,PF08458,6,6,6,0,0,1012,1.0,1.0,1.0,1.0,6,6,0,0,1012,1.0,1.0,1.0,1.0
PF05128,PF15086,1,3,1,0,2,1015,0.33,1.0,1.0,0.58,3,1,0,2,1015,0.33,1.0,1.0,0.58
PF10321,PF02118,7,4,1,6,3,1008,0.25,0.99,0.14,0.18,4,1,6,3,1008,0.25,0.99,0.14,0.18
PF03945,PF16401,3,1,0,3,1,1014,0.0,1.0,0.0,-0.0,1,0,3,1,1014,0.0,1.0,0.0,-0.0
PF05317,PF17062,0,0,0,0,0,1018,0,1.0,0,0,0,0,0,0,1018,0,1.0,0,0
PF08954,PF05386,1,2,1,0,1,1016,0.5,1.0,1.0,0.71,2,1,0,1,1016,0.5,1.0,1.0,0.71
PF08414,PF08022,10,42,9,1,33,975,0.21,0.97,0.9,0.43,42,9,1,33,975,0.21,0.97,0.9,0.43
PF06434,PF11791,2,2,2,0,0,1016,1.0,1.0,1.0,1.0,2,2,0,0,1016,1.0,1.0,1.0,1.0
PF07496,PF00628,20,97,17,3,80,918,0.18,0.92,0.85,0.36,97,17,3,80,918,0.18,0.92,0.85,0.36
PF01048,PF17107,30,25,14,16,11,977,0.56,0.97,0.47,0.5,25,14,16,11,977,0.56,0.97,0.47,0.5
PF05267,PF16089,0,0,0,0,0,1018,0,1.0,0,0,0,0,0,0,1018,0,1.0,0,0
PF11766,PF15427,0,1,0,0,1,1017,0.0,1.0,0,0,1,0,0,1,1017,0.0,1.0,0,0
PF14023,PF05556,3,5,1,2,4,1011,0.2,0.99,0.33,0.26,5,1,2,4,1011,0.2,0.99,0.33,0.26
PF05808,PF12855,1,2,1,0,1,1016,0.5,1.0,1.0,0.71,2,1,0,1,1016,0.5,1.0,1.0,0.71
PF08376,PF04940,4,4,1,3,3,1011,0.25,0.99,0.25,0.25,4,1,3,3,1011,0.25,0.99,0.25,0.25
PF03653,PF00986,0,13,0,0,13,1005,0.0,0.99,0,0,13,0,0,13,1005,0.0,0.99,0,0
PF04417,PF05100,2,0,0,2,0,1016,0,1.0,0.0,0,0,0,2,0,1016,0,1.0,0.0,0
PF13737,PF17188,0,0,0,0,0,1018,0,1.0,0,0,0,0,0,0,1018,0,1.0,0,0
PF11291,PF10375,0,1,0,0,1,1017,0.0,1.0,0,0,1,0,0,1,1017,0.0,1.0,0,0
PF01780,PF04900,9,15,6,3,9,1000,0.4,0.99,0.67,0.51,15,6,3,9,1000,0.4,0.99,0.67,0.51
PF05794,PF09138,10,8,2,8,6,1002,0.25,0.99,0.2,0.22,8,2,8,6,1002,0.25,0.99,0.2,0.22
PF01531,PF04901,4,2,0,4,2,1012,0.0,0.99,0.0,-0.0,2,0,4,2,1012,0.0,0.99,0.0,-0.0
PF06235,PF02378,2,8,1,1,7,1009,0.12,0.99,0.5,0.25,8,1,1,7,1009,0.12,0.99,0.5,0.25
PF02087,PF09252,2,0,0,2,0,1016,0,1.0,0.0,0,0,0,2,0,1016,0,1.0,0.0,0
PF00545,PF09056,3,4,0,3,4,1011,0.0,0.99,0.0,-0.0,4,0,3,4,1011,0.0,0.99,0.0,-0.0
PF01337,PF16836,0,0,0,0,0,1018,0,1.0,0,0,0,0,0,0,1018,0,1.0,0,0
PF09992,PF02012,3,0,0,3,0,1015,0,1.0,0.0,0,0,0,3,0,1015,0,1.0,0.0,0
PF10839,PF00537,0,1,0,0,1,1017,0.0,1.0,0,0,1,0,0,1,1017,0.0,1.0,0,0
PF08497,PF07805,0,1,0,0,1,1017,0.0,1.0,0,0,1,0,0,1,1017,0.0,1.0,0,0
PF10475,PF10474,4,1,1,3,0,1014,1.0,1.0,0.25,0.5,1,1,3,0,1014,1.0,1.0,0.25,0.5
PF09267,PF12610,0,0,0,0,0,1018,0,1.0,0,0,0,0,0,0,1018,0,1.0,0,0
PF05685,PF11291,1,0,0,1,0,1017,0,1.0,0.0,0,0,0,1,0,1017,0,1.0,0.0,0
PF03291,PF05719,8,5,0,8,5,1005,0.0,0.99,0.0,-0.01,5,0,8,5,1005,0.0,0.99,0.0,-0.01
PF02507,PF02531,0,2,0,0,2,1016,0.0,1.0,0,0,2,0,0,2,1016,0.0,1.0,0,0
PF08596,PF12490,7,5,2,5,3,1008,0.4,0.99,0.29,0.33,5,2,5,3,1008,0.4,0.99,0.29,0.33
PF03170,PF07243,1,0,0,1,0,1017,0,1.0,0.0,0,0,0,1,0,1017,0,1.0,0.0,0
PF06210,PF05065,0,1,0,0,1,1017,0.0,1.0,0,0,1,0,0,1,1017,0.0,1.0,0,0
PF16885,PF08763,2,8,2,0,6,1010,0.25,0.99,1.0,0.5,8,2,0,6,1010,0.25,0.99,1.0,0.5
PF12883,PF13471,2,4,2,0,2,1014,0.5,1.0,1.0,0.71,4,2,0,2,1014,0.5,1.0,1.0,0.71
PF00270,PF16783,179,5,5,174,0,839,1.0,0.83,0.03,0.15,5,5,174,0,839,1.0,0.83,0.03,0.15
PF01503,PF01502,15,15,11,4,4,999,0.73,0.99,0.73,0.73,15,11,4,4,999,0.73,0.99,0.73,0.73
PF09358,PF16191,12,4,2,10,2,1004,0.5,0.99,0.17,0.28,4,2,10,2,1004,0.5,0.99,0.17,0.28
PF04082,PF11951,154,80,56,98,24,840,0.7,0.88,0.36,0.45,80,56,98,24,840,0.7,0.88,0.36,0.45
PF12897,PF04350,2,0,0,2,0,1016,0,1.0,0.0,0,0,0,2,0,1016,0,1.0,0.0,0
PF03432,PF13750,0,0,0,0,0,1018,0,1.0,0,0,0,0,0,0,1018,0,1.0,0,0
PF00034,PF08752,17,5,1,16,4,997,0.2,0.98,0.06,0.1,5,1,16,4,997,0.2,0.98,0.06,0.1
PF12309,PF04981,8,5,2,6,3,1007,0.4,0.99,0.25,0.31,5,2,6,3,1007,0.4,0.99,0.25,0.31
PF10075,PF05191,13,12,4,9,8,997,0.33,0.98,0.31,0.31,12,4,9,8,997,0.33,0.98,0.31,0.31
PF14376,PF12080,3,0,0,3,0,1015,0,1.0,0.0,0,0,0,3,0,1015,0,1.0,0.0,0
PF11999,PF16716,2,0,0,2,0,1016,0,1.0,0.0,0,0,0,2,0,1016,0,1.0,0.0,0
PF12588,PF02666,3,17,3,0,14,1001,0.18,0.99,1.0,0.42,17,3,0,14,1001,0.18,0.99,1.0,0.42
PF02719,PF03831,4,0,0,4,0,1014,0,1.0,0.0,0,0,0,4,0,1014,0,1.0,0.0,0
PF12052,PF02208,6,4,2,4,2,1010,0.5,0.99,0.33,0.41,4,2,4,2,1010,0.5,0.99,0.33,0.41
PF03976,PF15817,0,1,0,0,1,1017,0.0,1.0,0,0,1,0,0,1,1017,0.0,1.0,0,0
PF03298,PF15003,3,1,0,3,1,1014,0.0,1.0,0.0,-0.0,1,0,3,1,1014,0.0,1.0,0.0,-0.0
PF09669,PF01312,1,0,0,1,0,1017,0,1.0,0.0,0,0,0,1,0,1017,0,1.0,0.0,0
PF08332,PF12605,7,4,2,5,2,1009,0.5,0.99,0.29,0.37,4,2,5,2,1009,0.5,0.99,0.29,0.37
PF11954,PF07930,5,1,0,5,1,1012,0.0,0.99,0.0,-0.0,1,0,5,1,1012,0.0,0.99,0.0,-0.0
PF12678,PF12861,17,14,4,13,10,991,0.29,0.98,0.24,0.25,14,4,13,10,991,0.29,0.98,0.24,0.25
PF12463,PF08568,2,5,0,2,5,1011,0.0,0.99,0.0,-0.0,5,0,2,5,1011,0.0,0.99,0.0,-0.0
PF11901,PF12248,15,14,4,11,10,993,0.29,0.98,0.27,0.27,14,4,11,10,993,0.29,0.98,0.27,0.27
PF05003,PF01343,2,15,1,1,14,1002,0.07,0.99,0.5,0.18,15,1,1,14,1002,0.07,0.99,0.5,0.18
PF10175,PF08152,6,11,2,4,9,1003,0.18,0.99,0.33,0.24,11,2,4,9,1003,0.18,0.99,0.33,0.24
PF02902,PF09331,68,4,3,65,1,949,0.75,0.94,0.04,0.17,4,3,65,1,949,0.75,0.94,0.04,0.17
PF16669,PF07721,8,6,2,6,4,1006,0.33,0.99,0.25,0.28,6,2,6,4,1006,0.33,0.99,0.25,0.28
PF03907,PF17078,1,1,0,1,1,1016,0.0,1.0,0.0,-0.0,1,0,1,1,1016,0.0,1.0,0.0,-0.0
PF02679,PF10703,5,2,2,3,0,1013,1.0,1.0,0.4,0.63,2,2,3,0,1013,1.0,1.0,0.4,0.63
PF01116,PF07005,19,6,5,14,1,998,0.83,0.99,0.26,0.46,6,5,14,1,998,0.83,0.99,0.26,0.46
PF02508,PF03831,2,0,0,2,0,1016,0,1.0,0.0,0,0,0,2,0,1016,0,1.0,0.0,0
PF01414,PF07657,11,3,3,8,0,1007,1.0,0.99,0.27,0.52,3,3,8,0,1007,1.0,0.99,0.27,0.52
PF02222,PF01259,8,10,1,7,9,1001,0.1,0.98,0.12,0.1,10,1,7,9,1001,0.1,0.98,0.12,0.1
PF15862,PF08578,2,5,1,1,4,1012,0.2,1.0,0.5,0.31,5,1,1,4,1012,0.2,1.0,0.5,0.31
PF02533,PF15171,2,1,0,2,1,1015,0.0,1.0,0.0,-0.0,1,0,2,1,1015,0.0,1.0,0.0,-0.0
PF05719,PF14778,5,3,1,4,2,1011,0.33,0.99,0.2,0.26,3,1,4,2,1011,0.33,0.99,0.2,0.26
PF14625,PF01683,13,21,6,7,15,990,0.29,0.98,0.46,0.35,21,6,7,15,990,0.29,0.98,0.46,0.35
PF14839,PF03878,0,11,0,0,11,1007,0.0,0.99,0,0,11,0,0,11,1007,0.0,0.99,0,0
PF14475,PF08528,0,5,0,0,5,1013,0.0,1.0,0,0,5,0,0,5,1013,0.0,1.0,0,0
PF15231,PF10856,0,0,0,0,0,1018,0,1.0,0,0,0,0,0,0,1018,0,1.0,0,0
PF04279,PF13145,1,7,1,0,6,1011,0.14,0.99,1.0,0.38,7,1,0,6,1011,0.14,0.99,1.0,0.38
PF02232,PF05167,1,1,0,1,1,1016,0.0,1.0,0.0,-0.0,1,0,1,1,1016,0.0,1.0,0.0,-0.0
PF10598,PF08082,13,13,13,0,0,1005,1.0,1.0,1.0,1.0,13,13,0,0,1005,1.0,1.0,1.0,1.0
PF09258,PF03016,13,34,10,3,24,981,0.29,0.97,0.77,0.47,34,10,3,24,981,0.29,0.97,0.77,0.47
PF09924,PF03741,5,7,3,2,4,1009,0.43,0.99,0.6,0.5,7,3,2,4,1009,0.43,0.99,0.6,0.5
PF15633,PF15482,0,0,0,0,0,1018,0,1.0,0,0,0,0,0,0,1018,0,1.0,0,0
PF12721,PF09034,7,2,1,6,1,1010,0.5,0.99,0.14,0.26,2,1,6,1,1010,0.5,0.99,0.14,0.26
PF01488,PF08501,17,17,10,7,7,994,0.59,0.99,0.59,0.58,17,10,7,7,994,0.59,0.99,0.59,0.58
PF07173,PF12422,6,2,1,5,1,1011,0.5,0.99,0.17,0.29,2,1,5,1,1011,0.5,0.99,0.17,0.29
PF00267,PF08093,1,1,0,1,1,1016,0.0,1.0,0.0,-0.0,1,0,1,1,1016,0.0,1.0,0.0,-0.0
PF09036,PF16018,9,1,1,8,0,1009,1.0,0.99,0.11,0.33,1,1,8,0,1009,1.0,0.99,0.11,0.33
PF07885,PF03530,62,14,13,49,1,955,0.93,0.95,0.21,0.43,14,13,49,1,955,0.93,0.95,0.21,0.43
PF03261,PF14735,4,4,1,3,3,1011,0.25,0.99,0.25,0.25,4,1,3,3,1011,0.25,0.99,0.25,0.25
PF12329,PF10377,11,5,2,9,3,1004,0.4,0.99,0.18,0.26,5,2,9,3,1004,0.4,0.99,0.18,0.26
PF01786,PF00301,12,2,1,11,1,1005,0.5,0.99,0.08,0.2,2,1,11,1,1005,0.5,0.99,0.08,0.2
PF03068,PF08527,8,4,4,4,0,1010,1.0,1.0,0.5,0.71,4,4,4,0,1010,1.0,1.0,0.5,0.71
PF01904,PF04370,7,0,0,7,0,1011,0,0.99,0.0,0,0,0,7,0,1011,0,0.99,0.0,0
PF12612,PF10350,13,11,3,10,8,997,0.27,0.98,0.23,0.24,11,3,10,8,997,0.27,0.98,0.23,0.24
PF13718,PF05127,13,15,12,1,3,1002,0.8,1.0,0.92,0.86,15,12,1,3,1002,0.8,1.0,0.92,0.86
PF00173,PF01070,87,45,33,54,12,919,0.73,0.94,0.38,0.5,45,33,54,12,919,0.73,0.94,0.38,0.5
PF00179,PF07933,98,11,7,91,4,916,0.64,0.91,0.07,0.19,11,7,91,4,916,0.64,0.91,0.07,0.19
PF06032,PF05378,8,28,8,0,20,990,0.29,0.98,1.0,0.53,28,8,0,20,990,0.29,0.98,1.0,0.53
PF03936,PF01397,22,16,16,6,0,996,1.0,0.99,0.73,0.85,16,16,6,0,996,1.0,0.99,0.73,0.85
PF08291,PF05962,0,1,0,0,1,1017,0.0,1.0,0,0,1,0,0,1,1017,0.0,1.0,0,0
PF00131,PF14967,1,2,0,1,2,1015,0.0,1.0,0.0,-0.0,2,0,1,2,1015,0.0,1.0,0.0,-0.0
PF11666,PF02931,0,78,0,0,78,940,0.0,0.92,0,0,78,0,0,78,940,0.0,0.92,0,0
PF12732,PF03865,0,0,0,0,0,1018,0,1.0,0,0,0,0,0,0,1018,0,1.0,0,0
PF04367,PF07939,2,2,1,1,1,1015,0.5,1.0,0.5,0.5,2,1,1,1,1015,0.5,1.0,0.5,0.5
PF09494,PF03000,11,16,4,7,12,995,0.25,0.98,0.36,0.29,16,4,7,12,995,0.25,0.98,0.36,0.29
PF05675,PF01118,0,13,0,0,13,1005,0.0,0.99,0,0,13,0,0,13,1005,0.0,0.99,0,0
PF15279,PF14909,0,4,0,0,4,1014,0.0,1.0,0,0,4,0,0,4,1014,0.0,1.0,0,0
PF17189,PF02055,13,17,13,0,4,1001,0.76,1.0,1.0,0.87,17,13,0,4,1001,0.76,1.0,1.0,0.87
PF13639,PF12678,122,17,11,111,6,890,0.65,0.89,0.09,0.21,17,11,111,6,890,0.65,0.89,0.09,0.21
PF12972,PF12971,9,8,6,3,2,1007,0.75,1.0,0.67,0.7,8,6,3,2,1007,0.75,1.0,0.67,0.7
PF14327,PF05383,12,20,2,10,18,988,0.1,0.97,0.17,0.12,20,2,10,18,988,0.1,0.97,0.17,0.12
PF05938,PF04520,9,0,0,9,0,1009,0,0.99,0.0,0,0,0,9,0,1009,0,0.99,0.0,0
PF07145,PF06741,16,12,6,10,6,996,0.5,0.98,0.38,0.43,12,6,10,6,996,0.5,0.98,0.38,0.43
PF17084,PF04612,0,1,0,0,1,1017,0.0,1.0,0,0,1,0,0,1,1017,0.0,1.0,0,0
PF13919,PF05066,9,6,4,5,2,1007,0.67,0.99,0.44,0.54,6,4,5,2,1007,0.67,0.99,0.44,0.54
PF03489,PF02199,7,2,0,7,2,1009,0.0,0.99,0.0,-0.0,2,0,7,2,1009,0.0,0.99,0.0,-0.0
PF12409,PF12515,14,8,5,9,3,1001,0.62,0.99,0.36,0.47,8,5,9,3,1001,0.62,0.99,0.36,0.47
PF06746,PF12470,0,4,0,0,4,1014,0.0,1.0,0,0,4,0,0,4,1014,0.0,1.0,0,0
PF08249,PF04333,0,0,0,0,0,1018,0,1.0,0,0,0,0,0,0,1018,0,1.0,0,0
PF16893,PF16892,2,2,2,0,0,1016,1.0,1.0,1.0,1.0,2,2,0,0,1016,1.0,1.0,1.0,1.0
PF12009,PF14529,6,45,1,5,44,968,0.02,0.95,0.17,0.05,45,1,5,44,968,0.02,0.95,0.17,0.05
PF05911,PF03468,0,6,0,0,6,1012,0.0,0.99,0,0,6,0,0,6,1012,0.0,0.99,0,0
PF04703,PF11751,0,0,0,0,0,1018,0,1.0,0,0,0,0,0,0,1018,0,1.0,0,0
PF11793,PF09765,7,6,6,1,0,1011,1.0,1.0,0.86,0.93,6,6,1,0,1011,1.0,1.0,0.86,0.93
PF06445,PF09397,5,5,1,4,4,1009,0.2,0.99,0.2,0.2,5,1,4,4,1009,0.2,0.99,0.2,0.2
PF00084,PF13402,52,3,2,50,1,965,0.67,0.95,0.04,0.15,3,2,50,1,965,0.67,0.95,0.04,0.15
PF07654,PF07686,16,57,11,5,46,956,0.19,0.95,0.69,0.35,57,11,5,46,956,0.19,0.95,0.69,0.35
PF15496,PF17078,1,1,1,0,0,1017,1.0,1.0,1.0,1.0,1,1,0,0,1017,1.0,1.0,1.0,1.0
PF13805,PF03760,9,1,0,9,1,1008,0.0,0.99,0.0,-0.0,1,0,9,1,1008,0.0,0.99,0.0,-0.0
PF08318,PF04437,14,13,3,11,10,994,0.23,0.98,0.21,0.21,13,3,11,10,994,0.23,0.98,0.21,0.21
PF02076,PF08618,4,1,0,4,1,1013,0.0,1.0,0.0,-0.0,1,0,4,1,1013,0.0,1.0,0.0,-0.0
PF02452,PF16997,2,0,0,2,0,1016,0,1.0,0.0,0,0,0,2,0,1016,0,1.0,0.0,0
PF08853,PF08651,0,1,0,0,1,1017,0.0,1.0,0,0,1,0,0,1,1017,0.0,1.0,0,0
PF14866,PF15085,0,2,0,0,2,1016,0.0,1.0,0,0,2,0,0,2,1016,0.0,1.0,0,0
PF15370,PF15071,3,0,0,3,0,1015,0,1.0,0.0,0,0,0,3,0,1015,0,1.0,0.0,0
PF15285,PF04111,1,12,0,1,12,1005,0.0,0.99,0.0,-0.0,12,0,1,12,1005,0.0,0.99,0.0,-0.0
PF07075,PF10106,2,1,0,2,1,1015,0.0,1.0,0.0,-0.0,1,0,2,1,1015,0.0,1.0,0.0,-0.0
PF07016,PF01514,0,0,0,0,0,1018,0,1.0,0,0,0,0,0,0,1018,0,1.0,0,0
PF16711,PF16709,1,3,1,0,2,1015,0.33,1.0,1.0,0.58,3,1,0,2,1015,0.33,1.0,1.0,0.58
PF12366,PF15927,2,6,2,0,4,1012,0.33,1.0,1.0,0.58,6,2,0,4,1012,0.33,1.0,1.0,0.58
PF01766,PF04099,1,16,0,1,16,1001,0.0,0.98,0.0,-0.0,16,0,1,16,1001,0.0,0.98,0.0,-0.0
PF14656,PF14655,6,13,6,0,7,1005,0.46,0.99,1.0,0.68,13,6,0,7,1005,0.46,0.99,1.0,0.68
PF10288,PF10022,5,7,0,5,7,1006,0.0,0.99,0.0,-0.01,7,0,5,7,1006,0.0,0.99,0.0,-0.01
PF10441,PF17034,5,6,1,4,5,1008,0.17,0.99,0.2,0.18,6,1,4,5,1008,0.17,0.99,0.2,0.18
PF08377,PF00418,1,4,1,0,3,1014,0.25,1.0,1.0,0.5,4,1,0,3,1014,0.25,1.0,1.0,0.5
PF12051,PF10276,6,1,0,6,1,1011,0.0,0.99,0.0,-0.0,1,0,6,1,1011,0.0,0.99,0.0,-0.0
PF04494,PF08145,10,4,2,8,2,1006,0.5,0.99,0.2,0.31,4,2,8,2,1006,0.5,0.99,0.2,0.31
PF03166,PF00859,16,2,2,14,0,1002,1.0,0.99,0.12,0.35,2,2,14,0,1002,1.0,0.99,0.12,0.35
PF04293,PF01624,0,28,0,0,28,990,0.0,0.97,0,0,28,0,0,28,990,0.0,0.97,0,0
PF12531,PF06745,0,0,0,0,0,1018,0,1.0,0,0,0,0,0,0,1018,0,1.0,0,0
PF14948,PF11548,3,4,3,0,1,1014,0.75,1.0,1.0,0.87,4,3,0,1,1014,0.75,1.0,1.0,0.87
PF04966,PF10429,1,0,0,1,0,1017,0,1.0,0.0,0,0,0,1,0,1017,0,1.0,0.0,0
PF06905,PF15054,13,5,1,12,4,1001,0.2,0.98,0.08,0.12,5,1,12,4,1001,0.2,0.98,0.08,0.12
PF15553,PF08642,0,0,0,0,0,1018,0,1.0,0,0,0,0,0,0,1018,0,1.0,0,0
PF11738,PF02217,0,3,0,0,3,1015,0.0,1.0,0,0,3,0,0,3,1015,0.0,1.0,0,0
PF11430,PF10994,0,0,0,0,0,1018,0,1.0,0,0,0,0,0,0,1018,0,1.0,0,0
PF15258,PF12519,2,5,0,2,5,1011,0.0,0.99,0.0,-0.0,5,0,2,5,1011,0.0,0.99,0.0,-0.0
PF10242,PF06951,4,11,2,2,9,1005,0.18,0.99,0.5,0.3,11,2,2,9,1005,0.18,0.99,0.5,0.3
PF06384,PF13096,4,0,0,4,0,1014,0,1.0,0.0,0,0,0,4,0,1014,0,1.0,0.0,0
PF04387,PF01370,19,71,8,11,63,936,0.11,0.93,0.42,0.19,71,8,11,63,936,0.11,0.93,0.42,0.19
PF02337,PF00607,5,11,5,0,6,1007,0.45,0.99,1.0,0.67,11,5,0,6,1007,0.45,0.99,1.0,0.67
PF02966,PF11221,14,4,1,13,3,1001,0.25,0.98,0.07,0.13,4,1,13,3,1001,0.25,0.98,0.07,0.13
PF05478,PF06473,5,0,0,5,0,1013,0,1.0,0.0,0,0,0,5,0,1013,0,1.0,0.0,0
PF02377,PF12316,4,6,3,1,3,1011,0.5,1.0,0.75,0.61,6,3,1,3,1011,0.5,1.0,0.75,0.61
PF15664,PF15119,0,1,0,0,1,1017,0.0,1.0,0,0,1,0,0,1,1017,0.0,1.0,0,0
PF03716,PF12384,2,2,2,0,0,1016,1.0,1.0,1.0,1.0,2,2,0,0,1016,1.0,1.0,1.0,1.0
PF16892,PF16893,2,2,2,0,0,1016,1.0,1.0,1.0,1.0,2,2,0,0,1016,1.0,1.0,1.0,1.0
PF04607,PF13328,10,10,6,4,4,1004,0.6,0.99,0.6,0.6,10,6,4,4,1004,0.6,0.99,0.6,0.6
PF04601,PF11891,3,6,2,1,4,1011,0.33,1.0,0.67,0.47,6,2,1,4,1011,0.33,1.0,0.67,0.47
PF08653,PF06485,1,4,0,1,4,1013,0.0,1.0,0.0,-0.0,4,0,1,4,1013,0.0,1.0,0.0,-0.0
PF12338,PF00101,4,5,4,0,1,1013,0.8,1.0,1.0,0.89,5,4,0,1,1013,0.8,1.0,1.0,0.89
PF06105,PF11815,10,9,2,8,7,1001,0.22,0.99,0.2,0.2,9,2,8,7,1001,0.22,0.99,0.2,0.2
PF07642,PF04958,0,3,0,0,3,1015,0.0,1.0,0,0,3,0,0,3,1015,0.0,1.0,0,0
PF03706,PF06744,1,0,0,1,0,1017,0,1.0,0.0,0,0,0,1,0,1017,0,1.0,0.0,0
PF14421,PF08762,0,4,0,0,4,1014,0.0,1.0,0,0,4,0,0,4,1014,0.0,1.0,0,0
PF02121,PF02862,12,16,6,6,10,996,0.38,0.98,0.5,0.43,16,6,6,10,996,0.38,0.98,0.5,0.43
PF04445,PF05939,2,0,0,2,0,1016,0,1.0,0.0,0,0,0,2,0,1016,0,1.0,0.0,0
PF09591,PF07192,0,0,0,0,0,1018,0,1.0,0,0,0,0,0,0,1018,0,1.0,0,0
PF02985,PF12755,35,12,7,28,5,978,0.58,0.97,0.2,0.33,12,7,28,5,978,0.58,0.97,0.2,0.33
PF01619,PF14748,22,6,4,18,2,994,0.67,0.98,0.18,0.34,6,4,18,2,994,0.67,0.98,0.18,0.34
PF03033,PF13579,23,2,1,22,1,994,0.5,0.98,0.04,0.14,2,1,22,1,994,0.5,0.98,0.04,0.14
PF06966,PF09809,16,7,3,13,4,998,0.43,0.98,0.19,0.28,7,3,13,4,998,0.43,0.98,0.19,0.28
PF09692,PF01878,1,10,1,0,9,1008,0.1,0.99,1.0,0.31,10,1,0,9,1008,0.1,0.99,1.0,0.31
PF01739,PF00770,4,1,0,4,1,1013,0.0,1.0,0.0,-0.0,1,0,4,1,1013,0.0,1.0,0.0,-0.0
PF01636,PF13419,55,55,22,33,33,930,0.4,0.94,0.4,0.37,55,22,33,33,930,0.4,0.94,0.4,0.37
PF12598,PF16176,1,4,1,0,3,1014,0.25,1.0,1.0,0.5,4,1,0,3,1014,0.25,1.0,1.0,0.5
PF09945,PF00594,0,8,0,0,8,1010,0.0,0.99,0,0,8,0,0,8,1010,0.0,0.99,0,0
PF16780,PF02798,1,47,1,0,46,971,0.02,0.95,1.0,0.14,47,1,0,46,971,0.02,0.95,1.0,0.14
PF01375,PF12726,2,4,0,2,4,1012,0.0,0.99,0.0,-0.0,4,0,2,4,1012,0.0,0.99,0.0,-0.0
PF04299,PF06912,11,3,0,11,3,1004,0.0,0.99,0.0,-0.01,3,0,11,3,1004,0.0,0.99,0.0,-0.01
PF16997,PF08497,0,0,0,0,0,1018,0,1.0,0,0,0,0,0,0,1018,0,1.0,0,0
PF06773,PF14882,0,0,0,0,0,1018,0,1.0,0,0,0,0,0,0,1018,0,1.0,0,0
PF15037,PF16556,1,1,0,1,1,1016,0.0,1.0,0.0,-0.0,1,0,1,1,1016,0.0,1.0,0.0,-0.0
PF11927,PF03162,13,4,1,12,3,1002,0.25,0.99,0.08,0.13,4,1,12,3,1002,0.25,0.99,0.08,0.13
PF06945,PF17017,0,0,0,0,0,1018,0,1.0,0,0,0,0,0,0,1018,0,1.0,0,0
PF09038,PF15997,0,0,0,0,0,1018,0,1.0,0,0,0,0,0,0,1018,0,1.0,0,0
PF08537,PF08210,0,8,0,0,8,1010,0.0,0.99,0,0,8,0,0,8,1010,0.0,0.99,0,0
PF14864,PF14863,4,4,4,0,0,1014,1.0,1.0,1.0,1.0,4,4,0,0,1014,1.0,1.0,1.0,1.0
PF12382,PF14465,0,2,0,0,2,1016,0.0,1.0,0,0,2,0,0,2,1016,0.0,1.0,0,0
PF12115,PF06912,0,3,0,0,3,1015,0.0,1.0,0,0,3,0,0,3,1015,0.0,1.0,0,0
PF10572,PF15623,4,0,0,4,0,1014,0,1.0,0.0,0,0,0,4,0,1014,0,1.0,0.0,0
PF08401,PF01913,0,1,0,0,1,1017,0.0,1.0,0,0,1,0,0,1,1017,0.0,1.0,0,0
PF00392,PF07702,19,4,4,15,0,999,1.0,0.99,0.21,0.46,4,4,15,0,999,1.0,0.99,0.21,0.46
PF08283,PF00799,1,2,1,0,1,1016,0.5,1.0,1.0,0.71,2,1,0,1,1016,0.5,1.0,1.0,0.71
PF00157,PF03792,8,4,4,4,0,1010,1.0,1.0,0.5,0.71,4,4,4,0,1010,1.0,1.0,0.5,0.71
PF13825,PF16500,0,1,0,0,1,1017,0.0,1.0,0,0,1,0,0,1,1017,0.0,1.0,0,0
PF13735,PF00308,2,5,2,0,3,1013,0.4,1.0,1.0,0.63,5,2,0,3,1013,0.4,1.0,1.0,0.63
PF03842,PF01701,0,1,0,0,1,1017,0.0,1.0,0,0,1,0,0,1,1017,0.0,1.0,0,0
PF15973,PF03103,0,7,0,0,7,1011,0.0,0.99,0,0,7,0,0,7,1011,0.0,0.99,0,0
PF11861,PF07780,15,14,14,1,0,1003,1.0,1.0,0.93,0.97,14,14,1,0,1003,1.0,1.0,0.93,0.97
PF01095,PF04043,29,16,11,18,5,984,0.69,0.98,0.38,0.5,16,11,18,5,984,0.69,0.98,0.38,0.5
PF07562,PF01547,14,21,4,10,17,987,0.19,0.97,0.29,0.22,21,4,10,17,987,0.19,0.97,0.29,0.22
PF04083,PF08386,28,18,4,24,14,976,0.22,0.96,0.14,0.16,18,4,24,14,976,0.22,0.96,0.14,0.16
PF06469,PF14844,3,21,3,0,18,997,0.14,0.98,1.0,0.37,21,3,0,18,997,0.14,0.98,1.0,0.37
PF16869,PF16858,0,5,0,0,5,1013,0.0,1.0,0,0,5,0,0,5,1013,0.0,1.0,0,0
PF01436,PF01082,37,19,13,24,6,975,0.68,0.97,0.35,0.48,19,13,24,6,975,0.68,0.97,0.35,0.48
PF05513,PF05509,1,1,1,0,0,1017,1.0,1.0,1.0,1.0,1,1,0,0,1017,1.0,1.0,1.0,1.0
PF04419,PF01907,11,9,3,8,6,1001,0.33,0.99,0.27,0.29,9,3,8,6,1001,0.33,0.99,0.27,0.29
PF14299,PF07723,10,10,3,7,7,1001,0.3,0.99,0.3,0.29,10,3,7,7,1001,0.3,0.99,0.3,0.29
PF16367,PF16366,13,12,11,2,1,1004,0.92,1.0,0.85,0.88,12,11,2,1,1004,0.92,1.0,0.85,0.88
PF05792,PF11766,0,0,0,0,0,1018,0,1.0,0,0,0,0,0,0,1018,0,1.0,0,0
PF09332,PF15539,4,0,0,4,0,1014,0,1.0,0.0,0,0,0,4,0,1014,0,1.0,0.0,0
PF04133,PF03071,5,11,2,3,9,1004,0.18,0.99,0.4,0.26,11,2,3,9,1004,0.18,0.99,0.4,0.26
PF05116,PF08472,11,2,1,10,1,1006,0.5,0.99,0.09,0.21,2,1,10,1,1006,0.5,0.99,0.09,0.21
PF00790,PF12210,28,5,4,24,1,989,0.8,0.98,0.14,0.33,5,4,24,1,989,0.8,0.98,0.14,0.33
PF13948,PF01508,5,0,0,5,0,1013,0,1.0,0.0,0,0,0,5,0,1013,0,1.0,0.0,0
PF04876,PF03178,0,29,0,0,29,989,0.0,0.97,0,0,29,0,0,29,989,0.0,0.97,0,0
PF13017,PF00505,2,61,1,1,60,956,0.02,0.94,0.5,0.08,61,1,1,60,956,0.02,0.94,0.5,0.08
PF13627,PF09257,0,1,0,0,1,1017,0.0,1.0,0,0,1,0,0,1,1017,0.0,1.0,0,0
PF03900,PF00766,16,9,1,15,8,994,0.11,0.98,0.06,0.07,9,1,15,8,994,0.11,0.98,0.06,0.07
PF03583,PF13092,1,7,0,1,7,1010,0.0,0.99,0.0,-0.0,7,0,1,7,1010,0.0,0.99,0.0,-0.0
PF02627,PF12311,17,4,1,16,3,998,0.25,0.98,0.06,0.11,4,1,16,3,998,0.25,0.98,0.06,0.11
PF14721,PF16020,4,2,2,2,0,1014,1.0,1.0,0.5,0.71,2,2,2,0,1014,1.0,1.0,0.5,0.71
PF10391,PF14792,15,19,15,0,4,999,0.79,1.0,1.0,0.89,19,15,0,4,999,0.79,1.0,1.0,0.89
PF11468,PF07980,1,0,0,1,0,1017,0,1.0,0.0,0,0,0,1,0,1017,0,1.0,0.0,0
PF07955,PF07327,2,1,0,2,1,1015,0.0,1.0,0.0,-0.0,1,0,2,1,1015,0.0,1.0,0.0,-0.0
PF00047,PF13895,37,27,22,15,5,976,0.81,0.98,0.59,0.69,27,22,15,5,976,0.81,0.98,0.59,0.69
PF07661,PF04717,2,0,0,2,0,1016,0,1.0,0.0,0,0,0,2,0,1016,0,1.0,0.0,0
PF01007,PF08466,14,1,1,13,0,1004,1.0,0.99,0.07,0.27,1,1,13,0,1004,1.0,0.99,0.07,0.27
PF06360,PF15091,0,0,0,0,0,1018,0,1.0,0,0,0,0,0,0,1018,0,1.0,0,0
PF03103,PF15973,7,0,0,7,0,1011,0,0.99,0.0,0,0,0,7,0,1011,0,0.99,0.0,0
PF15771,PF15754,0,0,0,0,0,1018,0,1.0,0,0,0,0,0,0,1018,0,1.0,0,0
PF02362,PF06507,30,11,9,21,2,986,0.82,0.98,0.3,0.49,11,9,21,2,986,0.82,0.98,0.3,0.49
PF13313,PF13482,0,1,0,0,1,1017,0.0,1.0,0,0,1,0,0,1,1017,0.0,1.0,0,0
PF16415,PF12842,13,11,11,2,0,1005,1.0,1.0,0.85,0.92,11,11,2,0,1005,1.0,1.0,0.85,0.92
PF01139,PF05434,11,6,2,9,4,1003,0.33,0.99,0.18,0.24,6,2,9,4,1003,0.33,0.99,0.18,0.24
PF15478,PF14866,1,0,0,1,0,1017,0,1.0,0.0,0,0,0,1,0,1017,0,1.0,0.0,0
PF02653,PF12399,11,9,9,2,0,1007,1.0,1.0,0.82,0.9,9,9,2,0,1007,1.0,1.0,0.82,0.9
PF07034,PF14779,5,2,0,5,2,1011,0.0,0.99,0.0,-0.0,2,0,5,2,1011,0.0,0.99,0.0,-0.0
PF00778,PF02377,6,4,2,4,2,1010,0.5,0.99,0.33,0.41,4,2,4,2,1010,0.5,0.99,0.33,0.41
PF06513,PF03344,0,1,0,0,1,1017,0.0,1.0,0,0,1,0,0,1,1017,0.0,1.0,0,0
PF05118,PF05279,8,1,1,7,0,1010,1.0,0.99,0.12,0.35,1,1,7,0,1010,1.0,0.99,0.12,0.35
PF01723,PF06679,1,0,0,1,0,1017,0,1.0,0.0,0,0,0,1,0,1017,0,1.0,0.0,0
PF03576,PF08738,0,0,0,0,0,1018,0,1.0,0,0,0,0,0,0,1018,0,1.0,0,0
PF03763,PF01643,10,1,0,10,1,1007,0.0,0.99,0.0,-0.0,1,0,10,1,1007,0.0,0.99,0.0,-0.0
PF09735,PF10480,5,0,0,5,0,1013,0,1.0,0.0,0,0,0,5,0,1013,0,1.0,0.0,0
PF07107,PF11016,1,0,0,1,0,1017,0,1.0,0.0,0,0,0,1,0,1017,0,1.0,0.0,0
PF00916,PF01740,37,35,31,6,4,977,0.89,0.99,0.84,0.86,35,31,6,4,977,0.89,0.99,0.84,0.86
PF03670,PF03488,5,1,0,5,1,1012,0.0,0.99,0.0,-0.0,1,0,5,1,1012,0.0,0.99,0.0,-0.0
PF14633,PF14878,13,13,13,0,0,1005,1.0,1.0,1.0,1.0,13,13,0,0,1005,1.0,1.0,1.0,1.0
PF10046,PF11264,12,1,1,11,0,1006,1.0,0.99,0.08,0.29,1,1,11,0,1006,1.0,0.99,0.08,0.29
PF10345,PF04679,6,18,5,1,13,999,0.28,0.99,0.83,0.48,18,5,1,13,999,0.28,0.99,0.83,0.48
PF14024,PF17017,0,0,0,0,0,1018,0,1.0,0,0,0,0,0,0,1018,0,1.0,0,0
PF11635,PF09737,7,5,1,6,4,1007,0.2,0.99,0.14,0.16,5,1,6,4,1007,0.2,0.99,0.14,0.16
PF08641,PF09631,4,10,3,1,7,1007,0.3,0.99,0.75,0.47,10,3,1,7,1007,0.3,0.99,0.75,0.47
PF17176,PF13718,2,13,2,0,11,1005,0.15,0.99,1.0,0.39,13,2,0,11,1005,0.15,0.99,1.0,0.39
PF04549,PF08204,0,0,0,0,0,1018,0,1.0,0,0,0,0,0,0,1018,0,1.0,0,0
PF02369,PF15518,0,1,0,0,1,1017,0.0,1.0,0,0,1,0,0,1,1017,0.0,1.0,0,0
PF05725,PF00526,21,1,0,21,1,996,0.0,0.98,0.0,-0.0,1,0,21,1,996,0.0,0.98,0.0,-0.0
PF13705,PF06547,6,3,2,4,1,1011,0.67,1.0,0.33,0.47,3,2,4,1,1011,0.67,1.0,0.33,0.47
PF02950,PF03379,1,1,0,1,1,1016,0.0,1.0,0.0,-0.0,1,0,1,1,1016,0.0,1.0,0.0,-0.0
PF00029,PF03508,8,0,0,8,0,1010,0,0.99,0.0,0,0,0,8,0,1010,0,0.99,0.0,0
PF10325,PF10327,3,5,1,2,4,1011,0.2,0.99,0.33,0.26,5,1,2,4,1011,0.2,0.99,0.33,0.26
PF04983,PF00623,31,29,29,2,0,987,1.0,1.0,0.94,0.97,29,29,2,0,987,1.0,1.0,0.94,0.97
PF13389,PF10856,0,0,0,0,0,1018,0,1.0,0,0,0,0,0,0,1018,0,1.0,0,0
PF08456,PF02572,3,2,1,2,1,1014,0.5,1.0,0.33,0.41,2,1,2,1,1014,0.5,1.0,0.33,0.41
PF09687,PF10332,0,0,0,0,0,1018,0,1.0,0,0,0,0,0,0,1018,0,1.0,0,0
PF12235,PF16098,7,4,4,3,0,1011,1.0,1.0,0.57,0.75,4,4,3,0,1011,1.0,1.0,0.57,0.75
PF09090,PF09088,11,11,11,0,0,1007,1.0,1.0,1.0,1.0,11,11,0,0,1007,1.0,1.0,1.0,1.0
PF12457,PF07713,7,11,2,5,9,1002,0.18,0.99,0.29,0.22,11,2,5,9,1002,0.18,0.99,0.29,0.22
PF14206,PF04261,0,13,0,0,13,1005,0.0,0.99,0,0,13,0,0,13,1005,0.0,0.99,0,0
PF12662,PF07474,24,8,7,17,1,993,0.88,0.98,0.29,0.5,8,7,17,1,993,0.88,0.98,0.29,0.5
PF06078,PF05100,1,0,0,1,0,1017,0,1.0,0.0,0,0,0,1,0,1017,0,1.0,0.0,0
PF02738,PF01315,23,23,22,1,1,994,0.96,1.0,0.96,0.96,23,22,1,1,994,0.96,1.0,0.96,0.96
PF01076,PF10979,1,0,0,1,0,1017,0,1.0,0.0,0,0,0,1,0,1017,0,1.0,0.0,0
PF14533,PF12436,7,10,7,0,3,1008,0.7,1.0,1.0,0.84,10,7,0,3,1008,0.7,1.0,1.0,0.84
PF02761,PF02762,6,4,3,3,1,1011,0.75,1.0,0.5,0.61,4,3,3,1,1011,0.75,1.0,0.5,0.61
PF15156,PF17061,1,0,0,1,0,1017,0,1.0,0.0,0,0,0,1,0,1017,0,1.0,0.0,0
PF06251,PF06082,0,0,0,0,0,1018,0,1.0,0,0,0,0,0,0,1018,0,1.0,0,0
PF14214,PF05970,24,41,17,7,24,970,0.41,0.97,0.71,0.53,41,17,7,24,970,0.41,0.97,0.71,0.53
PF08437,PF04225,2,6,0,2,6,1010,0.0,0.99,0.0,-0.0,6,0,2,6,1010,0.0,0.99,0.0,-0.0
PF08347,PF13775,1,1,0,1,1,1016,0.0,1.0,0.0,-0.0,1,0,1,1,1016,0.0,1.0,0.0,-0.0
PF00494,PF00828,34,26,13,21,13,971,0.5,0.97,0.38,0.42,26,13,21,13,971,0.5,0.97,0.38,0.42
PF15343,PF15776,0,2,0,0,2,1016,0.0,1.0,0,0,2,0,0,2,1016,0.0,1.0,0,0
PF15876,PF15832,0,0,0,0,0,1018,0,1.0,0,0,0,0,0,0,1018,0,1.0,0,0
PF10522,PF05716,5,4,2,3,2,1011,0.5,1.0,0.4,0.44,4,2,3,2,1011,0.5,1.0,0.4,0.44
PF13470,PF11057,0,0,0,0,0,1018,0,1.0,0,0,0,0,0,0,1018,0,1.0,0,0
PF15785,PF08163,11,11,2,9,9,998,0.18,0.98,0.18,0.17,11,2,9,9,998,0.18,0.98,0.18,0.17
PF04762,PF16940,8,5,0,8,5,1005,0.0,0.99,0.0,-0.01,5,0,8,5,1005,0.0,0.99,0.0,-0.01
PF02775,PF02776,25,27,22,3,5,988,0.81,0.99,0.88,0.84,27,22,3,5,988,0.81,0.99,0.88,0.84
PF05460,PF08639,3,4,1,2,3,1012,0.25,1.0,0.33,0.29,4,1,2,3,1012,0.25,1.0,0.33,0.29
PF16764,PF08604,2,7,2,0,5,1011,0.29,1.0,1.0,0.53,7,2,0,5,1011,0.29,1.0,1.0,0.53
PF05239,PF03468,2,6,0,2,6,1010,0.0,0.99,0.0,-0.0,6,0,2,6,1010,0.0,0.99,0.0,-0.0
PF10108,PF08496,2,3,1,1,2,1014,0.33,1.0,0.5,0.41,3,1,1,2,1014,0.33,1.0,0.5,0.41
PF03666,PF16019,6,0,0,6,0,1012,0,0.99,0.0,0,0,0,6,0,1012,0,0.99,0.0,0
PF04640,PF04032,6,8,2,4,6,1006,0.25,0.99,0.33,0.28,8,2,4,6,1006,0.25,0.99,0.33,0.28
PF07202,PF10377,8,5,2,6,3,1007,0.4,0.99,0.25,0.31,5,2,6,3,1007,0.4,0.99,0.25,0.31
PF03435,PF05222,23,18,7,16,11,984,0.39,0.97,0.3,0.33,18,7,16,11,984,0.39,0.97,0.3,0.33
PF05291,PF03491,9,2,1,8,1,1008,0.5,0.99,0.11,0.23,2,1,8,1,1008,0.5,0.99,0.11,0.23
PF08708,PF17206,0,1,0,0,1,1017,0.0,1.0,0,0,1,0,0,1,1017,0.0,1.0,0,0
PF01253,PF02201,26,28,13,13,15,977,0.46,0.97,0.5,0.47,28,13,13,15,977,0.46,0.97,0.5,0.47
PF10718,PF01303,0,0,0,0,0,1018,0,1.0,0,0,0,0,0,0,1018,0,1.0,0,0
PF13506,PF03088,8,14,1,7,13,997,0.07,0.98,0.12,0.09,14,1,7,13,997,0.07,0.98,0.12,0.09
PF12203,PF09757,2,6,1,1,5,1011,0.17,0.99,0.5,0.29,6,1,1,5,1011,0.17,0.99,0.5,0.29
PF01426,PF01448,40,17,8,32,9,969,0.47,0.96,0.2,0.29,17,8,32,9,969,0.47,0.96,0.2,0.29
PF03426,PF02770,0,67,0,0,67,951,0.0,0.93,0,0,67,0,0,67,951,0.0,0.93,0,0
PF02787,PF00115,20,17,1,19,16,982,0.06,0.97,0.05,0.04,17,1,19,16,982,0.06,0.97,0.05,0.04
PF11061,PF10690,0,0,0,0,0,1018,0,1.0,0,0,0,0,0,0,1018,0,1.0,0,0
PF13629,PF16976,1,1,1,0,0,1017,1.0,1.0,1.0,1.0,1,1,0,0,1017,1.0,1.0,1.0,1.0
PF08211,PF01872,3,15,1,2,14,1001,0.07,0.98,0.33,0.14,15,1,2,14,1001,0.07,0.98,0.33,0.14
PF16879,PF08295,15,17,15,0,2,1001,0.88,1.0,1.0,0.94,17,15,0,2,1001,0.88,1.0,1.0,0.94
PF08585,PF16099,13,1,1,12,0,1005,1.0,0.99,0.08,0.28,1,1,12,0,1005,1.0,0.99,0.08,0.28
PF13333,PF01514,0,0,0,0,0,1018,0,1.0,0,0,0,0,0,0,1018,0,1.0,0,0
PF00026,PF07966,59,2,2,57,0,959,1.0,0.94,0.03,0.18,2,2,57,0,959,1.0,0.94,0.03,0.18
PF10417,PF05421,32,2,2,30,0,986,1.0,0.97,0.06,0.25,2,2,30,0,986,1.0,0.97,0.06,0.25
PF13960,PF13963,5,10,3,2,7,1006,0.3,0.99,0.6,0.42,10,3,2,7,1006,0.3,0.99,0.6,0.42
PF09951,PF08453,0,2,0,0,2,1016,0.0,1.0,0,0,2,0,0,2,1016,0.0,1.0,0,0
PF06347,PF10951,5,0,0,5,0,1013,0,1.0,0.0,0,0,0,5,0,1013,0,1.0,0.0,0
PF00416,PF00411,20,23,7,13,16,982,0.3,0.97,0.35,0.31,23,7,13,16,982,0.3,0.97,0.35,0.31
PF06420,PF10330,1,2,0,1,2,1015,0.0,1.0,0.0,-0.0,2,0,1,2,1015,0.0,1.0,0.0,-0.0
PF04573,PF09297,11,6,3,8,3,1004,0.5,0.99,0.27,0.36,6,3,8,3,1004,0.5,0.99,0.27,0.36
PF07769,PF13722,0,0,0,0,0,1018,0,1.0,0,0,0,0,0,0,1018,0,1.0,0,0
PF06672,PF06832,0,1,0,0,1,1017,0.0,1.0,0,0,1,0,0,1,1017,0.0,1.0,0,0
PF09451,PF06697,9,2,0,9,2,1007,0.0,0.99,0.0,-0.0,2,0,9,2,1007,0.0,0.99,0.0,-0.0
PF16065,PF01933,7,5,1,6,4,1007,0.2,0.99,0.14,0.16,5,1,6,4,1007,0.2,0.99,0.14,0.16
PF10117,PF17164,0,0,0,0,0,1018,0,1.0,0,0,0,0,0,0,1018,0,1.0,0,0
PF06431,PF02217,3,3,3,0,0,1015,1.0,1.0,1.0,1.0,3,3,0,0,1015,1.0,1.0,1.0,1.0
PF02668,PF10609,38,21,9,29,12,968,0.43,0.96,0.24,0.3,21,9,29,12,968,0.43,0.96,0.24,0.3
PF12920,PF09374,0,0,0,0,0,1018,0,1.0,0,0,0,0,0,0,1018,0,1.0,0,0
PF07994,PF01327,4,8,0,4,8,1006,0.0,0.99,0.0,-0.01,8,0,4,8,1006,0.0,0.99,0.0,-0.01
PF15479,PF06429,2,2,0,2,2,1014,0.0,1.0,0.0,-0.0,2,0,2,2,1014,0.0,1.0,0.0,-0.0
PF14691,PF04898,10,7,5,5,2,1006,0.71,0.99,0.5,0.59,7,5,5,2,1006,0.71,0.99,0.5,0.59
PF03096,PF16969,3,11,1,2,10,1005,0.09,0.99,0.33,0.17,11,1,2,10,1005,0.09,0.99,0.33,0.17
PF03466,PF00184,9,2,0,9,2,1007,0.0,0.99,0.0,-0.0,2,0,9,2,1007,0.0,0.99,0.0,-0.0
PF11902,PF06251,0,0,0,0,0,1018,0,1.0,0,0,0,0,0,0,1018,0,1.0,0,0
PF00246,PF02244,47,21,21,26,0,971,1.0,0.97,0.45,0.66,21,21,26,0,971,1.0,0.97,0.45,0.66
PF00177,PF01058,26,17,4,22,13,979,0.24,0.97,0.15,0.17,17,4,22,13,979,0.24,0.97,0.15,0.17
PF16423,PF16422,3,4,3,0,1,1014,0.75,1.0,1.0,0.87,4,3,0,1,1014,0.75,1.0,1.0,0.87
PF03450,PF00941,22,22,22,0,0,996,1.0,1.0,1.0,1.0,22,22,0,0,996,1.0,1.0,1.0,1.0
PF13875,PF01297,2,4,1,1,3,1013,0.25,1.0,0.5,0.35,4,1,1,3,1013,0.25,1.0,0.5,0.35
PF14638,PF14636,6,6,6,0,0,1012,1.0,1.0,1.0,1.0,6,6,0,0,1012,1.0,1.0,1.0,1.0
PF12311,PF07350,4,2,1,3,1,1013,0.5,1.0,0.25,0.35,2,1,3,1,1013,0.5,1.0,0.25,0.35
PF05365,PF09802,6,2,0,6,2,1010,0.0,0.99,0.0,-0.0,2,0,6,2,1010,0.0,0.99,0.0,-0.0
PF06959,PF02107,2,2,0,2,2,1014,0.0,1.0,0.0,-0.0,2,0,2,2,1014,0.0,1.0,0.0,-0.0
PF00762,PF02104,18,7,1,17,6,994,0.14,0.98,0.06,0.08,7,1,17,6,994,0.14,0.98,0.06,0.08
PF15084,PF15292,3,0,0,3,0,1015,0,1.0,0.0,0,0,0,3,0,1015,0,1.0,0.0,0
PF02827,PF14672,1,0,0,1,0,1017,0,1.0,0.0,0,0,0,1,0,1017,0,1.0,0.0,0
PF07313,PF16731,0,0,0,0,0,1018,0,1.0,0,0,0,0,0,0,1018,0,1.0,0,0
PF04008,PF06239,0,4,0,0,4,1014,0.0,1.0,0,0,4,0,0,4,1014,0.0,1.0,0,0
PF06101,PF12624,13,27,2,11,25,980,0.07,0.96,0.15,0.09,27,2,11,25,980,0.07,0.96,0.15,0.09
PF08839,PF16679,7,3,2,5,1,1010,0.67,0.99,0.29,0.43,3,2,5,1,1010,0.67,0.99,0.29,0.43
PF16700,PF15808,2,3,0,2,3,1013,0.0,1.0,0.0,-0.0,3,0,2,3,1013,0.0,1.0,0.0,-0.0
PF01128,PF04736,4,1,0,4,1,1013,0.0,1.0,0.0,-0.0,1,0,4,1,1013,0.0,1.0,0.0,-0.0
PF06023,PF06305,0,3,0,0,3,1015,0.0,1.0,0,0,3,0,0,3,1015,0.0,1.0,0,0
PF06248,PF11989,9,1,1,8,0,1009,1.0,0.99,0.11,0.33,1,1,8,0,1009,1.0,0.99,0.11,0.33
PF11092,PF15482,0,0,0,0,0,1018,0,1.0,0,0,0,0,0,0,1018,0,1.0,0,0
PF03321,PF04398,6,9,2,4,7,1005,0.22,0.99,0.33,0.27,9,2,4,7,1005,0.22,0.99,0.33,0.27
PF13584,PF14479,0,12,0,0,12,1006,0.0,0.99,0,0,12,0,0,12,1006,0.0,0.99,0,0
PF05524,PF02896,7,16,6,1,10,1001,0.38,0.99,0.86,0.56,16,6,1,10,1001,0.38,0.99,0.86,0.56
PF10620,PF01411,1,27,0,1,27,990,0.0,0.97,0.0,-0.01,27,0,1,27,990,0.0,0.97,0.0,-0.01
PF16898,PF00986,9,13,3,6,10,999,0.23,0.98,0.33,0.27,13,3,6,10,999,0.23,0.98,0.33,0.27
PF12743,PF12577,6,3,3,3,0,1012,1.0,1.0,0.5,0.71,3,3,3,0,1012,1.0,1.0,0.5,0.71
PF10048,PF13015,1,12,0,1,12,1005,0.0,0.99,0.0,-0.0,12,0,1,12,1005,0.0,0.99,0.0,-0.0
PF02421,PF08155,3,16,1,2,15,1000,0.06,0.98,0.33,0.14,16,1,2,15,1000,0.06,0.98,0.33,0.14
PF05795,PF13206,2,0,0,2,0,1016,0,1.0,0.0,0,0,0,2,0,1016,0,1.0,0.0,0
PF03705,PF08411,0,1,0,0,1,1017,0.0,1.0,0,0,1,0,0,1,1017,0.0,1.0,0,0
PF15368,PF11577,0,4,0,0,4,1014,0.0,1.0,0,0,4,0,0,4,1014,0.0,1.0,0,0
PF10235,PF02950,3,1,0,3,1,1014,0.0,1.0,0.0,-0.0,1,0,3,1,1014,0.0,1.0,0.0,-0.0
PF09247,PF15557,2,0,0,2,0,1016,0,1.0,0.0,0,0,0,2,0,1016,0,1.0,0.0,0
PF09312,PF13145,1,7,1,0,6,1011,0.14,0.99,1.0,0.38,7,1,0,6,1011,0.14,0.99,1.0,0.38
PF00755,PF16484,30,6,6,24,0,988,1.0,0.98,0.2,0.44,6,6,24,0,988,1.0,0.98,0.2,0.44
PF04295,PF08275,7,4,0,7,4,1007,0.0,0.99,0.0,-0.01,4,0,7,4,1007,0.0,0.99,0.0,-0.01
PF02135,PF08214,21,22,17,4,5,992,0.77,0.99,0.81,0.79,22,17,4,5,992,0.77,0.99,0.81,0.79
PF03940,PF11573,0,4,0,0,4,1014,0.0,1.0,0,0,4,0,0,4,1014,0.0,1.0,0,0
PF01018,PF08701,10,3,1,9,2,1006,0.33,0.99,0.1,0.18,3,1,9,2,1006,0.33,0.99,0.1,0.18
PF09907,PF07769,1,0,0,1,0,1017,0,1.0,0.0,0,0,0,1,0,1017,0,1.0,0.0,0
PF09716,PF11093,0,0,0,0,0,1018,0,1.0,0,0,0,0,0,0,1018,0,1.0,0,0
PF03256,PF11515,16,9,7,9,2,1000,0.78,0.99,0.44,0.58,9,7,9,2,1000,0.78,0.99,0.44,0.58
PF00191,PF08378,24,1,1,23,0,994,1.0,0.98,0.04,0.2,1,1,23,0,994,1.0,0.98,0.04,0.2
PF10062,PF11790,0,8,0,0,8,1010,0.0,0.99,0,0,8,0,0,8,1010,0.0,0.99,0,0
PF10220,PF15012,10,1,0,10,1,1007,0.0,0.99,0.0,-0.0,1,0,10,1,1007,0.0,0.99,0.0,-0.0
PF02025,PF14862,2,0,0,2,0,1016,0,1.0,0.0,0,0,0,2,0,1016,0,1.0,0.0,0
PF05050,PF13532,17,44,7,10,37,964,0.16,0.95,0.41,0.24,44,7,10,37,964,0.16,0.95,0.41,0.24
PF13775,PF09667,1,0,0,1,0,1017,0,1.0,0.0,0,0,0,1,0,1017,0,1.0,0.0,0
PF16832,PF09108,0,0,0,0,0,1018,0,1.0,0,0,0,0,0,0,1018,0,1.0,0,0
PF00544,PF12146,25,51,12,13,39,954,0.24,0.95,0.48,0.31,51,12,13,39,954,0.24,0.95,0.48,0.31
PF02393,PF02427,0,0,0,0,0,1018,0,1.0,0,0,0,0,0,0,1018,0,1.0,0,0
PF00661,PF09538,1,0,0,1,0,1017,0,1.0,0.0,0,0,0,1,0,1017,0,1.0,0.0,0
PF07881,PF02952,1,1,1,0,0,1017,1.0,1.0,1.0,1.0,1,1,0,0,1017,1.0,1.0,1.0,1.0
PF14233,PF11769,0,0,0,0,0,1018,0,1.0,0,0,0,0,0,0,1018,0,1.0,0,0
PF14033,PF07000,18,11,1,17,10,990,0.09,0.97,0.06,0.06,11,1,17,10,990,0.09,0.97,0.06,0.06
PF15124,PF11863,0,0,0,0,0,1018,0,1.0,0,0,0,0,0,0,1018,0,1.0,0,0
PF08271,PF00382,12,20,12,0,8,998,0.6,0.99,1.0,0.77,20,12,0,8,998,0.6,0.99,1.0,0.77
PF00178,PF11620,30,2,2,28,0,988,1.0,0.97,0.07,0.25,2,2,28,0,988,1.0,0.97,0.07,0.25
PF06744,PF01752,0,2,0,0,2,1016,0.0,1.0,0,0,2,0,0,2,1016,0.0,1.0,0,0
PF02852,PF14691,29,10,3,26,7,982,0.3,0.97,0.1,0.16,10,3,26,7,982,0.3,0.97,0.1,0.16
PF01620,PF14984,0,0,0,0,0,1018,0,1.0,0,0,0,0,0,0,1018,0,1.0,0,0
PF01756,PF14749,20,14,11,9,3,995,0.79,0.99,0.55,0.65,14,11,9,3,995,0.79,0.99,0.55,0.65
PF12061,PF05659,2,5,1,1,4,1012,0.2,1.0,0.5,0.31,5,1,1,4,1012,0.2,1.0,0.5,0.31
PF14578,PF04760,1,9,1,0,8,1009,0.11,0.99,1.0,0.33,9,1,0,8,1009,0.11,0.99,1.0,0.33
PF13148,PF06805,0,0,0,0,0,1018,0,1.0,0,0,0,0,0,0,1018,0,1.0,0,0
PF13855,PF00560,149,50,48,101,2,867,0.96,0.9,0.32,0.52,50,48,101,2,867,0.96,0.9,0.32,0.52
PF01523,PF03548,11,3,1,10,2,1005,0.33,0.99,0.09,0.17,3,1,10,2,1005,0.33,0.99,0.09,0.17
PF15989,PF15325,0,1,0,0,1,1017,0.0,1.0,0,0,1,0,0,1,1017,0.0,1.0,0,0
PF05664,PF01735,15,16,2,13,14,989,0.12,0.97,0.13,0.12,16,2,13,14,989,0.12,0.97,0.13,0.12
PF17108,PF17005,1,1,1,0,0,1017,1.0,1.0,1.0,1.0,1,1,0,0,1017,1.0,1.0,1.0,1.0
PF15063,PF15831,0,0,0,0,0,1018,0,1.0,0,0,0,0,0,0,1018,0,1.0,0,0
PF12336,PF13775,3,1,0,3,1,1014,0.0,1.0,0.0,-0.0,1,0,3,1,1014,0.0,1.0,0.0,-0.0
PF08268,PF07734,12,16,7,5,9,997,0.44,0.99,0.58,0.5,16,7,5,9,997,0.44,0.99,0.58,0.5
PF04012,PF10868,0,0,0,0,0,1018,0,1.0,0,0,0,0,0,0,1018,0,1.0,0,0
PF15820,PF15990,0,4,0,0,4,1014,0.0,1.0,0,0,4,0,0,4,1014,0.0,1.0,0,0
PF03314,PF02098,4,3,0,4,3,1011,0.0,0.99,0.0,-0.0,3,0,4,3,1011,0.0,0.99,0.0,-0.0
PF02650,PF00008,0,77,0,0,77,941,0.0,0.92,0,0,77,0,0,77,941,0.0,0.92,0,0
PF04163,PF15877,3,0,0,3,0,1015,0,1.0,0.0,0,0,0,3,0,1015,0,1.0,0.0,0
PF08295,PF02671,17,29,16,1,13,988,0.55,0.99,0.94,0.71,29,16,1,13,988,0.55,0.99,0.94,0.71
PF02275,PF15985,8,12,4,4,8,1002,0.33,0.99,0.5,0.4,12,4,4,8,1002,0.33,0.99,0.5,0.4
PF13367,PF11341,3,2,0,3,2,1013,0.0,1.0,0.0,-0.0,2,0,3,2,1013,0.0,1.0,0.0,-0.0
PF05573,PF11775,0,0,0,0,0,1018,0,1.0,0,0,0,0,0,0,1018,0,1.0,0,0
PF10377,PF15246,5,0,0,5,0,1013,0,1.0,0.0,0,0,0,5,0,1013,0,1.0,0.0,0
PF08786,PF11691,0,0,0,0,0,1018,0,1.0,0,0,0,0,0,0,1018,0,1.0,0,0
PF10096,PF08545,0,3,0,0,3,1015,0.0,1.0,0,0,3,0,0,3,1015,0.0,1.0,0,0
PF05325,PF09154,0,3,0,0,3,1015,0.0,1.0,0,0,3,0,0,3,1015,0.0,1.0,0,0
PF06794,PF14048,0,8,0,0,8,1010,0.0,0.99,0,0,8,0,0,8,1010,0.0,0.99,0,0
PF11721,PF12819,18,16,6,12,10,990,0.38,0.98,0.33,0.34,16,6,12,10,990,0.38,0.98,0.33,0.34
PF04880,PF11831,3,12,1,2,11,1004,0.08,0.99,0.33,0.16,12,1,2,11,1004,0.08,0.99,0.33,0.16
PF08806,PF01667,12,9,3,9,6,1000,0.33,0.99,0.25,0.28,9,3,9,6,1000,0.33,0.99,0.25,0.28
PF06008,PF06009,4,2,2,2,0,1014,1.0,1.0,0.5,0.71,2,2,2,0,1014,1.0,1.0,0.5,0.71
PF04064,PF04063,2,3,2,0,1,1015,0.67,1.0,1.0,0.82,3,2,0,1,1015,0.67,1.0,1.0,0.82
PF04732,PF16208,4,4,1,3,3,1011,0.25,0.99,0.25,0.25,4,1,3,3,1011,0.25,0.99,0.25,0.25
PF05172,PF07051,10,1,0,10,1,1007,0.0,0.99,0.0,-0.0,1,0,10,1,1007,0.0,0.99,0.0,-0.0
PF16731,PF00770,0,1,0,0,1,1017,0.0,1.0,0,0,1,0,0,1,1017,0.0,1.0,0,0
PF13241,PF14823,10,8,8,2,0,1008,1.0,1.0,0.8,0.89,8,8,2,0,1008,1.0,1.0,0.8,0.89
PF06211,PF13096,1,0,0,1,0,1017,0,1.0,0.0,0,0,0,1,0,1017,0,1.0,0.0,0
PF03632,PF03636,8,4,4,4,0,1010,1.0,1.0,0.5,0.71,4,4,4,0,1010,1.0,1.0,0.5,0.71
PF17034,PF10441,6,5,1,5,4,1008,0.2,0.99,0.17,0.18,5,1,5,4,1008,0.2,0.99,0.17,0.18
PF12014,PF10442,2,3,1,1,2,1014,0.33,1.0,0.5,0.41,3,1,1,2,1014,0.33,1.0,0.5,0.41
PF01813,PF16054,7,4,1,6,3,1008,0.25,0.99,0.14,0.18,4,1,6,3,1008,0.25,0.99,0.14,0.18
PF05422,PF16979,3,12,3,0,9,1006,0.25,0.99,1.0,0.5,12,3,0,9,1006,0.25,0.99,1.0,0.5
PF14509,PF03592,0,0,0,0,0,1018,0,1.0,0,0,0,0,0,0,1018,0,1.0,0,0
PF00343,PF01896,22,8,3,19,5,991,0.38,0.98,0.14,0.22,8,3,19,5,991,0.38,0.98,0.14,0.22
PF00811,PF00965,9,6,0,9,6,1003,0.0,0.99,0.0,-0.01,6,0,9,6,1003,0.0,0.99,0.0,-0.01
PF04831,PF09756,4,6,1,3,5,1009,0.17,0.99,0.25,0.2,6,1,3,5,1009,0.17,0.99,0.25,0.2
PF07695,PF04122,1,0,0,1,0,1017,0,1.0,0.0,0,0,0,1,0,1017,0,1.0,0.0,0
PF03822,PF12605,4,4,2,2,2,1012,0.5,1.0,0.5,0.5,4,2,2,2,1012,0.5,1.0,0.5,0.5
PF08033,PF04815,24,26,23,1,3,991,0.88,1.0,0.96,0.92,26,23,1,3,991,0.88,1.0,0.96,0.92
PF03708,PF14421,2,0,0,2,0,1016,0,1.0,0.0,0,0,0,2,0,1016,0,1.0,0.0,0
PF13251,PF08161,4,5,2,2,3,1011,0.4,1.0,0.5,0.44,5,2,2,3,1011,0.4,1.0,0.5,0.44
PF00856,PF10440,109,4,4,105,0,909,1.0,0.9,0.04,0.18,4,4,105,0,909,1.0,0.9,0.04,0.18
PF01584,PF06580,7,9,3,4,6,1005,0.33,0.99,0.43,0.37,9,3,4,6,1005,0.33,0.99,0.43,0.37
PF04740,PF13780,0,0,0,0,0,1018,0,1.0,0,0,0,0,0,0,1018,0,1.0,0,0
PF01086,PF08137,4,0,0,4,0,1014,0,1.0,0.0,0,0,0,4,0,1014,0,1.0,0.0,0
PF14679,PF14676,1,1,1,0,0,1017,1.0,1.0,1.0,1.0,1,1,0,0,1017,1.0,1.0,1.0,1.0
PF08131,PF06876,0,0,0,0,0,1018,0,1.0,0,0,0,0,0,0,1018,0,1.0,0,0
PF06625,PF00214,4,1,0,4,1,1013,0.0,1.0,0.0,-0.0,1,0,4,1,1013,0.0,1.0,0.0,-0.0
PF04566,PF04565,13,19,13,0,6,999,0.68,0.99,1.0,0.82,19,13,0,6,999,0.68,0.99,1.0,0.82
PF16523,PF15441,2,2,2,0,0,1016,1.0,1.0,1.0,1.0,2,2,0,0,1016,1.0,1.0,1.0,1.0
PF08262,PF10735,0,0,0,0,0,1018,0,1.0,0,0,0,0,0,0,1018,0,1.0,0,0
PF07192,PF02557,0,2,0,0,2,1016,0.0,1.0,0,0,2,0,0,2,1016,0.0,1.0,0,0
PF02820,PF17208,22,3,2,20,1,995,0.67,0.98,0.09,0.24,3,2,20,1,995,0.67,0.98,0.09,0.24
PF14063,PF06143,0,0,0,0,0,1018,0,1.0,0,0,0,0,0,0,1018,0,1.0,0,0
PF03702,PF12006,8,6,3,5,3,1007,0.5,0.99,0.38,0.43,6,3,5,3,1007,0.5,0.99,0.38,0.43
PF06239,PF14784,4,1,0,4,1,1013,0.0,1.0,0.0,-0.0,1,0,4,1,1013,0.0,1.0,0.0,-0.0
PF07707,PF00016,63,5,3,60,2,953,0.6,0.94,0.05,0.16,5,3,60,2,953,0.6,0.94,0.05,0.16
PF11820,PF01959,3,3,1,2,2,1013,0.33,1.0,0.33,0.33,3,1,2,2,1013,0.33,1.0,0.33,0.33
PF00725,PF02737,27,29,27,0,2,989,0.93,1.0,1.0,0.96,29,27,0,2,989,0.93,1.0,1.0,0.96
PF15241,PF15259,0,1,0,0,1,1017,0.0,1.0,0,0,1,0,0,1,1017,0.0,1.0,0,0
PF15396,PF07797,3,4,0,3,4,1011,0.0,0.99,0.0,-0.0,4,0,3,4,1011,0.0,0.99,0.0,-0.0
PF15442,PF08014,2,1,1,1,0,1016,1.0,1.0,0.5,0.71,1,1,1,0,1016,1.0,1.0,0.5,0.71
PF07683,PF02492,12,19,11,1,8,998,0.58,0.99,0.92,0.72,19,11,1,8,998,0.58,0.99,0.92,0.72
PF13742,PF11751,2,0,0,2,0,1016,0,1.0,0.0,0,0,0,2,0,1016,0,1.0,0.0,0
PF09109,PF12856,0,1,0,0,1,1017,0.0,1.0,0,0,1,0,0,1,1017,0.0,1.0,0,0
PF07140,PF09294,2,2,1,1,1,1015,0.5,1.0,0.5,0.5,2,1,1,1,1015,0.5,1.0,0.5,0.5
PF07786,PF16401,5,1,1,4,0,1013,1.0,1.0,0.2,0.45,1,1,4,0,1013,1.0,1.0,0.2,0.45
PF05983,PF01279,11,2,0,11,2,1005,0.0,0.99,0.0,-0.0,2,0,11,2,1005,0.0,0.99,0.0,-0.0
PF13884,PF13887,8,6,6,2,0,1010,1.0,1.0,0.75,0.87,6,6,2,0,1010,1.0,1.0,0.75,0.87
PF07361,PF02614,6,2,0,6,2,1010,0.0,0.99,0.0,-0.0,2,0,6,2,1010,0.0,0.99,0.0,-0.0
PF11899,PF12036,4,2,0,4,2,1012,0.0,0.99,0.0,-0.0,2,0,4,2,1012,0.0,0.99,0.0,-0.0
PF06657,PF10155,6,6,1,5,5,1007,0.17,0.99,0.17,0.16,6,1,5,5,1007,0.17,0.99,0.17,0.16
PF17011,PF01419,0,15,0,0,15,1003,0.0,0.99,0,0,15,0,0,15,1003,0.0,0.99,0,0
PF10158,PF06907,5,2,0,5,2,1011,0.0,0.99,0.0,-0.0,2,0,5,2,1011,0.0,0.99,0.0,-0.0
PF16472,PF00058,5,21,5,0,16,997,0.24,0.98,1.0,0.48,21,5,0,16,997,0.24,0.98,1.0,0.48
PF10672,PF12955,3,4,0,3,4,1011,0.0,0.99,0.0,-0.0,4,0,3,4,1011,0.0,0.99,0.0,-0.0
PF08116,PF15844,0,0,0,0,0,1018,0,1.0,0,0,0,0,0,0,1018,0,1.0,0,0
PF11032,PF15109,3,0,0,3,0,1015,0,1.0,0.0,0,0,0,3,0,1015,0,1.0,0.0,0
PF01351,PF10498,16,3,3,13,0,1002,1.0,0.99,0.19,0.43,3,3,13,0,1002,1.0,0.99,0.19,0.43
PF06161,PF15832,0,0,0,0,0,1018,0,1.0,0,0,0,0,0,0,1018,0,1.0,0,0
PF00749,PF03950,35,23,23,12,0,983,1.0,0.99,0.66,0.81,23,23,12,0,983,1.0,0.99,0.66,0.81
PF03879,PF09696,6,9,2,4,7,1005,0.22,0.99,0.33,0.27,9,2,4,7,1005,0.22,0.99,0.33,0.27
PF15621,PF04370,0,0,0,0,0,1018,0,1.0,0,0,0,0,0,0,1018,0,1.0,0,0
PF05231,PF04917,2,1,0,2,1,1015,0.0,1.0,0.0,-0.0,1,0,2,1,1015,0.0,1.0,0.0,-0.0
PF12006,PF14087,6,9,1,5,8,1004,0.11,0.99,0.17,0.13,9,1,5,8,1004,0.11,0.99,0.17,0.13
PF02952,PF07881,1,1,1,0,0,1017,1.0,1.0,1.0,1.0,1,1,0,0,1017,1.0,1.0,1.0,1.0
PF14338,PF11332,0,0,0,0,0,1018,0,1.0,0,0,0,0,0,0,1018,0,1.0,0,0
PF10392,PF08640,7,10,3,4,7,1004,0.3,0.99,0.43,0.35,10,3,4,7,1004,0.3,0.99,0.43,0.35
PF08068,PF16198,5,10,5,0,5,1008,0.5,1.0,1.0,0.71,10,5,0,5,1008,0.5,1.0,1.0,0.71
PF08142,PF04950,14,19,14,0,5,999,0.74,1.0,1.0,0.86,19,14,0,5,999,0.74,1.0,1.0,0.86
PF11231,PF17028,0,0,0,0,0,1018,0,1.0,0,0,0,0,0,0,1018,0,1.0,0,0
PF04464,PF17164,1,0,0,1,0,1017,0,1.0,0.0,0,0,0,1,0,1017,0,1.0,0.0,0
PF14040,PF10295,0,3,0,0,3,1015,0.0,1.0,0,0,3,0,0,3,1015,0.0,1.0,0,0
PF15427,PF15709,1,0,0,1,0,1017,0,1.0,0.0,0,0,0,1,0,1017,0,1.0,0.0,0
PF08825,PF16420,6,11,2,4,9,1003,0.18,0.99,0.33,0.24,11,2,4,9,1003,0.18,0.99,0.33,0.24
PF01865,PF09738,0,1,0,0,1,1017,0.0,1.0,0,0,1,0,0,1,1017,0.0,1.0,0,0
PF17151,PF07004,0,13,0,0,13,1005,0.0,0.99,0,0,13,0,0,13,1005,0.0,0.99,0,0
PF02387,PF04355,0,0,0,0,0,1018,0,1.0,0,0,0,0,0,0,1018,0,1.0,0,0
PF02170,PF08699,44,42,38,6,4,970,0.9,0.99,0.86,0.88,42,38,6,4,970,0.9,0.99,0.86,0.88
PF05155,PF12081,0,0,0,0,0,1018,0,1.0,0,0,0,0,0,0,1018,0,1.0,0,0
PF00221,PF12053,11,4,0,11,4,1003,0.0,0.99,0.0,-0.01,4,0,11,4,1003,0.0,0.99,0.0,-0.01
PF01194,PF02531,4,2,0,4,2,1012,0.0,0.99,0.0,-0.0,2,0,4,2,1012,0.0,0.99,0.0,-0.0
PF01515,PF07085,8,6,5,3,1,1009,0.83,1.0,0.62,0.72,6,5,3,1,1009,0.83,1.0,0.62,0.72
PF03592,PF06381,0,0,0,0,0,1018,0,1.0,0,0,0,0,0,0,1018,0,1.0,0,0
PF05908,PF15052,0,3,0,0,3,1015,0.0,1.0,0,0,3,0,0,3,1015,0.0,1.0,0,0
PF15823,PF07157,0,0,0,0,0,1018,0,1.0,0,0,0,0,0,0,1018,0,1.0,0,0
PF08987,PF15775,0,0,0,0,0,1018,0,1.0,0,0,0,0,0,0,1018,0,1.0,0,0
PF00560,PF13855,50,149,48,2,101,867,0.32,0.9,0.96,0.52,149,48,2,101,867,0.32,0.9,0.96,0.52
PF10073,PF04612,0,1,0,0,1,1017,0.0,1.0,0,0,1,0,0,1,1017,0.0,1.0,0,0
PF00091,PF03953,58,50,46,12,4,956,0.92,0.98,0.79,0.85,50,46,12,4,956,0.92,0.98,0.79,0.85
PF10070,PF01936,0,11,0,0,11,1007,0.0,0.99,0,0,11,0,0,11,1007,0.0,0.99,0,0
PF00473,PF15342,5,4,0,5,4,1009,0.0,0.99,0.0,-0.0,4,0,5,4,1009,0.0,0.99,0.0,-0.0
PF02386,PF16655,16,3,1,15,2,1000,0.33,0.98,0.06,0.14,3,1,15,2,1000,0.33,0.98,0.06,0.14
PF15498,PF17164,0,0,0,0,0,1018,0,1.0,0,0,0,0,0,0,1018,0,1.0,0,0
PF09902,PF12719,0,7,0,0,7,1011,0.0,0.99,0,0,7,0,0,7,1011,0.0,0.99,0,0
PF00615,PF00610,59,38,18,41,20,939,0.47,0.94,0.31,0.35,38,18,41,20,939,0.47,0.94,0.31,0.35
PF04766,PF02809,0,25,0,0,25,993,0.0,0.98,0,0,25,0,0,25,993,0.0,0.98,0,0
PF02113,PF02277,1,3,0,1,3,1014,0.0,1.0,0.0,-0.0,3,0,1,3,1014,0.0,1.0,0.0,-0.0
PF00510,PF00146,9,22,8,1,14,995,0.36,0.99,0.89,0.56,22,8,1,14,995,0.36,0.99,0.89,0.56
PF08850,PF08096,0,0,0,0,0,1018,0,1.0,0,0,0,0,0,0,1018,0,1.0,0,0
PF09444,PF09967,1,2,0,1,2,1015,0.0,1.0,0.0,-0.0,2,0,1,2,1015,0.0,1.0,0.0,-0.0
PF08696,PF08427,9,9,2,7,7,1002,0.22,0.99,0.22,0.22,9,2,7,7,1002,0.22,0.99,0.22,0.22
PF05387,PF15576,0,1,0,0,1,1017,0.0,1.0,0,0,1,0,0,1,1017,0.0,1.0,0,0
PF02771,PF00441,58,60,57,1,3,957,0.95,1.0,0.98,0.96,60,57,1,3,957,0.95,1.0,0.98,0.96
PF03002,PF00127,7,3,0,7,3,1008,0.0,0.99,0.0,-0.0,3,0,7,3,1008,0.0,0.99,0.0,-0.0
PF01625,PF05047,20,10,4,16,6,992,0.4,0.98,0.2,0.27,10,4,16,6,992,0.4,0.98,0.2,0.27
PF15150,PF12241,0,1,0,0,1,1017,0.0,1.0,0,0,1,0,0,1,1017,0.0,1.0,0,0
PF15412,PF11116,6,0,0,6,0,1012,0,0.99,0.0,0,0,0,6,0,1012,0,0.99,0.0,0
PF12532,PF01339,0,6,0,0,6,1012,0.0,0.99,0,0,6,0,0,6,1012,0.0,0.99,0,0
PF06219,PF03214,2,3,0,2,3,1013,0.0,1.0,0.0,-0.0,3,0,2,3,1013,0.0,1.0,0.0,-0.0
PF09235,PF16517,1,7,1,0,6,1011,0.14,0.99,1.0,0.38,7,1,0,6,1011,0.14,0.99,1.0,0.38
PF06608,PF11317,1,0,0,1,0,1017,0,1.0,0.0,0,0,0,1,0,1017,0,1.0,0.0,0
PF08900,PF01778,0,16,0,0,16,1002,0.0,0.98,0,0,16,0,0,16,1002,0.0,0.98,0,0
PF13340,PF09684,3,1,0,3,1,1014,0.0,1.0,0.0,-0.0,1,0,3,1,1014,0.0,1.0,0.0,-0.0
PF16491,PF01435,17,24,15,2,9,992,0.62,0.99,0.88,0.74,24,15,2,9,992,0.62,0.99,0.88,0.74
PF02572,PF06798,2,0,0,2,0,1016,0,1.0,0.0,0,0,0,2,0,1016,0,1.0,0.0,0
PF00865,PF15467,0,0,0,0,0,1018,0,1.0,0,0,0,0,0,0,1018,0,1.0,0,0
PF15399,PF02253,0,1,0,0,1,1017,0.0,1.0,0,0,1,0,0,1,1017,0.0,1.0,0,0
PF02281,PF08558,0,4,0,0,4,1014,0.0,1.0,0,0,4,0,0,4,1014,0.0,1.0,0,0
PF13009,PF03590,0,4,0,0,4,1014,0.0,1.0,0,0,4,0,0,4,1014,0.0,1.0,0,0
PF01230,PF01177,28,8,4,24,4,986,0.5,0.97,0.14,0.26,8,4,24,4,986,0.5,0.97,0.14,0.26
PF03917,PF03199,8,2,2,6,0,1010,1.0,0.99,0.25,0.5,2,2,6,0,1010,1.0,0.99,0.25,0.5
PF11038,PF12385,0,0,0,0,0,1018,0,1.0,0,0,0,0,0,0,1018,0,1.0,0,0
PF10361,PF12527,0,0,0,0,0,1018,0,1.0,0,0,0,0,0,0,1018,0,1.0,0,0
PF08502,PF02436,9,3,3,6,0,1009,1.0,0.99,0.33,0.58,3,3,6,0,1009,1.0,0.99,0.33,0.58
PF00154,PF03198,16,18,2,14,16,986,0.11,0.97,0.12,0.1,18,2,14,16,986,0.11,0.97,0.12,0.1
PF07331,PF08334,0,1,0,0,1,1017,0.0,1.0,0,0,1,0,0,1,1017,0.0,1.0,0,0
PF09490,PF15817,0,1,0,0,1,1017,0.0,1.0,0,0,1,0,0,1,1017,0.0,1.0,0,0
PF16483,PF04229,4,5,0,4,5,1009,0.0,0.99,0.0,-0.0,5,0,4,5,1009,0.0,0.99,0.0,-0.0
PF01683,PF14625,21,13,6,15,7,990,0.46,0.98,0.29,0.35,13,6,15,7,990,0.46,0.98,0.29,0.35
PF14282,PF03847,2,7,1,1,6,1010,0.14,0.99,0.5,0.26,7,1,1,6,1010,0.14,0.99,0.5,0.26
PF09093,PF04984,1,0,0,1,0,1017,0,1.0,0.0,0,0,0,1,0,1017,0,1.0,0.0,0
PF14912,PF06401,4,3,0,4,3,1011,0.0,0.99,0.0,-0.0,3,0,4,3,1011,0.0,0.99,0.0,-0.0
PF07718,PF14806,8,12,8,0,4,1006,0.67,1.0,1.0,0.81,12,8,0,4,1006,0.67,1.0,1.0,0.81
PF11237,PF06412,0,0,0,0,0,1018,0,1.0,0,0,0,0,0,0,1018,0,1.0,0,0
PF08424,PF08514,13,13,3,10,10,995,0.23,0.98,0.23,0.22,13,3,10,10,995,0.23,0.98,0.23,0.22
PF13796,PF08260,0,0,0,0,0,1018,0,1.0,0,0,0,0,0,0,1018,0,1.0,0,0
PF00978,PF01443,5,7,5,0,2,1011,0.71,1.0,1.0,0.84,7,5,0,2,1011,0.71,1.0,1.0,0.84
PF15167,PF04363,2,2,2,0,0,1016,1.0,1.0,1.0,1.0,2,2,0,0,1016,1.0,1.0,1.0,1.0
PF16326,PF01032,5,5,2,3,3,1010,0.4,0.99,0.4,0.4,5,2,3,3,1010,0.4,0.99,0.4,0.4
PF06542,PF06581,2,0,0,2,0,1016,0,1.0,0.0,0,0,0,2,0,1016,0,1.0,0.0,0
PF00949,PF00972,6,6,6,0,0,1012,1.0,1.0,1.0,1.0,6,6,0,0,1012,1.0,1.0,1.0,1.0
PF08071,PF16121,14,14,12,2,2,1002,0.86,1.0,0.86,0.86,14,12,2,2,1002,0.86,1.0,0.86,0.86
PF08661,PF05912,9,3,2,7,1,1008,0.67,0.99,0.22,0.38,3,2,7,1,1008,0.67,0.99,0.22,0.38
PF15719,PF11029,3,2,1,2,1,1014,0.5,1.0,0.33,0.41,2,1,2,1,1014,0.5,1.0,0.33,0.41
PF13784,PF08091,0,0,0,0,0,1018,0,1.0,0,0,0,0,0,0,1018,0,1.0,0,0
PF15023,PF06834,0,0,0,0,0,1018,0,1.0,0,0,0,0,0,0,1018,0,1.0,0,0
PF04989,PF02595,2,1,0,2,1,1015,0.0,1.0,0.0,-0.0,1,0,2,1,1015,0.0,1.0,0.0,-0.0
PF14925,PF13995,2,0,0,2,0,1016,0,1.0,0.0,0,0,0,2,0,1016,0,1.0,0.0,0
PF11742,PF08651,0,1,0,0,1,1017,0.0,1.0,0,0,1,0,0,1,1017,0.0,1.0,0,0
PF06970,PF04625,0,1,0,0,1,1017,0.0,1.0,0,0,1,0,0,1,1017,0.0,1.0,0,0
PF01585,PF12457,63,7,7,56,0,955,1.0,0.94,0.11,0.32,7,7,56,0,955,1.0,0.94,0.11,0.32
PF15839,PF07259,1,1,0,1,1,1016,0.0,1.0,0.0,-0.0,1,0,1,1,1016,0.0,1.0,0.0,-0.0
PF17101,PF11380,5,7,5,0,2,1011,0.71,1.0,1.0,0.84,7,5,0,2,1011,0.71,1.0,1.0,0.84
PF00692,PF00077,14,13,6,8,7,997,0.46,0.99,0.43,0.44,13,6,8,7,997,0.46,0.99,0.43,0.44
PF03788,PF16967,2,0,0,2,0,1016,0,1.0,0.0,0,0,0,2,0,1016,0,1.0,0.0,0
PF12261,PF00582,0,31,0,0,31,987,0.0,0.97,0,0,31,0,0,31,987,0.0,0.97,0,0
PF03455,PF03456,15,27,11,4,16,987,0.41,0.98,0.73,0.54,27,11,4,16,987,0.41,0.98,0.73,0.54
PF01597,PF06244,23,11,4,19,7,988,0.36,0.97,0.17,0.24,11,4,19,7,988,0.36,0.97,0.17,0.24
PF01083,PF00457,16,5,4,12,1,1001,0.8,0.99,0.25,0.44,5,4,12,1,1001,0.8,0.99,0.25,0.44
PF02953,PF04119,26,3,3,23,0,992,1.0,0.98,0.12,0.34,3,3,23,0,992,1.0,0.98,0.12,0.34
PF01012,PF00766,21,9,7,14,2,995,0.78,0.98,0.33,0.5,9,7,14,2,995,0.78,0.98,0.33,0.5
PF04140,PF01632,17,5,1,16,4,997,0.2,0.98,0.06,0.1,5,1,16,4,997,0.2,0.98,0.06,0.1
PF04492,PF15482,2,0,0,2,0,1016,0,1.0,0.0,0,0,0,2,0,1016,0,1.0,0.0,0
PF04935,PF09511,8,10,0,8,10,1000,0.0,0.98,0.0,-0.01,10,0,8,10,1000,0.0,0.98,0.0,-0.01
PF04410,PF03045,24,8,4,20,4,990,0.5,0.98,0.17,0.28,8,4,20,4,990,0.5,0.98,0.17,0.28
PF06830,PF04833,0,2,0,0,2,1016,0.0,1.0,0,0,2,0,0,2,1016,0.0,1.0,0,0
PF06046,PF08312,13,15,3,10,12,993,0.2,0.98,0.23,0.2,15,3,10,12,993,0.2,0.98,0.23,0.2
PF13359,PF13613,45,8,8,37,0,973,1.0,0.96,0.18,0.41,8,8,37,0,973,1.0,0.96,0.18,0.41
PF06054,PF03846,0,0,0,0,0,1018,0,1.0,0,0,0,0,0,0,1018,0,1.0,0,0
PF02753,PF11614,3,4,0,3,4,1011,0.0,0.99,0.0,-0.0,4,0,3,4,1011,0.0,0.99,0.0,-0.0
PF06971,PF00549,1,30,1,0,29,988,0.03,0.97,1.0,0.18,30,1,0,29,988,0.03,0.97,1.0,0.18
PF09454,PF05743,10,11,10,0,1,1007,0.91,1.0,1.0,0.95,11,10,0,1,1007,0.91,1.0,1.0,0.95
PF09537,PF15776,0,2,0,0,2,1016,0.0,1.0,0,0,2,0,0,2,1016,0.0,1.0,0,0
PF04311,PF04533,0,0,0,0,0,1018,0,1.0,0,0,0,0,0,0,1018,0,1.0,0,0
PF12620,PF11568,2,2,1,1,1,1015,0.5,1.0,0.5,0.5,2,1,1,1,1015,0.5,1.0,0.5,0.5
PF08324,PF06957,11,11,3,8,8,999,0.27,0.98,0.27,0.26,11,3,8,8,999,0.27,0.98,0.27,0.26
PF05924,PF05923,9,8,7,2,1,1008,0.88,1.0,0.78,0.82,8,7,2,1,1008,0.88,1.0,0.78,0.82
PF08213,PF02780,5,32,0,5,32,981,0.0,0.96,0.0,-0.01,32,0,5,32,981,0.0,0.96,0.0,-0.01
PF09250,PF17007,1,0,0,1,0,1017,0,1.0,0.0,0,0,0,1,0,1017,0,1.0,0.0,0
PF02447,PF07963,8,2,0,8,2,1008,0.0,0.99,0.0,-0.0,2,0,8,2,1008,0.0,0.99,0.0,-0.0
PF04233,PF06074,0,0,0,0,0,1018,0,1.0,0,0,0,0,0,0,1018,0,1.0,0,0
PF11259,PF08708,0,0,0,0,0,1018,0,1.0,0,0,0,0,0,0,1018,0,1.0,0,0
PF03420,PF14685,1,1,0,1,1,1016,0.0,1.0,0.0,-0.0,1,0,1,1,1016,0.0,1.0,0.0,-0.0
PF00112,PF08246,60,35,32,28,3,955,0.91,0.97,0.53,0.69,35,32,28,3,955,0.91,0.97,0.53,0.69
PF10254,PF15499,4,5,0,4,5,1009,0.0,0.99,0.0,-0.0,5,0,4,5,1009,0.0,0.99,0.0,-0.0
PF02777,PF00081,22,22,22,0,0,996,1.0,1.0,1.0,1.0,22,22,0,0,996,1.0,1.0,1.0,1.0
PF11909,PF02531,1,2,0,1,2,1015,0.0,1.0,0.0,-0.0,2,0,1,2,1015,0.0,1.0,0.0,-0.0
PF00895,PF15212,1,0,0,1,0,1017,0,1.0,0.0,0,0,0,1,0,1017,0,1.0,0.0,0
PF08726,PF13499,10,125,7,3,118,890,0.06,0.88,0.7,0.18,125,7,3,118,890,0.06,0.88,0.7,0.18
PF15893,PF03458,0,1,0,0,1,1017,0.0,1.0,0,0,1,0,0,1,1017,0.0,1.0,0,0
PF05201,PF00745,8,9,8,0,1,1009,0.89,1.0,1.0,0.94,9,8,0,1,1009,0.89,1.0,1.0,0.94
PF03460,PF01077,15,15,15,0,0,1003,1.0,1.0,1.0,1.0,15,15,0,0,1003,1.0,1.0,1.0,1.0
PF12320,PF01340,0,1,0,0,1,1017,0.0,1.0,0,0,1,0,0,1,1017,0.0,1.0,0,0
PF12900,PF12716,5,0,0,5,0,1013,0,1.0,0.0,0,0,0,5,0,1013,0,1.0,0.0,0
PF07541,PF09371,6,3,1,5,2,1010,0.33,0.99,0.17,0.23,3,1,5,2,1010,0.33,0.99,0.17,0.23
PF15703,PF15872,0,0,0,0,0,1018,0,1.0,0,0,0,0,0,0,1018,0,1.0,0,0
PF08938,PF06421,5,21,4,1,17,996,0.19,0.98,0.8,0.39,21,4,1,17,996,0.19,0.98,0.8,0.39
PF05225,PF04218,27,14,5,22,9,982,0.36,0.97,0.19,0.24,14,5,22,9,982,0.36,0.97,0.19,0.24
PF01779,PF05129,9,10,0,9,10,999,0.0,0.98,0.0,-0.01,10,0,9,10,999,0.0,0.98,0.0,-0.01
PF09391,PF00533,0,52,0,0,52,966,0.0,0.95,0,0,52,0,0,52,966,0.0,0.95,0,0
PF10642,PF14877,0,4,0,0,4,1014,0.0,1.0,0,0,4,0,0,4,1014,0.0,1.0,0,0
PF11321,PF09585,2,1,0,2,1,1015,0.0,1.0,0.0,-0.0,1,0,2,1,1015,0.0,1.0,0.0,-0.0
PF10493,PF08696,4,9,2,2,7,1007,0.22,0.99,0.5,0.33,9,2,2,7,1007,0.22,0.99,0.5,0.33
PF00805,PF13599,17,6,2,15,4,997,0.33,0.98,0.12,0.19,6,2,15,4,997,0.33,0.98,0.12,0.19
PF16482,PF14622,4,22,1,3,21,993,0.05,0.98,0.25,0.1,22,1,3,21,993,0.05,0.98,0.25,0.1
PF12397,PF13001,10,14,4,6,10,998,0.29,0.98,0.4,0.33,14,4,6,10,998,0.29,0.98,0.4,0.33
PF15028,PF03618,0,2,0,0,2,1016,0.0,1.0,0,0,2,0,0,2,1016,0.0,1.0,0,0
PF09288,PF10520,0,4,0,0,4,1014,0.0,1.0,0,0,4,0,0,4,1014,0.0,1.0,0,0
PF12470,PF05076,4,3,3,1,0,1014,1.0,1.0,0.75,0.87,3,3,1,0,1014,1.0,1.0,0.75,0.87
PF15742,PF12240,2,1,0,2,1,1015,0.0,1.0,0.0,-0.0,1,0,2,1,1015,0.0,1.0,0.0,-0.0
PF10487,PF12530,7,2,0,7,2,1009,0.0,0.99,0.0,-0.0,2,0,7,2,1009,0.0,0.99,0.0,-0.0
PF03330,PF01357,20,14,13,7,1,997,0.93,0.99,0.65,0.77,14,13,7,1,997,0.93,0.99,0.65,0.77
PF07321,PF02863,0,2,0,0,2,1016,0.0,1.0,0,0,2,0,0,2,1016,0.0,1.0,0,0
PF06457,PF08557,1,6,0,1,6,1011,0.0,0.99,0.0,-0.0,6,0,1,6,1011,0.0,0.99,0.0,-0.0
PF11941,PF09154,1,3,1,0,2,1015,0.33,1.0,1.0,0.58,3,1,0,2,1015,0.33,1.0,1.0,0.58
PF01548,PF09829,2,0,0,2,0,1016,0,1.0,0.0,0,0,0,2,0,1016,0,1.0,0.0,0
PF16742,PF16556,0,1,0,0,1,1017,0.0,1.0,0,0,1,0,0,1,1017,0.0,1.0,0,0
PF13325,PF15276,5,1,1,4,0,1013,1.0,1.0,0.2,0.45,1,1,4,0,1013,1.0,1.0,0.2,0.45
PF10514,PF15085,0,2,0,0,2,1016,0.0,1.0,0,0,2,0,0,2,1016,0.0,1.0,0,0
PF04156,PF12362,0,1,0,0,1,1017,0.0,1.0,0,0,1,0,0,1,1017,0.0,1.0,0,0
PF09485,PF03807,1,12,1,0,11,1006,0.08,0.99,1.0,0.29,12,1,0,11,1006,0.08,0.99,1.0,0.29
PF05712,PF01853,22,31,6,16,25,971,0.19,0.96,0.27,0.21,31,6,16,25,971,0.19,0.96,0.27,0.21
PF04305,PF08802,9,3,2,7,1,1008,0.67,0.99,0.22,0.38,3,2,7,1,1008,0.67,0.99,0.22,0.38
PF00466,PF03647,19,13,7,12,6,993,0.54,0.98,0.37,0.44,13,7,12,6,993,0.54,0.98,0.37,0.44
PF05940,PF03992,0,23,0,0,23,995,0.0,0.98,0,0,23,0,0,23,995,0.0,0.98,0,0
PF07413,PF17031,0,0,0,0,0,1018,0,1.0,0,0,0,0,0,0,1018,0,1.0,0,0
PF02874,PF07497,41,3,1,40,2,975,0.33,0.96,0.02,0.08,3,1,40,2,975,0.33,0.96,0.02,0.08
PF01456,PF10322,2,0,0,2,0,1016,0,1.0,0.0,0,0,0,2,0,1016,0,1.0,0.0,0
PF08539,PF05841,2,0,0,2,0,1016,0,1.0,0.0,0,0,0,2,0,1016,0,1.0,0.0,0
PF07986,PF05334,16,1,0,16,1,1001,0.0,0.98,0.0,-0.0,1,0,16,1,1001,0.0,0.98,0.0,-0.0
PF12461,PF11975,0,8,0,0,8,1010,0.0,0.99,0,0,8,0,0,8,1010,0.0,0.99,0,0
PF06039,PF05564,2,1,1,1,0,1016,1.0,1.0,0.5,0.71,1,1,1,0,1016,1.0,1.0,0.5,0.71
PF16784,PF04854,0,2,0,0,2,1016,0.0,1.0,0,0,2,0,0,2,1016,0.0,1.0,0,0
PF00153,PF13833,125,53,35,90,18,875,0.66,0.89,0.28,0.38,53,35,90,18,875,0.66,0.89,0.28,0.38
PF13516,PF00560,89,50,30,59,20,909,0.6,0.92,0.34,0.41,50,30,59,20,909,0.6,0.92,0.34,0.41
PF00302,PF00566,1,84,0,1,84,933,0.0,0.92,0.0,-0.01,84,0,1,84,933,0.0,0.92,0.0,-0.01
PF11046,PF06923,0,0,0,0,0,1018,0,1.0,0,0,0,0,0,0,1018,0,1.0,0,0
PF01746,PF12298,18,6,1,17,5,995,0.17,0.98,0.06,0.09,6,1,17,5,995,0.17,0.98,0.06,0.09
PF04237,PF03840,0,1,0,0,1,1017,0.0,1.0,0,0,1,0,0,1,1017,0.0,1.0,0,0
PF10468,PF10079,1,0,0,1,0,1017,0,1.0,0.0,0,0,0,1,0,1017,0,1.0,0.0,0
PF07933,PF10520,11,4,0,11,4,1003,0.0,0.99,0.0,-0.01,4,0,11,4,1003,0.0,0.99,0.0,-0.01
PF10536,PF03108,22,16,5,17,11,985,0.31,0.97,0.23,0.25,16,5,17,11,985,0.31,0.97,0.23,0.25
PF08093,PF05962,1,1,0,1,1,1016,0.0,1.0,0.0,-0.0,1,0,1,1,1016,0.0,1.0,0.0,-0.0
PF17216,PF17215,9,6,6,3,0,1009,1.0,1.0,0.67,0.82,6,6,3,0,1009,1.0,1.0,0.67,0.82
PF06640,PF07988,1,1,0,1,1,1016,0.0,1.0,0.0,-0.0,1,0,1,1,1016,0.0,1.0,0.0,-0.0
PF05845,PF03471,0,5,0,0,5,1013,0.0,1.0,0,0,5,0,0,5,1013,0.0,1.0,0,0
PF00879,PF00323,0,0,0,0,0,1018,0,1.0,0,0,0,0,0,0,1018,0,1.0,0,0
PF16063,PF15391,1,1,1,0,0,1017,1.0,1.0,1.0,1.0,1,1,0,0,1017,1.0,1.0,1.0,1.0
PF10084,PF12608,0,0,0,0,0,1018,0,1.0,0,0,0,0,0,0,1018,0,1.0,0,0
PF10503,PF00457,10,5,3,7,2,1006,0.6,0.99,0.3,0.42,5,3,7,2,1006,0.6,0.99,0.3,0.42
PF00307,PF02187,74,16,11,63,5,939,0.69,0.93,0.15,0.3,16,11,63,5,939,0.69,0.93,0.15,0.3
PF13185,PF16797,13,3,2,11,1,1004,0.67,0.99,0.15,0.32,3,2,11,1,1004,0.67,0.99,0.15,0.32
PF02518,PF03924,75,8,7,68,1,942,0.88,0.93,0.09,0.27,8,7,68,1,942,0.88,0.93,0.09,0.27
PF03853,PF06212,21,1,0,21,1,996,0.0,0.98,0.0,-0.0,1,0,21,1,996,0.0,0.98,0.0,-0.0
PF00796,PF15207,0,1,0,0,1,1017,0.0,1.0,0,0,1,0,0,1,1017,0.0,1.0,0,0
PF11427,PF13936,10,6,4,6,2,1006,0.67,0.99,0.4,0.51,6,4,6,2,1006,0.67,0.99,0.4,0.51
PF02028,PF04380,1,0,0,1,0,1017,0,1.0,0.0,0,0,0,1,0,1017,0,1.0,0.0,0
PF15938,PF14996,1,1,1,0,0,1017,1.0,1.0,1.0,1.0,1,1,0,0,1017,1.0,1.0,1.0,1.0
PF08667,PF01339,0,6,0,0,6,1012,0.0,0.99,0,0,6,0,0,6,1012,0.0,0.99,0,0
PF15773,PF15744,1,0,0,1,0,1017,0,1.0,0.0,0,0,0,1,0,1017,0,1.0,0.0,0
PF14085,PF16953,0,13,0,0,13,1005,0.0,0.99,0,0,13,0,0,13,1005,0.0,0.99,0,0
PF15811,PF11616,7,2,1,6,1,1010,0.5,0.99,0.14,0.26,2,1,6,1,1010,0.5,0.99,0.14,0.26
PF03942,PF10780,17,0,0,17,0,1001,0,0.98,0.0,0,0,0,17,0,1001,0,0.98,0.0,0
PF08323,PF00862,6,10,1,5,9,1003,0.1,0.99,0.17,0.12,10,1,5,9,1003,0.1,0.99,0.17,0.12
PF05470,PF08375,16,8,3,13,5,997,0.38,0.98,0.19,0.26,8,3,13,5,997,0.38,0.98,0.19,0.26
PF07926,PF10481,9,4,0,9,4,1005,0.0,0.99,0.0,-0.01,4,0,9,4,1005,0.0,0.99,0.0,-0.01
PF05278,PF10226,2,3,1,1,2,1014,0.33,1.0,0.5,0.41,3,1,1,2,1014,0.33,1.0,0.5,0.41
PF04751,PF06217,3,0,0,3,0,1015,0,1.0,0.0,0,0,0,3,0,1015,0,1.0,0.0,0
PF02149,PF08332,13,7,4,9,3,1002,0.57,0.99,0.31,0.41,7,4,9,3,1002,0.57,0.99,0.31,0.41
PF01302,PF14560,46,13,9,37,4,968,0.69,0.96,0.2,0.35,13,9,37,4,968,0.69,0.96,0.2,0.35
PF13897,PF03765,8,24,4,4,20,990,0.17,0.98,0.5,0.28,24,4,4,20,990,0.17,0.98,0.5,0.28
PF04539,PF04545,15,22,15,0,7,996,0.68,0.99,1.0,0.82,22,15,0,7,996,0.68,0.99,1.0,0.82
PF03351,PF10517,19,6,6,13,0,999,1.0,0.99,0.32,0.56,6,6,13,0,999,1.0,0.99,0.32,0.56
PF13530,PF08479,2,0,0,2,0,1016,0,1.0,0.0,0,0,0,2,0,1016,0,1.0,0.0,0
PF09724,PF10282,13,14,6,7,8,997,0.43,0.99,0.46,0.44,14,6,7,8,997,0.43,0.99,0.46,0.44
PF14443,PF14444,4,3,1,3,2,1012,0.33,1.0,0.25,0.29,3,1,3,2,1012,0.33,1.0,0.25,0.29
PF12833,PF02311,26,8,8,18,0,992,1.0,0.98,0.31,0.55,8,8,18,0,992,1.0,0.98,0.31,0.55
PF10532,PF00872,3,4,1,2,3,1012,0.25,1.0,0.33,0.29,4,1,2,3,1012,0.25,1.0,0.33,0.29
PF04677,PF04676,23,23,23,0,0,995,1.0,1.0,1.0,1.0,23,23,0,0,995,1.0,1.0,1.0,1.0
PF09738,PF02374,1,11,0,1,11,1006,0.0,0.99,0.0,-0.0,11,0,1,11,1006,0.0,0.99,0.0,-0.0
PF11803,PF04321,3,16,2,1,14,1001,0.12,0.99,0.67,0.28,16,2,1,14,1001,0.12,0.99,0.67,0.28
PF02423,PF03619,5,27,3,2,24,989,0.11,0.97,0.6,0.25,27,3,2,24,989,0.11,0.97,0.6,0.25
PF12759,PF16590,0,1,0,0,1,1017,0.0,1.0,0,0,1,0,0,1,1017,0.0,1.0,0,0
PF07744,PF07533,15,18,6,9,12,991,0.33,0.98,0.4,0.35,18,6,9,12,991,0.33,0.98,0.4,0.35
PF11876,PF07495,0,1,0,0,1,1017,0.0,1.0,0,0,1,0,0,1,1017,0.0,1.0,0,0
PF06581,PF06875,0,0,0,0,0,1018,0,1.0,0,0,0,0,0,0,1018,0,1.0,0,0
PF04376,PF04377,7,7,6,1,1,1010,0.86,1.0,0.86,0.86,7,6,1,1,1010,0.86,1.0,0.86,0.86
PF04397,PF00196,1,8,1,0,7,1010,0.12,0.99,1.0,0.35,8,1,0,7,1010,0.12,0.99,1.0,0.35
PF10460,PF11651,0,0,0,0,0,1018,0,1.0,0,0,0,0,0,0,1018,0,1.0,0,0
PF11460,PF06989,0,0,0,0,0,1018,0,1.0,0,0,0,0,0,0,1018,0,1.0,0,0
PF02822,PF02961,12,3,2,10,1,1005,0.67,0.99,0.17,0.33,3,2,10,1,1005,0.67,0.99,0.17,0.33
PF15769,PF09108,0,0,0,0,0,1018,0,1.0,0,0,0,0,0,0,1018,0,1.0,0,0
PF14474,PF04988,4,5,0,4,5,1009,0.0,0.99,0.0,-0.0,5,0,4,5,1009,0.0,0.99,0.0,-0.0
PF04332,PF08333,0,9,0,0,9,1009,0.0,0.99,0,0,9,0,0,9,1009,0.0,0.99,0,0
PF10547,PF06699,0,14,0,0,14,1004,0.0,0.99,0,0,14,0,0,14,1004,0.0,0.99,0,0
PF08447,PF11413,25,6,4,21,2,991,0.67,0.98,0.16,0.32,6,4,21,2,991,0.67,0.98,0.16,0.32
PF16644,PF08619,2,2,1,1,1,1015,0.5,1.0,0.5,0.5,2,1,1,1,1015,0.5,1.0,0.5,0.5
PF01433,PF11838,52,37,35,17,2,964,0.95,0.98,0.67,0.79,37,35,17,2,964,0.95,0.98,0.67,0.79
PF05506,PF13007,2,0,0,2,0,1016,0,1.0,0.0,0,0,0,2,0,1016,0,1.0,0.0,0
PF14072,PF09967,1,2,0,1,2,1015,0.0,1.0,0.0,-0.0,2,0,1,2,1015,0.0,1.0,0.0,-0.0
PF01784,PF09812,3,2,1,2,1,1014,0.5,1.0,0.33,0.41,2,1,2,1,1014,0.5,1.0,0.33,0.41
PF02196,PF09128,12,5,2,10,3,1003,0.4,0.99,0.17,0.25,5,2,10,3,1003,0.4,0.99,0.17,0.25
PF08574,PF15247,5,7,2,3,5,1008,0.29,0.99,0.4,0.33,7,2,3,5,1008,0.29,0.99,0.4,0.33
PF07405,PF01913,0,1,0,0,1,1017,0.0,1.0,0,0,1,0,0,1,1017,0.0,1.0,0,0
PF08544,PF10509,35,12,10,25,2,981,0.83,0.97,0.29,0.48,12,10,25,2,981,0.83,0.97,0.29,0.48
PF15452,PF15912,5,2,0,5,2,1011,0.0,0.99,0.0,-0.0,2,0,5,2,1011,0.0,0.99,0.0,-0.0
PF13288,PF08436,5,12,5,0,7,1006,0.42,0.99,1.0,0.64,12,5,0,7,1006,0.42,0.99,1.0,0.64
PF02188,PF02145,11,14,6,5,8,999,0.43,0.99,0.55,0.48,14,6,5,8,999,0.43,0.99,0.55,0.48
PF12657,PF09453,8,13,1,7,12,998,0.08,0.98,0.12,0.09,13,1,7,12,998,0.08,0.98,0.12,0.09
PF01728,PF07780,37,14,11,26,3,978,0.79,0.97,0.3,0.47,14,11,26,3,978,0.79,0.97,0.3,0.47
PF04001,PF11517,0,0,0,0,0,1018,0,1.0,0,0,0,0,0,0,1018,0,1.0,0,0
PF13839,PF14416,21,16,16,5,0,997,1.0,1.0,0.76,0.87,16,16,5,0,997,1.0,1.0,0.76,0.87
PF06553,PF15171,4,1,0,4,1,1013,0.0,1.0,0.0,-0.0,1,0,4,1,1013,0.0,1.0,0.0,-0.0
PF03326,PF13655,0,6,0,0,6,1012,0.0,0.99,0,0,6,0,0,6,1012,0.0,0.99,0,0
PF14306,PF01747,9,9,9,0,0,1009,1.0,1.0,1.0,1.0,9,9,0,0,1009,1.0,1.0,1.0,1.0
PF04612,PF11612,1,2,1,0,1,1016,0.5,1.0,1.0,0.71,2,1,0,1,1016,0.5,1.0,1.0,0.71
PF02283,PF16586,2,0,0,2,0,1016,0,1.0,0.0,0,0,0,2,0,1016,0,1.0,0.0,0
PF01872,PF08211,15,3,1,14,2,1001,0.33,0.98,0.07,0.14,3,1,14,2,1001,0.33,0.98,0.07,0.14
PF00297,PF01012,17,21,6,11,15,986,0.29,0.97,0.35,0.3,21,6,11,15,986,0.29,0.97,0.35,0.3
PF01907,PF01922,9,8,2,7,6,1003,0.25,0.99,0.22,0.23,8,2,7,6,1003,0.25,0.99,0.22,0.23
PF08137,PF09419,0,11,0,0,11,1007,0.0,0.99,0,0,11,0,0,11,1007,0.0,0.99,0,0
PF01443,PF00978,7,5,5,2,0,1011,1.0,1.0,0.71,0.84,5,5,2,0,1011,1.0,1.0,0.71,0.84
PF06534,PF06535,0,0,0,0,0,1018,0,1.0,0,0,0,0,0,0,1018,0,1.0,0,0
PF04358,PF16205,0,12,0,0,12,1006,0.0,0.99,0,0,12,0,0,12,1006,0.0,0.99,0,0
PF08232,PF03920,8,1,1,7,0,1010,1.0,0.99,0.12,0.35,1,1,7,0,1010,1.0,0.99,0.12,0.35
PF09237,PF09494,3,11,2,1,9,1006,0.18,0.99,0.67,0.34,11,2,1,9,1006,0.18,0.99,0.67,0.34
PF03327,PF13619,1,0,0,1,0,1017,0,1.0,0.0,0,0,0,1,0,1017,0,1.0,0.0,0
PF00884,PF12548,46,3,3,43,0,972,1.0,0.96,0.07,0.25,3,3,43,0,972,1.0,0.96,0.07,0.25
PF04941,PF12477,2,0,0,2,0,1016,0,1.0,0.0,0,0,0,2,0,1016,0,1.0,0.0,0
PF02912,PF03147,5,19,4,1,15,998,0.21,0.98,0.8,0.41,19,4,1,15,998,0.21,0.98,0.8,0.41
PF07741,PF08271,9,12,3,6,9,1000,0.25,0.99,0.33,0.28,12,3,6,9,1000,0.25,0.99,0.33,0.28
PF05922,PF06280,25,2,1,24,1,992,0.5,0.98,0.04,0.14,2,1,24,1,992,0.5,0.98,0.04,0.14
PF10077,PF14983,4,2,0,4,2,1012,0.0,0.99,0.0,-0.0,2,0,4,2,1012,0.0,0.99,0.0,-0.0
PF12098,PF08885,0,1,0,0,1,1017,0.0,1.0,0,0,1,0,0,1,1017,0.0,1.0,0,0
PF04103,PF13908,8,2,0,8,2,1008,0.0,0.99,0.0,-0.0,2,0,8,2,1008,0.0,0.99,0.0,-0.0
PF09733,PF01594,5,5,1,4,4,1009,0.2,0.99,0.2,0.2,5,1,4,4,1009,0.2,0.99,0.2,0.2
PF14238,PF13390,0,0,0,0,0,1018,0,1.0,0,0,0,0,0,0,1018,0,1.0,0,0
PF16112,PF14114,1,1,1,0,0,1017,1.0,1.0,1.0,1.0,1,1,0,0,1017,1.0,1.0,1.0,1.0
PF03372,PF14529,66,45,18,48,27,925,0.4,0.93,0.27,0.29,45,18,48,27,925,0.4,0.93,0.27,0.29
PF10253,PF11510,5,6,2,3,4,1009,0.33,0.99,0.4,0.36,6,2,3,4,1009,0.33,0.99,0.4,0.36
PF06609,PF11700,12,3,0,12,3,1003,0.0,0.99,0.0,-0.01,3,0,12,3,1003,0.0,0.99,0.0,-0.01
PF05141,PF06155,9,10,3,6,7,1002,0.3,0.99,0.33,0.31,10,3,6,7,1002,0.3,0.99,0.33,0.31
PF15998,PF09756,8,6,1,7,5,1005,0.17,0.99,0.12,0.14,6,1,7,5,1005,0.17,0.99,0.12,0.14
PF07039,PF01980,9,1,0,9,1,1008,0.0,0.99,0.0,-0.0,1,0,9,1,1008,0.0,0.99,0.0,-0.0
PF05406,PF02877,23,19,19,4,0,995,1.0,1.0,0.83,0.91,19,19,4,0,995,1.0,1.0,0.83,0.91
PF07538,PF17164,0,0,0,0,0,1018,0,1.0,0,0,0,0,0,0,1018,0,1.0,0,0
PF05334,PF04087,1,0,0,1,0,1017,0,1.0,0.0,0,0,0,1,0,1017,0,1.0,0.0,0
PF03020,PF08198,6,1,1,5,0,1012,1.0,1.0,0.17,0.41,1,1,5,0,1012,1.0,1.0,0.17,0.41
PF00965,PF08561,6,5,1,5,4,1008,0.2,0.99,0.17,0.18,5,1,5,4,1008,0.2,0.99,0.17,0.18
PF03332,PF01775,16,9,4,12,5,997,0.44,0.98,0.25,0.33,9,4,12,5,997,0.44,0.98,0.25,0.33
PF03498,PF05100,1,0,0,1,0,1017,0,1.0,0.0,0,0,0,1,0,1017,0,1.0,0.0,0
PF07911,PF06645,2,8,0,2,8,1008,0.0,0.99,0.0,-0.0,8,0,2,8,1008,0.0,0.99,0.0,-0.0
PF02834,PF14573,0,0,0,0,0,1018,0,1.0,0,0,0,0,0,0,1018,0,1.0,0,0
PF06426,PF13720,10,2,1,9,1,1007,0.5,0.99,0.1,0.22,2,1,9,1,1007,0.5,0.99,0.1,0.22
PF07646,PF06588,14,3,1,13,2,1002,0.33,0.99,0.07,0.15,3,1,13,2,1002,0.33,0.99,0.07,0.15
PF02931,PF02932,78,69,65,13,4,936,0.94,0.98,0.83,0.88,69,65,13,4,936,0.94,0.98,0.83,0.88
PF13532,PF05050,44,17,7,37,10,964,0.41,0.95,0.16,0.24,17,7,37,10,964,0.41,0.95,0.16,0.24
PF14309,PF14383,10,3,3,7,0,1008,1.0,0.99,0.3,0.55,3,3,7,0,1008,1.0,0.99,0.3,0.55
PF16561,PF04739,21,6,6,15,0,997,1.0,0.99,0.29,0.53,6,6,15,0,997,1.0,0.99,0.29,0.53
PF07544,PF12046,6,0,0,6,0,1012,0,0.99,0.0,0,0,0,6,0,1012,0,0.99,0.0,0
PF06545,PF04247,8,0,0,8,0,1010,0,0.99,0.0,0,0,0,8,0,1010,0,0.99,0.0,0
PF02862,PF02121,16,12,6,10,6,996,0.5,0.98,0.38,0.43,12,6,10,6,996,0.5,0.98,0.38,0.43
PF12425,PF08093,0,1,0,0,1,1017,0.0,1.0,0,0,1,0,0,1,1017,0.0,1.0,0,0
PF15005,PF14049,6,0,0,6,0,1012,0,0.99,0.0,0,0,0,6,0,1012,0,0.99,0.0,0
PF00181,PF07985,17,12,5,12,7,994,0.42,0.98,0.29,0.34,12,5,12,7,994,0.42,0.98,0.29,0.34
PF01283,PF06404,19,1,0,19,1,998,0.0,0.98,0.0,-0.0,1,0,19,1,998,0.0,0.98,0.0,-0.0
PF12925,PF02177,8,9,8,0,1,1009,0.89,1.0,1.0,0.94,9,8,0,1,1009,0.89,1.0,1.0,0.94
PF02934,PF02637,11,9,9,2,0,1007,1.0,1.0,0.82,0.9,9,9,2,0,1007,1.0,1.0,0.82,0.9
PF01822,PF11790,50,8,5,45,3,965,0.62,0.95,0.1,0.24,8,5,45,3,965,0.62,0.95,0.1,0.24
PF03659,PF13472,19,39,9,10,30,969,0.23,0.96,0.47,0.31,39,9,10,30,969,0.23,0.96,0.47,0.31
PF13722,PF07157,0,0,0,0,0,1018,0,1.0,0,0,0,0,0,0,1018,0,1.0,0,0
PF16674,PF14836,1,9,1,0,8,1009,0.11,0.99,1.0,0.33,9,1,0,8,1009,0.11,0.99,1.0,0.33
PF03735,PF05641,7,13,4,3,9,1002,0.31,0.99,0.57,0.41,13,4,3,9,1002,0.31,0.99,0.57,0.41
PF01846,PF16512,20,3,3,17,0,998,1.0,0.98,0.15,0.38,3,3,17,0,998,1.0,0.98,0.15,0.38
PF15847,PF08291,3,0,0,3,0,1015,0,1.0,0.0,0,0,0,3,0,1015,0,1.0,0.0,0
PF10477,PF09746,3,9,1,2,8,1007,0.11,0.99,0.33,0.19,9,1,2,8,1007,0.11,0.99,0.33,0.19
PF03700,PF12825,1,7,1,0,6,1011,0.14,0.99,1.0,0.38,7,1,0,6,1011,0.14,0.99,1.0,0.38
PF04018,PF11811,0,0,0,0,0,1018,0,1.0,0,0,0,0,0,0,1018,0,1.0,0,0
PF07774,PF13360,14,26,11,3,15,989,0.42,0.98,0.79,0.57,26,11,3,15,989,0.42,0.98,0.79,0.57
PF05608,PF10559,3,8,1,2,7,1008,0.12,0.99,0.33,0.2,8,1,2,7,1008,0.12,0.99,0.33,0.2
PF01171,PF00266,20,49,8,12,41,957,0.16,0.95,0.4,0.23,49,8,12,41,957,0.16,0.95,0.4,0.23
PF00792,PF00613,24,33,24,0,9,985,0.73,0.99,1.0,0.85,33,24,0,9,985,0.73,0.99,1.0,0.85
PF15222,PF12226,0,0,0,0,0,1018,0,1.0,0,0,0,0,0,0,1018,0,1.0,0,0
PF01716,PF05039,1,0,0,1,0,1017,0,1.0,0.0,0,0,0,1,0,1017,0,1.0,0.0,0
PF04288,PF03882,0,0,0,0,0,1018,0,1.0,0,0,0,0,0,0,1018,0,1.0,0,0
PF03288,PF03745,0,0,0,0,0,1018,0,1.0,0,0,0,0,0,0,1018,0,1.0,0,0
PF05251,PF03348,2,16,2,0,14,1002,0.12,0.99,1.0,0.35,16,2,0,14,1002,0.12,0.99,1.0,0.35
PF06020,PF15343,0,0,0,0,0,1018,0,1.0,0,0,0,0,0,0,1018,0,1.0,0,0
PF13291,PF06780,2,1,0,2,1,1015,0.0,1.0,0.0,-0.0,1,0,2,1,1015,0.0,1.0,0.0,-0.0
PF05670,PF14722,13,7,2,11,5,1000,0.29,0.98,0.15,0.2,7,2,11,5,1000,0.29,0.98,0.15,0.2
PF02810,PF13373,6,5,1,5,4,1008,0.2,0.99,0.17,0.18,5,1,5,4,1008,0.2,0.99,0.17,0.18
PF07214,PF12834,0,0,0,0,0,1018,0,1.0,0,0,0,0,0,0,1018,0,1.0,0,0
PF10095,PF08251,0,0,0,0,0,1018,0,1.0,0,0,0,0,0,0,1018,0,1.0,0,0
PF11160,PF03428,0,0,0,0,0,1018,0,1.0,0,0,0,0,0,0,1018,0,1.0,0,0
PF07530,PF16012,6,9,2,4,7,1005,0.22,0.99,0.33,0.27,9,2,4,7,1005,0.22,0.99,0.33,0.27
PF03590,PF15216,4,1,0,4,1,1013,0.0,1.0,0.0,-0.0,1,0,4,1,1013,0.0,1.0,0.0,-0.0
PF06098,PF07802,3,4,1,2,3,1012,0.25,1.0,0.33,0.29,4,1,2,3,1012,0.25,1.0,0.33,0.29
PF01391,PF01410,74,15,10,64,5,939,0.67,0.93,0.14,0.28,15,10,64,5,939,0.67,0.93,0.14,0.28
PF11558,PF17046,0,5,0,0,5,1013,0.0,1.0,0,0,5,0,0,5,1013,0.0,1.0,0,0
PF01402,PF05939,1,0,0,1,0,1017,0,1.0,0.0,0,0,0,1,0,1017,0,1.0,0.0,0
PF12180,PF13851,1,3,0,1,3,1014,0.0,1.0,0.0,-0.0,3,0,1,3,1014,0.0,1.0,0.0,-0.0
PF10512,PF10444,1,6,0,1,6,1011,0.0,0.99,0.0,-0.0,6,0,1,6,1011,0.0,0.99,0.0,-0.0
PF07560,PF07707,0,63,0,0,63,955,0.0,0.94,0,0,63,0,0,63,955,0.0,0.94,0,0
PF03542,PF11864,5,5,5,0,0,1013,1.0,1.0,1.0,1.0,5,5,0,0,1013,1.0,1.0,1.0,1.0
PF11798,PF00817,6,27,6,0,21,991,0.22,0.98,1.0,0.47,27,6,0,21,991,0.22,0.98,1.0,0.47
PF12857,PF01032,2,5,2,0,3,1013,0.4,1.0,1.0,0.63,5,2,0,3,1013,0.4,1.0,1.0,0.63
PF04868,PF13247,2,0,0,2,0,1016,0,1.0,0.0,0,0,0,2,0,1016,0,1.0,0.0,0
PF03265,PF05148,18,14,5,13,9,991,0.36,0.98,0.28,0.3,14,5,13,9,991,0.36,0.98,0.28,0.3
PF17157,PF16931,0,0,0,0,0,1018,0,1.0,0,0,0,0,0,0,1018,0,1.0,0,0
PF10305,PF10359,4,3,3,1,0,1014,1.0,1.0,0.75,0.87,3,3,1,0,1014,1.0,1.0,0.75,0.87
PF01842,PF00351,23,22,5,18,17,978,0.23,0.97,0.22,0.2,22,5,18,17,978,0.23,0.97,0.22,0.2
PF11905,PF03647,32,13,4,28,9,977,0.31,0.96,0.12,0.18,13,4,28,9,977,0.31,0.96,0.12,0.18
PF09428,PF09962,1,1,0,1,1,1016,0.0,1.0,0.0,-0.0,1,0,1,1,1016,0.0,1.0,0.0,-0.0
PF01287,PF11937,15,4,2,13,2,1001,0.5,0.99,0.13,0.25,4,2,13,2,1001,0.5,0.99,0.13,0.25
PF15287,PF14049,4,0,0,4,0,1014,0,1.0,0.0,0,0,0,4,0,1014,0,1.0,0.0,0
PF11560,PF14877,4,4,0,4,4,1010,0.0,0.99,0.0,-0.0,4,0,4,4,1010,0.0,0.99,0.0,-0.0
PF14547,PF14159,1,0,0,1,0,1017,0,1.0,0.0,0,0,0,1,0,1017,0,1.0,0.0,0
PF09197,PF08914,1,14,1,0,13,1004,0.07,0.99,1.0,0.27,14,1,0,13,1004,0.07,0.99,1.0,0.27
PF13592,PF01668,0,2,0,0,2,1016,0.0,1.0,0,0,2,0,0,2,1016,0.0,1.0,0,0
PF11375,PF04567,0,12,0,0,12,1006,0.0,0.99,0,0,12,0,0,12,1006,0.0,0.99,0,0
PF12281,PF09341,0,8,0,0,8,1010,0.0,0.99,0,0,8,0,0,8,1010,0.0,0.99,0,0
PF13785,PF15117,0,0,0,0,0,1018,0,1.0,0,0,0,0,0,0,1018,0,1.0,0,0
PF15039,PF08002,0,0,0,0,0,1018,0,1.0,0,0,0,0,0,0,1018,0,1.0,0,0
PF15750,PF05857,1,0,0,1,0,1017,0,1.0,0.0,0,0,0,1,0,1017,0,1.0,0.0,0
PF12546,PF00875,0,18,0,0,18,1000,0.0,0.98,0,0,18,0,0,18,1000,0.0,0.98,0,0
PF07945,PF09280,0,9,0,0,9,1009,0.0,0.99,0,0,9,0,0,9,1009,0.0,0.99,0,0
PF13847,PF08241,39,78,18,21,60,919,0.23,0.92,0.46,0.29,78,18,21,60,919,0.23,0.92,0.46,0.29
PF10322,PF02343,0,2,0,0,2,1016,0.0,1.0,0,0,2,0,0,2,1016,0.0,1.0,0,0
PF08099,PF01668,1,2,0,1,2,1015,0.0,1.0,0.0,-0.0,2,0,1,2,1015,0.0,1.0,0.0,-0.0
PF06674,PF07377,3,3,3,0,0,1015,1.0,1.0,1.0,1.0,3,3,0,0,1015,1.0,1.0,1.0,1.0
PF06487,PF03760,4,1,0,4,1,1013,0.0,1.0,0.0,-0.0,1,0,4,1,1013,0.0,1.0,0.0,-0.0
PF02184,PF17004,4,7,1,3,6,1008,0.14,0.99,0.25,0.18,7,1,3,6,1008,0.14,0.99,0.25,0.18
PF00635,PF03567,38,16,7,31,9,971,0.44,0.96,0.18,0.27,16,7,31,9,971,0.44,0.96,0.18,0.27
PF11940,PF09127,5,7,2,3,5,1008,0.29,0.99,0.4,0.33,7,2,3,5,1008,0.29,0.99,0.4,0.33
PF07735,PF01827,11,15,4,7,11,996,0.27,0.98,0.36,0.3,15,4,7,11,996,0.27,0.98,0.36,0.3
PF15201,PF10690,0,0,0,0,0,1018,0,1.0,0,0,0,0,0,0,1018,0,1.0,0,0
PF14833,PF03446,25,37,22,3,15,978,0.59,0.98,0.88,0.72,37,22,3,15,978,0.59,0.98,0.88,0.72
PF05663,PF07757,0,12,0,0,12,1006,0.0,0.99,0,0,12,0,0,12,1006,0.0,0.99,0,0
PF08474,PF01530,4,14,4,0,10,1004,0.29,0.99,1.0,0.53,14,4,0,10,1004,0.29,0.99,1.0,0.53
PF11816,PF15512,16,2,1,15,1,1001,0.5,0.98,0.06,0.17,2,1,15,1,1001,0.5,0.98,0.06,0.17
PF06632,PF03652,3,5,2,1,3,1012,0.4,1.0,0.67,0.51,5,2,1,3,1012,0.4,1.0,0.67,0.51
PF11700,PF06609,3,12,0,3,12,1003,0.0,0.99,0.0,-0.01,12,0,3,12,1003,0.0,0.99,0.0,-0.01
PF03140,PF02519,18,12,6,12,6,994,0.5,0.98,0.33,0.4,12,6,12,6,994,0.5,0.98,0.33,0.4
PF04252,PF08345,4,1,0,4,1,1013,0.0,1.0,0.0,-0.0,1,0,4,1,1013,0.0,1.0,0.0,-0.0
PF04696,PF12511,12,8,3,9,5,1001,0.38,0.99,0.25,0.3,8,3,9,5,1001,0.38,0.99,0.25,0.3
PF11914,PF11970,0,3,0,0,3,1015,0.0,1.0,0,0,3,0,0,3,1015,0.0,1.0,0,0
PF01502,PF01503,15,15,11,4,4,999,0.73,0.99,0.73,0.73,15,11,4,4,999,0.73,0.99,0.73,0.73
PF13836,PF15678,0,0,0,0,0,1018,0,1.0,0,0,0,0,0,0,1018,0,1.0,0,0
PF06772,PF12224,7,9,0,7,9,1002,0.0,0.98,0.0,-0.01,9,0,7,9,1002,0.0,0.98,0.0,-0.01
PF04325,PF00524,3,4,1,2,3,1012,0.25,1.0,0.33,0.29,4,1,2,3,1012,0.25,1.0,0.33,0.29
PF12474,PF16797,10,3,2,8,1,1007,0.67,0.99,0.2,0.36,3,2,8,1,1007,0.67,0.99,0.2,0.36
PF04182,PF10264,6,6,1,5,5,1007,0.17,0.99,0.17,0.16,6,1,5,5,1007,0.17,0.99,0.17,0.16
PF11142,PF10241,0,5,0,0,5,1013,0.0,1.0,0,0,5,0,0,5,1013,0.0,1.0,0,0
PF03966,PF05365,7,6,1,6,5,1006,0.17,0.99,0.14,0.15,6,1,6,5,1006,0.17,0.99,0.14,0.15
PF05840,PF11019,0,0,0,0,0,1018,0,1.0,0,0,0,0,0,0,1018,0,1.0,0,0
PF14022,PF15093,2,2,0,2,2,1014,0.0,1.0,0.0,-0.0,2,0,2,2,1014,0.0,1.0,0.0,-0.0
PF00750,PF03485,28,17,14,14,3,987,0.82,0.98,0.5,0.63,17,14,14,3,987,0.82,0.98,0.5,0.63
PF04430,PF06388,22,1,0,22,1,995,0.0,0.98,0.0,-0.0,1,0,22,1,995,0.0,0.98,0.0,-0.0
PF05178,PF12936,8,8,8,0,0,1010,1.0,1.0,1.0,1.0,8,8,0,0,1010,1.0,1.0,1.0,1.0
PF14558,PF11597,5,5,2,3,3,1010,0.4,0.99,0.4,0.4,5,2,3,3,1010,0.4,0.99,0.4,0.4
PF07440,PF12121,0,0,0,0,0,1018,0,1.0,0,0,0,0,0,0,1018,0,1.0,0,0
PF14617,PF08641,4,4,0,4,4,1010,0.0,0.99,0.0,-0.0,4,0,4,4,1010,0.0,0.99,0.0,-0.0
PF13954,PF00345,3,3,3,0,0,1015,1.0,1.0,1.0,1.0,3,3,0,0,1015,1.0,1.0,1.0,1.0
PF12931,PF12932,12,11,10,2,1,1005,0.91,1.0,0.83,0.87,11,10,2,1,1005,0.91,1.0,0.83,0.87
PF02233,PF12769,7,6,6,1,0,1011,1.0,1.0,0.86,0.93,6,6,1,0,1011,1.0,1.0,0.86,0.93
PF09707,PF08188,0,1,0,0,1,1017,0.0,1.0,0,0,1,0,0,1,1017,0.0,1.0,0,0
PF14121,PF02820,0,22,0,0,22,996,0.0,0.98,0,0,22,0,0,22,996,0.0,0.98,0,0
PF10937,PF14495,2,2,0,2,2,1014,0.0,1.0,0.0,-0.0,2,0,2,2,1014,0.0,1.0,0.0,-0.0
PF15310,PF05874,3,1,0,3,1,1014,0.0,1.0,0.0,-0.0,1,0,3,1,1014,0.0,1.0,0.0,-0.0
PF06464,PF12047,11,12,7,4,5,1002,0.58,0.99,0.64,0.6,12,7,4,5,1002,0.58,0.99,0.64,0.6
PF06196,PF03144,0,59,0,0,59,959,0.0,0.94,0,0,59,0,0,59,959,0.0,0.94,0,0
PF05491,PF06934,5,0,0,5,0,1013,0,1.0,0.0,0,0,0,5,0,1013,0,1.0,0.0,0
PF12547,PF15923,2,1,0,2,1,1015,0.0,1.0,0.0,-0.0,1,0,2,1,1015,0.0,1.0,0.0,-0.0
PF12761,PF16880,7,15,4,3,11,1000,0.27,0.99,0.57,0.38,15,4,3,11,1000,0.27,0.99,0.57,0.38
PF00093,PF07452,24,1,1,23,0,994,1.0,0.98,0.04,0.2,1,1,23,0,994,1.0,0.98,0.04,0.2
PF07863,PF00141,0,37,0,0,37,981,0.0,0.96,0,0,37,0,0,37,981,0.0,0.96,0,0
PF03422,PF06439,14,1,1,13,0,1004,1.0,0.99,0.07,0.27,1,1,13,0,1004,1.0,0.99,0.07,0.27
PF02349,PF00261,0,7,0,0,7,1011,0.0,0.99,0,0,7,0,0,7,1011,0.0,0.99,0,0
PF11128,PF14975,0,5,0,0,5,1013,0.0,1.0,0,0,5,0,0,5,1013,0.0,1.0,0,0
PF11744,PF04535,7,5,1,6,4,1007,0.2,0.99,0.14,0.16,5,1,6,4,1007,0.2,0.99,0.14,0.16
PF15490,PF14494,2,0,0,2,0,1016,0,1.0,0.0,0,0,0,2,0,1016,0,1.0,0.0,0
PF00728,PF14845,36,20,20,16,0,982,1.0,0.98,0.56,0.74,20,20,16,0,982,1.0,0.98,0.56,0.74
PF08015,PF13266,2,1,0,2,1,1015,0.0,1.0,0.0,-0.0,1,0,2,1,1015,0.0,1.0,0.0,-0.0
PF07879,PF05233,1,1,1,0,0,1017,1.0,1.0,1.0,1.0,1,1,0,0,1017,1.0,1.0,1.0,1.0
PF01540,PF00201,0,66,0,0,66,952,0.0,0.94,0,0,66,0,0,66,952,0.0,0.94,0,0
PF15305,PF02427,2,0,0,2,0,1016,0,1.0,0.0,0,0,0,2,0,1016,0,1.0,0.0,0
PF11223,PF10933,1,0,0,1,0,1017,0,1.0,0.0,0,0,0,1,0,1017,0,1.0,0.0,0
PF07708,PF10279,1,0,0,1,0,1017,0,1.0,0.0,0,0,0,1,0,1017,0,1.0,0.0,0
PF12049,PF07223,0,1,0,0,1,1017,0.0,1.0,0,0,1,0,0,1,1017,0.0,1.0,0,0
PF08565,PF08564,11,9,9,2,0,1007,1.0,1.0,0.82,0.9,9,9,2,0,1007,1.0,1.0,0.82,0.9
PF02757,PF02756,1,0,0,1,0,1017,0,1.0,0.0,0,0,0,1,0,1017,0,1.0,0.0,0
PF06858,PF08155,22,16,16,6,0,996,1.0,0.99,0.73,0.85,16,16,6,0,996,1.0,0.99,0.73,0.85
PF02662,PF14322,0,0,0,0,0,1018,0,1.0,0,0,0,0,0,0,1018,0,1.0,0,0
PF01884,PF04488,1,30,0,1,30,987,0.0,0.97,0.0,-0.01,30,0,1,30,987,0.0,0.97,0.0,-0.01
PF05160,PF10200,9,5,2,7,3,1006,0.4,0.99,0.22,0.29,5,2,7,3,1006,0.4,0.99,0.22,0.29
PF12850,PF01470,13,12,4,9,8,997,0.33,0.98,0.31,0.31,12,4,9,8,997,0.33,0.98,0.31,0.31
PF00003,PF00497,32,29,15,17,14,972,0.52,0.97,0.47,0.48,29,15,17,14,972,0.52,0.97,0.47,0.48
PF13557,PF08274,4,0,0,4,0,1014,0,1.0,0.0,0,0,0,4,0,1014,0,1.0,0.0,0
PF11856,PF11019,0,0,0,0,0,1018,0,1.0,0,0,0,0,0,0,1018,0,1.0,0,0
PF17016,PF12355,0,1,0,0,1,1017,0.0,1.0,0,0,1,0,0,1,1017,0.0,1.0,0,0
PF02446,PF08536,2,4,0,2,4,1012,0.0,0.99,0.0,-0.0,4,0,2,4,1012,0.0,0.99,0.0,-0.0
PF11751,PF03090,0,0,0,0,0,1018,0,1.0,0,0,0,0,0,0,1018,0,1.0,0,0
PF15033,PF10514,2,0,0,2,0,1016,0,1.0,0.0,0,0,0,2,0,1016,0,1.0,0.0,0
PF06711,PF05336,0,2,0,0,2,1016,0.0,1.0,0,0,2,0,0,2,1016,0.0,1.0,0,0
PF15346,PF14279,2,0,0,2,0,1016,0,1.0,0.0,0,0,0,2,0,1016,0,1.0,0.0,0
PF00024,PF08277,52,9,8,44,1,965,0.89,0.96,0.15,0.36,9,8,44,1,965,0.89,0.96,0.15,0.36
PF08434,PF15300,9,2,0,9,2,1007,0.0,0.99,0.0,-0.0,2,0,9,2,1007,0.0,0.99,0.0,-0.0
PF00444,PF10244,7,8,2,5,6,1005,0.25,0.99,0.29,0.26,8,2,5,6,1005,0.25,0.99,0.29,0.26
PF04800,PF07896,9,5,2,7,3,1006,0.4,0.99,0.22,0.29,5,2,7,3,1006,0.4,0.99,0.22,0.29
PF00929,PF15870,50,8,7,43,1,967,0.88,0.96,0.14,0.34,8,7,43,1,967,0.88,0.96,0.14,0.34
PF02016,PF08744,6,0,0,6,0,1012,0,0.99,0.0,0,0,0,6,0,1012,0,0.99,0.0,0
PF09183,PF11720,1,1,1,0,0,1017,1.0,1.0,1.0,1.0,1,1,0,0,1017,1.0,1.0,1.0,1.0
PF04636,PF05428,8,1,0,8,1,1009,0.0,0.99,0.0,-0.0,1,0,8,1,1009,0.0,0.99,0.0,-0.0
PF01504,PF00118,40,51,20,20,31,947,0.39,0.95,0.5,0.42,51,20,20,31,947,0.39,0.95,0.5,0.42
PF14630,PF09079,9,10,3,6,7,1002,0.3,0.99,0.33,0.31,10,3,6,7,1002,0.3,0.99,0.33,0.31
PF06189,PF07354,3,2,0,3,2,1013,0.0,1.0,0.0,-0.0,2,0,3,2,1013,0.0,1.0,0.0,-0.0
PF16680,PF11628,3,4,1,2,3,1012,0.25,1.0,0.33,0.29,4,1,2,3,1012,0.25,1.0,0.33,0.29
PF16477,PF15181,0,1,0,0,1,1017,0.0,1.0,0,0,1,0,0,1,1017,0.0,1.0,0,0
PF17065,PF08991,12,5,3,9,2,1004,0.6,0.99,0.25,0.38,5,3,9,2,1004,0.6,0.99,0.25,0.38
PF00630,PF12780,24,37,14,10,23,971,0.38,0.97,0.58,0.45,37,14,10,23,971,0.38,0.97,0.58,0.45
PF08257,PF02951,0,4,0,0,4,1014,0.0,1.0,0,0,4,0,0,4,1014,0.0,1.0,0,0
PF07505,PF03428,0,0,0,0,0,1018,0,1.0,0,0,0,0,0,0,1018,0,1.0,0,0
PF10326,PF10319,20,1,0,20,1,997,0.0,0.98,0.0,-0.0,1,0,20,1,997,0.0,0.98,0.0,-0.0
PF14353,PF10380,0,1,0,0,1,1017,0.0,1.0,0,0,1,0,0,1,1017,0.0,1.0,0,0
PF05602,PF10236,11,7,4,7,3,1004,0.57,0.99,0.36,0.45,7,4,7,3,1004,0.57,0.99,0.36,0.45
PF08003,PF07210,0,0,0,0,0,1018,0,1.0,0,0,0,0,0,0,1018,0,1.0,0,0
PF03176,PF13323,12,3,0,12,3,1003,0.0,0.99,0.0,-0.01,3,0,12,3,1003,0.0,0.99,0.0,-0.01
PF02289,PF09551,1,0,0,1,0,1017,0,1.0,0.0,0,0,0,1,0,1017,0,1.0,0.0,0
PF15733,PF12068,0,9,0,0,9,1009,0.0,0.99,0,0,9,0,0,9,1009,0.0,0.99,0,0
PF16486,PF08699,33,42,32,1,10,975,0.76,0.99,0.97,0.85,42,32,1,10,975,0.76,0.99,0.97,0.85
PF04988,PF15696,5,0,0,5,0,1013,0,1.0,0.0,0,0,0,5,0,1013,0,1.0,0.0,0
PF15361,PF10357,3,12,1,2,11,1004,0.08,0.99,0.33,0.16,12,1,2,11,1004,0.08,0.99,0.33,0.16
PF09784,PF15744,0,0,0,0,0,1018,0,1.0,0,0,0,0,0,0,1018,0,1.0,0,0
PF08699,PF16486,42,33,32,10,1,975,0.97,0.99,0.76,0.85,33,32,10,1,975,0.97,0.99,0.76,0.85
PF15390,PF14822,0,2,0,0,2,1016,0.0,1.0,0,0,2,0,0,2,1016,0.0,1.0,0,0
PF04248,PF12853,4,5,0,4,5,1009,0.0,0.99,0.0,-0.0,5,0,4,5,1009,0.0,0.99,0.0,-0.0
PF10167,PF10037,5,3,0,5,3,1010,0.0,0.99,0.0,-0.0,3,0,5,3,1010,0.0,0.99,0.0,-0.0
PF12325,PF16574,10,2,1,9,1,1007,0.5,0.99,0.1,0.22,2,1,9,1,1007,0.5,0.99,0.1,0.22
PF09163,PF13247,0,0,0,0,0,1018,0,1.0,0,0,0,0,0,0,1018,0,1.0,0,0
PF14904,PF01869,2,14,0,2,14,1002,0.0,0.98,0.0,-0.01,14,0,2,14,1002,0.0,0.98,0.0,-0.01
PF06172,PF01774,0,7,0,0,7,1011,0.0,0.99,0,0,7,0,0,7,1011,0.0,0.99,0,0
PF01843,PF16521,28,5,3,25,2,988,0.6,0.97,0.11,0.25,5,3,25,2,988,0.6,0.97,0.11,0.25
PF01126,PF09805,10,9,1,9,8,1000,0.11,0.98,0.1,0.1,9,1,9,8,1000,0.11,0.98,0.1,0.1
PF08024,PF09786,0,7,0,0,7,1011,0.0,0.99,0,0,7,0,0,7,1011,0.0,0.99,0,0
PF14196,PF10566,0,0,0,0,0,1018,0,1.0,0,0,0,0,0,0,1018,0,1.0,0,0
PF06484,PF05593,2,4,0,2,4,1012,0.0,0.99,0.0,-0.0,4,0,2,4,1012,0.0,0.99,0.0,-0.0
PF10561,PF01106,4,18,1,3,17,997,0.06,0.98,0.25,0.11,18,1,3,17,997,0.06,0.98,0.25,0.11
PF00385,PF17218,68,3,3,65,0,950,1.0,0.94,0.04,0.2,3,3,65,0,950,1.0,0.94,0.04,0.2
PF01826,PF08742,40,29,26,14,3,975,0.9,0.98,0.65,0.76,29,26,14,3,975,0.9,0.98,0.65,0.76
PF02517,PF09335,13,22,2,11,20,985,0.09,0.97,0.15,0.1,22,2,11,20,985,0.09,0.97,0.15,0.1
PF06493,PF15337,0,3,0,0,3,1015,0.0,1.0,0,0,3,0,0,3,1015,0.0,1.0,0,0
PF00950,PF05936,4,2,2,2,0,1014,1.0,1.0,0.5,0.71,2,2,2,0,1014,1.0,1.0,0.5,0.71
PF06176,PF07930,0,1,0,0,1,1017,0.0,1.0,0,0,1,0,0,1,1017,0.0,1.0,0,0
PF15079,PF06773,0,0,0,0,0,1018,0,1.0,0,0,0,0,0,0,1018,0,1.0,0,0
PF13806,PF04324,14,9,8,6,1,1003,0.89,0.99,0.57,0.71,9,8,6,1,1003,0.89,0.99,0.57,0.71
PF06522,PF04110,3,8,2,1,6,1009,0.25,0.99,0.67,0.41,8,2,1,6,1009,0.25,0.99,0.67,0.41
PF04100,PF16854,6,0,0,6,0,1012,0,0.99,0.0,0,0,0,6,0,1012,0,0.99,0.0,0
PF08610,PF02983,9,2,1,8,1,1008,0.5,0.99,0.11,0.23,2,1,8,1,1008,0.5,0.99,0.11,0.23
PF02589,PF11870,6,0,0,6,0,1012,0,0.99,0.0,0,0,0,6,0,1012,0,0.99,0.0,0
PF03731,PF02735,21,24,21,0,3,994,0.88,1.0,1.0,0.93,24,21,0,3,994,0.88,1.0,1.0,0.93
PF11937,PF02560,4,5,0,4,5,1009,0.0,0.99,0.0,-0.0,5,0,4,5,1009,0.0,0.99,0.0,-0.0
PF03625,PF14519,1,0,0,1,0,1017,0,1.0,0.0,0,0,0,1,0,1017,0,1.0,0.0,0
PF08695,PF08641,4,4,1,3,3,1011,0.25,0.99,0.25,0.25,4,1,3,3,1011,0.25,0.99,0.25,0.25
PF02197,PF13178,21,6,3,18,3,994,0.5,0.98,0.14,0.26,6,3,18,3,994,0.5,0.98,0.14,0.26
PF07896,PF07816,5,0,0,5,0,1013,0,1.0,0.0,0,0,0,5,0,1013,0,1.0,0.0,0
PF07462,PF12946,0,3,0,0,3,1015,0.0,1.0,0,0,3,0,0,3,1015,0.0,1.0,0,0
PF15997,PF02200,0,1,0,0,1,1017,0.0,1.0,0,0,1,0,0,1,1017,0.0,1.0,0,0
PF05634,PF14365,8,2,0,8,2,1008,0.0,0.99,0.0,-0.0,2,0,8,2,1008,0.0,0.99,0.0,-0.0
PF10644,PF14881,10,10,7,3,3,1005,0.7,0.99,0.7,0.7,10,7,3,3,1005,0.7,0.99,0.7,0.7
PF00711,PF00272,0,0,0,0,0,1018,0,1.0,0,0,0,0,0,0,1018,0,1.0,0,0
PF00041,PF12453,91,2,2,89,0,927,1.0,0.91,0.02,0.14,2,2,89,0,927,1.0,0.91,0.02,0.14
PF10524,PF00859,4,2,2,2,0,1014,1.0,1.0,0.5,0.71,2,2,2,0,1014,1.0,1.0,0.5,0.71
PF12419,PF10532,2,3,1,1,2,1014,0.33,1.0,0.5,0.41,3,1,1,2,1014,0.33,1.0,0.5,0.41
PF05887,PF03944,0,2,0,0,2,1016,0.0,1.0,0,0,2,0,0,2,1016,0.0,1.0,0,0
PF13635,PF13390,0,0,0,0,0,1018,0,1.0,0,0,0,0,0,0,1018,0,1.0,0,0
PF09170,PF08784,2,14,1,1,13,1003,0.07,0.99,0.5,0.19,14,1,1,13,1003,0.07,0.99,0.5,0.19
PF15170,PF14251,1,2,0,1,2,1015,0.0,1.0,0.0,-0.0,2,0,1,2,1015,0.0,1.0,0.0,-0.0
PF14498,PF10350,10,11,5,5,6,1002,0.45,0.99,0.5,0.47,11,5,5,6,1002,0.45,0.99,0.5,0.47
PF15959,PF02305,1,1,0,1,1,1016,0.0,1.0,0.0,-0.0,1,0,1,1,1016,0.0,1.0,0.0,-0.0
PF07047,PF10280,10,6,0,10,6,1002,0.0,0.98,0.0,-0.01,6,0,10,6,1002,0.0,0.98,0.0,-0.01
PF12471,PF00926,2,9,1,1,8,1008,0.11,0.99,0.5,0.23,9,1,1,8,1008,0.11,0.99,0.5,0.23
PF07976,PF06314,18,11,5,13,6,994,0.45,0.98,0.28,0.35,11,5,13,6,994,0.45,0.98,0.28,0.35
PF05773,PF08572,32,4,2,30,2,984,0.5,0.97,0.06,0.17,4,2,30,2,984,0.5,0.97,0.06,0.17
PF15373,PF15748,0,0,0,0,0,1018,0,1.0,0,0,0,0,0,0,1018,0,1.0,0,0
PF04363,PF03869,2,3,2,0,1,1015,0.67,1.0,1.0,0.82,3,2,0,1,1015,0.67,1.0,1.0,0.82
PF08314,PF15492,5,1,1,4,0,1013,1.0,1.0,0.2,0.45,1,1,4,0,1013,1.0,1.0,0.2,0.45
PF08147,PF03880,10,5,2,8,3,1005,0.4,0.99,0.2,0.28,5,2,8,3,1005,0.4,0.99,0.2,0.28
PF11764,PF11616,7,2,1,6,1,1010,0.5,0.99,0.14,0.26,2,1,6,1,1010,0.5,0.99,0.14,0.26
PF01272,PF06429,10,2,0,10,2,1006,0.0,0.99,0.0,-0.0,2,0,10,2,1006,0.0,0.99,0.0,-0.0
PF07195,PF08274,0,0,0,0,0,1018,0,1.0,0,0,0,0,0,0,1018,0,1.0,0,0
PF14465,PF15082,2,3,0,2,3,1013,0.0,1.0,0.0,-0.0,3,0,2,3,1013,0.0,1.0,0.0,-0.0
PF03993,PF00073,2,12,0,2,12,1004,0.0,0.99,0.0,-0.0,12,0,2,12,1004,0.0,0.99,0.0,-0.0
PF11903,PF02775,4,25,2,2,23,991,0.08,0.98,0.5,0.19,25,2,2,23,991,0.08,0.98,0.5,0.19
PF14213,PF08881,0,8,0,0,8,1010,0.0,0.99,0,0,8,0,0,8,1010,0.0,0.99,0,0
PF03320,PF08299,5,2,1,4,1,1012,0.5,1.0,0.2,0.31,2,1,4,1,1012,0.5,1.0,0.2,0.31
PF15546,PF12241,1,1,0,1,1,1016,0.0,1.0,0.0,-0.0,1,0,1,1,1016,0.0,1.0,0.0,-0.0
PF00926,PF12471,9,2,1,8,1,1008,0.5,0.99,0.11,0.23,2,1,8,1,1008,0.5,0.99,0.11,0.23
PF11498,PF04501,6,1,0,6,1,1011,0.0,0.99,0.0,-0.0,1,0,6,1,1011,0.0,0.99,0.0,-0.0
PF03048,PF12014,1,2,1,0,1,1016,0.5,1.0,1.0,0.71,2,1,0,1,1016,0.5,1.0,1.0,0.71
PF02253,PF15750,1,1,0,1,1,1016,0.0,1.0,0.0,-0.0,1,0,1,1,1016,0.0,1.0,0.0,-0.0
PF15995,PF15994,0,0,0,0,0,1018,0,1.0,0,0,0,0,0,0,1018,0,1.0,0,0
PF03451,PF09453,12,13,2,10,11,995,0.15,0.98,0.17,0.15,13,2,10,11,995,0.15,0.98,0.17,0.15
PF00689,PF08282,62,22,14,48,8,948,0.64,0.94,0.23,0.36,22,14,48,8,948,0.64,0.94,0.23,0.36
PF06367,PF06371,24,23,23,1,0,994,1.0,1.0,0.96,0.98,23,23,1,0,994,1.0,1.0,0.96,0.98
PF15840,PF00025,1,65,1,0,64,953,0.02,0.94,1.0,0.12,65,1,0,64,953,0.02,0.94,1.0,0.12
PF15778,PF12516,3,0,0,3,0,1015,0,1.0,0.0,0,0,0,3,0,1015,0,1.0,0.0,0
PF15113,PF02888,2,9,0,2,9,1007,0.0,0.99,0.0,-0.0,9,0,2,9,1007,0.0,0.99,0.0,-0.0
PF07084,PF07956,2,7,1,1,6,1010,0.14,0.99,0.5,0.26,7,1,1,6,1010,0.14,0.99,0.5,0.26
PF08758,PF08266,2,5,1,1,4,1012,0.2,1.0,0.5,0.31,5,1,1,4,1012,0.2,1.0,0.5,0.31
PF00045,PF01471,26,32,22,4,10,982,0.69,0.99,0.85,0.76,32,22,4,10,982,0.69,0.99,0.85,0.76
PF09192,PF14671,3,4,1,2,3,1012,0.25,1.0,0.33,0.29,4,1,2,3,1012,0.25,1.0,0.33,0.29
PF12344,PF16783,5,5,4,1,1,1012,0.8,1.0,0.8,0.8,5,4,1,1,1012,0.8,1.0,0.8,0.8
PF15791,PF08828,2,1,1,1,0,1016,1.0,1.0,0.5,0.71,1,1,1,0,1016,1.0,1.0,0.5,0.71
PF15841,PF15340,0,2,0,0,2,1016,0.0,1.0,0,0,2,0,0,2,1016,0.0,1.0,0,0
PF13136,PF05129,4,10,0,4,10,1004,0.0,0.99,0.0,-0.01,10,0,4,10,1004,0.0,0.99,0.0,-0.01
PF12898,PF14216,0,1,0,0,1,1017,0.0,1.0,0,0,1,0,0,1,1017,0.0,1.0,0,0
PF04055,PF06463,61,9,9,52,0,957,1.0,0.95,0.15,0.37,9,9,52,0,957,1.0,0.95,0.15,0.37
PF16801,PF03546,0,1,0,0,1,1017,0.0,1.0,0,0,1,0,0,1,1017,0.0,1.0,0,0
PF07963,PF00482,2,1,1,1,0,1016,1.0,1.0,0.5,0.71,1,1,1,0,1016,1.0,1.0,0.5,0.71
PF12507,PF12158,1,0,0,1,0,1017,0,1.0,0.0,0,0,0,1,0,1017,0,1.0,0.0,0
PF04160,PF13471,0,4,0,0,4,1014,0.0,1.0,0,0,4,0,0,4,1014,0.0,1.0,0,0
PF13206,PF00913,0,0,0,0,0,1018,0,1.0,0,0,0,0,0,0,1018,0,1.0,0,0
PF01238,PF01775,19,9,6,13,3,996,0.67,0.98,0.32,0.45,9,6,13,3,996,0.67,0.98,0.32,0.45
PF04209,PF03386,12,0,0,12,0,1006,0,0.99,0.0,0,0,0,12,0,1006,0,0.99,0.0,0
PF12838,PF10371,23,5,5,18,0,995,1.0,0.98,0.22,0.46,5,5,18,0,995,1.0,0.98,0.22,0.46
PF03214,PF06219,3,2,0,3,2,1013,0.0,1.0,0.0,-0.0,2,0,3,2,1013,0.0,1.0,0.0,-0.0
PF12135,PF07430,0,0,0,0,0,1018,0,1.0,0,0,0,0,0,0,1018,0,1.0,0,0
PF17223,PF01269,1,15,0,1,15,1002,0.0,0.98,0.0,-0.0,15,0,1,15,1002,0.0,0.98,0.0,-0.0
PF01963,PF07896,10,5,3,7,2,1006,0.6,0.99,0.3,0.42,5,3,7,2,1006,0.6,0.99,0.3,0.42
PF12444,PF09667,0,0,0,0,0,1018,0,1.0,0,0,0,0,0,0,1018,0,1.0,0,0
PF02144,PF01282,9,6,1,8,5,1004,0.17,0.99,0.11,0.13,6,1,8,5,1004,0.17,0.99,0.11,0.13
PF00092,PF08473,55,5,5,50,0,963,1.0,0.95,0.09,0.29,5,5,50,0,963,1.0,0.95,0.09,0.29
PF03199,PF03917,2,8,2,0,6,1010,0.25,0.99,1.0,0.5,8,2,0,6,1010,0.25,0.99,1.0,0.5
PF07200,PF10520,13,4,1,12,3,1002,0.25,0.99,0.08,0.13,4,1,12,3,1002,0.25,0.99,0.08,0.13
PF04354,PF06586,1,1,0,1,1,1016,0.0,1.0,0.0,-0.0,1,0,1,1,1016,0.0,1.0,0.0,-0.0
PF10057,PF03729,0,0,0,0,0,1018,0,1.0,0,0,0,0,0,0,1018,0,1.0,0,0
PF12525,PF06902,0,0,0,0,0,1018,0,1.0,0,0,0,0,0,0,1018,0,1.0,0,0
PF01705,PF07809,8,0,0,8,0,1010,0,0.99,0.0,0,0,0,8,0,1010,0,0.99,0.0,0
PF05651,PF05280,0,4,0,0,4,1014,0.0,1.0,0,0,4,0,0,4,1014,0.0,1.0,0,0
PF03177,PF08801,15,17,14,1,3,1000,0.82,1.0,0.93,0.87,17,14,1,3,1000,0.82,1.0,0.93,0.87
PF15230,PF15888,0,0,0,0,0,1018,0,1.0,0,0,0,0,0,0,1018,0,1.0,0,0
PF03808,PF17049,0,1,0,0,1,1017,0.0,1.0,0,0,1,0,0,1,1017,0.0,1.0,0,0
PF01505,PF11978,2,2,2,0,0,1016,1.0,1.0,1.0,1.0,2,2,0,0,1016,1.0,1.0,1.0,1.0
PF10623,PF04076,0,0,0,0,0,1018,0,1.0,0,0,0,0,0,0,1018,0,1.0,0,0
PF07755,PF17083,0,0,0,0,0,1018,0,1.0,0,0,0,0,0,0,1018,0,1.0,0,0
PF03562,PF08479,1,0,0,1,0,1017,0,1.0,0.0,0,0,0,1,0,1017,0,1.0,0.0,0
PF06791,PF14706,0,2,0,0,2,1016,0.0,1.0,0,0,2,0,0,2,1016,0.0,1.0,0,0
PF05527,PF08718,6,15,1,5,14,998,0.07,0.98,0.17,0.1,15,1,5,14,998,0.07,0.98,0.17,0.1
PF00800,PF13508,15,10,1,14,9,994,0.1,0.98,0.07,0.07,10,1,14,9,994,0.1,0.98,0.07,0.07
PF12714,PF08742,13,29,13,0,16,989,0.45,0.98,1.0,0.66,29,13,0,16,989,0.45,0.98,1.0,0.66
PF11075,PF07305,0,0,0,0,0,1018,0,1.0,0,0,0,0,0,0,1018,0,1.0,0,0
PF10630,PF15234,0,0,0,0,0,1018,0,1.0,0,0,0,0,0,0,1018,0,1.0,0,0
PF09045,PF15737,1,2,1,0,1,1016,0.5,1.0,1.0,0.71,2,1,0,1,1016,0.5,1.0,1.0,0.71
PF02441,PF13462,21,10,3,18,7,990,0.3,0.98,0.14,0.2,10,3,18,7,990,0.3,0.98,0.14,0.2
PF15730,PF10951,1,0,0,1,0,1017,0,1.0,0.0,0,0,0,1,0,1017,0,1.0,0.0,0
PF12431,PF01339,0,6,0,0,6,1012,0.0,0.99,0,0,6,0,0,6,1012,0.0,0.99,0,0
PF10998,PF10226,3,3,0,3,3,1012,0.0,0.99,0.0,-0.0,3,0,3,3,1012,0.0,0.99,0.0,-0.0
PF14260,PF03104,18,36,17,1,19,981,0.47,0.98,0.94,0.66,36,17,1,19,981,0.47,0.98,0.94,0.66
PF14893,PF16297,5,3,2,3,1,1012,0.67,1.0,0.4,0.51,3,2,3,1,1012,0.67,1.0,0.4,0.51
PF10474,PF07928,1,9,1,0,8,1009,0.11,0.99,1.0,0.33,9,1,0,8,1009,0.11,0.99,1.0,0.33
PF14602,PF12464,26,14,10,16,4,988,0.71,0.98,0.38,0.52,14,10,16,4,988,0.71,0.98,0.38,0.52
PF07149,PF03963,0,1,0,0,1,1017,0.0,1.0,0,0,1,0,0,1,1017,0.0,1.0,0,0
PF15217,PF15212,0,0,0,0,0,1018,0,1.0,0,0,0,0,0,0,1018,0,1.0,0,0
PF00116,PF02790,15,12,12,3,0,1003,1.0,1.0,0.8,0.89,12,12,3,0,1003,1.0,1.0,0.8,0.89
PF04784,PF14389,16,6,6,10,0,1002,1.0,0.99,0.38,0.61,6,6,10,0,1002,1.0,0.99,0.38,0.61
PF02682,PF02626,11,11,11,0,0,1007,1.0,1.0,1.0,1.0,11,11,0,0,1007,1.0,1.0,1.0,1.0
PF03364,PF11303,13,1,0,13,1,1004,0.0,0.99,0.0,-0.0,1,0,13,1,1004,0.0,0.99,0.0,-0.0
PF15688,PF15690,0,0,0,0,0,1018,0,1.0,0,0,0,0,0,0,1018,0,1.0,0,0
PF02735,PF03731,24,21,21,3,0,994,1.0,1.0,0.88,0.93,21,21,3,0,994,1.0,1.0,0.88,0.93
PF12503,PF12467,5,5,5,0,0,1013,1.0,1.0,1.0,1.0,5,5,0,0,1013,1.0,1.0,1.0,1.0
PF16074,PF13689,0,0,0,0,0,1018,0,1.0,0,0,0,0,0,0,1018,0,1.0,0,0
PF03665,PF15872,5,0,0,5,0,1013,0,1.0,0.0,0,0,0,5,0,1013,0,1.0,0.0,0
PF01071,PF02843,16,13,13,3,0,1002,1.0,1.0,0.81,0.9,13,13,3,0,1002,1.0,1.0,0.81,0.9
PF01458,PF06830,2,0,0,2,0,1016,0,1.0,0.0,0,0,0,2,0,1016,0,1.0,0.0,0
PF13302,PF11807,31,12,7,24,5,982,0.58,0.97,0.23,0.35,12,7,24,5,982,0.58,0.97,0.23,0.35
PF07429,PF13808,1,2,0,1,2,1015,0.0,1.0,0.0,-0.0,2,0,1,2,1015,0.0,1.0,0.0,-0.0
PF15897,PF07996,0,3,0,0,3,1015,0.0,1.0,0,0,3,0,0,3,1015,0.0,1.0,0,0
PF16027,PF15806,0,1,0,0,1,1017,0.0,1.0,0,0,1,0,0,1,1017,0.0,1.0,0,0
PF03819,PF15809,1,0,0,1,0,1017,0,1.0,0.0,0,0,0,1,0,1017,0,1.0,0.0,0
PF12585,PF08591,2,0,0,2,0,1016,0,1.0,0.0,0,0,0,2,0,1016,0,1.0,0.0,0
PF08397,PF12026,7,4,2,5,2,1009,0.5,0.99,0.29,0.37,4,2,5,2,1009,0.5,0.99,0.29,0.37
PF01687,PF13419,12,55,6,6,49,957,0.11,0.95,0.5,0.22,55,6,6,49,957,0.11,0.95,0.5,0.22
PF10035,PF02588,2,2,2,0,0,1016,1.0,1.0,1.0,1.0,2,2,0,0,1016,1.0,1.0,1.0,1.0
PF07919,PF12742,3,3,2,1,1,1014,0.67,1.0,0.67,0.67,3,2,1,1,1014,0.67,1.0,0.67,0.67
PF10963,PF04960,0,6,0,0,6,1012,0.0,0.99,0,0,6,0,0,6,1012,0.0,0.99,0,0
PF15707,PF05418,0,1,0,0,1,1017,0.0,1.0,0,0,1,0,0,1,1017,0.0,1.0,0,0
PF04916,PF08661,9,9,3,6,6,1003,0.33,0.99,0.33,0.33,9,3,6,6,1003,0.33,0.99,0.33,0.33
PF10951,PF05939,0,0,0,0,0,1018,0,1.0,0,0,0,0,0,0,1018,0,1.0,0,0
PF09305,PF15397,0,5,0,0,5,1013,0.0,1.0,0,0,5,0,0,5,1013,0.0,1.0,0,0
PF14814,PF06798,0,0,0,0,0,1018,0,1.0,0,0,0,0,0,0,1018,0,1.0,0,0
PF04822,PF04423,1,4,0,1,4,1013,0.0,1.0,0.0,-0.0,4,0,1,4,1013,0.0,1.0,0.0,-0.0
PF15716,PF08093,0,1,0,0,1,1017,0.0,1.0,0,0,1,0,0,1,1017,0.0,1.0,0,0
PF00672,PF00990,21,13,10,11,3,994,0.77,0.99,0.48,0.6,13,10,11,3,994,0.77,0.99,0.48,0.6
PF13417,PF02798,53,47,18,35,29,936,0.38,0.94,0.34,0.33,47,18,35,29,936,0.38,0.94,0.34,0.33
PF13371,PF08755,1,11,1,0,10,1007,0.09,0.99,1.0,0.3,11,1,0,10,1007,0.09,0.99,1.0,0.3
PF06390,PF15708,1,0,0,1,0,1017,0,1.0,0.0,0,0,0,1,0,1017,0,1.0,0.0,0
PF01237,PF08174,41,7,3,38,4,973,0.43,0.96,0.07,0.16,7,3,38,4,973,0.43,0.96,0.07,0.16
PF13926,PF16501,4,0,0,4,0,1014,0,1.0,0.0,0,0,0,4,0,1014,0,1.0,0.0,0
PF07959,PF10509,6,12,2,4,10,1002,0.17,0.99,0.33,0.23,12,2,4,10,1002,0.17,0.99,0.33,0.23
PF03776,PF02427,4,0,0,4,0,1014,0,1.0,0.0,0,0,0,4,0,1014,0,1.0,0.0,0
PF06508,PF08252,3,0,0,3,0,1015,0,1.0,0.0,0,0,0,3,0,1015,0,1.0,0.0,0
PF11567,PF03934,0,2,0,0,2,1016,0.0,1.0,0,0,2,0,0,2,1016,0.0,1.0,0,0
PF09056,PF06369,4,1,0,4,1,1013,0.0,1.0,0.0,-0.0,1,0,4,1,1013,0.0,1.0,0.0,-0.0
PF03184,PF03221,59,55,37,22,18,941,0.67,0.96,0.63,0.63,55,37,22,18,941,0.67,0.96,0.63,0.63
PF07475,PF09432,4,0,0,4,0,1014,0,1.0,0.0,0,0,0,4,0,1014,0,1.0,0.0,0
PF01643,PF12590,1,1,1,0,0,1017,1.0,1.0,1.0,1.0,1,1,0,0,1017,1.0,1.0,1.0,1.0
PF09481,PF15355,0,0,0,0,0,1018,0,1.0,0,0,0,0,0,0,1018,0,1.0,0,0
PF15816,PF15829,1,1,0,1,1,1016,0.0,1.0,0.0,-0.0,1,0,1,1,1016,0.0,1.0,0.0,-0.0
PF06718,PF02452,0,2,0,0,2,1016,0.0,1.0,0,0,2,0,0,2,1016,0.0,1.0,0,0
PF03221,PF04218,55,14,14,41,0,963,1.0,0.96,0.25,0.49,14,14,41,0,963,1.0,0.96,0.25,0.49
PF00070,PF07681,4,2,1,3,1,1013,0.5,1.0,0.25,0.35,2,1,3,1,1013,0.5,1.0,0.25,0.35
PF06624,PF08229,5,4,1,4,3,1010,0.25,0.99,0.2,0.22,4,1,4,3,1010,0.25,0.99,0.2,0.22
PF00480,PF02350,10,2,0,10,2,1006,0.0,0.99,0.0,-0.0,2,0,10,2,1006,0.0,0.99,0.0,-0.0
PF09164,PF00273,0,0,0,0,0,1018,0,1.0,0,0,0,0,0,0,1018,0,1.0,0,0
PF03193,PF05991,5,3,0,5,3,1010,0.0,0.99,0.0,-0.0,3,0,5,3,1010,0.0,0.99,0.0,-0.0
PF02602,PF06172,16,0,0,16,0,1002,0,0.98,0.0,0,0,0,16,0,1002,0,0.98,0.0,0
PF03906,PF08278,0,4,0,0,4,1014,0.0,1.0,0,0,4,0,0,4,1014,0.0,1.0,0,0
PF15088,PF14866,0,0,0,0,0,1018,0,1.0,0,0,0,0,0,0,1018,0,1.0,0,0
PF01039,PF00289,34,34,18,16,16,968,0.53,0.97,0.53,0.51,34,18,16,16,968,0.53,0.97,0.53,0.51
PF01557,PF09298,44,25,23,21,2,972,0.92,0.98,0.52,0.68,25,23,21,2,972,0.92,0.98,0.52,0.68
PF02148,PF06337,39,17,10,29,7,972,0.59,0.96,0.26,0.37,17,10,29,7,972,0.59,0.96,0.26,0.37
PF03511,PF15865,0,0,0,0,0,1018,0,1.0,0,0,0,0,0,0,1018,0,1.0,0,0
PF04839,PF00468,1,5,1,0,4,1013,0.2,1.0,1.0,0.45,5,1,0,4,1013,0.2,1.0,1.0,0.45
PF00058,PF16472,21,5,5,16,0,997,1.0,0.98,0.24,0.48,5,5,16,0,997,1.0,0.98,0.24,0.48
PF09166,PF08635,3,2,1,2,1,1014,0.5,1.0,0.33,0.41,2,1,2,1,1014,0.5,1.0,0.33,0.41
PF08285,PF05336,2,2,0,2,2,1014,0.0,1.0,0.0,-0.0,2,0,2,2,1014,0.0,1.0,0.0,-0.0
PF02709,PF13733,26,19,19,7,0,992,1.0,0.99,0.73,0.85,19,19,7,0,992,1.0,0.99,0.73,0.85
PF07766,PF01985,15,9,4,11,5,998,0.44,0.98,0.27,0.34,9,4,11,5,998,0.44,0.98,0.27,0.34
PF13928,PF15230,5,0,0,5,0,1013,0,1.0,0.0,0,0,0,5,0,1013,0,1.0,0.0,0
PF10924,PF08744,0,0,0,0,0,1018,0,1.0,0,0,0,0,0,0,1018,0,1.0,0,0
PF06148,PF08314,11,5,2,9,3,1004,0.4,0.99,0.18,0.26,5,2,9,3,1004,0.4,0.99,0.18,0.26
PF12766,PF12049,4,0,0,4,0,1014,0,1.0,0.0,0,0,0,4,0,1014,0,1.0,0.0,0
PF00224,PF02887,39,26,26,13,0,979,1.0,0.99,0.67,0.81,26,26,13,0,979,1.0,0.99,0.67,0.81
PF06242,PF00580,4,18,3,1,15,999,0.17,0.98,0.75,0.35,18,3,1,15,999,0.17,0.98,0.75,0.35
PF01922,PF04852,8,5,2,6,3,1007,0.4,0.99,0.25,0.31,5,2,6,3,1007,0.4,0.99,0.25,0.31
PF01371,PF08414,1,10,0,1,10,1007,0.0,0.99,0.0,-0.0,10,0,1,10,1007,0.0,0.99,0.0,-0.0
PF15046,PF08945,3,0,0,3,0,1015,0,1.0,0.0,0,0,0,3,0,1015,0,1.0,0.0,0
PF12080,PF07499,0,2,0,0,2,1016,0.0,1.0,0,0,2,0,0,2,1016,0.0,1.0,0,0
PF03829,PF03608,2,2,2,0,0,1016,1.0,1.0,1.0,1.0,2,2,0,0,1016,1.0,1.0,1.0,1.0
PF02875,PF01225,17,11,10,7,1,1000,0.91,0.99,0.59,0.73,11,10,7,1,1000,0.91,0.99,0.59,0.73
PF02811,PF09587,12,5,0,12,5,1001,0.0,0.98,0.0,-0.01,5,0,12,5,1001,0.0,0.98,0.0,-0.01
PF06741,PF14438,12,13,10,2,3,1003,0.77,1.0,0.83,0.8,13,10,2,3,1003,0.77,1.0,0.83,0.8
PF08606,PF04158,19,7,4,15,3,996,0.57,0.98,0.21,0.34,7,4,15,3,996,0.57,0.98,0.21,0.34
PF17083,PF03038,0,0,0,0,0,1018,0,1.0,0,0,0,0,0,0,1018,0,1.0,0,0
PF14250,PF11128,0,0,0,0,0,1018,0,1.0,0,0,0,0,0,0,1018,0,1.0,0,0
PF12946,PF07462,3,0,0,3,0,1015,0,1.0,0.0,0,0,0,3,0,1015,0,1.0,0.0,0
PF06477,PF08212,9,8,0,9,8,1001,0.0,0.98,0.0,-0.01,8,0,9,8,1001,0.0,0.98,0.0,-0.01
PF08111,PF16041,1,7,0,1,7,1010,0.0,0.99,0.0,-0.0,7,0,1,7,1010,0.0,0.99,0.0,-0.0
PF09684,PF06082,1,0,0,1,0,1017,0,1.0,0.0,0,0,0,1,0,1017,0,1.0,0.0,0
PF09798,PF07499,0,2,0,0,2,1016,0.0,1.0,0,0,2,0,0,2,1016,0.0,1.0,0,0
PF12569,PF04049,17,12,5,12,7,994,0.42,0.98,0.29,0.34,12,5,12,7,994,0.42,0.98,0.29,0.34
PF05514,PF09781,0,1,0,0,1,1017,0.0,1.0,0,0,1,0,0,1,1017,0.0,1.0,0,0
PF05598,PF04865,3,0,0,3,0,1015,0,1.0,0.0,0,0,0,3,0,1015,0,1.0,0.0,0
PF16049,PF10410,0,4,0,0,4,1014,0.0,1.0,0,0,4,0,0,4,1014,0.0,1.0,0,0
PF03238,PF06681,0,0,0,0,0,1018,0,1.0,0,0,0,0,0,0,1018,0,1.0,0,0
PF01082,PF03712,19,17,17,2,0,999,1.0,1.0,0.89,0.94,17,17,2,0,999,1.0,1.0,0.89,0.94
PF03131,PF08209,16,10,1,15,9,993,0.1,0.98,0.06,0.07,10,1,15,9,993,0.1,0.98,0.06,0.07
PF14646,PF14909,6,4,0,6,4,1008,0.0,0.99,0.0,-0.0,4,0,6,4,1008,0.0,0.99,0.0,-0.0
PF00351,PF10369,22,10,2,20,8,988,0.2,0.97,0.09,0.12,10,2,20,8,988,0.2,0.97,0.09,0.12
PF04564,PF14847,56,6,4,52,2,960,0.67,0.95,0.07,0.21,6,4,52,2,960,0.67,0.95,0.07,0.21
PF15825,PF15041,0,1,0,0,1,1017,0.0,1.0,0,0,1,0,0,1,1017,0.0,1.0,0,0
PF14479,PF14420,12,14,4,8,10,996,0.29,0.98,0.33,0.3,14,4,8,10,996,0.29,0.98,0.33,0.3
PF06923,PF00766,0,9,0,0,9,1009,0.0,0.99,0,0,9,0,0,9,1009,0.0,0.99,0,0
PF08563,PF07710,2,2,2,0,0,1016,1.0,1.0,1.0,1.0,2,2,0,0,1016,1.0,1.0,1.0,1.0
PF15012,PF02366,1,13,0,1,13,1004,0.0,0.99,0.0,-0.0,13,0,1,13,1004,0.0,0.99,0.0,-0.0
PF01762,PF00337,40,26,17,23,9,969,0.65,0.97,0.42,0.51,26,17,23,9,969,0.65,0.97,0.42,0.51
PF17047,PF15625,13,3,1,12,2,1003,0.33,0.99,0.08,0.16,3,1,12,2,1003,0.33,0.99,0.08,0.16
PF16038,PF04901,1,2,0,1,2,1015,0.0,1.0,0.0,-0.0,2,0,1,2,1015,0.0,1.0,0.0,-0.0
PF05204,PF07157,5,0,0,5,0,1013,0,1.0,0.0,0,0,0,5,0,1013,0,1.0,0.0,0
PF00232,PF14498,36,10,9,27,1,981,0.9,0.97,0.25,0.47,10,9,27,1,981,0.9,0.97,0.25,0.47
PF15137,PF06890,1,0,0,1,0,1017,0,1.0,0.0,0,0,0,1,0,1017,0,1.0,0.0,0
PF07465,PF05797,0,0,0,0,0,1018,0,1.0,0,0,0,0,0,0,1018,0,1.0,0,0
PF13802,PF16863,21,19,13,8,6,991,0.68,0.99,0.62,0.64,19,13,8,6,991,0.68,0.99,0.62,0.64
PF05386,PF05731,2,5,2,0,3,1013,0.4,1.0,1.0,0.63,5,2,0,3,1013,0.4,1.0,1.0,0.63
PF03534,PF12256,0,0,0,0,0,1018,0,1.0,0,0,0,0,0,0,1018,0,1.0,0,0
PF05526,PF06868,0,0,0,0,0,1018,0,1.0,0,0,0,0,0,0,1018,0,1.0,0,0
PF08608,PF13597,12,4,2,10,2,1004,0.5,0.99,0.17,0.28,4,2,10,2,1004,0.5,0.99,0.17,0.28
PF09810,PF10303,4,1,0,4,1,1013,0.0,1.0,0.0,-0.0,1,0,4,1,1013,0.0,1.0,0.0,-0.0
PF10413,PF09193,3,1,1,2,0,1015,1.0,1.0,0.33,0.58,1,1,2,0,1015,1.0,1.0,0.33,0.58
PF15787,PF14844,11,21,6,5,15,992,0.29,0.98,0.55,0.39,21,6,5,15,992,0.29,0.98,0.55,0.39
PF03174,PF03173,3,2,2,1,0,1015,1.0,1.0,0.67,0.82,2,2,1,0,1015,1.0,1.0,0.67,0.82
PF00287,PF06951,10,11,3,7,8,1000,0.27,0.99,0.3,0.28,11,3,7,8,1000,0.27,0.99,0.3,0.28
PF02469,PF08648,30,8,3,27,5,983,0.38,0.97,0.1,0.18,8,3,27,5,983,0.38,0.97,0.1,0.18
PF13812,PF17177,57,35,27,30,8,953,0.77,0.96,0.47,0.59,35,27,30,8,953,0.77,0.96,0.47,0.59
PF04355,PF02565,0,0,0,0,0,1018,0,1.0,0,0,0,0,0,0,1018,0,1.0,0,0
PF00682,PF02436,22,3,3,19,0,996,1.0,0.98,0.14,0.37,3,3,19,0,996,1.0,0.98,0.14,0.37
PF00833,PF04568,18,5,2,16,3,997,0.4,0.98,0.11,0.2,5,2,16,3,997,0.4,0.98,0.11,0.2
PF16557,PF16534,2,3,2,0,1,1015,0.67,1.0,1.0,0.82,3,2,0,1,1015,0.67,1.0,1.0,0.82
PF01984,PF07080,13,3,2,11,1,1004,0.67,0.99,0.15,0.32,3,2,11,1,1004,0.67,0.99,0.15,0.32
PF14989,PF10195,2,1,0,2,1,1015,0.0,1.0,0.0,-0.0,1,0,2,1,1015,0.0,1.0,0.0,-0.0
PF01264,PF01680,5,7,1,4,6,1007,0.14,0.99,0.2,0.16,7,1,4,6,1007,0.14,0.99,0.2,0.16
PF08013,PF01580,1,5,0,1,5,1012,0.0,0.99,0.0,-0.0,5,0,1,5,1012,0.0,0.99,0.0,-0.0
PF03732,PF01107,58,5,4,54,1,959,0.8,0.95,0.07,0.23,5,4,54,1,959,0.8,0.95,0.07,0.23
PF02969,PF10491,8,3,1,7,2,1008,0.33,0.99,0.12,0.2,3,1,7,2,1008,0.33,0.99,0.12,0.2
PF07950,PF12243,4,2,0,4,2,1012,0.0,0.99,0.0,-0.0,2,0,4,2,1012,0.0,0.99,0.0,-0.0
PF04107,PF00468,5,5,0,5,5,1008,0.0,0.99,0.0,-0.0,5,0,5,5,1008,0.0,0.99,0.0,-0.0
PF14825,PF06541,8,0,0,8,0,1010,0,0.99,0.0,0,0,0,8,0,1010,0,0.99,0.0,0
PF11116,PF05202,0,0,0,0,0,1018,0,1.0,0,0,0,0,0,0,1018,0,1.0,0,0
PF11386,PF05111,0,1,0,0,1,1017,0.0,1.0,0,0,1,0,0,1,1017,0.0,1.0,0,0
PF15747,PF15730,0,1,0,0,1,1017,0.0,1.0,0,0,1,0,0,1,1017,0.0,1.0,0,0
PF04280,PF16516,7,5,0,7,5,1006,0.0,0.99,0.0,-0.01,5,0,7,5,1006,0.0,0.99,0.0,-0.01
PF11018,PF15955,1,1,0,1,1,1016,0.0,1.0,0.0,-0.0,1,0,1,1,1016,0.0,1.0,0.0,-0.0
PF10302,PF13373,4,5,3,1,2,1012,0.6,1.0,0.75,0.67,5,3,1,2,1012,0.6,1.0,0.75,0.67
PF14609,PF11130,1,0,0,1,0,1017,0,1.0,0.0,0,0,0,1,0,1017,0,1.0,0.0,0
PF12200,PF17106,1,3,1,0,2,1015,0.33,1.0,1.0,0.58,3,1,0,2,1015,0.33,1.0,1.0,0.58
PF03417,PF07542,6,12,1,5,11,1001,0.08,0.98,0.17,0.11,12,1,5,11,1001,0.08,0.98,0.17,0.11
PF11503,PF00954,0,26,0,0,26,992,0.0,0.97,0,0,26,0,0,26,992,0.0,0.97,0,0
PF15871,PF17045,1,0,0,1,0,1017,0,1.0,0.0,0,0,0,1,0,1017,0,1.0,0.0,0
PF06880,PF06830,2,0,0,2,0,1016,0,1.0,0.0,0,0,0,2,0,1016,0,1.0,0.0,0
PF06662,PF15296,3,6,1,2,5,1010,0.17,0.99,0.33,0.23,6,1,2,5,1010,0.17,0.99,0.33,0.23
PF16656,PF14008,24,26,22,2,4,990,0.85,0.99,0.92,0.88,26,22,2,4,990,0.85,0.99,0.92,0.88
PF10251,PF14931,3,1,1,2,0,1015,1.0,1.0,0.33,0.58,1,1,2,0,1015,1.0,1.0,0.33,0.58
PF04967,PF09669,0,1,0,0,1,1017,0.0,1.0,0,0,1,0,0,1,1017,0.0,1.0,0,0
PF02083,PF13096,3,0,0,3,0,1015,0,1.0,0.0,0,0,0,3,0,1015,0,1.0,0.0,0
PF02058,PF01668,1,2,0,1,2,1015,0.0,1.0,0.0,-0.0,2,0,1,2,1015,0.0,1.0,0.0,-0.0
PF08628,PF02194,15,19,15,0,4,999,0.79,1.0,1.0,0.89,19,15,0,4,999,0.79,1.0,1.0,0.89
PF01057,PF16071,2,0,0,2,0,1016,0,1.0,0.0,0,0,0,2,0,1016,0,1.0,0.0,0
PF11267,PF06485,2,4,0,2,4,1012,0.0,0.99,0.0,-0.0,4,0,2,4,1012,0.0,0.99,0.0,-0.0
PF08045,PF09991,3,0,0,3,0,1015,0,1.0,0.0,0,0,0,3,0,1015,0,1.0,0.0,0
PF08558,PF07988,4,1,0,4,1,1013,0.0,1.0,0.0,-0.0,1,0,4,1,1013,0.0,1.0,0.0,-0.0
PF05943,PF03428,0,0,0,0,0,1018,0,1.0,0,0,0,0,0,0,1018,0,1.0,0,0
PF10383,PF12432,6,4,1,5,3,1009,0.25,0.99,0.17,0.2,4,1,5,3,1009,0.25,0.99,0.17,0.2
PF16011,PF08708,2,0,0,2,0,1016,0,1.0,0.0,0,0,0,2,0,1016,0,1.0,0.0,0
PF15753,PF00669,3,1,0,3,1,1014,0.0,1.0,0.0,-0.0,1,0,3,1,1014,0.0,1.0,0.0,-0.0
PF00650,PF03765,67,24,24,43,0,951,1.0,0.96,0.36,0.59,24,24,43,0,951,1.0,0.96,0.36,0.59
PF10455,PF10224,3,4,0,3,4,1011,0.0,0.99,0.0,-0.0,4,0,3,4,1011,0.0,0.99,0.0,-0.0
PF16905,PF08763,6,8,4,2,4,1008,0.5,0.99,0.67,0.57,8,4,2,4,1008,0.5,0.99,0.67,0.57
PF09826,PF07409,2,0,0,2,0,1016,0,1.0,0.0,0,0,0,2,0,1016,0,1.0,0.0,0
PF10045,PF08744,0,0,0,0,0,1018,0,1.0,0,0,0,0,0,0,1018,0,1.0,0,0
PF14780,PF14977,4,6,0,4,6,1008,0.0,0.99,0.0,-0.0,6,0,4,6,1008,0.0,0.99,0.0,-0.0
PF11019,PF05840,0,0,0,0,0,1018,0,1.0,0,0,0,0,0,0,1018,0,1.0,0,0
PF05782,PF08444,2,2,0,2,2,1014,0.0,1.0,0.0,-0.0,2,0,2,2,1014,0.0,1.0,0.0,-0.0
PF16675,PF16676,3,5,3,0,2,1013,0.6,1.0,1.0,0.77,5,3,0,2,1013,0.6,1.0,1.0,0.77
PF10152,PF02181,12,39,7,5,32,974,0.18,0.96,0.58,0.31,39,7,5,32,974,0.18,0.96,0.58,0.31
PF07262,PF05838,0,0,0,0,0,1018,0,1.0,0,0,0,0,0,0,1018,0,1.0,0,0
PF16097,PF16098,1,4,1,0,3,1014,0.25,1.0,1.0,0.5,4,1,0,3,1014,0.25,1.0,1.0,0.5
PF05016,PF03831,0,0,0,0,0,1018,0,1.0,0,0,0,0,0,0,1018,0,1.0,0,0
PF00695,PF10335,0,2,0,0,2,1016,0.0,1.0,0,0,2,0,0,2,1016,0.0,1.0,0,0
PF11258,PF08026,0,0,0,0,0,1018,0,1.0,0,0,0,0,0,0,1018,0,1.0,0,0
PF15832,PF15876,0,0,0,0,0,1018,0,1.0,0,0,0,0,0,0,1018,0,1.0,0,0
PF02219,PF03385,8,1,0,8,1,1009,0.0,0.99,0.0,-0.0,1,0,8,1,1009,0.0,0.99,0.0,-0.0
PF11357,PF02186,10,14,1,9,13,995,0.07,0.98,0.1,0.07,14,1,9,13,995,0.07,0.98,0.1,0.07
PF01392,PF01534,24,8,6,18,2,992,0.75,0.98,0.25,0.43,8,6,18,2,992,0.75,0.98,0.25,0.43
PF11573,PF02403,4,26,4,0,22,992,0.15,0.98,1.0,0.39,26,4,0,22,992,0.15,0.98,1.0,0.39
PF03227,PF03489,12,7,2,10,5,1001,0.29,0.99,0.17,0.21,7,2,10,5,1001,0.29,0.99,0.17,0.21
PF00531,PF01335,39,13,11,28,2,977,0.85,0.97,0.28,0.48,13,11,28,2,977,0.85,0.97,0.28,0.48
PF01951,PF09174,4,2,2,2,0,1014,1.0,1.0,0.5,0.71,2,2,2,0,1014,1.0,1.0,0.5,0.71
PF00640,PF06311,27,2,2,25,0,991,1.0,0.98,0.07,0.27,2,2,25,0,991,1.0,0.98,0.07,0.27
PF13556,PF17007,1,0,0,1,0,1017,0,1.0,0.0,0,0,0,1,0,1017,0,1.0,0.0,0
PF06834,PF07511,0,0,0,0,0,1018,0,1.0,0,0,0,0,0,0,1018,0,1.0,0,0
PF03095,PF04729,11,7,1,10,6,1001,0.14,0.98,0.09,0.11,7,1,10,6,1001,0.14,0.98,0.09,0.11
PF06122,PF05065,0,1,0,0,1,1017,0.0,1.0,0,0,1,0,0,1,1017,0.0,1.0,0,0
PF12271,PF04418,7,6,3,4,3,1008,0.5,0.99,0.43,0.46,6,3,4,3,1008,0.5,0.99,0.43,0.46
PF09058,PF10600,3,2,1,2,1,1014,0.5,1.0,0.33,0.41,2,1,2,1,1014,0.5,1.0,0.33,0.41
PF16294,PF14443,5,4,1,4,3,1010,0.25,0.99,0.2,0.22,4,1,4,3,1010,0.25,0.99,0.2,0.22
PF16577,PF12744,2,1,1,1,0,1016,1.0,1.0,0.5,0.71,1,1,1,0,1016,1.0,1.0,0.5,0.71
PF15780,PF12510,10,1,1,9,0,1008,1.0,0.99,0.1,0.31,1,1,9,0,1008,1.0,0.99,0.1,0.31
PF01129,PF12020,9,0,0,9,0,1009,0,0.99,0.0,0,0,0,9,0,1009,0,0.99,0.0,0
PF13871,PF14418,6,1,0,6,1,1011,0.0,0.99,0.0,-0.0,1,0,6,1,1011,0.0,0.99,0.0,-0.0
PF16297,PF07962,3,6,3,0,3,1012,0.5,1.0,1.0,0.71,6,3,0,3,1012,0.5,1.0,1.0,0.71
PF15884,PF11029,3,2,1,2,1,1014,0.5,1.0,0.33,0.41,2,1,2,1,1014,0.5,1.0,0.33,0.41
PF04050,PF12152,6,3,2,4,1,1011,0.67,1.0,0.33,0.47,3,2,4,1,1011,0.67,1.0,0.33,0.47
PF01555,PF09461,7,0,0,7,0,1011,0,0.99,0.0,0,0,0,7,0,1011,0,0.99,0.0,0
PF02311,PF06249,8,3,0,8,3,1007,0.0,0.99,0.0,-0.0,3,0,8,3,1007,0.0,0.99,0.0,-0.0
PF05891,PF03091,15,13,5,10,8,995,0.38,0.98,0.33,0.35,13,5,10,8,995,0.38,0.98,0.33,0.35
PF05713,PF08808,0,0,0,0,0,1018,0,1.0,0,0,0,0,0,0,1018,0,1.0,0,0
PF09111,PF09110,14,14,14,0,0,1004,1.0,1.0,1.0,1.0,14,14,0,0,1004,1.0,1.0,1.0,1.0
PF03039,PF15556,2,0,0,2,0,1016,0,1.0,0.0,0,0,0,2,0,1016,0,1.0,0.0,0
PF04466,PF01580,0,5,0,0,5,1013,0.0,1.0,0,0,5,0,0,5,1013,0.0,1.0,0,0
PF14830,PF12143,1,2,1,0,1,1016,0.5,1.0,1.0,0.71,2,1,0,1,1016,0.5,1.0,1.0,0.71
PF00475,PF12311,9,4,0,9,4,1005,0.0,0.99,0.0,-0.01,4,0,9,4,1005,0.0,0.99,0.0,-0.01
PF14868,PF06414,0,11,0,0,11,1007,0.0,0.99,0,0,11,0,0,11,1007,0.0,0.99,0,0
PF15484,PF07805,2,1,0,2,1,1015,0.0,1.0,0.0,-0.0,1,0,2,1,1015,0.0,1.0,0.0,-0.0
PF00449,PF00699,7,7,7,0,0,1011,1.0,1.0,1.0,1.0,7,7,0,0,1011,1.0,1.0,1.0,1.0
PF08383,PF00473,4,5,1,3,4,1010,0.2,0.99,0.25,0.22,5,1,3,4,1010,0.2,0.99,0.25,0.22
PF12592,PF07726,3,5,2,1,3,1012,0.4,1.0,0.67,0.51,5,2,1,3,1012,0.4,1.0,0.67,0.51
PF15207,PF06573,1,2,0,1,2,1015,0.0,1.0,0.0,-0.0,2,0,1,2,1015,0.0,1.0,0.0,-0.0
PF07545,PF10332,1,0,0,1,0,1017,0,1.0,0.0,0,0,0,1,0,1017,0,1.0,0.0,0
PF14273,PF10681,9,2,0,9,2,1007,0.0,0.99,0.0,-0.0,2,0,9,2,1007,0.0,0.99,0.0,-0.0
PF14577,PF14576,2,0,0,2,0,1016,0,1.0,0.0,0,0,0,2,0,1016,0,1.0,0.0,0
PF14943,PF10853,12,4,2,10,2,1004,0.5,0.99,0.17,0.28,4,2,10,2,1004,0.5,0.99,0.17,0.28
PF04227,PF00294,7,41,6,1,35,976,0.15,0.96,0.86,0.35,41,6,1,35,976,0.15,0.96,0.86,0.35
PF02322,PF13721,1,3,0,1,3,1014,0.0,1.0,0.0,-0.0,3,0,1,3,1014,0.0,1.0,0.0,-0.0
PF09483,PF17152,0,1,0,0,1,1017,0.0,1.0,0,0,1,0,0,1,1017,0.0,1.0,0,0
PF17026,PF11057,0,0,0,0,0,1018,0,1.0,0,0,0,0,0,0,1018,0,1.0,0,0
PF13569,PF07560,0,0,0,0,0,1018,0,1.0,0,0,0,0,0,0,1018,0,1.0,0,0
PF04112,PF12359,8,8,1,7,7,1003,0.12,0.99,0.12,0.12,8,1,7,7,1003,0.12,0.99,0.12,0.12
PF10363,PF12830,3,9,1,2,8,1007,0.11,0.99,0.33,0.19,9,1,2,8,1007,0.11,0.99,0.33,0.19
PF16582,PF02776,2,27,2,0,25,991,0.07,0.98,1.0,0.27,27,2,0,25,991,0.07,0.98,1.0,0.27
PF11603,PF04428,2,3,0,2,3,1013,0.0,1.0,0.0,-0.0,3,0,2,3,1013,0.0,1.0,0.0,-0.0
PF05548,PF15045,2,0,0,2,0,1016,0,1.0,0.0,0,0,0,2,0,1016,0,1.0,0.0,0
PF17136,PF01777,10,15,2,8,13,995,0.13,0.98,0.2,0.15,15,2,8,13,995,0.13,0.98,0.2,0.15
PF15087,PF02106,1,0,0,1,0,1017,0,1.0,0.0,0,0,0,1,0,1017,0,1.0,0.0,0
PF00548,PF02226,12,12,12,0,0,1006,1.0,1.0,1.0,1.0,12,12,0,0,1006,1.0,1.0,1.0,1.0
PF02361,PF06695,5,0,0,5,0,1013,0,1.0,0.0,0,0,0,5,0,1013,0,1.0,0.0,0
PF05001,PF04990,7,3,2,5,1,1010,0.67,0.99,0.29,0.43,3,2,5,1,1010,0.67,0.99,0.29,0.43
PF09236,PF15838,1,0,0,1,0,1017,0,1.0,0.0,0,0,0,1,0,1017,0,1.0,0.0,0
PF16202,PF09382,6,17,6,0,11,1001,0.35,0.99,1.0,0.59,17,6,0,11,1001,0.35,0.99,1.0,0.59
PF06864,PF12421,1,0,0,1,0,1017,0,1.0,0.0,0,0,0,1,0,1017,0,1.0,0.0,0
PF09984,PF05272,2,0,0,2,0,1016,0,1.0,0.0,0,0,0,2,0,1016,0,1.0,0.0,0
PF12646,PF06695,0,0,0,0,0,1018,0,1.0,0,0,0,0,0,0,1018,0,1.0,0,0
PF01547,PF02608,21,4,2,19,2,995,0.5,0.98,0.1,0.21,4,2,19,2,995,0.5,0.98,0.1,0.21
PF10828,PF08119,0,1,0,0,1,1017,0.0,1.0,0,0,1,0,0,1,1017,0.0,1.0,0,0
PF01535,PF01048,126,30,23,103,7,885,0.77,0.89,0.18,0.34,30,23,103,7,885,0.77,0.89,0.18,0.34
PF05733,PF02087,1,2,0,1,2,1015,0.0,1.0,0.0,-0.0,2,0,1,2,1015,0.0,1.0,0.0,-0.0
PF08802,PF02921,3,15,2,1,13,1002,0.13,0.99,0.67,0.29,15,2,1,13,1002,0.13,0.99,0.67,0.29
PF03055,PF15219,22,1,1,21,0,996,1.0,0.98,0.05,0.21,1,1,21,0,996,1.0,0.98,0.05,0.21
PF02022,PF13276,5,7,0,5,7,1006,0.0,0.99,0.0,-0.01,7,0,5,7,1006,0.0,0.99,0.0,-0.01
PF04145,PF12406,24,1,1,23,0,994,1.0,0.98,0.04,0.2,1,1,23,0,994,1.0,0.98,0.04,0.2
PF02157,PF15502,7,0,0,7,0,1011,0,0.99,0.0,0,0,0,7,0,1011,0,0.99,0.0,0
PF08120,PF05284,2,0,0,2,0,1016,0,1.0,0.0,0,0,0,2,0,1016,0,1.0,0.0,0
PF14551,PF00493,46,49,44,2,5,967,0.9,0.99,0.96,0.92,49,44,2,5,967,0.9,0.99,0.96,0.92
PF02580,PF05817,15,13,5,10,8,995,0.38,0.98,0.33,0.35,13,5,10,8,995,0.38,0.98,0.33,0.35
PF00468,PF04839,5,1,1,4,0,1013,1.0,1.0,0.2,0.45,1,1,4,0,1013,1.0,1.0,0.2,0.45
PF01124,PF00210,12,13,4,8,9,997,0.31,0.98,0.33,0.31,13,4,8,9,997,0.31,0.98,0.33,0.31
PF15485,PF17206,0,1,0,0,1,1017,0.0,1.0,0,0,1,0,0,1,1017,0.0,1.0,0,0
PF06282,PF17100,0,20,0,0,20,998,0.0,0.98,0,0,20,0,0,20,998,0.0,0.98,0,0
PF03522,PF08403,17,1,1,16,0,1001,1.0,0.98,0.06,0.24,1,1,16,0,1001,1.0,0.98,0.06,0.24
PF00814,PF03091,30,13,5,25,8,980,0.38,0.97,0.17,0.24,13,5,25,8,980,0.38,0.97,0.17,0.24
PF08734,PF15175,1,0,0,1,0,1017,0,1.0,0.0,0,0,0,1,0,1017,0,1.0,0.0,0
PF14820,PF15119,0,1,0,0,1,1017,0.0,1.0,0,0,1,0,0,1,1017,0.0,1.0,0,0
PF09498,PF03406,0,0,0,0,0,1018,0,1.0,0,0,0,0,0,0,1018,0,1.0,0,0
PF09690,PF02977,0,0,0,0,0,1018,0,1.0,0,0,0,0,0,0,1018,0,1.0,0,0
PF00723,PF00686,15,36,11,4,25,978,0.31,0.97,0.73,0.46,36,11,4,25,978,0.31,0.97,0.73,0.46
PF10681,PF07544,2,6,0,2,6,1010,0.0,0.99,0.0,-0.0,6,0,2,6,1010,0.0,0.99,0.0,-0.0
PF15347,PF15703,0,0,0,0,0,1018,0,1.0,0,0,0,0,0,0,1018,0,1.0,0,0
PF05502,PF10443,3,7,2,1,5,1010,0.29,0.99,0.67,0.43,7,2,1,5,1010,0.29,0.99,0.67,0.43
PF13396,PF10295,0,3,0,0,3,1015,0.0,1.0,0,0,3,0,0,3,1015,0.0,1.0,0,0
PF14849,PF10139,2,0,0,2,0,1016,0,1.0,0.0,0,0,0,2,0,1016,0,1.0,0.0,0
PF01494,PF07976,90,18,18,72,0,928,1.0,0.93,0.2,0.43,18,18,72,0,928,1.0,0.93,0.2,0.43
PF01245,PF03195,11,8,4,7,4,1003,0.5,0.99,0.36,0.42,8,4,7,4,1003,0.5,0.99,0.36,0.42
PF10180,PF02116,10,2,0,10,2,1006,0.0,0.99,0.0,-0.0,2,0,10,2,1006,0.0,0.99,0.0,-0.0
PF02394,PF05324,2,0,0,2,0,1016,0,1.0,0.0,0,0,0,2,0,1016,0,1.0,0.0,0
PF05023,PF09328,9,2,2,7,0,1009,1.0,0.99,0.22,0.47,2,2,7,0,1009,1.0,0.99,0.22,0.47
PF02191,PF02354,13,2,2,11,0,1005,1.0,0.99,0.15,0.39,2,2,11,0,1005,1.0,0.99,0.15,0.39
PF16706,PF11244,1,0,0,1,0,1017,0,1.0,0.0,0,0,0,1,0,1017,0,1.0,0.0,0
PF04506,PF14953,9,3,2,7,1,1008,0.67,0.99,0.22,0.38,3,2,7,1,1008,0.67,0.99,0.22,0.38
PF02742,PF02277,3,3,0,3,3,1012,0.0,0.99,0.0,-0.0,3,0,3,3,1012,0.0,0.99,0.0,-0.0
PF15447,PF03011,1,1,1,0,0,1017,1.0,1.0,1.0,1.0,1,1,0,0,1017,1.0,1.0,1.0,1.0
PF00504,PF00810,18,13,4,14,9,991,0.31,0.98,0.22,0.25,13,4,14,9,991,0.31,0.98,0.22,0.25
PF15225,PF08924,2,0,0,2,0,1016,0,1.0,0.0,0,0,0,2,0,1016,0,1.0,0.0,0
PF12566,PF04052,2,0,0,2,0,1016,0,1.0,0.0,0,0,0,2,0,1016,0,1.0,0.0,0
PF11172,PF08026,0,0,0,0,0,1018,0,1.0,0,0,0,0,0,0,1018,0,1.0,0,0
PF07002,PF16056,24,3,1,23,2,992,0.33,0.98,0.04,0.11,3,1,23,2,992,0.33,0.98,0.04,0.11
PF14244,PF13976,28,60,16,12,44,946,0.27,0.94,0.57,0.37,60,16,12,44,946,0.27,0.94,0.57,0.37
PF15211,PF07400,0,0,0,0,0,1018,0,1.0,0,0,0,0,0,0,1018,0,1.0,0,0
PF02363,PF02736,6,24,3,3,21,991,0.12,0.98,0.5,0.24,24,3,3,21,991,0.12,0.98,0.5,0.24
PF01493,PF00310,7,12,7,0,5,1006,0.58,1.0,1.0,0.76,12,7,0,5,1006,0.58,1.0,1.0,0.76
PF15064,PF05111,2,1,0,2,1,1015,0.0,1.0,0.0,-0.0,1,0,2,1,1015,0.0,1.0,0.0,-0.0
PF16876,PF08235,9,11,9,0,2,1007,0.82,1.0,1.0,0.9,11,9,0,2,1007,0.82,1.0,1.0,0.9
PF12718,PF00261,1,7,1,0,6,1011,0.14,0.99,1.0,0.38,7,1,0,6,1011,0.14,0.99,1.0,0.38
PF05867,PF15120,5,1,1,4,0,1013,1.0,1.0,0.2,0.45,1,1,4,0,1013,1.0,1.0,0.2,0.45
PF01558,PF17147,6,8,6,0,2,1010,0.75,1.0,1.0,0.87,8,6,0,2,1010,0.75,1.0,1.0,0.87
PF05907,PF01423,10,69,9,1,60,948,0.13,0.94,0.9,0.33,69,9,1,60,948,0.13,0.94,0.9,0.33
PF06241,PF14764,1,5,0,1,5,1012,0.0,0.99,0.0,-0.0,5,0,1,5,1012,0.0,0.99,0.0,-0.0
PF06327,PF16214,6,9,6,0,3,1009,0.67,1.0,1.0,0.82,9,6,0,3,1009,0.67,1.0,1.0,0.82
PF01807,PF08275,6,4,4,2,0,1012,1.0,1.0,0.67,0.82,4,4,2,0,1012,1.0,1.0,0.67,0.82
PF15155,PF15662,4,0,0,4,0,1014,0,1.0,0.0,0,0,0,4,0,1014,0,1.0,0.0,0
PF02359,PF02933,11,10,8,3,2,1005,0.8,1.0,0.73,0.76,10,8,3,2,1005,0.8,1.0,0.73,0.76
PF15424,PF14882,0,0,0,0,0,1018,0,1.0,0,0,0,0,0,0,1018,0,1.0,0,0
PF11471,PF16966,0,0,0,0,0,1018,0,1.0,0,0,0,0,0,0,1018,0,1.0,0,0
PF12046,PF05419,0,0,0,0,0,1018,0,1.0,0,0,0,0,0,0,1018,0,1.0,0,0
PF09398,PF06541,6,0,0,6,0,1012,0,0.99,0.0,0,0,0,6,0,1012,0,0.99,0.0,0
PF04698,PF02318,3,8,2,1,6,1009,0.25,0.99,0.67,0.41,8,2,1,6,1009,0.25,0.99,0.67,0.41
PF01279,PF02044,2,0,0,2,0,1016,0,1.0,0.0,0,0,0,2,0,1016,0,1.0,0.0,0
PF02171,PF16488,50,31,30,20,1,967,0.97,0.98,0.6,0.75,31,30,20,1,967,0.97,0.98,0.6,0.75
PF16565,PF12002,1,14,0,1,14,1003,0.0,0.99,0.0,-0.0,14,0,1,14,1003,0.0,0.99,0.0,-0.0
PF04973,PF01717,1,14,0,1,14,1003,0.0,0.99,0.0,-0.0,14,0,1,14,1003,0.0,0.99,0.0,-0.0
PF02747,PF00705,11,10,9,2,1,1006,0.9,1.0,0.82,0.86,10,9,2,1,1006,0.9,1.0,0.82,0.86
PF06875,PF14653,0,0,0,0,0,1018,0,1.0,0,0,0,0,0,0,1018,0,1.0,0,0
PF09774,PF02569,8,11,1,7,10,1000,0.09,0.98,0.12,0.1,11,1,7,10,1000,0.09,0.98,0.12,0.1
PF12110,PF04096,15,11,10,5,1,1002,0.91,0.99,0.67,0.78,11,10,5,1,1002,0.91,0.99,0.67,0.78
PF02263,PF02841,21,12,12,9,0,997,1.0,0.99,0.57,0.75,12,12,9,0,997,1.0,0.99,0.57,0.75
PF00350,PF01031,66,47,41,25,6,946,0.87,0.97,0.62,0.72,47,41,25,6,946,0.87,0.97,0.62,0.72
PF04553,PF13451,3,2,1,2,1,1014,0.5,1.0,0.33,0.41,2,1,2,1,1014,0.5,1.0,0.33,0.41
PF01406,PF09190,19,5,5,14,0,999,1.0,0.99,0.26,0.51,5,5,14,0,999,1.0,0.99,0.26,0.51
PF05842,PF07679,1,92,0,1,92,925,0.0,0.91,0.0,-0.01,92,0,1,92,925,0.0,0.91,0.0,-0.01
PF11362,PF15398,1,1,0,1,1,1016,0.0,1.0,0.0,-0.0,1,0,1,1,1016,0.0,1.0,0.0,-0.0
PF05960,PF15377,1,0,0,1,0,1017,0,1.0,0.0,0,0,0,1,0,1017,0,1.0,0.0,0
PF08920,PF05672,10,5,1,9,4,1004,0.2,0.99,0.1,0.14,5,1,9,4,1004,0.2,0.99,0.1,0.14
PF02504,PF14983,3,2,0,3,2,1013,0.0,1.0,0.0,-0.0,2,0,3,2,1013,0.0,1.0,0.0,-0.0
PF01225,PF02875,11,17,10,1,7,1000,0.59,0.99,0.91,0.73,17,10,1,7,1000,0.59,0.99,0.91,0.73
PF10300,PF13174,14,14,4,10,10,994,0.29,0.98,0.29,0.28,14,4,10,10,994,0.29,0.98,0.29,0.28
PF15715,PF15109,0,0,0,0,0,1018,0,1.0,0,0,0,0,0,0,1018,0,1.0,0,0
PF15691,PF15741,1,1,0,1,1,1016,0.0,1.0,0.0,-0.0,1,0,1,1,1016,0.0,1.0,0.0,-0.0
PF16359,PF09239,1,2,0,1,2,1015,0.0,1.0,0.0,-0.0,2,0,1,2,1015,0.0,1.0,0.0,-0.0
PF14197,PF12757,6,0,0,6,0,1012,0,0.99,0.0,0,0,0,6,0,1012,0,0.99,0.0,0
PF08387,PF03478,23,29,9,14,20,975,0.31,0.97,0.39,0.33,29,9,14,20,975,0.31,0.97,0.39,0.33
PF15145,PF05115,0,2,0,0,2,1016,0.0,1.0,0,0,2,0,0,2,1016,0.0,1.0,0,0
PF13813,PF04646,14,7,1,13,6,998,0.14,0.98,0.07,0.09,7,1,13,6,998,0.14,0.98,0.07,0.09
PF10434,PF05466,0,0,0,0,0,1018,0,1.0,0,0,0,0,0,0,1018,0,1.0,0,0
PF02991,PF10229,16,11,4,12,7,995,0.36,0.98,0.25,0.29,11,4,12,7,995,0.36,0.98,0.25,0.29
PF14676,PF14680,1,1,1,0,0,1017,1.0,1.0,1.0,1.0,1,1,0,0,1017,1.0,1.0,1.0,1.0
PF09804,PF03085,3,0,0,3,0,1015,0,1.0,0.0,0,0,0,3,0,1015,0,1.0,0.0,0
PF07503,PF00267,1,1,0,1,1,1016,0.0,1.0,0.0,-0.0,1,0,1,1,1016,0.0,1.0,0.0,-0.0
PF10102,PF06588,3,3,1,2,2,1013,0.33,1.0,0.33,0.33,3,1,2,2,1013,0.33,1.0,0.33,0.33
PF06365,PF15045,6,0,0,6,0,1012,0,0.99,0.0,0,0,0,6,0,1012,0,0.99,0.0,0
PF04727,PF11841,16,7,7,9,0,1002,1.0,0.99,0.44,0.66,7,7,9,0,1002,1.0,0.99,0.44,0.66
PF02225,PF04258,47,24,15,32,9,962,0.62,0.96,0.32,0.43,24,15,32,9,962,0.62,0.96,0.32,0.43
PF13966,PF14529,91,45,19,72,26,901,0.42,0.9,0.21,0.25,45,19,72,26,901,0.42,0.9,0.21,0.25
PF01345,PF15334,0,0,0,0,0,1018,0,1.0,0,0,0,0,0,0,1018,0,1.0,0,0
PF14384,PF02633,0,2,0,0,2,1016,0.0,1.0,0,0,2,0,0,2,1016,0.0,1.0,0,0
PF03946,PF02747,22,11,2,20,9,987,0.18,0.97,0.09,0.12,11,2,20,9,987,0.18,0.97,0.09,0.12
PF06558,PF14026,1,0,0,1,0,1017,0,1.0,0.0,0,0,0,1,0,1017,0,1.0,0.0,0
PF02527,PF02448,8,0,0,8,0,1010,0,0.99,0.0,0,0,0,8,0,1010,0,0.99,0.0,0
PF01142,PF06991,15,7,5,10,2,1001,0.71,0.99,0.33,0.48,7,5,10,2,1001,0.71,0.99,0.33,0.48
PF06832,PF04355,1,0,0,1,0,1017,0,1.0,0.0,0,0,0,1,0,1017,0,1.0,0.0,0
PF05739,PF02269,35,11,7,28,4,979,0.64,0.97,0.2,0.35,11,7,28,4,979,0.64,0.97,0.2,0.35
PF03382,PF11260,3,0,0,3,0,1015,0,1.0,0.0,0,0,0,3,0,1015,0,1.0,0.0,0
PF03137,PF06342,12,1,1,11,0,1006,1.0,0.99,0.08,0.29,1,1,11,0,1006,1.0,0.99,0.08,0.29
PF00328,PF00201,49,66,24,25,42,927,0.36,0.93,0.49,0.39,66,24,25,42,927,0.36,0.93,0.49,0.39
PF00019,PF00688,20,15,15,5,0,998,1.0,1.0,0.75,0.86,15,15,5,0,998,1.0,1.0,0.75,0.86
PF01041,PF08635,11,2,1,10,1,1006,0.5,0.99,0.09,0.21,2,1,10,1,1006,0.5,0.99,0.09,0.21
PF09818,PF15482,1,0,0,1,0,1017,0,1.0,0.0,0,0,0,1,0,1017,0,1.0,0.0,0
PF10079,PF07495,0,1,0,0,1,1017,0.0,1.0,0,0,1,0,0,1,1017,0.0,1.0,0,0
PF06902,PF03428,0,0,0,0,0,1018,0,1.0,0,0,0,0,0,0,1018,0,1.0,0,0
PF03939,PF00525,15,3,1,14,2,1001,0.33,0.98,0.07,0.14,3,1,14,2,1001,0.33,0.98,0.07,0.14
PF03078,PF02337,1,5,0,1,5,1012,0.0,0.99,0.0,-0.0,5,0,1,5,1012,0.0,0.99,0.0,-0.0
PF02799,PF01233,17,14,14,3,0,1001,1.0,1.0,0.82,0.91,14,14,3,0,1001,1.0,1.0,0.82,0.91
PF15929,PF10188,0,0,0,0,0,1018,0,1.0,0,0,0,0,0,0,1018,0,1.0,0,0
PF16317,PF15383,5,9,1,4,8,1005,0.11,0.99,0.2,0.14,9,1,4,8,1005,0.11,0.99,0.2,0.14
PF09007,PF04629,2,6,1,1,5,1011,0.17,0.99,0.5,0.29,6,1,1,5,1011,0.17,0.99,0.5,0.29
PF03607,PF05517,17,9,3,14,6,995,0.33,0.98,0.18,0.23,9,3,14,6,995,0.33,0.98,0.18,0.23
PF10384,PF09596,6,1,0,6,1,1011,0.0,0.99,0.0,-0.0,1,0,6,1,1011,0.0,0.99,0.0,-0.0
PF01155,PF03831,2,0,0,2,0,1016,0,1.0,0.0,0,0,0,2,0,1016,0,1.0,0.0,0
PF13160,PF10734,0,0,0,0,0,1018,0,1.0,0,0,0,0,0,0,1018,0,1.0,0,0
PF15367,PF05857,2,0,0,2,0,1016,0,1.0,0.0,0,0,0,2,0,1016,0,1.0,0.0,0
PF08329,PF03427,1,3,0,1,3,1014,0.0,1.0,0.0,-0.0,3,0,1,3,1014,0.0,1.0,0.0,-0.0
PF16029,PF11029,6,2,1,5,1,1011,0.5,0.99,0.17,0.29,2,1,5,1,1011,0.5,0.99,0.17,0.29
PF15045,PF10104,0,8,0,0,8,1010,0.0,0.99,0,0,8,0,0,8,1010,0.0,0.99,0,0
PF09302,PF04004,4,11,0,4,11,1003,0.0,0.99,0.0,-0.01,11,0,4,11,1003,0.0,0.99,0.0,-0.01
PF04235,PF10406,0,9,0,0,9,1009,0.0,0.99,0,0,9,0,0,9,1009,0.0,0.99,0,0
PF16833,PF04865,0,0,0,0,0,1018,0,1.0,0,0,0,0,0,0,1018,0,1.0,0,0
PF10509,PF07959,12,6,2,10,4,1002,0.33,0.99,0.17,0.23,6,2,10,4,1002,0.33,0.99,0.17,0.23
PF15882,PF15013,12,1,0,12,1,1005,0.0,0.99,0.0,-0.0,1,0,12,1,1005,0.0,0.99,0.0,-0.0
PF09759,PF14764,8,5,1,7,4,1006,0.2,0.99,0.12,0.15,5,1,7,4,1006,0.2,0.99,0.12,0.15
PF02390,PF00162,16,21,7,9,14,988,0.33,0.98,0.44,0.37,21,7,9,14,988,0.33,0.98,0.44,0.37
PF03487,PF13530,0,2,0,0,2,1016,0.0,1.0,0,0,2,0,0,2,1016,0.0,1.0,0,0
PF10193,PF16018,15,1,0,15,1,1002,0.0,0.98,0.0,-0.0,1,0,15,1,1002,0.0,0.98,0.0,-0.0
PF01169,PF01980,4,1,0,4,1,1013,0.0,1.0,0.0,-0.0,1,0,4,1,1013,0.0,1.0,0.0,-0.0
PF03049,PF05375,0,7,0,0,7,1011,0.0,0.99,0,0,7,0,0,7,1011,0.0,0.99,0,0
PF11785,PF11786,3,4,3,0,1,1014,0.75,1.0,1.0,0.87,4,3,0,1,1014,0.75,1.0,1.0,0.87
PF15060,PF15231,0,0,0,0,0,1018,0,1.0,0,0,0,0,0,0,1018,0,1.0,0,0
PF13873,PF16064,19,7,5,14,2,997,0.71,0.98,0.26,0.43,7,5,14,2,997,0.71,0.98,0.26,0.43
PF09133,PF10033,5,2,0,5,2,1011,0.0,0.99,0.0,-0.0,2,0,5,2,1011,0.0,0.99,0.0,-0.0
PF01394,PF09268,8,5,3,5,2,1008,0.6,0.99,0.38,0.47,5,3,5,2,1008,0.6,0.99,0.38,0.47
PF01931,PF04681,1,5,0,1,5,1012,0.0,0.99,0.0,-0.0,5,0,1,5,1012,0.0,0.99,0.0,-0.0
PF02493,PF08154,45,12,4,41,8,965,0.33,0.95,0.09,0.15,12,4,41,8,965,0.33,0.95,0.09,0.15
PF02096,PF01245,23,11,3,20,8,987,0.27,0.97,0.13,0.18,11,3,20,8,987,0.27,0.97,0.13,0.18
PF14231,PF00345,0,3,0,0,3,1015,0.0,1.0,0,0,3,0,0,3,1015,0.0,1.0,0,0
PF14680,PF14676,1,1,1,0,0,1017,1.0,1.0,1.0,1.0,1,1,0,0,1017,1.0,1.0,1.0,1.0
PF14344,PF07505,0,0,0,0,0,1018,0,1.0,0,0,0,0,0,0,1018,0,1.0,0,0
PF01744,PF11617,9,1,0,9,1,1008,0.0,0.99,0.0,-0.0,1,0,9,1,1008,0.0,0.99,0.0,-0.0
PF12304,PF15003,1,1,0,1,1,1016,0.0,1.0,0.0,-0.0,1,0,1,1,1016,0.0,1.0,0.0,-0.0
PF00322,PF02394,1,2,0,1,2,1015,0.0,1.0,0.0,-0.0,2,0,1,2,1015,0.0,1.0,0.0,-0.0
PF08065,PF15690,1,0,0,1,0,1017,0,1.0,0.0,0,0,0,1,0,1017,0,1.0,0.0,0
PF10419,PF02234,7,8,0,7,8,1003,0.0,0.99,0.0,-0.01,8,0,7,8,1003,0.0,0.99,0.0,-0.01
PF04461,PF05783,0,9,0,0,9,1009,0.0,0.99,0,0,9,0,0,9,1009,0.0,0.99,0,0
PF03067,PF05335,19,2,1,18,1,998,0.5,0.98,0.05,0.16,2,1,18,1,998,0.5,0.98,0.05,0.16
PF15455,PF10912,1,1,1,0,0,1017,1.0,1.0,1.0,1.0,1,1,0,0,1017,1.0,1.0,1.0,1.0
PF15248,PF12240,5,1,0,5,1,1012,0.0,0.99,0.0,-0.0,1,0,5,1,1012,0.0,0.99,0.0,-0.0
PF01450,PF07991,11,8,8,3,0,1007,1.0,1.0,0.73,0.85,8,8,3,0,1007,1.0,1.0,0.73,0.85
PF04468,PF15050,7,2,0,7,2,1009,0.0,0.99,0.0,-0.0,2,0,7,2,1009,0.0,0.99,0.0,-0.0
PF05690,PF02589,6,6,2,4,4,1008,0.33,0.99,0.33,0.33,6,2,4,4,1008,0.33,0.99,0.33,0.33
PF06753,PF10285,1,0,0,1,0,1017,0,1.0,0.0,0,0,0,1,0,1017,0,1.0,0.0,0
PF16087,PF11427,21,10,4,17,6,991,0.4,0.98,0.19,0.27,10,4,17,6,991,0.4,0.98,0.19,0.27
PF12204,PF17062,2,0,0,2,0,1016,0,1.0,0.0,0,0,0,2,0,1016,0,1.0,0.0,0
PF08019,PF12411,4,1,1,3,0,1014,1.0,1.0,0.25,0.5,1,1,3,0,1014,1.0,1.0,0.25,0.5
PF16036,PF11652,4,1,0,4,1,1013,0.0,1.0,0.0,-0.0,1,0,4,1,1013,0.0,1.0,0.0,-0.0
PF03311,PF05051,14,7,2,12,5,999,0.29,0.98,0.14,0.19,7,2,12,5,999,0.29,0.98,0.14,0.19
PF14985,PF00770,2,1,0,2,1,1015,0.0,1.0,0.0,-0.0,1,0,2,1,1015,0.0,1.0,0.0,-0.0
PF03663,PF03595,16,21,3,13,18,984,0.14,0.97,0.19,0.15,21,3,13,18,984,0.14,0.97,0.19,0.15
PF05431,PF11975,0,8,0,0,8,1010,0.0,0.99,0,0,8,0,0,8,1010,0.0,0.99,0,0
PF16126,PF14307,1,0,0,1,0,1017,0,1.0,0.0,0,0,0,1,0,1017,0,1.0,0.0,0
PF05939,PF06805,0,0,0,0,0,1018,0,1.0,0,0,0,0,0,0,1018,0,1.0,0,0
PF00658,PF11532,14,1,1,13,0,1004,1.0,0.99,0.07,0.27,1,1,13,0,1004,1.0,0.99,0.07,0.27
PF10258,PF04004,9,11,4,5,7,1002,0.36,0.99,0.44,0.4,11,4,5,7,1002,0.36,0.99,0.44,0.4
PF14858,PF10650,0,3,0,0,3,1015,0.0,1.0,0,0,3,0,0,3,1015,0.0,1.0,0,0
PF11510,PF15337,6,3,2,4,1,1011,0.67,1.0,0.33,0.47,3,2,4,1,1011,0.67,1.0,0.33,0.47
PF02102,PF14866,3,0,0,3,0,1015,0,1.0,0.0,0,0,0,3,0,1015,0,1.0,0.0,0
PF08059,PF02099,10,9,3,7,6,1002,0.33,0.99,0.3,0.31,9,3,7,6,1002,0.33,0.99,0.3,0.31
PF02437,PF15223,11,0,0,11,0,1007,0,0.99,0.0,0,0,0,11,0,1007,0,0.99,0.0,0
PF16473,PF05202,1,0,0,1,0,1017,0,1.0,0.0,0,0,0,1,0,1017,0,1.0,0.0,0
PF02033,PF07939,6,2,0,6,2,1010,0.0,0.99,0.0,-0.0,2,0,6,2,1010,0.0,0.99,0.0,-0.0
PF00346,PF01731,12,4,1,11,3,1003,0.25,0.99,0.08,0.14,4,1,11,3,1003,0.25,0.99,0.08,0.14
PF09683,PF05418,0,1,0,0,1,1017,0.0,1.0,0,0,1,0,0,1,1017,0.0,1.0,0,0
PF01205,PF06544,18,13,4,14,9,991,0.31,0.98,0.22,0.25,13,4,14,9,991,0.31,0.98,0.22,0.25
PF12298,PF09282,6,2,1,5,1,1011,0.5,0.99,0.17,0.29,2,1,5,1,1011,0.5,0.99,0.17,0.29
PF07439,PF08210,1,8,0,1,8,1009,0.0,0.99,0.0,-0.0,8,0,1,8,1009,0.0,0.99,0.0,-0.0
PF10680,PF08744,8,0,0,8,0,1010,0,0.99,0.0,0,0,0,8,0,1010,0,0.99,0.0,0
PF17144,PF14204,14,15,11,3,4,1000,0.73,0.99,0.79,0.76,15,11,3,4,1000,0.73,0.99,0.79,0.76
PF15895,PF15553,0,0,0,0,0,1018,0,1.0,0,0,0,0,0,0,1018,0,1.0,0,0
PF14736,PF01775,3,9,0,3,9,1006,0.0,0.99,0.0,-0.01,9,0,3,9,1006,0.0,0.99,0.0,-0.01
PF09461,PF11124,0,0,0,0,0,1018,0,1.0,0,0,0,0,0,0,1018,0,1.0,0,0
PF00487,PF01070,38,45,10,28,35,945,0.22,0.94,0.26,0.21,45,10,28,35,945,0.22,0.94,0.26,0.21
PF17105,PF12157,4,7,3,1,4,1010,0.43,1.0,0.75,0.56,7,3,1,4,1010,0.43,1.0,0.75,0.56
PF14798,PF05308,2,3,1,1,2,1014,0.33,1.0,0.5,0.41,3,1,1,2,1014,0.33,1.0,0.5,0.41
PF15676,PF15134,0,1,0,0,1,1017,0.0,1.0,0,0,1,0,0,1,1017,0.0,1.0,0,0
PF00205,PF02775,26,25,22,4,3,989,0.88,0.99,0.85,0.86,25,22,4,3,989,0.88,0.99,0.85,0.86
PF00146,PF00421,22,17,9,13,8,988,0.53,0.98,0.41,0.46,17,9,13,8,988,0.53,0.98,0.41,0.46
PF13326,PF09252,1,0,0,1,0,1017,0,1.0,0.0,0,0,0,1,0,1017,0,1.0,0.0,0
PF02601,PF01752,2,2,0,2,2,1014,0.0,1.0,0.0,-0.0,2,0,2,2,1014,0.0,1.0,0.0,-0.0
PF01271,PF01093,0,0,0,0,0,1018,0,1.0,0,0,0,0,0,0,1018,0,1.0,0,0
PF12017,PF05485,24,59,18,6,41,953,0.31,0.95,0.75,0.46,59,18,6,41,953,0.31,0.95,0.75,0.46
PF06202,PF14701,3,2,2,1,0,1015,1.0,1.0,0.67,0.82,2,2,1,0,1015,1.0,1.0,0.67,0.82
PF14251,PF15775,2,0,0,2,0,1016,0,1.0,0.0,0,0,0,2,0,1016,0,1.0,0.0,0
PF08880,PF08879,10,4,2,8,2,1006,0.5,0.99,0.2,0.31,4,2,8,2,1006,0.5,0.99,0.2,0.31
PF15149,PF15395,1,0,0,1,0,1017,0,1.0,0.0,0,0,0,1,0,1017,0,1.0,0.0,0
PF03892,PF09488,0,1,0,0,1,1017,0.0,1.0,0,0,1,0,0,1,1017,0.0,1.0,0,0
PF07807,PF07808,5,9,5,0,4,1009,0.56,1.0,1.0,0.74,9,5,0,4,1009,0.56,1.0,1.0,0.74
PF05777,PF07385,0,0,0,0,0,1018,0,1.0,0,0,0,0,0,0,1018,0,1.0,0,0
PF15856,PF14251,1,2,0,1,2,1015,0.0,1.0,0.0,-0.0,2,0,1,2,1015,0.0,1.0,0.0,-0.0
PF05028,PF10257,15,11,3,12,8,995,0.27,0.98,0.2,0.22,11,3,12,8,995,0.27,0.98,0.2,0.22
PF02495,PF11731,0,0,0,0,0,1018,0,1.0,0,0,0,0,0,0,1018,0,1.0,0,0
PF11907,PF13089,1,1,1,0,0,1017,1.0,1.0,1.0,1.0,1,1,0,0,1017,1.0,1.0,1.0,1.0
PF01025,PF01871,15,4,1,14,3,1000,0.25,0.98,0.07,0.12,4,1,14,3,1000,0.25,0.98,0.07,0.12
PF08683,PF17095,8,6,6,2,0,1010,1.0,1.0,0.75,0.87,6,6,2,0,1010,1.0,1.0,0.75,0.87
PF01254,PF04764,1,0,0,1,0,1017,0,1.0,0.0,0,0,0,1,0,1017,0,1.0,0.0,0
PF04954,PF11751,0,0,0,0,0,1018,0,1.0,0,0,0,0,0,0,1018,0,1.0,0,0
PF01185,PF06127,4,4,0,4,4,1010,0.0,0.99,0.0,-0.0,4,0,4,4,1010,0.0,0.99,0.0,-0.0
PF08018,PF16048,0,0,0,0,0,1018,0,1.0,0,0,0,0,0,0,1018,0,1.0,0,0
PF07373,PF07942,0,9,0,0,9,1009,0.0,0.99,0,0,9,0,0,9,1009,0.0,0.99,0,0
PF11612,PF02501,2,2,2,0,0,1016,1.0,1.0,1.0,1.0,2,2,0,0,1016,1.0,1.0,1.0,1.0
PF16191,PF16190,4,3,3,1,0,1014,1.0,1.0,0.75,0.87,3,3,1,0,1014,1.0,1.0,0.75,0.87
PF10435,PF13363,5,5,5,0,0,1013,1.0,1.0,1.0,1.0,5,5,0,0,1013,1.0,1.0,1.0,1.0
PF03469,PF16034,10,2,0,10,2,1006,0.0,0.99,0.0,-0.0,2,0,10,2,1006,0.0,0.99,0.0,-0.0
PF03331,PF01959,1,3,0,1,3,1014,0.0,1.0,0.0,-0.0,3,0,1,3,1014,0.0,1.0,0.0,-0.0
PF06758,PF05911,3,0,0,3,0,1015,0,1.0,0.0,0,0,0,3,0,1015,0,1.0,0.0,0
PF03918,PF15104,1,0,0,1,0,1017,0,1.0,0.0,0,0,0,1,0,1017,0,1.0,0.0,0
PF04849,PF12448,2,2,2,0,0,1016,1.0,1.0,1.0,1.0,2,2,0,0,1016,1.0,1.0,1.0,1.0
PF01591,PF00300,19,67,18,1,49,950,0.27,0.95,0.95,0.49,67,18,1,49,950,0.27,0.95,0.95,0.49
PF15320,PF11029,3,2,0,3,2,1013,0.0,1.0,0.0,-0.0,2,0,3,2,1013,0.0,1.0,0.0,-0.0
PF08494,PF07077,3,3,3,0,0,1015,1.0,1.0,1.0,1.0,3,3,0,0,1015,1.0,1.0,1.0,1.0
PF05295,PF10285,0,0,0,0,0,1018,0,1.0,0,0,0,0,0,0,1018,0,1.0,0,0
PF08888,PF15212,0,0,0,0,0,1018,0,1.0,0,0,0,0,0,0,1018,0,1.0,0,0
PF16153,PF04567,0,12,0,0,12,1006,0.0,0.99,0,0,12,0,0,12,1006,0.0,0.99,0,0
PF00874,PF03123,4,2,2,2,0,1014,1.0,1.0,0.5,0.71,2,2,2,0,1014,1.0,1.0,0.5,0.71
PF13843,PF13842,49,2,2,47,0,969,1.0,0.95,0.04,0.2,2,2,47,0,969,1.0,0.95,0.04,0.2
PF05904,PF09284,1,8,0,1,8,1009,0.0,0.99,0.0,-0.0,8,0,1,8,1009,0.0,0.99,0.0,-0.0
PF09180,PF00458,8,18,5,3,13,997,0.28,0.98,0.62,0.41,18,5,3,13,997,0.28,0.98,0.62,0.41
PF04472,PF03065,0,1,0,0,1,1017,0.0,1.0,0,0,1,0,0,1,1017,0.0,1.0,0,0
PF12509,PF11261,4,6,0,4,6,1008,0.0,0.99,0.0,-0.0,6,0,4,6,1008,0.0,0.99,0.0,-0.0
PF00329,PF01058,17,17,7,10,10,991,0.41,0.98,0.41,0.4,17,7,10,10,991,0.41,0.98,0.41,0.4
PF10890,PF10459,1,2,0,1,2,1015,0.0,1.0,0.0,-0.0,2,0,1,2,1015,0.0,1.0,0.0,-0.0
PF16600,PF16632,1,1,1,0,0,1017,1.0,1.0,1.0,1.0,1,1,0,0,1017,1.0,1.0,1.0,1.0
PF09388,PF04052,0,0,0,0,0,1018,0,1.0,0,0,0,0,0,0,1018,0,1.0,0,0
PF00918,PF03745,1,0,0,1,0,1017,0,1.0,0.0,0,0,0,1,0,1017,0,1.0,0.0,0
PF09612,PF14866,0,0,0,0,0,1018,0,1.0,0,0,0,0,0,0,1018,0,1.0,0,0
PF16511,PF09141,17,10,10,7,0,1001,1.0,0.99,0.59,0.76,10,10,7,0,1001,1.0,0.99,0.59,0.76
PF14336,PF03769,1,1,0,1,1,1016,0.0,1.0,0.0,-0.0,1,0,1,1,1016,0.0,1.0,0.0,-0.0
PF01276,PF03711,7,7,7,0,0,1011,1.0,1.0,1.0,1.0,7,7,0,0,1011,1.0,1.0,1.0,1.0
PF07531,PF08729,11,4,0,11,4,1003,0.0,0.99,0.0,-0.01,4,0,11,4,1003,0.0,0.99,0.0,-0.01
PF13827,PF12946,0,3,0,0,3,1015,0.0,1.0,0,0,3,0,0,3,1015,0.0,1.0,0,0
PF10231,PF12494,8,4,0,8,4,1006,0.0,0.99,0.0,-0.01,4,0,8,4,1006,0.0,0.99,0.0,-0.01
PF01221,PF10157,17,10,5,12,5,996,0.5,0.98,0.29,0.38,10,5,12,5,996,0.5,0.98,0.29,0.38
PF01693,PF00075,23,45,13,10,32,963,0.29,0.96,0.57,0.39,45,13,10,32,963,0.29,0.96,0.57,0.39
PF15914,PF05715,3,3,1,2,2,1013,0.33,1.0,0.33,0.33,3,1,2,2,1013,0.33,1.0,0.33,0.33
PF06984,PF09793,11,7,0,11,7,1000,0.0,0.98,0.0,-0.01,7,0,11,7,1000,0.0,0.98,0.0,-0.01
PF12832,PF03647,13,13,3,10,10,995,0.23,0.98,0.23,0.22,13,3,10,10,995,0.23,0.98,0.23,0.22
PF09118,PF07250,7,7,6,1,1,1010,0.86,1.0,0.86,0.86,7,6,1,1,1010,0.86,1.0,0.86,0.86
PF11834,PF08412,14,6,3,11,3,1001,0.5,0.99,0.21,0.32,6,3,11,3,1001,0.5,0.99,0.21,0.32
PF08250,PF10322,0,0,0,0,0,1018,0,1.0,0,0,0,0,0,0,1018,0,1.0,0,0
PF16871,PF11958,0,5,0,0,5,1013,0.0,1.0,0,0,5,0,0,5,1013,0.0,1.0,0,0
PF07610,PF15082,1,3,0,1,3,1014,0.0,1.0,0.0,-0.0,3,0,1,3,1014,0.0,1.0,0.0,-0.0
PF02252,PF02251,12,6,6,6,0,1006,1.0,0.99,0.5,0.71,6,6,6,0,1006,1.0,0.99,0.5,0.71
PF11822,PF12516,7,0,0,7,0,1011,0,0.99,0.0,0,0,0,7,0,1011,0,0.99,0.0,0
PF10573,PF03713,3,0,0,3,0,1015,0,1.0,0.0,0,0,0,3,0,1015,0,1.0,0.0,0
PF00890,PF02910,48,17,16,32,1,969,0.94,0.97,0.33,0.55,17,16,32,1,969,0.94,0.97,0.33,0.55
PF00013,PF16274,72,2,2,70,0,946,1.0,0.93,0.03,0.16,2,2,70,0,946,1.0,0.93,0.03,0.16
PF05153,PF05995,13,10,4,9,6,999,0.4,0.99,0.31,0.34,10,4,9,6,999,0.4,0.99,0.31,0.34
PF04337,PF08345,1,1,0,1,1,1016,0.0,1.0,0.0,-0.0,1,0,1,1,1016,0.0,1.0,0.0,-0.0
PF04526,PF03188,2,28,1,1,27,989,0.04,0.97,0.5,0.13,28,1,1,27,989,0.04,0.97,0.5,0.13
PF04095,PF00472,11,38,3,8,35,972,0.08,0.96,0.27,0.13,38,3,8,35,972,0.08,0.96,0.27,0.13
PF16090,PF09667,4,0,0,4,0,1014,0,1.0,0.0,0,0,0,4,0,1014,0,1.0,0.0,0
PF15826,PF03406,0,0,0,0,0,1018,0,1.0,0,0,0,0,0,0,1018,0,1.0,0,0
PF00501,PF00550,124,68,53,71,15,879,0.78,0.92,0.43,0.54,68,53,71,15,879,0.78,0.92,0.43,0.54
PF07956,PF15302,7,0,0,7,0,1011,0,0.99,0.0,0,0,0,7,0,1011,0,0.99,0.0,0
PF07308,PF03090,0,0,0,0,0,1018,0,1.0,0,0,0,0,0,0,1018,0,1.0,0,0
PF03378,PF08767,12,11,3,9,8,998,0.27,0.98,0.25,0.25,11,3,9,8,998,0.27,0.98,0.25,0.25
PF05069,PF10077,0,4,0,0,4,1014,0.0,1.0,0,0,4,0,0,4,1014,0.0,1.0,0,0
PF01823,PF01522,22,33,4,18,29,967,0.12,0.95,0.18,0.13,33,4,18,29,967,0.12,0.95,0.18,0.13
PF06541,PF15715,0,0,0,0,0,1018,0,1.0,0,0,0,0,0,0,1018,0,1.0,0,0
PF07339,PF02934,0,11,0,0,11,1007,0.0,0.99,0,0,11,0,0,11,1007,0.0,0.99,0,0
PF06962,PF11842,2,2,2,0,0,1016,1.0,1.0,1.0,1.0,2,2,0,0,1016,1.0,1.0,1.0,1.0
PF01462,PF01463,8,6,6,2,0,1010,1.0,1.0,0.75,0.87,6,6,2,0,1010,1.0,1.0,0.75,0.87
PF06068,PF04979,11,21,6,5,15,992,0.29,0.98,0.55,0.39,21,6,5,15,992,0.29,0.98,0.55,0.39
PF10367,PF10366,18,14,11,7,3,997,0.79,0.99,0.61,0.69,14,11,7,3,997,0.79,0.99,0.61,0.69
PF10721,PF16178,0,10,0,0,10,1008,0.0,0.99,0,0,10,0,0,10,1008,0.0,0.99,0,0
PF00542,PF16320,10,9,9,1,0,1008,1.0,1.0,0.9,0.95,9,9,1,0,1008,1.0,1.0,0.9,0.95
PF05038,PF11304,3,0,0,3,0,1015,0,1.0,0.0,0,0,0,3,0,1015,0,1.0,0.0,0
PF04391,PF03241,0,0,0,0,0,1018,0,1.0,0,0,0,0,0,0,1018,0,1.0,0,0
PF01894,PF08315,14,16,3,11,13,991,0.19,0.98,0.21,0.19,16,3,11,13,991,0.19,0.98,0.21,0.19
PF04220,PF15556,1,0,0,1,0,1017,0,1.0,0.0,0,0,0,1,0,1017,0,1.0,0.0,0
PF04284,PF12209,0,0,0,0,0,1018,0,1.0,0,0,0,0,0,0,1018,0,1.0,0,0
PF08498,PF12589,11,6,3,8,3,1004,0.5,0.99,0.27,0.36,6,3,8,3,1004,0.5,0.99,0.27,0.36
PF03088,PF13506,14,8,1,13,7,997,0.12,0.98,0.07,0.09,8,1,13,7,997,0.12,0.98,0.07,0.09
PF07940,PF04428,6,3,0,6,3,1009,0.0,0.99,0.0,-0.0,3,0,6,3,1009,0.0,0.99,0.0,-0.0
PF05673,PF10566,0,0,0,0,0,1018,0,1.0,0,0,0,0,0,0,1018,0,1.0,0,0
PF05308,PF14798,3,2,1,2,1,1014,0.5,1.0,0.33,0.41,2,1,2,1,1014,0.5,1.0,0.33,0.41
PF16286,PF11764,0,7,0,0,7,1011,0.0,0.99,0,0,7,0,0,7,1011,0.0,0.99,0,0
PF10581,PF02078,0,4,0,0,4,1014,0.0,1.0,0,0,4,0,0,4,1014,0.0,1.0,0,0
PF14863,PF14864,4,4,4,0,0,1014,1.0,1.0,1.0,1.0,4,4,0,0,1014,1.0,1.0,1.0,1.0
PF03173,PF03174,2,3,2,0,1,1015,0.67,1.0,1.0,0.82,3,2,0,1,1015,0.67,1.0,1.0,0.82
PF14464,PF15160,5,0,0,5,0,1013,0,1.0,0.0,0,0,0,5,0,1013,0,1.0,0.0,0
PF10065,PF08498,0,11,0,0,11,1007,0.0,0.99,0,0,11,0,0,11,1007,0.0,0.99,0,0
PF13402,PF02368,3,4,0,3,4,1011,0.0,0.99,0.0,-0.0,4,0,3,4,1011,0.0,0.99,0.0,-0.0
PF01427,PF07930,4,1,0,4,1,1013,0.0,1.0,0.0,-0.0,1,0,4,1,1013,0.0,1.0,0.0,-0.0
PF15108,PF01943,2,0,0,2,0,1016,0,1.0,0.0,0,0,0,2,0,1016,0,1.0,0.0,0
PF10950,PF01114,0,1,0,0,1,1017,0.0,1.0,0,0,1,0,0,1,1017,0.0,1.0,0,0
PF01752,PF08453,2,2,2,0,0,1016,1.0,1.0,1.0,1.0,2,2,0,0,1016,1.0,1.0,1.0,1.0
PF13663,PF02565,2,0,0,2,0,1016,0,1.0,0.0,0,0,0,2,0,1016,0,1.0,0.0,0
PF01741,PF17032,2,0,0,2,0,1016,0,1.0,0.0,0,0,0,2,0,1016,0,1.0,0.0,0
PF03548,PF15186,3,1,0,3,1,1014,0.0,1.0,0.0,-0.0,1,0,3,1,1014,0.0,1.0,0.0,-0.0
PF14229,PF07652,2,6,1,1,5,1011,0.17,0.99,0.5,0.29,6,1,1,5,1011,0.17,0.99,0.5,0.29
PF04559,PF03865,0,0,0,0,0,1018,0,1.0,0,0,0,0,0,0,1018,0,1.0,0,0
PF08270,PF13610,0,1,0,0,1,1017,0.0,1.0,0,0,1,0,0,1,1017,0.0,1.0,0,0
PF04495,PF15279,5,0,0,5,0,1013,0,1.0,0.0,0,0,0,5,0,1013,0,1.0,0.0,0
PF13664,PF09769,9,3,1,8,2,1007,0.33,0.99,0.11,0.19,3,1,8,2,1007,0.33,0.99,0.11,0.19
PF04736,PF11029,1,2,0,1,2,1015,0.0,1.0,0.0,-0.0,2,0,1,2,1015,0.0,1.0,0.0,-0.0
PF15105,PF03050,0,0,0,0,0,1018,0,1.0,0,0,0,0,0,0,1018,0,1.0,0,0
PF03718,PF07080,1,3,0,1,3,1014,0.0,1.0,0.0,-0.0,3,0,1,3,1014,0.0,1.0,0.0,-0.0
PF14362,PF01752,0,2,0,0,2,1016,0.0,1.0,0,0,2,0,0,2,1016,0.0,1.0,0,0
PF01627,PF06376,8,2,2,6,0,1010,1.0,0.99,0.25,0.5,2,2,6,0,1010,1.0,0.99,0.25,0.5
PF08524,PF01416,6,21,4,2,17,995,0.19,0.98,0.67,0.35,21,4,2,17,995,0.19,0.98,0.67,0.35
PF00676,PF02779,35,41,20,15,21,962,0.49,0.96,0.57,0.51,41,20,15,21,962,0.49,0.96,0.57,0.51
PF11074,PF09677,0,0,0,0,0,1018,0,1.0,0,0,0,0,0,0,1018,0,1.0,0,0
PF07723,PF08268,10,12,4,6,8,1000,0.33,0.99,0.4,0.36,12,4,6,8,1000,0.33,0.99,0.4,0.36
PF14842,PF14841,0,1,0,0,1,1017,0.0,1.0,0,0,1,0,0,1,1017,0.0,1.0,0,0
PF04422,PF15805,0,0,0,0,0,1018,0,1.0,0,0,0,0,0,0,1018,0,1.0,0,0
PF05326,PF08404,0,0,0,0,0,1018,0,1.0,0,0,0,0,0,0,1018,0,1.0,0,0
PF12449,PF12935,4,0,0,4,0,1014,0,1.0,0.0,0,0,0,4,0,1014,0,1.0,0.0,0
PF04691,PF15760,1,0,0,1,0,1017,0,1.0,0.0,0,0,0,1,0,1017,0,1.0,0.0,0
PF11571,PF10496,8,14,2,6,12,998,0.14,0.98,0.25,0.18,14,2,6,12,998,0.14,0.98,0.25,0.18
PF05721,PF14027,38,16,10,28,6,974,0.62,0.97,0.26,0.39,16,10,28,6,974,0.62,0.97,0.26,0.39
PF12412,PF05167,0,1,0,0,1,1017,0.0,1.0,0,0,1,0,0,1,1017,0.0,1.0,0,0
PF15228,PF06592,2,1,0,2,1,1015,0.0,1.0,0.0,-0.0,1,0,2,1,1015,0.0,1.0,0.0,-0.0
PF01448,PF08558,17,4,0,17,4,997,0.0,0.98,0.0,-0.01,4,0,17,4,997,0.0,0.98,0.0,-0.01
PF10482,PF07001,1,5,0,1,5,1012,0.0,0.99,0.0,-0.0,5,0,1,5,1012,0.0,0.99,0.0,-0.0
PF12499,PF11765,1,1,0,1,1,1016,0.0,1.0,0.0,-0.0,1,0,1,1,1016,0.0,1.0,0.0,-0.0
PF03692,PF15062,1,0,0,1,0,1017,0,1.0,0.0,0,0,0,1,0,1017,0,1.0,0.0,0
PF03161,PF00831,9,10,1,8,9,1000,0.1,0.98,0.11,0.1,10,1,8,9,1000,0.1,0.98,0.11,0.1
PF09347,PF07086,5,0,0,5,0,1013,0,1.0,0.0,0,0,0,5,0,1013,0,1.0,0.0,0
PF03400,PF05634,2,8,0,2,8,1008,0.0,0.99,0.0,-0.0,8,0,2,8,1008,0.0,0.99,0.0,-0.0
PF02489,PF13414,0,40,0,0,40,978,0.0,0.96,0,0,40,0,0,40,978,0.0,0.96,0,0
PF06853,PF12147,1,1,0,1,1,1016,0.0,1.0,0.0,-0.0,1,0,1,1,1016,0.0,1.0,0.0,-0.0
PF11912,PF15333,0,0,0,0,0,1018,0,1.0,0,0,0,0,0,0,1018,0,1.0,0,0
PF05677,PF12898,0,0,0,0,0,1018,0,1.0,0,0,0,0,0,0,1018,0,1.0,0,0
PF11078,PF16176,2,4,1,1,3,1013,0.25,1.0,0.5,0.35,4,1,1,3,1013,0.25,1.0,0.5,0.35
PF08190,PF02163,26,10,3,23,7,985,0.3,0.97,0.12,0.17,10,3,23,7,985,0.3,0.97,0.12,0.17
PF06228,PF06956,0,2,0,0,2,1016,0.0,1.0,0,0,2,0,0,2,1016,0.0,1.0,0,0
PF10606,PF10482,1,1,0,1,1,1016,0.0,1.0,0.0,-0.0,1,0,1,1,1016,0.0,1.0,0.0,-0.0
PF03230,PF04964,0,0,0,0,0,1018,0,1.0,0,0,0,0,0,0,1018,0,1.0,0,0
PF08145,PF04494,4,10,2,2,8,1006,0.2,0.99,0.5,0.31,10,2,2,8,1006,0.2,0.99,0.5,0.31
PF03729,PF03090,0,0,0,0,0,1018,0,1.0,0,0,0,0,0,0,1018,0,1.0,0,0
PF08550,PF11702,13,1,1,12,0,1005,1.0,0.99,0.08,0.28,1,1,12,0,1005,1.0,0.99,0.08,0.28
PF12251,PF09816,7,6,4,3,2,1009,0.67,1.0,0.57,0.61,6,4,3,2,1009,0.67,1.0,0.57,0.61
PF15333,PF05399,0,0,0,0,0,1018,0,1.0,0,0,0,0,0,0,1018,0,1.0,0,0
PF05542,PF02470,3,4,0,3,4,1011,0.0,0.99,0.0,-0.0,4,0,3,4,1011,0.0,0.99,0.0,-0.0
PF03483,PF03484,18,14,14,4,0,1000,1.0,1.0,0.78,0.88,14,14,4,0,1000,1.0,1.0,0.78,0.88
PF07987,PF09278,2,2,1,1,1,1015,0.5,1.0,0.5,0.5,2,1,1,1,1015,0.5,1.0,0.5,0.5
PF03235,PF13810,4,1,0,4,1,1013,0.0,1.0,0.0,-0.0,1,0,4,1,1013,0.0,1.0,0.0,-0.0
PF00636,PF14622,22,22,13,9,9,987,0.59,0.98,0.59,0.58,22,13,9,9,987,0.59,0.98,0.59,0.58
PF08784,PF09170,14,2,1,13,1,1003,0.5,0.99,0.07,0.19,2,1,13,1,1003,0.5,0.99,0.07,0.19
PF01424,PF11952,37,6,6,31,0,981,1.0,0.97,0.16,0.4,6,6,31,0,981,1.0,0.97,0.16,0.4
PF00923,PF06376,13,2,1,12,1,1004,0.5,0.99,0.08,0.19,2,1,12,1,1004,0.5,0.99,0.08,0.19
PF07828,PF16829,1,0,0,1,0,1017,0,1.0,0.0,0,0,0,1,0,1017,0,1.0,0.0,0
PF01062,PF03619,26,27,10,16,17,975,0.37,0.97,0.38,0.36,27,10,16,17,975,0.37,0.97,0.38,0.36
PF01159,PF03868,19,13,9,10,4,995,0.69,0.99,0.47,0.57,13,9,10,4,995,0.69,0.99,0.47,0.57
PF05587,PF05586,6,2,2,4,0,1012,1.0,1.0,0.33,0.58,2,2,4,0,1012,1.0,1.0,0.33,0.58
PF02300,PF00574,0,18,0,0,18,1000,0.0,0.98,0,0,18,0,0,18,1000,0.0,0.98,0,0
PF12812,PF13180,1,32,1,0,31,986,0.03,0.97,1.0,0.17,32,1,0,31,986,0.03,0.97,1.0,0.17
PF02190,PF12037,27,1,1,26,0,991,1.0,0.97,0.04,0.19,1,1,26,0,991,1.0,0.97,0.04,0.19
PF03255,PF12297,12,0,0,12,0,1006,0,0.99,0.0,0,0,0,12,0,1006,0,0.99,0.0,0
PF08487,PF13768,11,21,11,0,10,997,0.52,0.99,1.0,0.72,21,11,0,10,997,0.52,0.99,1.0,0.72
PF08031,PF04030,41,21,7,34,14,963,0.33,0.95,0.17,0.22,21,7,34,14,963,0.33,0.95,0.17,0.22
PF10278,PF02605,7,0,0,7,0,1011,0,0.99,0.0,0,0,0,7,0,1011,0,0.99,0.0,0
PF02613,PF15776,1,2,0,1,2,1015,0.0,1.0,0.0,-0.0,2,0,1,2,1015,0.0,1.0,0.0,-0.0
PF06396,PF16594,3,1,0,3,1,1014,0.0,1.0,0.0,-0.0,1,0,3,1,1014,0.0,1.0,0.0,-0.0
PF00397,PF09445,83,11,8,75,3,932,0.73,0.92,0.1,0.25,11,8,75,3,932,0.73,0.92,0.1,0.25
PF04204,PF03049,0,0,0,0,0,1018,0,1.0,0,0,0,0,0,0,1018,0,1.0,0,0
PF00098,PF02093,101,5,4,97,1,916,0.8,0.9,0.04,0.16,5,4,97,1,916,0.8,0.9,0.04,0.16
PF09346,PF11566,2,7,2,0,5,1011,0.29,1.0,1.0,0.53,7,2,0,5,1011,0.29,1.0,1.0,0.53
PF10063,PF06695,3,0,0,3,0,1015,0,1.0,0.0,0,0,0,3,0,1015,0,1.0,0.0,0
PF13934,PF10699,8,1,0,8,1,1009,0.0,0.99,0.0,-0.0,1,0,8,1,1009,0.0,0.99,0.0,-0.0
PF08079,PF12076,11,5,1,10,4,1003,0.2,0.99,0.09,0.13,5,1,10,4,1003,0.2,0.99,0.09,0.13
PF00231,PF05497,17,5,0,17,5,996,0.0,0.98,0.0,-0.01,5,0,17,5,996,0.0,0.98,0.0,-0.01
PF10192,PF05826,8,11,2,6,9,1001,0.18,0.99,0.25,0.21,11,2,6,9,1001,0.18,0.99,0.25,0.21
PF11556,PF12361,1,1,1,0,0,1017,1.0,1.0,1.0,1.0,1,1,0,0,1017,1.0,1.0,1.0,1.0
PF01759,PF07703,16,13,8,8,5,997,0.62,0.99,0.5,0.55,13,8,8,5,997,0.62,0.99,0.5,0.55
PF08459,PF04313,12,4,3,9,1,1005,0.75,0.99,0.25,0.43,4,3,9,1,1005,0.75,0.99,0.25,0.43
PF08225,PF08187,0,1,0,0,1,1017,0.0,1.0,0,0,1,0,0,1,1017,0.0,1.0,0,0
PF01326,PF00391,14,12,8,6,4,1000,0.67,0.99,0.57,0.61,12,8,6,4,1000,0.67,0.99,0.57,0.61
PF06980,PF01514,0,0,0,0,0,1018,0,1.0,0,0,0,0,0,0,1018,0,1.0,0,0
PF09154,PF16657,3,1,1,2,0,1015,1.0,1.0,0.33,0.58,1,1,2,0,1015,1.0,1.0,0.33,0.58
PF00939,PF03105,17,31,12,5,19,982,0.39,0.98,0.71,0.51,31,12,5,19,982,0.39,0.98,0.71,0.51
PF08107,PF15576,0,1,0,0,1,1017,0.0,1.0,0,0,1,0,0,1,1017,0.0,1.0,0,0
PF04166,PF15623,6,0,0,6,0,1012,0,0.99,0.0,0,0,0,6,0,1012,0,0.99,0.0,0
PF17193,PF01312,0,0,0,0,0,1018,0,1.0,0,0,0,0,0,0,1018,0,1.0,0,0
PF00072,PF03924,71,8,8,63,0,947,1.0,0.94,0.11,0.33,8,8,63,0,947,1.0,0.94,0.11,0.33
PF00574,PF13664,18,9,4,14,5,995,0.44,0.98,0.22,0.31,9,4,14,5,995,0.44,0.98,0.22,0.31
PF10481,PF07926,4,9,0,4,9,1005,0.0,0.99,0.0,-0.01,9,0,4,9,1005,0.0,0.99,0.0,-0.01
PF15683,PF06729,0,0,0,0,0,1018,0,1.0,0,0,0,0,0,0,1018,0,1.0,0,0
PF09779,PF06972,2,2,0,2,2,1014,0.0,1.0,0.0,-0.0,2,0,2,2,1014,0.0,1.0,0.0,-0.0
PF12161,PF13588,2,2,2,0,0,1016,1.0,1.0,1.0,1.0,2,2,0,0,1016,1.0,1.0,1.0,1.0
PF03373,PF08657,1,2,0,1,2,1015,0.0,1.0,0.0,-0.0,2,0,1,2,1015,0.0,1.0,0.0,-0.0
PF00739,PF17014,1,0,0,1,0,1017,0,1.0,0.0,0,0,0,1,0,1017,0,1.0,0.0,0
PF16159,PF09354,4,4,2,2,2,1012,0.5,1.0,0.5,0.5,4,2,2,2,1012,0.5,1.0,0.5,0.5
PF07753,PF02955,0,4,0,0,4,1014,0.0,1.0,0,0,4,0,0,4,1014,0.0,1.0,0,0
PF00720,PF12686,1,0,0,1,0,1017,0,1.0,0.0,0,0,0,1,0,1017,0,1.0,0.0,0
PF06544,PF01205,13,18,4,9,14,991,0.22,0.98,0.31,0.25,18,4,9,14,991,0.22,0.98,0.31,0.25
PF10376,PF09367,1,0,0,1,0,1017,0,1.0,0.0,0,0,0,1,0,1017,0,1.0,0.0,0
PF16278,PF04592,9,1,0,9,1,1008,0.0,0.99,0.0,-0.0,1,0,9,1,1008,0.0,0.99,0.0,-0.0
PF16899,PF02984,10,43,3,7,40,968,0.07,0.95,0.3,0.13,43,3,7,40,968,0.07,0.95,0.3,0.13
PF01282,PF00159,6,2,1,5,1,1011,0.5,0.99,0.17,0.29,2,1,5,1,1011,0.5,0.99,0.17,0.29
PF08426,PF12904,0,0,0,0,0,1018,0,1.0,0,0,0,0,0,0,1018,0,1.0,0,0
PF03143,PF09173,25,5,3,22,2,991,0.6,0.98,0.12,0.26,5,3,22,2,991,0.6,0.98,0.12,0.26
PF06351,PF01241,2,0,0,2,0,1016,0,1.0,0.0,0,0,0,2,0,1016,0,1.0,0.0,0
PF10436,PF09239,16,2,0,16,2,1000,0.0,0.98,0.0,-0.01,2,0,16,2,1000,0.0,0.98,0.0,-0.01
PF11521,PF02002,2,11,2,0,9,1007,0.18,0.99,1.0,0.42,11,2,0,9,1007,0.18,0.99,1.0,0.42
PF07992,PF01180,89,22,13,76,9,920,0.59,0.92,0.15,0.26,22,13,76,9,920,0.59,0.92,0.15,0.26
PF09782,PF15377,6,0,0,6,0,1012,0,0.99,0.0,0,0,0,6,0,1012,0,0.99,0.0,0
PF14526,PF00183,4,33,1,3,32,982,0.03,0.97,0.25,0.08,33,1,3,32,982,0.03,0.97,0.25,0.08
PF01868,PF10332,10,0,0,10,0,1008,0,0.99,0.0,0,0,0,10,0,1008,0,0.99,0.0,0
PF05925,PF06711,2,0,0,2,0,1016,0,1.0,0.0,0,0,0,2,0,1016,0,1.0,0.0,0
PF13613,PF12596,8,5,3,5,2,1008,0.6,0.99,0.38,0.47,5,3,5,2,1008,0.6,0.99,0.38,0.47
PF14057,PF08119,0,1,0,0,1,1017,0.0,1.0,0,0,1,0,0,1,1017,0.0,1.0,0,0
PF12359,PF12340,8,8,8,0,0,1010,1.0,1.0,1.0,1.0,8,8,0,0,1010,1.0,1.0,1.0,1.0
PF01608,PF08913,22,4,4,18,0,996,1.0,0.98,0.18,0.42,4,4,18,0,996,1.0,0.98,0.18,0.42
PF14740,PF04194,3,10,1,2,9,1006,0.1,0.99,0.33,0.18,10,1,2,9,1006,0.1,0.99,0.33,0.18
PF10319,PF10326,1,20,0,1,20,997,0.0,0.98,0.0,-0.0,20,0,1,20,997,0.0,0.98,0.0,-0.0
PF10941,PF11351,0,0,0,0,0,1018,0,1.0,0,0,0,0,0,0,1018,0,1.0,0,0
PF08923,PF10457,3,7,2,1,5,1010,0.29,0.99,0.67,0.43,7,2,1,5,1010,0.29,0.99,0.67,0.43
PF14980,PF07661,0,2,0,0,2,1016,0.0,1.0,0,0,2,0,0,2,1016,0.0,1.0,0,0
PF07238,PF06761,1,0,0,1,0,1017,0,1.0,0.0,0,0,0,1,0,1017,0,1.0,0.0,0
PF03415,PF15888,1,0,0,1,0,1017,0,1.0,0.0,0,0,0,1,0,1017,0,1.0,0.0,0
PF00248,PF00701,76,22,13,63,9,933,0.59,0.93,0.17,0.29,22,13,63,9,933,0.59,0.93,0.17,0.29
PF15091,PF15556,0,0,0,0,0,1018,0,1.0,0,0,0,0,0,0,1018,0,1.0,0,0
PF07301,PF05979,0,0,0,0,0,1018,0,1.0,0,0,0,0,0,0,1018,0,1.0,0,0
PF12494,PF02448,4,0,0,4,0,1014,0,1.0,0.0,0,0,0,4,0,1014,0,1.0,0.0,0
PF10104,PF04090,8,2,1,7,1,1009,0.5,0.99,0.12,0.25,2,1,7,1,1009,0.5,0.99,0.12,0.25
PF02864,PF02865,4,4,3,1,1,1013,0.75,1.0,0.75,0.75,4,3,1,1,1013,0.75,1.0,0.75,0.75
PF09294,PF07140,2,2,1,1,1,1015,0.5,1.0,0.5,0.5,2,1,1,1,1015,0.5,1.0,0.5,0.5
PF07995,PF02012,14,0,0,14,0,1004,0,0.99,0.0,0,0,0,14,0,1004,0,0.99,0.0,0
PF00772,PF13662,6,7,3,3,4,1008,0.43,0.99,0.5,0.46,7,3,3,4,1008,0.43,0.99,0.5,0.46
PF12424,PF12409,9,14,3,6,11,998,0.21,0.98,0.33,0.26,14,3,6,11,998,0.21,0.98,0.33,0.26
PF16041,PF12936,7,8,1,6,7,1004,0.12,0.99,0.14,0.13,8,1,6,7,1004,0.12,0.99,0.14,0.13
PF02659,PF07376,0,0,0,0,0,1018,0,1.0,0,0,0,0,0,0,1018,0,1.0,0,0
PF02720,PF07016,2,0,0,2,0,1016,0,1.0,0.0,0,0,0,2,0,1016,0,1.0,0.0,0
PF14803,PF15916,4,4,3,1,1,1013,0.75,1.0,0.75,0.75,4,3,1,1,1013,0.75,1.0,0.75,0.75
PF14700,PF00940,10,9,8,2,1,1007,0.89,1.0,0.8,0.84,9,8,2,1,1007,0.89,1.0,0.8,0.84
PF01183,PF09631,11,10,2,9,8,999,0.2,0.98,0.18,0.18,10,2,9,8,999,0.2,0.98,0.18,0.18
PF05183,PF12612,27,13,3,24,10,981,0.23,0.97,0.11,0.14,13,3,24,10,981,0.23,0.97,0.11,0.14
PF03348,PF05251,16,2,2,14,0,1002,1.0,0.99,0.12,0.35,2,2,14,0,1002,1.0,0.99,0.12,0.35
PF15922,PF13597,2,4,2,0,2,1014,0.5,1.0,1.0,0.71,4,2,0,2,1014,0.5,1.0,1.0,0.71
PF01329,PF01097,16,3,0,16,3,999,0.0,0.98,0.0,-0.01,3,0,16,3,999,0.0,0.98,0.0,-0.01
PF03984,PF07085,0,6,0,0,6,1012,0.0,0.99,0,0,6,0,0,6,1012,0.0,0.99,0,0
PF12583,PF12580,1,4,1,0,3,1014,0.25,1.0,1.0,0.5,4,1,0,3,1014,0.25,1.0,1.0,0.5
PF00254,PF13174,57,14,7,50,7,954,0.5,0.94,0.12,0.23,14,7,50,7,954,0.5,0.94,0.12,0.23
PF08766,PF02229,32,14,8,24,6,980,0.57,0.97,0.25,0.37,14,8,24,6,980,0.57,0.97,0.25,0.37
PF16134,PF11732,7,6,6,1,0,1011,1.0,1.0,0.86,0.93,6,6,1,0,1011,1.0,1.0,0.86,0.93
PF01867,PF12544,3,0,0,3,0,1015,0,1.0,0.0,0,0,0,3,0,1015,0,1.0,0.0,0
PF13548,PF13677,1,0,0,1,0,1017,0,1.0,0.0,0,0,0,1,0,1017,0,1.0,0.0,0
PF11913,PF07816,17,0,0,17,0,1001,0,0.98,0.0,0,0,0,17,0,1001,0,0.98,0.0,0
PF01556,PF14308,42,11,6,36,5,971,0.55,0.96,0.14,0.26,11,6,36,5,971,0.55,0.96,0.14,0.26
PF00321,PF06232,0,4,0,0,4,1014,0.0,1.0,0,0,4,0,0,4,1014,0.0,1.0,0,0
PF06890,PF07157,0,0,0,0,0,1018,0,1.0,0,0,0,0,0,0,1018,0,1.0,0,0
PF05158,PF06219,7,2,1,6,1,1010,0.5,0.99,0.14,0.26,2,1,6,1,1010,0.5,0.99,0.14,0.26
PF05546,PF12049,8,0,0,8,0,1010,0,0.99,0.0,0,0,0,8,0,1010,0,0.99,0.0,0
PF09765,PF11793,6,7,6,0,1,1011,0.86,1.0,1.0,0.93,7,6,0,1,1011,0.86,1.0,1.0,0.93
PF04037,PF04910,4,8,1,3,7,1007,0.12,0.99,0.25,0.17,8,1,3,7,1007,0.12,0.99,0.25,0.17
PF01067,PF00648,35,47,31,4,16,967,0.66,0.98,0.89,0.75,47,31,4,16,967,0.66,0.98,0.89,0.75
PF00673,PF00281,23,22,18,5,4,991,0.82,0.99,0.78,0.8,22,18,5,4,991,0.82,0.99,0.78,0.8
PF13729,PF09394,0,0,0,0,0,1018,0,1.0,0,0,0,0,0,0,1018,0,1.0,0,0
PF09368,PF09732,3,11,1,2,10,1005,0.09,0.99,0.33,0.17,11,1,2,10,1005,0.09,0.99,0.33,0.17
PF12439,PF01660,0,6,0,0,6,1012,0.0,0.99,0,0,6,0,0,6,1012,0.0,0.99,0,0
PF12943,PF10780,4,0,0,4,0,1014,0,1.0,0.0,0,0,0,4,0,1014,0,1.0,0.0,0
PF15898,PF09310,2,0,0,2,0,1016,0,1.0,0.0,0,0,0,2,0,1016,0,1.0,0.0,0
PF00418,PF08377,4,1,1,3,0,1014,1.0,1.0,0.25,0.5,1,1,3,0,1014,1.0,1.0,0.25,0.5
PF16335,PF17168,4,4,4,0,0,1014,1.0,1.0,1.0,1.0,4,4,0,0,1014,1.0,1.0,1.0,1.0
PF04942,PF01549,2,43,1,1,42,974,0.02,0.96,0.5,0.1,43,1,1,42,974,0.02,0.96,0.5,0.1
PF06985,PF01048,67,30,19,48,11,940,0.63,0.94,0.28,0.4,30,19,48,11,940,0.63,0.94,0.28,0.4
PF08555,PF10780,4,0,0,4,0,1014,0,1.0,0.0,0,0,0,4,0,1014,0,1.0,0.0,0
PF14048,PF16564,8,7,7,1,0,1010,1.0,1.0,0.88,0.93,7,7,1,0,1010,1.0,1.0,0.88,0.93
PF12643,PF12638,3,5,1,2,4,1011,0.2,0.99,0.33,0.26,5,1,2,4,1011,0.2,0.99,0.33,0.26
PF01526,PF16732,1,0,0,1,0,1017,0,1.0,0.0,0,0,0,1,0,1017,0,1.0,0.0,0
PF08205,PF07686,29,57,20,9,37,952,0.35,0.95,0.69,0.47,57,20,9,37,952,0.35,0.95,0.69,0.47
PF04324,PF13806,9,14,8,1,6,1003,0.57,0.99,0.89,0.71,14,8,1,6,1003,0.57,0.99,0.89,0.71
PF11522,PF14621,3,2,1,2,1,1014,0.5,1.0,0.33,0.41,2,1,2,1,1014,0.5,1.0,0.33,0.41
PF08027,PF03784,1,0,0,1,0,1017,0,1.0,0.0,0,0,0,1,0,1017,0,1.0,0.0,0
PF00168,PF10540,133,9,9,124,0,885,1.0,0.88,0.07,0.24,9,9,124,0,885,1.0,0.88,0.07,0.24
PF17078,PF06485,1,4,0,1,4,1013,0.0,1.0,0.0,-0.0,4,0,1,4,1013,0.0,1.0,0.0,-0.0
PF01109,PF03745,2,0,0,2,0,1016,0,1.0,0.0,0,0,0,2,0,1016,0,1.0,0.0,0
PF05035,PF00356,3,13,1,2,12,1003,0.08,0.99,0.33,0.16,13,1,2,12,1003,0.08,0.99,0.33,0.16
PF07403,PF14297,0,0,0,0,0,1018,0,1.0,0,0,0,0,0,0,1018,0,1.0,0,0
PF07738,PF09387,28,0,0,28,0,990,0,0.97,0.0,0,0,0,28,0,990,0,0.97,0.0,0
PF05454,PF10383,2,6,0,2,6,1010,0.0,0.99,0.0,-0.0,6,0,2,6,1010,0.0,0.99,0.0,-0.0
PF14586,PF15667,1,0,0,1,0,1017,0,1.0,0.0,0,0,0,1,0,1017,0,1.0,0.0,0
PF05627,PF06136,8,6,3,5,3,1007,0.5,0.99,0.38,0.43,6,3,5,3,1007,0.5,0.99,0.38,0.43
PF05115,PF08026,2,0,0,2,0,1016,0,1.0,0.0,0,0,0,2,0,1016,0,1.0,0.0,0
PF15768,PF05202,0,0,0,0,0,1018,0,1.0,0,0,0,0,0,0,1018,0,1.0,0,0
PF12515,PF12409,8,14,5,3,9,1001,0.36,0.99,0.62,0.47,14,5,3,9,1001,0.36,0.99,0.62,0.47
PF00639,PF09445,14,11,1,13,10,994,0.09,0.98,0.07,0.07,11,1,13,10,994,0.09,0.98,0.07,0.07
PF15379,PF11652,0,1,0,0,1,1017,0.0,1.0,0,0,1,0,0,1,1017,0.0,1.0,0,0
PF09050,PF09051,0,0,0,0,0,1018,0,1.0,0,0,0,0,0,0,1018,0,1.0,0,0
PF04341,PF01458,0,2,0,0,2,1016,0.0,1.0,0,0,2,0,0,2,1016,0.0,1.0,0,0
PF01043,PF07516,3,3,3,0,0,1015,1.0,1.0,1.0,1.0,3,3,0,0,1015,1.0,1.0,1.0,1.0
PF03480,PF06808,8,8,7,1,1,1009,0.88,1.0,0.88,0.87,8,7,1,1,1009,0.88,1.0,0.88,0.87
PF17077,PF03743,1,7,0,1,7,1010,0.0,0.99,0.0,-0.0,7,0,1,7,1010,0.0,0.99,0.0,-0.0
PF09291,PF10570,0,1,0,0,1,1017,0.0,1.0,0,0,1,0,0,1,1017,0.0,1.0,0,0
PF07757,PF04516,12,8,3,9,5,1001,0.38,0.99,0.25,0.3,8,3,9,5,1001,0.38,0.99,0.25,0.3
PF08028,PF12806,3,3,3,0,0,1015,1.0,1.0,1.0,1.0,3,3,0,0,1015,1.0,1.0,1.0,1.0
PF01132,PF09285,6,6,6,0,0,1012,1.0,1.0,1.0,1.0,6,6,0,0,1012,1.0,1.0,1.0,1.0
PF14857,PF05308,4,3,0,4,3,1011,0.0,0.99,0.0,-0.0,3,0,4,3,1011,0.0,0.99,0.0,-0.0
PF12572,PF09350,11,3,0,11,3,1004,0.0,0.99,0.0,-0.01,3,0,11,3,1004,0.0,0.99,0.0,-0.01
PF01368,PF02833,21,13,11,10,2,995,0.85,0.99,0.52,0.66,13,11,10,2,995,0.85,0.99,0.52,0.66
PF13287,PF12773,5,3,2,3,1,1012,0.67,1.0,0.4,0.51,3,2,3,1,1012,0.67,1.0,0.4,0.51
PF07814,PF10188,12,0,0,12,0,1006,0,0.99,0.0,0,0,0,12,0,1006,0,0.99,0.0,0
PF00683,PF06816,7,5,3,4,2,1009,0.6,0.99,0.43,0.5,5,3,4,2,1009,0.6,0.99,0.43,0.5
PF15364,PF06541,0,0,0,0,0,1018,0,1.0,0,0,0,0,0,0,1018,0,1.0,0,0
PF15272,PF14842,0,0,0,0,0,1018,0,1.0,0,0,0,0,0,0,1018,0,1.0,0,0
PF02809,PF03127,25,11,6,19,5,988,0.55,0.98,0.24,0.35,11,6,19,5,988,0.55,0.98,0.24,0.35
PF02567,PF13380,17,8,5,12,3,998,0.62,0.99,0.29,0.42,8,5,12,3,998,0.62,0.99,0.29,0.42
PF06203,PF00320,14,41,8,6,33,971,0.2,0.96,0.57,0.32,41,8,6,33,971,0.2,0.96,0.57,0.32
PF09280,PF09055,9,5,2,7,3,1006,0.4,0.99,0.22,0.29,5,2,7,3,1006,0.4,0.99,0.22,0.29
PF12310,PF02198,2,16,2,0,14,1002,0.12,0.99,1.0,0.35,16,2,0,14,1002,0.12,0.99,1.0,0.35
PF02992,PF13960,13,5,4,9,1,1004,0.8,0.99,0.31,0.49,5,4,9,1,1004,0.8,0.99,0.31,0.49
PF07650,PF16897,14,10,5,9,5,999,0.5,0.99,0.36,0.42,10,5,9,5,999,0.5,0.99,0.36,0.42
PF11412,PF08411,0,1,0,0,1,1017,0.0,1.0,0,0,1,0,0,1,1017,0.0,1.0,0,0
PF10313,PF08145,4,4,1,3,3,1011,0.25,0.99,0.25,0.25,4,1,3,3,1011,0.25,0.99,0.25,0.25
PF09121,PF09169,0,5,0,0,5,1013,0.0,1.0,0,0,5,0,0,5,1013,0.0,1.0,0,0
PF09067,PF12772,2,1,1,1,0,1016,1.0,1.0,0.5,0.71,1,1,1,0,1016,1.0,1.0,0.5,0.71
PF07960,PF05962,2,1,0,2,1,1015,0.0,1.0,0.0,-0.0,1,0,2,1,1015,0.0,1.0,0.0,-0.0
PF04450,PF04690,2,2,0,2,2,1014,0.0,1.0,0.0,-0.0,2,0,2,2,1014,0.0,1.0,0.0,-0.0
PF09079,PF16725,10,3,2,8,1,1007,0.67,0.99,0.2,0.36,3,2,8,1,1007,0.67,0.99,0.2,0.36
PF16754,PF12034,0,0,0,0,0,1018,0,1.0,0,0,0,0,0,0,1018,0,1.0,0,0
PF03815,PF08305,11,4,1,10,3,1004,0.25,0.99,0.09,0.15,4,1,10,3,1004,0.25,0.99,0.09,0.15
PF13648,PF14865,0,0,0,0,0,1018,0,1.0,0,0,0,0,0,0,1018,0,1.0,0,0
PF01751,PF01131,30,20,16,14,4,984,0.8,0.98,0.53,0.64,20,16,14,4,984,0.8,0.98,0.53,0.64
PF07425,PF08719,0,19,0,0,19,999,0.0,0.98,0,0,19,0,0,19,999,0.0,0.98,0,0
PF00686,PF16387,36,1,1,35,0,982,1.0,0.97,0.03,0.16,1,1,35,0,982,1.0,0.97,0.03,0.16
PF13892,PF09110,16,14,11,5,3,999,0.79,0.99,0.69,0.73,14,11,5,3,999,0.79,0.99,0.69,0.73
PF03037,PF12840,0,0,0,0,0,1018,0,1.0,0,0,0,0,0,0,1018,0,1.0,0,0
PF03181,PF03514,5,20,2,3,18,995,0.1,0.98,0.4,0.19,20,2,3,18,995,0.1,0.98,0.4,0.19
PF08514,PF04048,13,11,3,10,8,997,0.27,0.98,0.23,0.24,11,3,10,8,997,0.27,0.98,0.23,0.24
PF04675,PF01068,18,19,18,0,1,999,0.95,1.0,1.0,0.97,19,18,0,1,999,0.95,1.0,1.0,0.97
PF00730,PF00633,30,6,3,27,3,985,0.5,0.97,0.1,0.21,6,3,27,3,985,0.5,0.97,0.1,0.21
PF00727,PF02024,4,1,0,4,1,1013,0.0,1.0,0.0,-0.0,1,0,4,1,1013,0.0,1.0,0.0,-0.0
PF00688,PF04709,15,1,1,14,0,1003,1.0,0.99,0.07,0.26,1,1,14,0,1003,1.0,0.99,0.07,0.26
PF01275,PF14798,5,2,0,5,2,1011,0.0,0.99,0.0,-0.0,2,0,5,2,1011,0.0,0.99,0.0,-0.0
PF01624,PF05188,28,28,27,1,1,989,0.96,1.0,0.96,0.96,28,27,1,1,989,0.96,1.0,0.96,0.96
PF09801,PF05512,8,3,0,8,3,1007,0.0,0.99,0.0,-0.0,3,0,8,3,1007,0.0,0.99,0.0,-0.0
PF16315,PF01475,0,4,0,0,4,1014,0.0,1.0,0,0,4,0,0,4,1014,0.0,1.0,0,0
PF11211,PF08093,0,1,0,0,1,1017,0.0,1.0,0,0,1,0,0,1,1017,0.0,1.0,0,0
PF01196,PF15860,16,6,1,15,5,997,0.17,0.98,0.06,0.09,6,1,15,5,997,0.17,0.98,0.06,0.09
PF12595,PF04114,5,16,3,2,13,1000,0.19,0.99,0.6,0.33,16,3,2,13,1000,0.19,0.99,0.6,0.33
PF04552,PF04963,1,1,1,0,0,1017,1.0,1.0,1.0,1.0,1,1,0,0,1017,1.0,1.0,1.0,1.0
PF07394,PF09462,4,2,0,4,2,1012,0.0,0.99,0.0,-0.0,2,0,4,2,1012,0.0,0.99,0.0,-0.0
PF02479,PF07892,0,1,0,0,1,1017,0.0,1.0,0,0,1,0,0,1,1017,0.0,1.0,0,0
PF12779,PF04984,0,0,0,0,0,1018,0,1.0,0,0,0,0,0,0,1018,0,1.0,0,0
PF05532,PF03823,1,3,1,0,2,1015,0.33,1.0,1.0,0.58,3,1,0,2,1015,0.33,1.0,1.0,0.58
PF14064,PF03922,0,0,0,0,0,1018,0,1.0,0,0,0,0,0,0,1018,0,1.0,0,0
PF01068,PF04679,19,18,18,1,0,999,1.0,1.0,0.95,0.97,18,18,1,0,999,1.0,1.0,0.95,0.97
PF04487,PF16036,3,4,0,3,4,1011,0.0,0.99,0.0,-0.0,4,0,3,4,1011,0.0,0.99,0.0,-0.0
PF13933,PF15831,0,0,0,0,0,1018,0,1.0,0,0,0,0,0,0,1018,0,1.0,0,0
PF06151,PF08395,2,25,1,1,24,992,0.04,0.98,0.5,0.14,25,1,1,24,992,0.04,0.98,0.5,0.14
PF08217,PF02765,12,9,2,10,7,999,0.22,0.98,0.17,0.18,9,2,10,7,999,0.22,0.98,0.17,0.18
PF00338,PF10259,24,10,3,21,7,987,0.3,0.97,0.12,0.18,10,3,21,7,987,0.3,0.97,0.12,0.18
PF03742,PF08404,1,0,0,1,0,1017,0,1.0,0.0,0,0,0,1,0,1017,0,1.0,0.0,0
PF08637,PF10022,8,7,0,8,7,1003,0.0,0.99,0.0,-0.01,7,0,8,7,1003,0.0,0.99,0.0,-0.01
PF08072,PF09382,7,17,7,0,10,1001,0.41,0.99,1.0,0.64,17,7,0,10,1001,0.41,0.99,1.0,0.64
PF16195,PF16191,2,4,1,1,3,1013,0.25,1.0,0.5,0.35,4,1,1,3,1013,0.25,1.0,0.5,0.35
PF14807,PF06375,0,4,0,0,4,1014,0.0,1.0,0,0,4,0,0,4,1014,0.0,1.0,0,0
PF04030,PF08031,21,41,7,14,34,963,0.17,0.95,0.33,0.22,41,7,14,34,963,0.17,0.95,0.33,0.22
PF09402,PF08198,13,1,1,12,0,1005,1.0,0.99,0.08,0.28,1,1,12,0,1005,1.0,0.99,0.08,0.28
PF14303,PF09756,32,6,2,30,4,982,0.33,0.97,0.06,0.13,6,2,30,4,982,0.33,0.97,0.06,0.13
PF03715,PF04139,13,11,3,10,8,997,0.27,0.98,0.23,0.24,11,3,10,8,997,0.27,0.98,0.23,0.24
PF04231,PF09962,2,1,0,2,1,1015,0.0,1.0,0.0,-0.0,1,0,2,1,1015,0.0,1.0,0.0,-0.0
PF14571,PF05605,2,13,2,0,11,1005,0.15,0.99,1.0,0.39,13,2,0,11,1005,0.15,0.99,1.0,0.39
PF16208,PF04732,4,4,1,3,3,1011,0.25,0.99,0.25,0.25,4,1,3,3,1011,0.25,0.99,0.25,0.25
PF17205,PF07965,5,4,4,1,0,1013,1.0,1.0,0.8,0.89,4,4,1,0,1013,1.0,1.0,0.8,0.89
PF03250,PF10189,4,8,1,3,7,1007,0.12,0.99,0.25,0.17,8,1,3,7,1007,0.12,0.99,0.25,0.17
PF04669,PF14159,10,0,0,10,0,1008,0,0.99,0.0,0,0,0,10,0,1008,0,0.99,0.0,0
PF04104,PF01702,18,14,5,13,9,991,0.36,0.98,0.28,0.3,14,5,13,9,991,0.36,0.98,0.28,0.3
PF05621,PF10563,0,1,0,0,1,1017,0.0,1.0,0,0,1,0,0,1,1017,0.0,1.0,0,0
PF12661,PF00008,41,77,37,4,40,937,0.48,0.96,0.9,0.64,77,37,4,40,937,0.48,0.96,0.9,0.64
PF02272,PF01411,16,27,11,5,16,986,0.41,0.98,0.69,0.52,27,11,5,16,986,0.41,0.98,0.69,0.52
PF01706,PF06834,1,0,0,1,0,1017,0,1.0,0.0,0,0,0,1,0,1017,0,1.0,0.0,0
PF11951,PF04082,80,154,56,24,98,840,0.36,0.88,0.7,0.45,154,56,24,98,840,0.36,0.88,0.7,0.45
PF00721,PF09704,1,0,0,1,0,1017,0,1.0,0.0,0,0,0,1,0,1017,0,1.0,0.0,0
PF00816,PF07476,1,0,0,1,0,1017,0,1.0,0.0,0,0,0,1,0,1017,0,1.0,0.0,0
PF12328,PF06351,4,2,0,4,2,1012,0.0,0.99,0.0,-0.0,2,0,4,2,1012,0.0,0.99,0.0,-0.0
PF04561,PF10385,4,4,2,2,2,1012,0.5,1.0,0.5,0.5,4,2,2,2,1012,0.5,1.0,0.5,0.5
PF14749,PF01756,14,20,11,3,9,995,0.55,0.99,0.79,0.65,20,11,3,9,995,0.55,0.99,0.79,0.65
PF09986,PF05124,0,0,0,0,0,1018,0,1.0,0,0,0,0,0,0,1018,0,1.0,0,0
PF01321,PF16188,12,6,4,8,2,1004,0.67,0.99,0.33,0.47,6,4,8,2,1004,0.67,0.99,0.33,0.47
PF10295,PF13810,3,1,0,3,1,1014,0.0,1.0,0.0,-0.0,1,0,3,1,1014,0.0,1.0,0.0,-0.0
PF00186,PF00303,9,6,2,7,4,1005,0.33,0.99,0.22,0.27,6,2,7,4,1005,0.33,0.99,0.22,0.27
PF03781,PF12867,11,6,5,6,1,1006,0.83,0.99,0.45,0.61,6,5,6,1,1006,0.83,0.99,0.45,0.61
PF12420,PF10218,1,0,0,1,0,1017,0,1.0,0.0,0,0,0,1,0,1017,0,1.0,0.0,0
PF00830,PF10218,3,0,0,3,0,1015,0,1.0,0.0,0,0,0,3,0,1015,0,1.0,0.0,0
PF11422,PF14607,0,0,0,0,0,1018,0,1.0,0,0,0,0,0,0,1018,0,1.0,0,0
PF00831,PF00159,10,2,1,9,1,1007,0.5,0.99,0.1,0.22,2,1,9,1,1007,0.5,0.99,0.1,0.22
PF00234,PF14159,6,0,0,6,0,1012,0,0.99,0.0,0,0,0,6,0,1012,0,0.99,0.0,0
PF03982,PF12146,19,51,11,8,40,959,0.22,0.95,0.58,0.33,51,11,8,40,959,0.22,0.95,0.58,0.33
PF11604,PF11019,0,0,0,0,0,1018,0,1.0,0,0,0,0,0,0,1018,0,1.0,0,0
PF03036,PF15388,8,2,2,6,0,1010,1.0,0.99,0.25,0.5,2,2,6,0,1010,1.0,0.99,0.25,0.5
PF05335,PF00468,2,5,0,2,5,1011,0.0,0.99,0.0,-0.0,5,0,2,5,1011,0.0,0.99,0.0,-0.0
PF00579,PF16714,41,5,5,36,0,977,1.0,0.96,0.12,0.34,5,5,36,0,977,1.0,0.96,0.12,0.34
PF15652,PF15756,0,1,0,0,1,1017,0.0,1.0,0,0,1,0,0,1,1017,0.0,1.0,0,0
PF12432,PF10395,4,1,1,3,0,1014,1.0,1.0,0.25,0.5,1,1,3,0,1014,1.0,1.0,0.25,0.5
PF04110,PF06388,8,1,0,8,1,1009,0.0,0.99,0.0,-0.0,1,0,8,1,1009,0.0,0.99,0.0,-0.0
PF04301,PF05518,0,0,0,0,0,1018,0,1.0,0,0,0,0,0,0,1018,0,1.0,0,0
PF12656,PF02357,15,2,0,15,2,1001,0.0,0.98,0.0,-0.01,2,0,15,2,1001,0.0,0.98,0.0,-0.01
PF06756,PF01810,0,8,0,0,8,1010,0.0,0.99,0,0,8,0,0,8,1010,0.0,0.99,0,0
PF17218,PF13907,3,14,2,1,12,1003,0.14,0.99,0.67,0.3,14,2,1,12,1003,0.14,0.99,0.67,0.3
PF08208,PF13094,5,1,0,5,1,1012,0.0,0.99,0.0,-0.0,1,0,5,1,1012,0.0,0.99,0.0,-0.0
PF11957,PF09034,5,2,1,4,1,1012,0.5,1.0,0.2,0.31,2,1,4,1,1012,0.5,1.0,0.2,0.31
PF07167,PF13722,2,0,0,2,0,1016,0,1.0,0.0,0,0,0,2,0,1016,0,1.0,0.0,0
PF04340,PF15130,1,1,0,1,1,1016,0.0,1.0,0.0,-0.0,1,0,1,1,1016,0.0,1.0,0.0,-0.0
PF11640,PF15785,5,11,3,2,8,1005,0.27,0.99,0.6,0.4,11,3,2,8,1005,0.27,0.99,0.6,0.4
PF05044,PF09462,6,2,0,6,2,1010,0.0,0.99,0.0,-0.0,2,0,6,2,1010,0.0,0.99,0.0,-0.0
PF00285,PF08442,24,16,7,17,9,985,0.44,0.97,0.29,0.34,16,7,17,9,985,0.44,0.97,0.29,0.34
PF10327,PF10325,5,3,1,4,2,1011,0.33,0.99,0.2,0.26,3,1,4,2,1011,0.33,0.99,0.2,0.26
PF04474,PF16010,0,17,0,0,17,1001,0.0,0.98,0,0,17,0,0,17,1001,0.0,0.98,0,0
PF03807,PF14748,12,6,5,7,1,1005,0.83,0.99,0.42,0.59,6,5,7,1,1005,0.83,0.99,0.42,0.59
PF00801,PF02010,10,14,3,7,11,997,0.21,0.98,0.3,0.24,14,3,7,11,997,0.21,0.98,0.3,0.24
PF01709,PF07350,12,2,2,10,0,1006,1.0,0.99,0.17,0.41,2,2,10,0,1006,1.0,0.99,0.17,0.41
PF13373,PF10302,5,4,3,2,1,1012,0.75,1.0,0.6,0.67,4,3,2,1,1012,0.75,1.0,0.6,0.67
PF14871,PF03428,1,0,0,1,0,1017,0,1.0,0.0,0,0,0,1,0,1017,0,1.0,0.0,0
PF03935,PF14240,8,5,2,6,3,1007,0.4,0.99,0.25,0.31,5,2,6,3,1007,0.4,0.99,0.25,0.31
PF01876,PF08347,14,1,0,14,1,1003,0.0,0.99,0.0,-0.0,1,0,14,1,1003,0.0,0.99,0.0,-0.0
PF01770,PF14778,6,3,1,5,2,1010,0.33,0.99,0.17,0.23,3,1,5,2,1010,0.33,0.99,0.17,0.23
PF10020,PF09365,0,2,0,0,2,1016,0.0,1.0,0,0,2,0,0,2,1016,0.0,1.0,0,0
PF14747,PF15550,0,0,0,0,0,1018,0,1.0,0,0,0,0,0,0,1018,0,1.0,0,0
PF16497,PF14517,2,1,0,2,1,1015,0.0,1.0,0.0,-0.0,1,0,2,1,1015,0.0,1.0,0.0,-0.0
PF01808,PF02729,13,20,2,11,18,987,0.1,0.97,0.15,0.11,20,2,11,18,987,0.1,0.97,0.15,0.11
PF06123,PF02014,0,14,0,0,14,1004,0.0,0.99,0,0,14,0,0,14,1004,0.0,0.99,0,0
PF00862,PF13439,10,23,4,6,19,989,0.17,0.98,0.4,0.25,23,4,6,19,989,0.17,0.98,0.4,0.25
PF03711,PF01276,7,7,7,0,0,1011,1.0,1.0,1.0,1.0,7,7,0,0,1011,1.0,1.0,1.0,1.0
PF07500,PF08711,16,27,12,4,15,987,0.44,0.98,0.75,0.57,27,12,4,15,987,0.44,0.98,0.75,0.57
PF01255,PF02089,22,12,4,18,8,988,0.33,0.97,0.18,0.23,12,4,18,8,988,0.33,0.97,0.18,0.23
PF09427,PF12533,3,3,1,2,2,1013,0.33,1.0,0.33,0.33,3,1,2,2,1013,0.33,1.0,0.33,0.33
PF16002,PF12213,4,7,3,1,4,1010,0.43,1.0,0.75,0.56,7,3,1,4,1010,0.43,1.0,0.75,0.56
PF14304,PF08777,11,12,3,8,9,998,0.25,0.98,0.27,0.25,12,3,8,9,998,0.25,0.98,0.27,0.25
PF08956,PF10933,0,0,0,0,0,1018,0,1.0,0,0,0,0,0,0,1018,0,1.0,0,0
PF05229,PF03241,0,0,0,0,0,1018,0,1.0,0,0,0,0,0,0,1018,0,1.0,0,0
PF08755,PF13369,11,7,6,5,1,1006,0.86,0.99,0.55,0.68,7,6,5,1,1006,0.86,0.99,0.55,0.68
PF15050,PF05853,2,1,0,2,1,1015,0.0,1.0,0.0,-0.0,1,0,2,1,1015,0.0,1.0,0.0,-0.0
PF08526,PF03068,4,8,4,0,4,1010,0.5,1.0,1.0,0.71,8,4,0,4,1010,0.5,1.0,1.0,0.71
PF03212,PF17007,0,0,0,0,0,1018,0,1.0,0,0,0,0,0,0,1018,0,1.0,0,0
PF06580,PF07730,9,7,1,8,6,1003,0.14,0.99,0.11,0.12,7,1,8,6,1003,0.14,0.99,0.11,0.12
PF10472,PF10488,0,1,0,0,1,1017,0.0,1.0,0,0,1,0,0,1,1017,0.0,1.0,0,0
PF10457,PF07059,7,7,2,5,5,1006,0.29,0.99,0.29,0.28,7,2,5,5,1006,0.29,0.99,0.29,0.28
PF10099,PF06122,0,0,0,0,0,1018,0,1.0,0,0,0,0,0,0,1018,0,1.0,0,0
PF00677,PF05173,4,5,0,4,5,1009,0.0,0.99,0.0,-0.0,5,0,4,5,1009,0.0,0.99,0.0,-0.0
PF04855,PF16421,13,8,3,10,5,1000,0.38,0.99,0.23,0.29,8,3,10,5,1000,0.38,0.99,0.23,0.29
PF01527,PF04236,9,4,1,8,3,1006,0.25,0.99,0.11,0.16,4,1,8,3,1006,0.25,0.99,0.11,0.16
PF02167,PF10259,9,10,3,6,7,1002,0.3,0.99,0.33,0.31,10,3,6,7,1002,0.3,0.99,0.33,0.31
PF10960,PF13948,0,5,0,0,5,1013,0.0,1.0,0,0,5,0,0,5,1013,0.0,1.0,0,0
PF00662,PF06455,3,2,1,2,1,1014,0.5,1.0,0.33,0.41,2,1,2,1,1014,0.5,1.0,0.33,0.41
PF01369,PF12783,42,24,19,23,5,971,0.79,0.97,0.45,0.59,24,19,23,5,971,0.79,0.97,0.45,0.59
PF00052,PF15002,13,12,1,12,11,994,0.08,0.98,0.08,0.07,12,1,12,11,994,0.08,0.98,0.08,0.07
PF10190,PF02284,6,6,2,4,4,1008,0.33,0.99,0.33,0.33,6,2,4,4,1008,0.33,0.99,0.33,0.33
PF08536,PF07011,4,0,0,4,0,1014,0,1.0,0.0,0,0,0,4,0,1014,0,1.0,0.0,0
PF06678,PF17193,0,0,0,0,0,1018,0,1.0,0,0,0,0,0,0,1018,0,1.0,0,0
PF12209,PF07243,0,0,0,0,0,1018,0,1.0,0,0,0,0,0,0,1018,0,1.0,0,0
PF15854,PF12571,1,0,0,1,0,1017,0,1.0,0.0,0,0,0,1,0,1017,0,1.0,0.0,0
PF07773,PF07162,10,14,3,7,11,997,0.21,0.98,0.3,0.24,14,3,7,11,997,0.21,0.98,0.3,0.24
PF08155,PF06858,16,22,16,0,6,996,0.73,0.99,1.0,0.85,22,16,0,6,996,0.73,0.99,1.0,0.85
PF01423,PF05907,69,10,9,60,1,948,0.9,0.94,0.13,0.33,10,9,60,1,948,0.9,0.94,0.13,0.33
PF04615,PF01280,17,16,4,13,12,989,0.25,0.98,0.24,0.23,16,4,13,12,989,0.25,0.98,0.24,0.23
PF03755,PF13005,0,0,0,0,0,1018,0,1.0,0,0,0,0,0,0,1018,0,1.0,0,0
PF12166,PF15917,9,2,2,7,0,1009,1.0,0.99,0.22,0.47,2,2,7,0,1009,1.0,0.99,0.22,0.47
PF01413,PF06339,10,5,0,10,5,1003,0.0,0.99,0.0,-0.01,5,0,10,5,1003,0.0,0.99,0.0,-0.01
PF09731,PF08704,10,8,1,9,7,1001,0.12,0.98,0.1,0.1,8,1,9,7,1001,0.12,0.98,0.1,0.1
PF08140,PF03769,1,1,0,1,1,1016,0.0,1.0,0.0,-0.0,1,0,1,1,1016,0.0,1.0,0.0,-0.0
PF08418,PF12213,5,7,2,3,5,1008,0.29,0.99,0.4,0.33,7,2,3,5,1008,0.29,0.99,0.4,0.33
PF15092,PF11593,4,2,0,4,2,1012,0.0,0.99,0.0,-0.0,2,0,4,2,1012,0.0,0.99,0.0,-0.0
PF08021,PF14882,0,0,0,0,0,1018,0,1.0,0,0,0,0,0,0,1018,0,1.0,0,0
PF07978,PF09766,17,9,3,14,6,995,0.33,0.98,0.18,0.23,9,3,14,6,995,0.33,0.98,0.18,0.23
PF16860,PF10558,4,4,0,4,4,1010,0.0,0.99,0.0,-0.0,4,0,4,4,1010,0.0,0.99,0.0,-0.0
PF07103,PF02353,3,13,1,2,12,1003,0.08,0.99,0.33,0.16,13,1,2,12,1003,0.08,0.99,0.33,0.16
PF09092,PF03971,1,1,0,1,1,1016,0.0,1.0,0.0,-0.0,1,0,1,1,1016,0.0,1.0,0.0,-0.0
PF13167,PF16360,5,4,1,4,3,1010,0.25,0.99,0.2,0.22,4,1,4,3,1010,0.25,0.99,0.2,0.22
PF12752,PF13902,12,9,3,9,6,1000,0.33,0.99,0.25,0.28,9,3,9,6,1000,0.33,0.99,0.25,0.28
PF04715,PF00425,12,17,12,0,5,1001,0.71,1.0,1.0,0.84,17,12,0,5,1001,0.71,1.0,1.0,0.84
PF00130,PF00609,60,20,15,45,5,953,0.75,0.95,0.25,0.42,20,15,45,5,953,0.75,0.95,0.25,0.42
PF15828,PF03745,2,0,0,2,0,1016,0,1.0,0.0,0,0,0,2,0,1016,0,1.0,0.0,0
PF06288,PF01323,1,21,1,0,20,997,0.05,0.98,1.0,0.22,21,1,0,20,997,0.05,0.98,1.0,0.22
PF13606,PF00710,49,16,7,42,9,960,0.44,0.95,0.14,0.23,16,7,42,9,960,0.44,0.95,0.14,0.23
PF01499,PF03354,0,0,0,0,0,1018,0,1.0,0,0,0,0,0,0,1018,0,1.0,0,0
PF12600,PF15073,0,1,0,0,1,1017,0.0,1.0,0,0,1,0,0,1,1017,0.0,1.0,0,0
PF16519,PF11404,8,1,1,7,0,1010,1.0,0.99,0.12,0.35,1,1,7,0,1010,1.0,0.99,0.12,0.35
PF05902,PF04382,5,5,5,0,0,1013,1.0,1.0,1.0,1.0,5,5,0,0,1013,1.0,1.0,1.0,1.0
PF14160,PF15805,2,0,0,2,0,1016,0,1.0,0.0,0,0,0,2,0,1016,0,1.0,0.0,0
PF03531,PF08512,10,18,10,0,8,1000,0.56,0.99,1.0,0.74,18,10,0,8,1000,0.56,0.99,1.0,0.74
PF00996,PF08295,26,17,9,17,8,984,0.53,0.98,0.35,0.42,17,9,17,8,984,0.53,0.98,0.35,0.42
PF06463,PF16881,9,11,4,5,7,1002,0.36,0.99,0.44,0.4,11,4,5,7,1002,0.36,0.99,0.44,0.4
PF17054,PF08444,6,2,0,6,2,1010,0.0,0.99,0.0,-0.0,2,0,6,2,1010,0.0,0.99,0.0,-0.0
PF04201,PF10246,4,9,0,4,9,1005,0.0,0.99,0.0,-0.01,9,0,4,9,1005,0.0,0.99,0.0,-0.01
PF17022,PF15334,0,0,0,0,0,1018,0,1.0,0,0,0,0,0,0,1018,0,1.0,0,0
PF03767,PF06404,7,1,0,7,1,1010,0.0,0.99,0.0,-0.0,1,0,7,1,1010,0.0,0.99,0.0,-0.0
PF10274,PF11977,12,10,6,6,4,1002,0.6,0.99,0.5,0.54,10,6,6,4,1002,0.6,0.99,0.5,0.54
PF10638,PF17084,0,0,0,0,0,1018,0,1.0,0,0,0,0,0,0,1018,0,1.0,0,0
PF00590,PF14823,18,8,4,14,4,996,0.5,0.98,0.22,0.33,8,4,14,4,996,0.5,0.98,0.22,0.33
PF01047,PF06804,16,4,2,14,2,1000,0.5,0.98,0.12,0.24,4,2,14,2,1000,0.5,0.98,0.12,0.24
PF03169,PF07969,36,17,13,23,4,978,0.76,0.97,0.36,0.51,17,13,23,4,978,0.76,0.97,0.36,0.51
PF13088,PF07896,6,5,2,4,3,1009,0.4,0.99,0.33,0.36,5,2,4,3,1009,0.4,0.99,0.33,0.36
PF11947,PF07011,3,0,0,3,0,1015,0,1.0,0.0,0,0,0,3,0,1015,0,1.0,0.0,0
PF15249,PF12516,9,0,0,9,0,1009,0,0.99,0.0,0,0,0,9,0,1009,0,0.99,0.0,0
PF02498,PF05272,0,0,0,0,0,1018,0,1.0,0,0,0,0,0,0,1018,0,1.0,0,0
PF15372,PF11568,1,2,1,0,1,1016,0.5,1.0,1.0,0.71,2,1,0,1,1016,0.5,1.0,1.0,0.71
PF12479,PF06805,0,0,0,0,0,1018,0,1.0,0,0,0,0,0,0,1018,0,1.0,0,0
PF04798,PF09585,0,1,0,0,1,1017,0.0,1.0,0,0,1,0,0,1,1017,0.0,1.0,0,0
PF13767,PF14841,0,1,0,0,1,1017,0.0,1.0,0,0,1,0,0,1,1017,0.0,1.0,0,0
PF00482,PF07963,1,2,1,0,1,1016,0.5,1.0,1.0,0.71,2,1,0,1,1016,0.5,1.0,1.0,0.71
PF01640,PF13505,1,0,0,1,0,1017,0,1.0,0.0,0,0,0,1,0,1017,0,1.0,0.0,0
PF00212,PF14769,1,3,0,1,3,1014,0.0,1.0,0.0,-0.0,3,0,1,3,1014,0.0,1.0,0.0,-0.0
PF01459,PF01894,14,14,2,12,12,992,0.14,0.98,0.14,0.13,14,2,12,12,992,0.14,0.98,0.14,0.13
PF04077,PF03244,1,0,0,1,0,1017,0,1.0,0.0,0,0,0,1,0,1017,0,1.0,0.0,0
PF09430,PF08315,7,16,2,5,14,997,0.12,0.98,0.29,0.18,16,2,5,14,997,0.12,0.98,0.29,0.18
PF02127,PF14388,9,13,3,6,10,999,0.23,0.98,0.33,0.27,13,3,6,10,999,0.23,0.98,0.33,0.27
PF06537,PF00857,0,36,0,0,36,982,0.0,0.96,0,0,36,0,0,36,982,0.0,0.96,0,0
PF05196,PF01091,1,2,1,0,1,1016,0.5,1.0,1.0,0.71,2,1,0,1,1016,0.5,1.0,1.0,0.71
PF00603,PF06890,2,0,0,2,0,1016,0,1.0,0.0,0,0,0,2,0,1016,0,1.0,0.0,0
PF08542,PF14629,18,8,3,15,5,995,0.38,0.98,0.17,0.24,8,3,15,5,995,0.38,0.98,0.17,0.24
PF13914,PF05548,7,2,1,6,1,1010,0.5,0.99,0.14,0.26,2,1,6,1,1010,0.5,0.99,0.14,0.26
PF01634,PF08029,6,6,6,0,0,1012,1.0,1.0,1.0,1.0,6,6,0,0,1012,1.0,1.0,1.0,1.0
PF06283,PF03883,3,2,0,3,2,1013,0.0,1.0,0.0,-0.0,2,0,3,2,1013,0.0,1.0,0.0,-0.0
PF15630,PF15003,5,1,0,5,1,1012,0.0,0.99,0.0,-0.0,1,0,5,1,1012,0.0,0.99,0.0,-0.0
PF09772,PF15390,6,0,0,6,0,1012,0,0.99,0.0,0,0,0,6,0,1012,0,0.99,0.0,0
PF01974,PF02778,20,11,10,10,1,997,0.91,0.99,0.5,0.67,11,10,10,1,997,0.91,0.99,0.5,0.67
PF15462,PF15109,1,0,0,1,0,1017,0,1.0,0.0,0,0,0,1,0,1017,0,1.0,0.0,0
PF00810,PF02284,13,6,2,11,4,1001,0.33,0.99,0.15,0.22,6,2,11,4,1001,0.33,0.99,0.15,0.22
PF15844,PF08116,0,0,0,0,0,1018,0,1.0,0,0,0,0,0,0,1018,0,1.0,0,0
PF14342,PF05547,4,1,0,4,1,1013,0.0,1.0,0.0,-0.0,1,0,4,1,1013,0.0,1.0,0.0,-0.0
PF11768,PF15279,0,0,0,0,0,1018,0,1.0,0,0,0,0,0,0,1018,0,1.0,0,0
PF01534,PF01392,8,24,6,2,18,992,0.25,0.98,0.75,0.43,24,6,2,18,992,0.25,0.98,0.75,0.43
PF17045,PF09762,0,3,0,0,3,1015,0.0,1.0,0,0,3,0,0,3,1015,0.0,1.0,0,0
PF12820,PF01594,1,5,0,1,5,1012,0.0,0.99,0.0,-0.0,5,0,1,5,1012,0.0,0.99,0.0,-0.0
PF10706,PF08497,1,0,0,1,0,1017,0,1.0,0.0,0,0,0,1,0,1017,0,1.0,0.0,0
PF04642,PF15553,1,0,0,1,0,1017,0,1.0,0.0,0,0,0,1,0,1017,0,1.0,0.0,0
PF08743,PF10253,10,5,1,9,4,1004,0.2,0.99,0.1,0.14,5,1,9,4,1004,0.2,0.99,0.1,0.14
PF16064,PF04500,7,23,5,2,18,993,0.22,0.98,0.71,0.39,23,5,2,18,993,0.22,0.98,0.71,0.39
PF01471,PF00045,32,26,22,10,4,982,0.85,0.99,0.69,0.76,26,22,10,4,982,0.85,0.99,0.69,0.76
PF03462,PF00472,21,38,21,0,17,980,0.55,0.98,1.0,0.74,38,21,0,17,980,0.55,0.98,1.0,0.74
PF01340,PF12320,1,0,0,1,0,1017,0,1.0,0.0,0,0,0,1,0,1017,0,1.0,0.0,0
PF05698,PF05697,0,3,0,0,3,1015,0.0,1.0,0,0,3,0,0,3,1015,0.0,1.0,0,0
PF00196,PF00486,8,10,4,4,6,1004,0.4,0.99,0.5,0.44,10,4,4,6,1004,0.4,0.99,0.5,0.44
PF12023,PF06351,4,2,0,4,2,1012,0.0,0.99,0.0,-0.0,2,0,4,2,1012,0.0,0.99,0.0,-0.0
PF08945,PF15175,0,0,0,0,0,1018,0,1.0,0,0,0,0,0,0,1018,0,1.0,0,0
PF15000,PF04892,1,0,0,1,0,1017,0,1.0,0.0,0,0,0,1,0,1017,0,1.0,0.0,0
PF14622,PF00636,22,22,13,9,9,987,0.59,0.98,0.59,0.58,22,13,9,9,987,0.59,0.98,0.59,0.58
PF05125,PF10964,0,0,0,0,0,1018,0,1.0,0,0,0,0,0,0,1018,0,1.0,0,0
PF14753,PF15390,4,0,0,4,0,1014,0,1.0,0.0,0,0,0,4,0,1014,0,1.0,0.0,0
PF08170,PF06978,6,7,6,0,1,1011,0.86,1.0,1.0,0.93,7,6,0,1,1011,0.86,1.0,1.0,0.93
PF03208,PF00430,8,5,2,6,3,1007,0.4,0.99,0.25,0.31,5,2,6,3,1007,0.4,0.99,0.25,0.31
PF00140,PF08281,7,5,3,4,2,1009,0.6,0.99,0.43,0.5,5,3,4,2,1009,0.6,0.99,0.43,0.5
PF07210,PF08768,0,3,0,0,3,1015,0.0,1.0,0,0,3,0,0,3,1015,0.0,1.0,0,0
PF05756,PF10106,0,1,0,0,1,1017,0.0,1.0,0,0,1,0,0,1,1017,0.0,1.0,0,0
PF12196,PF08081,1,1,1,0,0,1017,1.0,1.0,1.0,1.0,1,1,0,0,1017,1.0,1.0,1.0,1.0
PF08918,PF02768,4,7,1,3,6,1008,0.14,0.99,0.25,0.18,7,1,3,6,1008,0.14,0.99,0.25,0.18
PF11946,PF00114,0,0,0,0,0,1018,0,1.0,0,0,0,0,0,0,1018,0,1.0,0,0
PF06131,PF06007,2,2,0,2,2,1014,0.0,1.0,0.0,-0.0,2,0,2,2,1014,0.0,1.0,0.0,-0.0
PF02880,PF02879,37,34,33,4,1,980,0.97,1.0,0.89,0.93,34,33,4,1,980,0.97,1.0,0.89,0.93
PF11214,PF05939,0,0,0,0,0,1018,0,1.0,0,0,0,0,0,0,1018,0,1.0,0,0
PF05485,PF12017,59,24,18,41,6,953,0.75,0.95,0.31,0.46,24,18,41,6,953,0.75,0.95,0.31,0.46
PF13911,PF01632,17,5,0,17,5,996,0.0,0.98,0.0,-0.01,5,0,17,5,996,0.0,0.98,0.0,-0.01
PF04285,PF14841,0,1,0,0,1,1017,0.0,1.0,0,0,1,0,0,1,1017,0.0,1.0,0,0
PF14319,PF09795,0,0,0,0,0,1018,0,1.0,0,0,0,0,0,0,1018,0,1.0,0,0
PF09814,PF09496,12,4,3,9,1,1005,0.75,0.99,0.25,0.43,4,3,9,1,1005,0.75,0.99,0.25,0.43
PF13567,PF03772,4,4,4,0,0,1014,1.0,1.0,1.0,1.0,4,4,0,0,1014,1.0,1.0,1.0,1.0
PF04706,PF01980,7,1,1,6,0,1011,1.0,0.99,0.14,0.38,1,1,6,0,1011,1.0,0.99,0.14,0.38
PF16818,PF09832,0,0,0,0,0,1018,0,1.0,0,0,0,0,0,0,1018,0,1.0,0,0
PF15751,PF02955,1,4,0,1,4,1013,0.0,1.0,0.0,-0.0,4,0,1,4,1013,0.0,1.0,0.0,-0.0
PF15354,PF05292,0,11,0,0,11,1007,0.0,0.99,0,0,11,0,0,11,1007,0.0,0.99,0,0
PF16187,PF08367,20,7,1,19,6,992,0.14,0.98,0.05,0.07,7,1,19,6,992,0.14,0.98,0.05,0.07
PF00448,PF02978,37,28,27,10,1,980,0.96,0.99,0.73,0.83,28,27,10,1,980,0.96,0.99,0.73,0.83
PF15360,PF15550,2,0,0,2,0,1016,0,1.0,0.0,0,0,0,2,0,1016,0,1.0,0.0,0
PF07936,PF14866,1,0,0,1,0,1017,0,1.0,0.0,0,0,0,1,0,1017,0,1.0,0.0,0
PF16647,PF05355,1,3,0,1,3,1014,0.0,1.0,0.0,-0.0,3,0,1,3,1014,0.0,1.0,0.0,-0.0
PF05496,PF12002,10,14,5,5,9,999,0.36,0.99,0.5,0.42,14,5,5,9,999,0.36,0.99,0.5,0.42
PF14781,PF14782,4,8,4,0,4,1010,0.5,1.0,1.0,0.71,8,4,0,4,1010,0.5,1.0,1.0,0.71
PF04051,PF10247,21,4,1,20,3,994,0.25,0.98,0.05,0.1,4,1,20,3,994,0.25,0.98,0.05,0.1
PF00920,PF14027,20,16,7,13,9,989,0.44,0.98,0.35,0.38,16,7,13,9,989,0.44,0.98,0.35,0.38
PF16180,PF16181,2,3,2,0,1,1015,0.67,1.0,1.0,0.82,3,2,0,1,1015,0.67,1.0,1.0,0.82
PF06816,PF07684,5,7,5,0,2,1011,0.71,1.0,1.0,0.84,7,5,0,2,1011,0.71,1.0,1.0,0.84
PF00038,PF10042,22,2,0,22,2,994,0.0,0.98,0.0,-0.01,2,0,22,2,994,0.0,0.98,0.0,-0.01
PF12361,PF11556,1,1,1,0,0,1017,1.0,1.0,1.0,1.0,1,1,0,0,1017,1.0,1.0,1.0,1.0
PF10310,PF10775,2,0,0,2,0,1016,0,1.0,0.0,0,0,0,2,0,1016,0,1.0,0.0,0
PF14328,PF01752,0,2,0,0,2,1016,0.0,1.0,0,0,2,0,0,2,1016,0.0,1.0,0,0
PF09365,PF08093,2,1,0,2,1,1015,0.0,1.0,0.0,-0.0,1,0,2,1,1015,0.0,1.0,0.0,-0.0
PF02958,PF07914,29,8,3,26,5,984,0.38,0.97,0.1,0.19,8,3,26,5,984,0.38,0.97,0.1,0.19
PF15215,PF08398,0,1,0,0,1,1017,0.0,1.0,0,0,1,0,0,1,1017,0.0,1.0,0,0
PF12276,PF08260,0,0,0,0,0,1018,0,1.0,0,0,0,0,0,0,1018,0,1.0,0,0
PF06543,PF00062,0,8,0,0,8,1010,0.0,0.99,0,0,8,0,0,8,1010,0.0,0.99,0,0
PF08632,PF16051,5,0,0,5,0,1013,0,1.0,0.0,0,0,0,5,0,1013,0,1.0,0.0,0
PF16274,PF16544,2,4,1,1,3,1013,0.25,1.0,0.5,0.35,4,1,1,3,1013,0.25,1.0,0.5,0.35
PF11540,PF04494,1,10,1,0,9,1008,0.1,0.99,1.0,0.31,10,1,0,9,1008,0.1,0.99,1.0,0.31
PF05489,PF06805,0,0,0,0,0,1018,0,1.0,0,0,0,0,0,0,1018,0,1.0,0,0
PF12019,PF08724,1,0,0,1,0,1017,0,1.0,0.0,0,0,0,1,0,1017,0,1.0,0.0,0
PF13463,PF07484,1,0,0,1,0,1017,0,1.0,0.0,0,0,0,1,0,1017,0,1.0,0.0,0
PF15881,PF09494,2,11,1,1,10,1006,0.09,0.99,0.5,0.21,11,1,1,10,1006,0.09,0.99,0.5,0.21
PF11109,PF05857,1,0,0,1,0,1017,0,1.0,0.0,0,0,0,1,0,1017,0,1.0,0.0,0
PF15705,PF15706,2,3,2,0,1,1015,0.67,1.0,1.0,0.82,3,2,0,1,1015,0.67,1.0,1.0,0.82
PF07778,PF16061,6,3,0,6,3,1009,0.0,0.99,0.0,-0.0,3,0,6,3,1009,0.0,0.99,0.0,-0.0
PF01355,PF09826,2,2,0,2,2,1014,0.0,1.0,0.0,-0.0,2,0,2,2,1014,0.0,1.0,0.0,-0.0
PF08509,PF15904,6,2,1,5,1,1011,0.5,0.99,0.17,0.29,2,1,5,1,1011,0.5,0.99,0.17,0.29
PF05218,PF06007,2,2,0,2,2,1014,0.0,1.0,0.0,-0.0,2,0,2,2,1014,0.0,1.0,0.0,-0.0
PF15749,PF01666,4,0,0,4,0,1014,0,1.0,0.0,0,0,0,4,0,1014,0,1.0,0.0,0
PF15131,PF09699,0,0,0,0,0,1018,0,1.0,0,0,0,0,0,0,1018,0,1.0,0,0
PF16747,PF15137,0,1,0,0,1,1017,0.0,1.0,0,0,1,0,0,1,1017,0.0,1.0,0,0
PF10430,PF02019,4,4,3,1,1,1013,0.75,1.0,0.75,0.75,4,3,1,1,1013,0.75,1.0,0.75,0.75
PF02744,PF01087,9,8,8,1,0,1009,1.0,1.0,0.89,0.94,8,8,1,0,1009,1.0,1.0,0.89,0.94
PF04143,PF12716,3,0,0,3,0,1015,0,1.0,0.0,0,0,0,3,0,1015,0,1.0,0.0,0
PF03018,PF03168,12,12,3,9,9,997,0.25,0.98,0.25,0.24,12,3,9,9,997,0.25,0.98,0.25,0.24
PF10240,PF03455,14,15,1,13,14,990,0.07,0.97,0.07,0.06,15,1,13,14,990,0.07,0.97,0.07,0.06
PF16901,PF16350,9,12,1,8,11,998,0.08,0.98,0.11,0.09,12,1,8,11,998,0.08,0.98,0.11,0.09
PF15940,PF02881,0,31,0,0,31,987,0.0,0.97,0,0,31,0,0,31,987,0.0,0.97,0,0
PF09949,PF16401,9,1,0,9,1,1008,0.0,0.99,0.0,-0.0,1,0,9,1,1008,0.0,0.99,0.0,-0.0
PF00158,PF02954,11,7,6,5,1,1006,0.86,0.99,0.55,0.68,7,6,5,1,1006,0.86,0.99,0.55,0.68
PF11408,PF09382,3,17,3,0,14,1001,0.18,0.99,1.0,0.42,17,3,0,14,1001,0.18,0.99,1.0,0.42
PF03223,PF01158,8,9,1,7,8,1002,0.11,0.99,0.12,0.11,9,1,7,8,1002,0.11,0.99,0.12,0.11
PF11789,PF05191,6,12,3,3,9,1003,0.25,0.99,0.5,0.35,12,3,3,9,1003,0.25,0.99,0.5,0.35
PF04836,PF05004,4,6,4,0,2,1012,0.67,1.0,1.0,0.82,6,4,0,2,1012,0.67,1.0,1.0,0.82
PF01933,PF11264,5,1,0,5,1,1012,0.0,0.99,0.0,-0.0,1,0,5,1,1012,0.0,0.99,0.0,-0.0
PF09677,PF12477,0,0,0,0,0,1018,0,1.0,0,0,0,0,0,0,1018,0,1.0,0,0
PF12001,PF05837,3,1,0,3,1,1014,0.0,1.0,0.0,-0.0,1,0,3,1,1014,0.0,1.0,0.0,-0.0
PF16540,PF13931,8,8,3,5,5,1005,0.38,0.99,0.38,0.37,8,3,5,5,1005,0.38,0.99,0.38,0.37
PF10390,PF07303,13,10,8,5,2,1003,0.8,0.99,0.62,0.7,10,8,5,2,1003,0.8,0.99,0.62,0.7
PF08772,PF15017,8,1,1,7,0,1010,1.0,0.99,0.12,0.35,1,1,7,0,1010,1.0,0.99,0.12,0.35
PF16958,PF11931,0,6,0,0,6,1012,0.0,0.99,0,0,6,0,0,6,1012,0.0,0.99,0,0
PF15788,PF02740,0,1,0,0,1,1017,0.0,1.0,0,0,1,0,0,1,1017,0.0,1.0,0,0
PF09239,PF07730,2,7,0,2,7,1009,0.0,0.99,0.0,-0.0,7,0,2,7,1009,0.0,0.99,0.0,-0.0
PF08519,PF16725,14,3,1,13,2,1002,0.33,0.99,0.07,0.15,3,1,13,2,1002,0.33,0.99,0.07,0.15
PF00527,PF15602,2,0,0,2,0,1016,0,1.0,0.0,0,0,0,2,0,1016,0,1.0,0.0,0
PF15141,PF15212,0,0,0,0,0,1018,0,1.0,0,0,0,0,0,0,1018,0,1.0,0,0
PF09615,PF04931,0,13,0,0,13,1005,0.0,0.99,0,0,13,0,0,13,1005,0.0,0.99,0,0
PF13638,PF17215,14,6,5,9,1,1003,0.83,0.99,0.36,0.54,6,5,9,1,1003,0.83,0.99,0.36,0.54
PF06185,PF10938,0,0,0,0,0,1018,0,1.0,0,0,0,0,0,0,1018,0,1.0,0,0
PF09139,PF14996,14,1,1,13,0,1004,1.0,0.99,0.07,0.27,1,1,13,0,1004,1.0,0.99,0.07,0.27
PF05699,PF14291,67,26,17,50,9,942,0.65,0.94,0.25,0.38,26,17,50,9,942,0.65,0.94,0.25,0.38
PF03388,PF08114,15,1,1,14,0,1003,1.0,0.99,0.07,0.26,1,1,14,0,1003,1.0,0.99,0.07,0.26
PF08518,PF16559,8,2,2,6,0,1010,1.0,0.99,0.25,0.5,2,2,6,0,1010,1.0,0.99,0.25,0.5
PF13952,PF13960,3,5,2,1,3,1012,0.4,1.0,0.67,0.51,5,2,1,3,1012,0.4,1.0,0.67,0.51
PF01453,PF08276,39,20,18,21,2,977,0.9,0.98,0.46,0.64,20,18,21,2,977,0.9,0.98,0.46,0.64
PF08352,PF08402,4,7,2,2,5,1009,0.29,0.99,0.5,0.37,7,2,2,5,1009,0.29,0.99,0.5,0.37
PF15872,PF15703,0,0,0,0,0,1018,0,1.0,0,0,0,0,0,0,1018,0,1.0,0,0
PF08032,PF12105,4,5,2,2,3,1011,0.4,1.0,0.5,0.44,5,2,2,3,1011,0.4,1.0,0.5,0.44
PF05380,PF05585,28,23,12,16,11,979,0.52,0.97,0.43,0.46,23,12,16,11,979,0.52,0.97,0.43,0.46
PF00936,PF15470,0,0,0,0,0,1018,0,1.0,0,0,0,0,0,0,1018,0,1.0,0,0
PF14932,PF04869,4,14,2,2,12,1002,0.14,0.99,0.5,0.26,14,2,2,12,1002,0.14,0.99,0.5,0.26
PF02620,PF03703,8,1,0,8,1,1009,0.0,0.99,0.0,-0.0,1,0,8,1,1009,0.0,0.99,0.0,-0.0
PF12413,PF10525,1,4,1,0,3,1014,0.25,1.0,1.0,0.5,4,1,0,3,1014,0.25,1.0,1.0,0.5
PF08605,PF01834,1,6,0,1,6,1011,0.0,0.99,0.0,-0.0,6,0,1,6,1011,0.0,0.99,0.0,-0.0
PF00120,PF03951,21,10,9,12,1,996,0.9,0.99,0.43,0.62,10,9,12,1,996,0.9,0.99,0.43,0.62
PF15138,PF07400,1,0,0,1,0,1017,0,1.0,0.0,0,0,0,1,0,1017,0,1.0,0.0,0
PF00021,PF02988,5,1,1,4,0,1013,1.0,1.0,0.2,0.45,1,1,4,0,1013,1.0,1.0,0.2,0.45
PF09726,PF10491,5,3,1,4,2,1011,0.33,0.99,0.2,0.26,3,1,4,2,1011,0.33,0.99,0.2,0.26
PF03508,PF03509,0,0,0,0,0,1018,0,1.0,0,0,0,0,0,0,1018,0,1.0,0,0
PF14643,PF14644,5,3,3,2,0,1013,1.0,1.0,0.6,0.77,3,3,2,0,1013,1.0,1.0,0.6,0.77
PF09040,PF12515,5,8,3,2,5,1008,0.38,0.99,0.6,0.47,8,3,2,5,1008,0.38,0.99,0.6,0.47
PF06376,PF04520,2,0,0,2,0,1016,0,1.0,0.0,0,0,0,2,0,1016,0,1.0,0.0,0
PF13953,PF13954,5,3,3,2,0,1013,1.0,1.0,0.6,0.77,3,3,2,0,1013,1.0,1.0,0.6,0.77
PF02576,PF11255,0,0,0,0,0,1018,0,1.0,0,0,0,0,0,0,1018,0,1.0,0,0
PF09371,PF16921,3,3,3,0,0,1015,1.0,1.0,1.0,1.0,3,3,0,0,1015,1.0,1.0,1.0,1.0
PF07030,PF09481,0,0,0,0,0,1018,0,1.0,0,0,0,0,0,0,1018,0,1.0,0,0
PF08600,PF07967,5,11,5,0,6,1007,0.45,0.99,1.0,0.67,11,5,0,6,1007,0.45,0.99,1.0,0.67
PF01576,PF02736,21,24,11,10,13,984,0.46,0.98,0.52,0.48,24,11,10,13,984,0.46,0.98,0.52,0.48
PF02603,PF05036,4,7,4,0,3,1011,0.57,1.0,1.0,0.75,7,4,0,3,1011,0.57,1.0,1.0,0.75
PF14136,PF11245,0,0,0,0,0,1018,0,1.0,0,0,0,0,0,0,1018,0,1.0,0,0
PF06049,PF09049,1,0,0,1,0,1017,0,1.0,0.0,0,0,0,1,0,1017,0,1.0,0.0,0
PF13482,PF15775,1,0,0,1,0,1017,0,1.0,0.0,0,0,0,1,0,1017,0,1.0,0.0,0
PF00733,PF13537,17,11,9,8,2,999,0.82,0.99,0.53,0.65,11,9,8,2,999,0.82,0.99,0.53,0.65
PF00399,PF09285,3,6,0,3,6,1009,0.0,0.99,0.0,-0.0,6,0,3,6,1009,0.0,0.99,0.0,-0.0
PF02652,PF06826,4,1,0,4,1,1013,0.0,1.0,0.0,-0.0,1,0,4,1,1013,0.0,1.0,0.0,-0.0
PF16716,PF02024,0,1,0,0,1,1017,0.0,1.0,0,0,1,0,0,1,1017,0.0,1.0,0,0
PF03403,PF07470,21,19,5,16,14,983,0.26,0.97,0.24,0.24,19,5,16,14,983,0.26,0.97,0.24,0.24
PF03153,PF01521,11,19,4,7,15,992,0.21,0.98,0.36,0.27,19,4,7,15,992,0.21,0.98,0.36,0.27
PF05567,PF17164,0,0,0,0,0,1018,0,1.0,0,0,0,0,0,0,1018,0,1.0,0,0
PF08782,PF15223,10,0,0,10,0,1008,0,0.99,0.0,0,0,0,10,0,1008,0,0.99,0.0,0
PF13739,PF08708,0,0,0,0,0,1018,0,1.0,0,0,0,0,0,0,1018,0,1.0,0,0
PF05579,PF02075,1,3,0,1,3,1014,0.0,1.0,0.0,-0.0,3,0,1,3,1014,0.0,1.0,0.0,-0.0
PF00714,PF15559,1,0,0,1,0,1017,0,1.0,0.0,0,0,0,1,0,1017,0,1.0,0.0,0
PF11581,PF13367,0,3,0,0,3,1015,0.0,1.0,0,0,3,0,0,3,1015,0.0,1.0,0,0
PF12302,PF03592,2,0,0,2,0,1016,0,1.0,0.0,0,0,0,2,0,1016,0,1.0,0.0,0
PF08286,PF12240,0,1,0,0,1,1017,0.0,1.0,0,0,1,0,0,1,1017,0.0,1.0,0,0
PF10109,PF04355,0,0,0,0,0,1018,0,1.0,0,0,0,0,0,0,1018,0,1.0,0,0
PF07444,PF12046,0,0,0,0,0,1018,0,1.0,0,0,0,0,0,0,1018,0,1.0,0,0
PF14626,PF07199,1,0,0,1,0,1017,0,1.0,0.0,0,0,0,1,0,1017,0,1.0,0.0,0
PF08925,PF00821,6,3,0,6,3,1009,0.0,0.99,0.0,-0.0,3,0,6,3,1009,0.0,0.99,0.0,-0.0
PF08578,PF15862,5,2,1,4,1,1012,0.5,1.0,0.2,0.31,2,1,4,1,1012,0.5,1.0,0.2,0.31
PF01656,PF05825,10,2,1,9,1,1007,0.5,0.99,0.1,0.22,2,1,9,1,1007,0.5,0.99,0.1,0.22
PF14606,PF14607,2,0,0,2,0,1016,0,1.0,0.0,0,0,0,2,0,1016,0,1.0,0.0,0
PF00684,PF05099,2,0,0,2,0,1016,0,1.0,0.0,0,0,0,2,0,1016,0,1.0,0.0,0
PF12478,PF15888,5,0,0,5,0,1013,0,1.0,0.0,0,0,0,5,0,1013,0,1.0,0.0,0
PF04650,PF13876,1,1,0,1,1,1016,0.0,1.0,0.0,-0.0,1,0,1,1,1016,0.0,1.0,0.0,-0.0
PF01454,PF12440,13,1,1,12,0,1005,1.0,0.99,0.08,0.28,1,1,12,0,1005,1.0,0.99,0.08,0.28
PF04860,PF05135,1,0,0,1,0,1017,0,1.0,0.0,0,0,0,1,0,1017,0,1.0,0.0,0
PF01483,PF16470,21,14,10,11,4,993,0.71,0.99,0.48,0.58,14,10,11,4,993,0.71,0.99,0.48,0.58
PF13006,PF05671,3,2,0,3,2,1013,0.0,1.0,0.0,-0.0,2,0,3,2,1013,0.0,1.0,0.0,-0.0
PF04424,PF01085,16,8,2,14,6,996,0.25,0.98,0.12,0.17,8,2,14,6,996,0.25,0.98,0.12,0.17
PF01363,PF11409,78,1,1,77,0,940,1.0,0.92,0.01,0.11,1,1,77,0,940,1.0,0.92,0.01,0.11
PF14796,PF09066,6,7,1,5,6,1006,0.14,0.99,0.17,0.15,7,1,5,6,1006,0.14,0.99,0.17,0.15
PF00419,PF02277,1,3,0,1,3,1014,0.0,1.0,0.0,-0.0,3,0,1,3,1014,0.0,1.0,0.0,-0.0
PF11593,PF01913,2,1,0,2,1,1015,0.0,1.0,0.0,-0.0,1,0,2,1,1015,0.0,1.0,0.0,-0.0
PF14114,PF10566,1,0,0,1,0,1017,0,1.0,0.0,0,0,0,1,0,1017,0,1.0,0.0,0
PF14596,PF12162,1,2,1,0,1,1016,0.5,1.0,1.0,0.71,2,1,0,1,1016,0.5,1.0,1.0,0.71
PF03641,PF00436,10,22,3,7,19,989,0.14,0.97,0.3,0.19,22,3,7,19,989,0.14,0.97,0.3,0.19
PF06588,PF10102,3,3,1,2,2,1013,0.33,1.0,0.33,0.33,3,1,2,2,1013,0.33,1.0,0.33,0.33
PF03239,PF13741,7,2,0,7,2,1009,0.0,0.99,0.0,-0.0,2,0,7,2,1009,0.0,0.99,0.0,-0.0
PF00401,PF16886,1,16,1,0,15,1002,0.06,0.99,1.0,0.25,16,1,0,15,1002,0.06,0.99,1.0,0.25
PF02405,PF09383,3,2,2,1,0,1015,1.0,1.0,0.67,0.82,2,2,1,0,1015,1.0,1.0,0.67,0.82
PF01580,PF06070,5,1,0,5,1,1012,0.0,0.99,0.0,-0.0,1,0,5,1,1012,0.0,0.99,0.0,-0.0
PF05466,PF15128,0,0,0,0,0,1018,0,1.0,0,0,0,0,0,0,1018,0,1.0,0,0
PF14817,PF17167,3,3,0,3,3,1012,0.0,0.99,0.0,-0.0,3,0,3,3,1012,0.0,0.99,0.0,-0.0
PF06069,PF05164,0,0,0,0,0,1018,0,1.0,0,0,0,0,0,0,1018,0,1.0,0,0
PF04366,PF11464,11,11,1,10,10,997,0.09,0.98,0.09,0.08,11,1,10,10,997,0.09,0.98,0.09,0.08
PF10374,PF13638,8,14,3,5,11,999,0.21,0.98,0.38,0.28,14,3,5,11,999,0.21,0.98,0.38,0.28
PF08847,PF03379,0,1,0,0,1,1017,0.0,1.0,0,0,1,0,0,1,1017,0.0,1.0,0,0
PF08983,PF03827,1,2,1,0,1,1016,0.5,1.0,1.0,0.71,2,1,0,1,1016,0.5,1.0,1.0,0.71
PF14329,PF05119,0,0,0,0,0,1018,0,1.0,0,0,0,0,0,0,1018,0,1.0,0,0
PF14763,PF14761,0,2,0,0,2,1016,0.0,1.0,0,0,2,0,0,2,1016,0.0,1.0,0,0
PF13350,PF13026,7,0,0,7,0,1011,0,0.99,0.0,0,0,0,7,0,1011,0,0.99,0.0,0
PF01026,PF08619,21,2,1,20,1,996,0.5,0.98,0.05,0.15,2,1,20,1,996,0.5,0.98,0.05,0.15
PF03017,PF03004,3,20,2,1,18,997,0.1,0.98,0.67,0.25,20,2,1,18,997,0.1,0.98,0.67,0.25
PF12753,PF08310,1,1,0,1,1,1016,0.0,1.0,0.0,-0.0,1,0,1,1,1016,0.0,1.0,0.0,-0.0
PF10440,PF03353,4,4,1,3,3,1011,0.25,0.99,0.25,0.25,4,1,3,3,1011,0.25,0.99,0.25,0.25
PF01280,PF05129,16,10,1,15,9,993,0.1,0.98,0.06,0.07,10,1,15,9,993,0.1,0.98,0.06,0.07
PF13618,PF08848,0,0,0,0,0,1018,0,1.0,0,0,0,0,0,0,1018,0,1.0,0,0
PF00946,PF14318,5,4,4,1,0,1013,1.0,1.0,0.8,0.89,4,4,1,0,1013,1.0,1.0,0.8,0.89
PF15972,PF16649,0,1,0,0,1,1017,0.0,1.0,0,0,1,0,0,1,1017,0.0,1.0,0,0
PF06582,PF09042,4,3,3,1,0,1014,1.0,1.0,0.75,0.87,3,3,1,0,1014,1.0,1.0,0.75,0.87
PF16046,PF10311,1,5,0,1,5,1012,0.0,0.99,0.0,-0.0,5,0,1,5,1012,0.0,0.99,0.0,-0.0
PF11176,PF08649,7,2,1,6,1,1010,0.5,0.99,0.14,0.26,2,1,6,1,1010,0.5,0.99,0.14,0.26
PF02633,PF13322,2,0,0,2,0,1016,0,1.0,0.0,0,0,0,2,0,1016,0,1.0,0.0,0
PF00651,PF12313,138,4,4,134,0,880,1.0,0.87,0.03,0.16,4,4,134,0,880,1.0,0.87,0.03,0.16
PF03736,PF01463,9,6,3,6,3,1006,0.5,0.99,0.33,0.4,6,3,6,3,1006,0.5,0.99,0.33,0.4
PF06121,PF06482,2,5,2,0,3,1013,0.4,1.0,1.0,0.63,5,2,0,3,1013,0.4,1.0,1.0,0.63
PF08659,PF14765,41,36,32,9,4,973,0.89,0.99,0.78,0.83,36,32,9,4,973,0.89,0.99,0.78,0.83
PF11081,PF04355,0,0,0,0,0,1018,0,1.0,0,0,0,0,0,0,1018,0,1.0,0,0
PF04557,PF04558,11,12,11,0,1,1006,0.92,1.0,1.0,0.96,12,11,0,1,1006,0.92,1.0,1.0,0.96
PF01063,PF12311,20,4,2,18,2,996,0.5,0.98,0.1,0.22,4,2,18,2,996,0.5,0.98,0.1,0.22
PF01849,PF01279,13,2,0,13,2,1003,0.0,0.99,0.0,-0.01,2,0,13,2,1003,0.0,0.99,0.0,-0.01
PF07007,PF17119,0,4,0,0,4,1014,0.0,1.0,0,0,4,0,0,4,1014,0.0,1.0,0,0
PF02251,PF02252,6,12,6,0,6,1006,0.5,0.99,1.0,0.71,12,6,0,6,1006,0.5,0.99,1.0,0.71
PF08916,PF08174,3,7,1,2,6,1009,0.14,0.99,0.33,0.21,7,1,2,6,1009,0.14,0.99,0.33,0.21
PF00240,PF09055,88,5,5,83,0,930,1.0,0.92,0.06,0.23,5,5,83,0,930,1.0,0.92,0.06,0.23
PF08214,PF06001,22,12,12,10,0,996,1.0,0.99,0.55,0.73,12,12,10,0,996,1.0,0.99,0.55,0.73
PF14878,PF14633,13,13,13,0,0,1005,1.0,1.0,1.0,1.0,13,13,0,0,1005,1.0,1.0,1.0,1.0
PF01379,PF03900,15,16,15,0,1,1002,0.94,1.0,1.0,0.97,16,15,0,1,1002,0.94,1.0,1.0,0.97
PF04031,PF08161,13,5,3,10,2,1003,0.6,0.99,0.23,0.37,5,3,10,2,1003,0.6,0.99,0.23,0.37
PF03657,PF01097,8,3,0,8,3,1007,0.0,0.99,0.0,-0.0,3,0,8,3,1007,0.0,0.99,0.0,-0.0
PF03413,PF07504,4,3,2,2,1,1013,0.67,1.0,0.5,0.58,3,2,2,1,1013,0.67,1.0,0.5,0.58
PF12681,PF11124,0,0,0,0,0,1018,0,1.0,0,0,0,0,0,0,1018,0,1.0,0,0
PF01649,PF02195,11,8,1,10,7,1000,0.12,0.98,0.09,0.1,8,1,10,7,1000,0.12,0.98,0.09,0.1
PF11710,PF04910,15,8,1,14,7,996,0.12,0.98,0.07,0.08,8,1,14,7,996,0.12,0.98,0.07,0.08
PF08157,PF00524,4,4,1,3,3,1011,0.25,0.99,0.25,0.25,4,1,3,3,1011,0.25,0.99,0.25,0.25
PF08620,PF12765,4,13,0,4,13,1001,0.0,0.98,0.0,-0.01,13,0,4,13,1001,0.0,0.98,0.0,-0.01
PF02664,PF07906,2,0,0,2,0,1016,0,1.0,0.0,0,0,0,2,0,1016,0,1.0,0.0,0
PF03931,PF01466,25,26,19,6,7,986,0.73,0.99,0.76,0.74,26,19,6,7,986,0.73,0.99,0.76,0.74
PF05191,PF11789,12,6,3,9,3,1003,0.5,0.99,0.25,0.35,6,3,9,3,1003,0.5,0.99,0.25,0.35
PF05648,PF04371,14,1,0,14,1,1003,0.0,0.99,0.0,-0.0,1,0,14,1,1003,0.0,0.99,0.0,-0.0
PF15209,PF03317,0,5,0,0,5,1013,0.0,1.0,0,0,5,0,0,5,1013,0.0,1.0,0,0
PF10262,PF00159,8,2,1,7,1,1009,0.5,0.99,0.12,0.25,2,1,7,1,1009,0.5,0.99,0.12,0.25
PF08549,PF09775,3,0,0,3,0,1015,0,1.0,0.0,0,0,0,3,0,1015,0,1.0,0.0,0
PF10608,PF10600,1,2,1,0,1,1016,0.5,1.0,1.0,0.71,2,1,0,1,1016,0.5,1.0,1.0,0.71
PF00368,PF13323,16,3,3,13,0,1002,1.0,0.99,0.19,0.43,3,3,13,0,1002,1.0,0.99,0.19,0.43
PF16076,PF14829,22,2,1,21,1,995,0.5,0.98,0.05,0.15,2,1,21,1,995,0.5,0.98,0.05,0.15
PF08381,PF13713,8,7,7,1,0,1010,1.0,1.0,0.88,0.93,7,7,1,0,1010,1.0,1.0,0.88,0.93
PF02101,PF08228,7,3,0,7,3,1008,0.0,0.99,0.0,-0.0,3,0,7,3,1008,0.0,0.99,0.0,-0.0
PF07203,PF15760,1,0,0,1,0,1017,0,1.0,0.0,0,0,0,1,0,1017,0,1.0,0.0,0
PF16330,PF12128,2,0,0,2,0,1016,0,1.0,0.0,0,0,0,2,0,1016,0,1.0,0.0,0
PF15686,PF15289,3,0,0,3,0,1015,0,1.0,0.0,0,0,0,3,0,1015,0,1.0,0.0,0
PF05499,PF05129,6,10,1,5,9,1003,0.1,0.99,0.17,0.12,10,1,5,9,1003,0.1,0.99,0.17,0.12
PF03908,PF09496,11,4,2,9,2,1005,0.5,0.99,0.18,0.3,4,2,9,2,1005,0.5,0.99,0.18,0.3
PF05797,PF01752,0,2,0,0,2,1016,0.0,1.0,0,0,2,0,0,2,1016,0.0,1.0,0,0
PF08815,PF16279,6,6,6,0,0,1012,1.0,1.0,1.0,1.0,6,6,0,0,1012,1.0,1.0,1.0,1.0
PF04196,PF15518,1,1,1,0,0,1017,1.0,1.0,1.0,1.0,1,1,0,0,1017,1.0,1.0,1.0,1.0
PF07888,PF04388,2,8,0,2,8,1008,0.0,0.99,0.0,-0.0,8,0,2,8,1008,0.0,0.99,0.0,-0.0
PF11175,PF03553,1,1,0,1,1,1016,0.0,1.0,0.0,-0.0,1,0,1,1,1016,0.0,1.0,0.0,-0.0
PF15300,PF13519,2,35,2,0,33,983,0.06,0.97,1.0,0.24,35,2,0,33,983,0.06,0.97,1.0,0.24
PF01399,PF06237,59,3,1,58,2,957,0.33,0.94,0.02,0.06,3,1,58,2,957,0.33,0.94,0.02,0.06
PF01650,PF05191,18,12,4,14,8,992,0.33,0.98,0.22,0.26,12,4,14,8,992,0.33,0.98,0.22,0.26
PF01607,PF15002,55,12,6,49,6,957,0.5,0.95,0.11,0.22,12,6,49,6,957,0.5,0.95,0.11,0.22
PF10328,PF10323,16,9,4,12,5,997,0.44,0.98,0.25,0.33,9,4,12,5,997,0.44,0.98,0.25,0.33
PF07516,PF01043,3,3,3,0,0,1015,1.0,1.0,1.0,1.0,3,3,0,0,1015,1.0,1.0,1.0,1.0
PF02088,PF00010,0,100,0,0,100,918,0.0,0.9,0,0,100,0,0,100,918,0.0,0.9,0,0
PF00652,PF00535,48,64,36,12,28,942,0.56,0.96,0.75,0.63,64,36,12,28,942,0.56,0.96,0.75,0.63
PF00457,PF10503,5,10,3,2,7,1006,0.3,0.99,0.6,0.42,10,3,2,7,1006,0.3,0.99,0.6,0.42
PF15555,PF15809,1,0,0,1,0,1017,0,1.0,0.0,0,0,0,1,0,1017,0,1.0,0.0,0
PF08777,PF14304,12,11,3,9,8,998,0.27,0.98,0.25,0.25,11,3,9,8,998,0.27,0.98,0.25,0.25
PF05818,PF13802,0,21,0,0,21,997,0.0,0.98,0,0,21,0,0,21,997,0.0,0.98,0,0
PF02178,PF12165,14,3,3,11,0,1004,1.0,0.99,0.21,0.46,3,3,11,0,1004,1.0,0.99,0.21,0.46
PF14982,PF15207,0,1,0,0,1,1017,0.0,1.0,0,0,1,0,0,1,1017,0.0,1.0,0,0
PF09441,PF15624,1,4,0,1,4,1013,0.0,1.0,0.0,-0.0,4,0,1,4,1013,0.0,1.0,0.0,-0.0
PF06337,PF14836,17,9,7,10,2,999,0.78,0.99,0.41,0.56,9,7,10,2,999,0.78,0.99,0.41,0.56
PF05147,PF12239,13,10,1,12,9,996,0.1,0.98,0.08,0.08,10,1,12,9,996,0.1,0.98,0.08,0.08
PF00198,PF02817,21,15,15,6,0,997,1.0,0.99,0.71,0.84,15,15,6,0,997,1.0,0.99,0.71,0.84
PF11819,PF05902,10,5,0,10,5,1003,0.0,0.99,0.0,-0.01,5,0,10,5,1003,0.0,0.99,0.0,-0.01
PF03463,PF03464,9,8,8,1,0,1009,1.0,1.0,0.89,0.94,8,8,1,0,1009,1.0,1.0,0.89,0.94
PF00208,PF02812,21,14,14,7,0,997,1.0,0.99,0.67,0.81,14,14,7,0,997,1.0,0.99,0.67,0.81
PF03797,PF14449,2,0,0,2,0,1016,0,1.0,0.0,0,0,0,2,0,1016,0,1.0,0.0,0
PF10501,PF13664,2,9,1,1,8,1008,0.11,0.99,0.5,0.23,9,1,1,8,1008,0.11,0.99,0.5,0.23
PF03325,PF15909,1,4,0,1,4,1013,0.0,1.0,0.0,-0.0,4,0,1,4,1013,0.0,1.0,0.0,-0.0
PF04717,PF03729,0,0,0,0,0,1018,0,1.0,0,0,0,0,0,0,1018,0,1.0,0,0
PF14761,PF14763,2,0,0,2,0,1016,0,1.0,0.0,0,0,0,2,0,1016,0,1.0,0.0,0
PF06725,PF13753,1,0,0,1,0,1017,0,1.0,0.0,0,0,0,1,0,1017,0,1.0,0.0,0
PF02350,PF00480,2,10,0,2,10,1006,0.0,0.99,0.0,-0.0,10,0,2,10,1006,0.0,0.99,0.0,-0.0
PF05509,PF05513,1,1,1,0,0,1017,1.0,1.0,1.0,1.0,1,1,0,0,1017,1.0,1.0,1.0,1.0
PF09271,PF09270,13,13,13,0,0,1005,1.0,1.0,1.0,1.0,13,13,0,0,1005,1.0,1.0,1.0,1.0
PF09811,PF07816,6,0,0,6,0,1012,0,0.99,0.0,0,0,0,6,0,1012,0,0.99,0.0,0
PF01491,PF01230,4,28,3,1,25,989,0.11,0.97,0.75,0.28,28,3,1,25,989,0.11,0.97,0.75,0.28
PF08499,PF08629,2,1,1,1,0,1016,1.0,1.0,0.5,0.71,1,1,1,0,1016,1.0,1.0,0.5,0.71
PF12627,PF10521,9,10,4,5,6,1003,0.4,0.99,0.44,0.42,10,4,5,6,1003,0.4,0.99,0.44,0.42
PF10268,PF10712,6,6,3,3,3,1009,0.5,0.99,0.5,0.5,6,3,3,3,1009,0.5,0.99,0.5,0.5
PF03464,PF03463,8,9,8,0,1,1009,0.89,1.0,1.0,0.94,9,8,0,1,1009,0.89,1.0,1.0,0.94
PF01824,PF01329,3,16,0,3,16,999,0.0,0.98,0.0,-0.01,16,0,3,16,999,0.0,0.98,0.0,-0.01
PF03539,PF10917,1,1,0,1,1,1016,0.0,1.0,0.0,-0.0,1,0,1,1,1016,0.0,1.0,0.0,-0.0
PF04681,PF09428,5,1,0,5,1,1012,0.0,0.99,0.0,-0.0,1,0,5,1,1012,0.0,0.99,0.0,-0.0
PF12720,PF10454,3,0,0,3,0,1015,0,1.0,0.0,0,0,0,3,0,1015,0,1.0,0.0,0
PF16035,PF01269,5,15,1,4,14,999,0.07,0.98,0.2,0.11,15,1,4,14,999,0.07,0.98,0.2,0.11
PF06052,PF07883,3,30,3,0,27,988,0.1,0.97,1.0,0.31,30,3,0,27,988,0.1,0.97,1.0,0.31
PF07647,PF00536,41,62,27,14,35,942,0.44,0.95,0.66,0.51,62,27,14,35,942,0.44,0.95,0.66,0.51
PF01618,PF14224,3,0,0,3,0,1015,0,1.0,0.0,0,0,0,3,0,1015,0,1.0,0.0,0
PF09304,PF15147,1,1,1,0,0,1017,1.0,1.0,1.0,1.0,1,1,0,0,1017,1.0,1.0,1.0,1.0
PF05397,PF15624,11,4,1,10,3,1004,0.25,0.99,0.09,0.15,4,1,10,3,1004,0.25,0.99,0.09,0.15
PF06730,PF15991,5,0,0,5,0,1013,0,1.0,0.0,0,0,0,5,0,1013,0,1.0,0.0,0
PF10153,PF11291,5,0,0,5,0,1013,0,1.0,0.0,0,0,0,5,0,1013,0,1.0,0.0,0
PF14792,PF10391,19,15,15,4,0,999,1.0,1.0,0.79,0.89,15,15,4,0,999,1.0,1.0,0.79,0.89
PF10247,PF04051,4,21,1,3,20,994,0.05,0.98,0.25,0.1,21,1,3,20,994,0.05,0.98,0.25,0.1
PF09149,PF03724,3,0,0,3,0,1015,0,1.0,0.0,0,0,0,3,0,1015,0,1.0,0.0,0
PF08511,PF10213,5,10,3,2,7,1006,0.3,0.99,0.6,0.42,10,3,2,7,1006,0.3,0.99,0.6,0.42
PF03916,PF13689,0,0,0,0,0,1018,0,1.0,0,0,0,0,0,0,1018,0,1.0,0,0
PF12448,PF04849,2,2,2,0,0,1016,1.0,1.0,1.0,1.0,2,2,0,0,1016,1.0,1.0,1.0,1.0
PF12248,PF11901,14,15,4,10,11,993,0.27,0.98,0.29,0.27,15,4,10,11,993,0.27,0.98,0.29,0.27
PF12835,PF04375,1,2,1,0,1,1016,0.5,1.0,1.0,0.71,2,1,0,1,1016,0.5,1.0,1.0,0.71
PF08152,PF10175,11,6,2,9,4,1003,0.33,0.99,0.18,0.24,6,2,9,4,1003,0.33,0.99,0.18,0.24
PF16021,PF12829,5,1,0,5,1,1012,0.0,0.99,0.0,-0.0,1,0,5,1,1012,0.0,0.99,0.0,-0.0
PF01802,PF07250,1,7,0,1,7,1010,0.0,0.99,0.0,-0.0,7,0,1,7,1010,0.0,0.99,0.0,-0.0
PF16897,PF16360,10,4,1,9,3,1005,0.25,0.99,0.1,0.15,4,1,9,3,1005,0.25,0.99,0.1,0.15
PF10971,PF12147,1,1,1,0,0,1017,1.0,1.0,1.0,1.0,1,1,0,0,1017,1.0,1.0,1.0,1.0
PF03733,PF01699,4,41,3,1,38,976,0.07,0.96,0.75,0.23,41,3,1,38,976,0.07,0.96,0.75,0.23
PF15689,PF15690,0,0,0,0,0,1018,0,1.0,0,0,0,0,0,0,1018,0,1.0,0,0
PF08833,PF16646,2,0,0,2,0,1016,0,1.0,0.0,0,0,0,2,0,1016,0,1.0,0.0,0
PF00498,PF15308,82,8,8,74,0,936,1.0,0.93,0.1,0.3,8,8,74,0,936,1.0,0.93,0.1,0.3
PF04273,PF03200,1,10,1,0,9,1008,0.1,0.99,1.0,0.31,10,1,0,9,1008,0.1,0.99,1.0,0.31
PF15824,PF11863,1,0,0,1,0,1017,0,1.0,0.0,0,0,0,1,0,1017,0,1.0,0.0,0
PF01117,PF07468,0,4,0,0,4,1014,0.0,1.0,0,0,4,0,0,4,1014,0.0,1.0,0,0
PF12829,PF05685,1,1,0,1,1,1016,0.0,1.0,0.0,-0.0,1,0,1,1,1016,0.0,1.0,0.0,-0.0
PF07802,PF06907,4,2,1,3,1,1013,0.5,1.0,0.25,0.35,2,1,3,1,1013,0.5,1.0,0.25,0.35
PF12533,PF01586,3,3,1,2,2,1013,0.33,1.0,0.33,0.33,3,1,2,2,1013,0.33,1.0,0.33,0.33
PF02600,PF07464,1,1,0,1,1,1016,0.0,1.0,0.0,-0.0,1,0,1,1,1016,0.0,1.0,0.0,-0.0
PF11802,PF16001,0,1,0,0,1,1017,0.0,1.0,0,0,1,0,0,1,1017,0.0,1.0,0,0
PF01415,PF15252,2,0,0,2,0,1016,0,1.0,0.0,0,0,0,2,0,1016,0,1.0,0.0,0
PF04069,PF12911,7,4,2,5,2,1009,0.5,0.99,0.29,0.37,4,2,5,2,1009,0.5,0.99,0.29,0.37
PF05525,PF00240,1,88,0,1,88,929,0.0,0.91,0.0,-0.01,88,0,1,88,929,0.0,0.91,0.0,-0.01
PF02721,PF16900,12,15,9,3,6,1000,0.6,0.99,0.75,0.67,15,9,3,6,1000,0.6,0.99,0.75,0.67
PF07250,PF09118,7,7,6,1,1,1010,0.86,1.0,0.86,0.86,7,6,1,1,1010,0.86,1.0,0.86,0.86
PF08227,PF15248,6,5,2,4,3,1009,0.4,0.99,0.33,0.36,5,2,4,3,1009,0.4,0.99,0.33,0.36
PF07771,PF15370,0,3,0,0,3,1015,0.0,1.0,0,0,3,0,0,3,1015,0.0,1.0,0,0
PF16116,PF16173,0,0,0,0,0,1018,0,1.0,0,0,0,0,0,0,1018,0,1.0,0,0
PF04882,PF06384,10,4,0,10,4,1004,0.0,0.99,0.0,-0.01,4,0,10,4,1004,0.0,0.99,0.0,-0.01
PF12114,PF07469,6,3,0,6,3,1009,0.0,0.99,0.0,-0.0,3,0,6,3,1009,0.0,0.99,0.0,-0.0
PF09673,PF03238,0,0,0,0,0,1018,0,1.0,0,0,0,0,0,0,1018,0,1.0,0,0
PF12851,PF15778,5,3,0,5,3,1010,0.0,0.99,0.0,-0.0,3,0,5,3,1010,0.0,0.99,0.0,-0.0
PF02182,PF12148,18,5,5,13,0,1000,1.0,0.99,0.28,0.52,5,5,13,0,1000,1.0,0.99,0.28,0.52
PF03188,PF04526,28,2,1,27,1,989,0.5,0.97,0.04,0.13,2,1,27,1,989,0.5,0.97,0.04,0.13
PF03540,PF12597,6,9,0,6,9,1003,0.0,0.99,0.0,-0.01,9,0,6,9,1003,0.0,0.99,0.0,-0.01
PF01758,PF07542,11,12,2,9,10,997,0.17,0.98,0.18,0.16,12,2,9,10,997,0.17,0.98,0.18,0.16
PF02044,PF01279,0,2,0,0,2,1016,0.0,1.0,0,0,2,0,0,2,1016,0.0,1.0,0,0
PF06229,PF14941,8,0,0,8,0,1010,0,0.99,0.0,0,0,0,8,0,1010,0,0.99,0.0,0
PF02160,PF05869,1,3,0,1,3,1014,0.0,1.0,0.0,-0.0,3,0,1,3,1014,0.0,1.0,0.0,-0.0
PF00571,PF01595,59,18,11,48,7,952,0.61,0.95,0.19,0.32,18,11,48,7,952,0.61,0.95,0.19,0.32
PF08269,PF16836,0,0,0,0,0,1018,0,1.0,0,0,0,0,0,0,1018,0,1.0,0,0
PF03475,PF11591,6,2,2,4,0,1012,1.0,1.0,0.33,0.58,2,2,4,0,1012,1.0,1.0,0.33,0.58
PF11627,PF08143,2,1,1,1,0,1016,1.0,1.0,0.5,0.71,1,1,1,0,1016,1.0,1.0,0.5,0.71
PF16528,PF10699,17,1,0,17,1,1000,0.0,0.98,0.0,-0.0,1,0,17,1,1000,0.0,0.98,0.0,-0.0
PF07984,PF04831,1,4,0,1,4,1013,0.0,1.0,0.0,-0.0,4,0,1,4,1013,0.0,1.0,0.0,-0.0
PF05604,PF08528,1,5,0,1,5,1012,0.0,0.99,0.0,-0.0,5,0,1,5,1012,0.0,0.99,0.0,-0.0
PF10034,PF08925,13,6,3,10,3,1002,0.5,0.99,0.23,0.33,6,3,10,3,1002,0.5,0.99,0.23,0.33
PF13749,PF11614,5,4,0,5,4,1009,0.0,0.99,0.0,-0.0,4,0,5,4,1009,0.0,0.99,0.0,-0.0
PF01106,PF08712,18,15,15,3,0,1000,1.0,1.0,0.83,0.91,15,15,3,0,1000,1.0,1.0,0.83,0.91
PF01996,PF11403,0,2,0,0,2,1016,0.0,1.0,0,0,2,0,0,2,1016,0.0,1.0,0,0
PF08686,PF15913,11,8,4,7,4,1003,0.5,0.99,0.36,0.42,8,4,7,4,1003,0.5,0.99,0.36,0.42
PF09184,PF09302,9,4,0,9,4,1005,0.0,0.99,0.0,-0.01,4,0,9,4,1005,0.0,0.99,0.0,-0.01
PF07801,PF02672,5,3,0,5,3,1010,0.0,0.99,0.0,-0.0,3,0,5,3,1010,0.0,0.99,0.0,-0.0
PF15928,PF07449,1,0,0,1,0,1017,0,1.0,0.0,0,0,0,1,0,1017,0,1.0,0.0,0
PF04606,PF12843,0,0,0,0,0,1018,0,1.0,0,0,0,0,0,0,1018,0,1.0,0,0
PF15745,PF15053,3,2,1,2,1,1014,0.5,1.0,0.33,0.41,2,1,2,1,1014,0.5,1.0,0.33,0.41
PF01239,PF07711,27,4,4,23,0,991,1.0,0.98,0.15,0.38,4,4,23,0,991,1.0,0.98,0.15,0.38
PF05701,PF09730,7,5,1,6,4,1007,0.2,0.99,0.14,0.16,5,1,6,4,1007,0.2,0.99,0.14,0.16
PF02867,PF00317,14,11,11,3,0,1004,1.0,1.0,0.79,0.89,11,11,3,0,1004,1.0,1.0,0.79,0.89
PF08593,PF09122,1,0,0,1,0,1017,0,1.0,0.0,0,0,0,1,0,1017,0,1.0,0.0,0
PF14946,PF15252,2,0,0,2,0,1016,0,1.0,0.0,0,0,0,2,0,1016,0,1.0,0.0,0
PF13266,PF06683,1,0,0,1,0,1017,0,1.0,0.0,0,0,0,1,0,1017,0,1.0,0.0,0
PF05019,PF05180,9,6,3,6,3,1006,0.5,0.99,0.33,0.4,6,3,6,3,1006,0.5,0.99,0.33,0.4
PF10101,PF07442,0,0,0,0,0,1018,0,1.0,0,0,0,0,0,0,1018,0,1.0,0,0
PF00249,PF14379,89,7,5,84,2,927,0.71,0.92,0.06,0.18,7,5,84,2,927,0.71,0.92,0.06,0.18
PF15792,PF14049,1,0,0,1,0,1017,0,1.0,0.0,0,0,0,1,0,1017,0,1.0,0.0,0
PF05717,PF03613,0,0,0,0,0,1018,0,1.0,0,0,0,0,0,0,1018,0,1.0,0,0
PF12790,PF05836,0,0,0,0,0,1018,0,1.0,0,0,0,0,0,0,1018,0,1.0,0,0
PF02575,PF05419,6,0,0,6,0,1012,0,0.99,0.0,0,0,0,6,0,1012,0,0.99,0.0,0
PF05435,PF08485,4,1,0,4,1,1013,0.0,1.0,0.0,-0.0,1,0,4,1,1013,0.0,1.0,0.0,-0.0
PF03699,PF08681,0,1,0,0,1,1017,0.0,1.0,0,0,1,0,0,1,1017,0.0,1.0,0,0
PF15629,PF15628,0,3,0,0,3,1015,0.0,1.0,0,0,3,0,0,3,1015,0.0,1.0,0,0
PF16576,PF02074,1,1,0,1,1,1016,0.0,1.0,0.0,-0.0,1,0,1,1,1016,0.0,1.0,0.0,-0.0
PF02040,PF13945,9,1,0,9,1,1008,0.0,0.99,0.0,-0.0,1,0,9,1,1008,0.0,0.99,0.0,-0.0
PF11029,PF15071,2,0,0,2,0,1016,0,1.0,0.0,0,0,0,2,0,1016,0,1.0,0.0,0
PF07839,PF15235,3,1,0,3,1,1014,0.0,1.0,0.0,-0.0,1,0,3,1,1014,0.0,1.0,0.0,-0.0
PF11860,PF13421,0,0,0,0,0,1018,0,1.0,0,0,0,0,0,0,1018,0,1.0,0,0
PF06729,PF15119,0,1,0,0,1,1017,0.0,1.0,0,0,1,0,0,1,1017,0.0,1.0,0,0
PF02027,PF07207,1,3,1,0,2,1015,0.33,1.0,1.0,0.58,3,1,0,2,1015,0.33,1.0,1.0,0.58
PF12126,PF15451,5,2,2,3,0,1013,1.0,1.0,0.4,0.63,2,2,3,0,1013,1.0,1.0,0.4,0.63
PF08477,PF16095,30,19,16,14,3,985,0.84,0.98,0.53,0.66,19,16,14,3,985,0.84,0.98,0.53,0.66
PF10360,PF04152,4,14,2,2,12,1002,0.14,0.99,0.5,0.26,14,2,2,12,1002,0.14,0.99,0.5,0.26
PF04152,PF16891,14,14,4,10,10,994,0.29,0.98,0.29,0.28,14,4,10,10,994,0.29,0.98,0.29,0.28
PF03930,PF15518,0,1,0,0,1,1017,0.0,1.0,0,0,1,0,0,1,1017,0.0,1.0,0,0
PF15487,PF09310,3,0,0,3,0,1015,0,1.0,0.0,0,0,0,3,0,1015,0,1.0,0.0,0
PF13360,PF13570,26,7,4,22,3,989,0.57,0.98,0.15,0.29,7,4,22,3,989,0.57,0.98,0.15,0.29
PF14768,PF14766,0,3,0,0,3,1015,0.0,1.0,0,0,3,0,0,3,1015,0.0,1.0,0,0
PF16794,PF12884,7,1,0,7,1,1010,0.0,0.99,0.0,-0.0,1,0,7,1,1010,0.0,0.99,0.0,-0.0
PF15022,PF09669,0,1,0,0,1,1017,0.0,1.0,0,0,1,0,0,1,1017,0.0,1.0,0,0
PF15103,PF07310,2,1,0,2,1,1015,0.0,1.0,0.0,-0.0,1,0,2,1,1015,0.0,1.0,0.0,-0.0
PF09057,PF07464,0,1,0,0,1,1017,0.0,1.0,0,0,1,0,0,1,1017,0.0,1.0,0,0
PF06567,PF06566,1,1,1,0,0,1017,1.0,1.0,1.0,1.0,1,1,0,0,1017,1.0,1.0,1.0,1.0
PF11630,PF08194,0,0,0,0,0,1018,0,1.0,0,0,0,0,0,0,1018,0,1.0,0,0
PF09298,PF01557,25,44,23,2,21,972,0.52,0.98,0.92,0.68,44,23,2,21,972,0.52,0.98,0.92,0.68
PF01149,PF09292,9,4,4,5,0,1009,1.0,1.0,0.44,0.67,4,4,5,0,1009,1.0,1.0,0.44,0.67
PF09422,PF09305,0,0,0,0,0,1018,0,1.0,0,0,0,0,0,0,1018,0,1.0,0,0
PF15764,PF15553,1,0,0,1,0,1017,0,1.0,0.0,0,0,0,1,0,1017,0,1.0,0.0,0
PF15699,PF02427,0,0,0,0,0,1018,0,1.0,0,0,0,0,0,0,1018,0,1.0,0,0
PF07454,PF04562,0,0,0,0,0,1018,0,1.0,0,0,0,0,0,0,1018,0,1.0,0,0
PF01721,PF09095,0,2,0,0,2,1016,0.0,1.0,0,0,2,0,0,2,1016,0.0,1.0,0,0
PF16185,PF08352,7,4,2,5,2,1009,0.5,0.99,0.29,0.37,4,2,5,2,1009,0.5,0.99,0.29,0.37
PF11712,PF07412,8,5,2,6,3,1007,0.4,0.99,0.25,0.31,5,2,6,3,1007,0.4,0.99,0.25,0.31
PF03030,PF01559,12,1,0,12,1,1005,0.0,0.99,0.0,-0.0,1,0,12,1,1005,0.0,0.99,0.0,-0.0
PF12314,PF12402,0,0,0,0,0,1018,0,1.0,0,0,0,0,0,0,1018,0,1.0,0,0
PF01852,PF07059,30,7,5,25,2,986,0.71,0.97,0.17,0.34,7,5,25,2,986,0.71,0.97,0.17,0.34
PF11232,PF11235,4,2,0,4,2,1012,0.0,0.99,0.0,-0.0,2,0,4,2,1012,0.0,0.99,0.0,-0.0
PF01710,PF01022,1,2,0,1,2,1015,0.0,1.0,0.0,-0.0,2,0,1,2,1015,0.0,1.0,0.0,-0.0
PF15042,PF04308,0,0,0,0,0,1018,0,1.0,0,0,0,0,0,0,1018,0,1.0,0,0
PF15342,PF10571,4,0,0,4,0,1014,0,1.0,0.0,0,0,0,4,0,1014,0,1.0,0.0,0
PF06441,PF06237,14,3,0,14,3,1001,0.0,0.98,0.0,-0.01,3,0,14,3,1001,0.0,0.98,0.0,-0.01
PF10579,PF13441,9,2,2,7,0,1009,1.0,0.99,0.22,0.47,2,2,7,0,1009,1.0,0.99,0.22,0.47
PF17004,PF13174,7,14,4,3,10,1001,0.29,0.99,0.57,0.4,14,4,3,10,1001,0.29,0.99,0.57,0.4
PF01140,PF01141,5,4,4,1,0,1013,1.0,1.0,0.8,0.89,4,4,1,0,1013,1.0,1.0,0.8,0.89
PF11443,PF03059,6,5,1,5,4,1008,0.2,0.99,0.17,0.18,5,1,5,4,1008,0.2,0.99,0.17,0.18
PF09426,PF13774,0,20,0,0,20,998,0.0,0.98,0,0,20,0,0,20,998,0.0,0.98,0,0
PF01146,PF14802,10,0,0,10,0,1008,0,0.99,0.0,0,0,0,10,0,1008,0,0.99,0.0,0
PF11885,PF03085,8,0,0,8,0,1010,0,0.99,0.0,0,0,0,8,0,1010,0,0.99,0.0,0
PF13733,PF02709,19,26,19,0,7,992,0.73,0.99,1.0,0.85,26,19,0,7,992,0.73,0.99,1.0,0.85
PF00268,PF02284,15,6,3,12,3,1000,0.5,0.99,0.2,0.31,6,3,12,3,1000,0.5,0.99,0.2,0.31
PF03445,PF07721,11,6,1,10,5,1002,0.17,0.99,0.09,0.12,6,1,10,5,1002,0.17,0.99,0.09,0.12
PF08917,PF14786,4,2,2,2,0,1014,1.0,1.0,0.5,0.71,2,2,2,0,1014,1.0,1.0,0.5,0.71
PF15483,PF08404,1,0,0,1,0,1017,0,1.0,0.0,0,0,0,1,0,1017,0,1.0,0.0,0
PF11001,PF04090,7,2,1,6,1,1010,0.5,0.99,0.14,0.26,2,1,6,1,1010,0.5,0.99,0.14,0.26
PF09060,PF09007,1,2,1,0,1,1016,0.5,1.0,1.0,0.71,2,1,0,1,1016,0.5,1.0,1.0,0.71
PF14163,PF10399,2,3,2,0,1,1015,0.67,1.0,1.0,0.82,3,2,0,1,1015,0.67,1.0,1.0,0.82
PF04558,PF04557,12,11,11,1,0,1006,1.0,1.0,0.92,0.96,11,11,1,0,1006,1.0,1.0,0.92,0.96
PF12241,PF02277,1,3,0,1,3,1014,0.0,1.0,0.0,-0.0,3,0,1,3,1014,0.0,1.0,0.0,-0.0
PF11249,PF14092,0,0,0,0,0,1018,0,1.0,0,0,0,0,0,0,1018,0,1.0,0,0
PF04756,PF05434,11,6,3,8,3,1004,0.5,0.99,0.27,0.36,6,3,8,3,1004,0.5,0.99,0.27,0.36
PF13427,PF01934,1,1,1,0,0,1017,1.0,1.0,1.0,1.0,1,1,0,0,1017,1.0,1.0,1.0,1.0
PF03380,PF15724,0,0,0,0,0,1018,0,1.0,0,0,0,0,0,0,1018,0,1.0,0,0
PF11356,PF07157,2,0,0,2,0,1016,0,1.0,0.0,0,0,0,2,0,1016,0,1.0,0.0,0
PF15799,PF12904,1,0,0,1,0,1017,0,1.0,0.0,0,0,0,1,0,1017,0,1.0,0.0,0
PF16862,PF06964,17,14,2,15,12,989,0.14,0.97,0.12,0.12,14,2,15,12,989,0.14,0.97,0.12,0.12
PF12744,PF16577,1,2,1,0,1,1016,0.5,1.0,1.0,0.71,2,1,0,1,1016,0.5,1.0,1.0,0.71
PF08692,PF11016,0,0,0,0,0,1018,0,1.0,0,0,0,0,0,0,1018,0,1.0,0,0
PF08580,PF04988,2,5,0,2,5,1011,0.0,0.99,0.0,-0.0,5,0,2,5,1011,0.0,0.99,0.0,-0.0
PF00998,PF00516,2,0,0,2,0,1016,0,1.0,0.0,0,0,0,2,0,1016,0,1.0,0.0,0
PF04851,PF11648,45,10,9,36,1,972,0.9,0.96,0.2,0.41,10,9,36,1,972,0.9,0.96,0.2,0.41
PF10785,PF12853,4,5,3,1,2,1012,0.6,1.0,0.75,0.67,5,3,1,2,1012,0.6,1.0,0.75,0.67
PF07243,PF03428,0,0,0,0,0,1018,0,1.0,0,0,0,0,0,0,1018,0,1.0,0,0
PF00051,PF01392,34,24,17,17,7,977,0.71,0.98,0.5,0.58,24,17,17,7,977,0.71,0.98,0.5,0.58
PF15397,PF06485,5,4,3,2,1,1012,0.75,1.0,0.6,0.67,4,3,2,1,1012,0.75,1.0,0.6,0.67
PF02893,PF16016,33,16,9,24,7,978,0.56,0.97,0.27,0.38,16,9,24,7,978,0.56,0.97,0.27,0.38
PF09991,PF15289,0,0,0,0,0,1018,0,1.0,0,0,0,0,0,0,1018,0,1.0,0,0
PF14082,PF09826,0,2,0,0,2,1016,0.0,1.0,0,0,2,0,0,2,1016,0.0,1.0,0,0
PF00411,PF00329,23,17,5,18,12,983,0.29,0.97,0.22,0.24,17,5,18,12,983,0.29,0.97,0.22,0.24
PF07725,PF12061,14,2,2,12,0,1004,1.0,0.99,0.14,0.38,2,2,12,0,1004,1.0,0.99,0.14,0.38
PF02431,PF03386,2,0,0,2,0,1016,0,1.0,0.0,0,0,0,2,0,1016,0,1.0,0.0,0
PF14492,PF16004,35,10,6,29,4,979,0.6,0.97,0.17,0.31,10,6,29,4,979,0.6,0.97,0.17,0.31
PF12313,PF11900,4,4,4,0,0,1014,1.0,1.0,1.0,1.0,4,4,0,0,1014,1.0,1.0,1.0,1.0
PF08173,PF16327,0,1,0,0,1,1017,0.0,1.0,0,0,1,0,0,1,1017,0.0,1.0,0,0
PF03101,PF04434,30,24,13,17,11,977,0.54,0.97,0.43,0.47,24,13,17,11,977,0.54,0.97,0.43,0.47
PF06146,PF04892,1,0,0,1,0,1017,0,1.0,0.0,0,0,0,1,0,1017,0,1.0,0.0,0
PF01614,PF16416,10,0,0,10,0,1008,0,0.99,0.0,0,0,0,10,0,1008,0,0.99,0.0,0
PF07693,PF00710,7,16,3,4,13,998,0.19,0.98,0.43,0.28,16,3,4,13,998,0.19,0.98,0.43,0.28
PF12237,PF09445,4,11,2,2,9,1005,0.18,0.99,0.5,0.3,11,2,2,9,1005,0.18,0.99,0.5,0.3
PF09740,PF15292,1,0,0,1,0,1017,0,1.0,0.0,0,0,0,1,0,1017,0,1.0,0.0,0
PF06162,PF01051,0,1,0,0,1,1017,0.0,1.0,0,0,1,0,0,1,1017,0.0,1.0,0,0
PF06414,PF10179,11,3,0,11,3,1004,0.0,0.99,0.0,-0.01,3,0,11,3,1004,0.0,0.99,0.0,-0.01
PF09997,PF11057,0,0,0,0,0,1018,0,1.0,0,0,0,0,0,0,1018,0,1.0,0,0
PF12373,PF09991,0,0,0,0,0,1018,0,1.0,0,0,0,0,0,0,1018,0,1.0,0,0
PF08759,PF08856,0,0,0,0,0,1018,0,1.0,0,0,0,0,0,0,1018,0,1.0,0,0
PF10257,PF14611,11,4,0,11,4,1003,0.0,0.99,0.0,-0.01,4,0,11,4,1003,0.0,0.99,0.0,-0.01
PF01765,PF12483,10,3,0,10,3,1005,0.0,0.99,0.0,-0.01,3,0,10,3,1005,0.0,0.99,0.0,-0.01
PF11339,PF14344,0,0,0,0,0,1018,0,1.0,0,0,0,0,0,0,1018,0,1.0,0,0
PF08169,PF12031,5,8,2,3,6,1007,0.25,0.99,0.4,0.31,8,2,3,6,1007,0.25,0.99,0.4,0.31
PF10868,PF17032,0,0,0,0,0,1018,0,1.0,0,0,0,0,0,0,1018,0,1.0,0,0
PF02262,PF02762,5,4,3,2,1,1012,0.75,1.0,0.6,0.67,4,3,2,1,1012,0.75,1.0,0.6,0.67
PF02269,PF04646,11,7,2,9,5,1002,0.29,0.99,0.18,0.22,7,2,9,5,1002,0.29,0.99,0.18,0.22
PF05426,PF09424,4,6,0,4,6,1008,0.0,0.99,0.0,-0.0,6,0,4,6,1008,0.0,0.99,0.0,-0.0
PF14621,PF11522,2,3,1,1,2,1014,0.33,1.0,0.5,0.41,3,1,1,2,1014,0.33,1.0,0.5,0.41
PF00771,PF04717,0,0,0,0,0,1018,0,1.0,0,0,0,0,0,0,1018,0,1.0,0,0
PF02889,PF14308,36,11,6,30,5,977,0.55,0.97,0.17,0.29,11,6,30,5,977,0.55,0.97,0.17,0.29
PF01277,PF07172,1,1,0,1,1,1016,0.0,1.0,0.0,-0.0,1,0,1,1,1016,0.0,1.0,0.0,-0.0
PF04758,PF01020,11,12,2,9,10,997,0.17,0.98,0.18,0.16,12,2,9,10,997,0.17,0.98,0.18,0.16
PF02502,PF05899,7,5,1,6,4,1007,0.2,0.99,0.14,0.16,5,1,6,4,1007,0.2,0.99,0.14,0.16
PF11326,PF01987,4,6,1,3,5,1009,0.17,0.99,0.25,0.2,6,1,3,5,1009,0.17,0.99,0.25,0.2
PF01119,PF10699,24,1,0,24,1,993,0.0,0.98,0.0,-0.0,1,0,24,1,993,0.0,0.98,0.0,-0.0
PF13879,PF04641,10,13,3,7,10,998,0.23,0.98,0.3,0.25,13,3,7,10,998,0.23,0.98,0.3,0.25
PF15974,PF08374,2,1,1,1,0,1016,1.0,1.0,0.5,0.71,1,1,1,0,1016,1.0,1.0,0.5,0.71
PF01457,PF09992,10,3,0,10,3,1005,0.0,0.99,0.0,-0.01,3,0,10,3,1005,0.0,0.99,0.0,-0.01
PF14941,PF14931,0,1,0,0,1,1017,0.0,1.0,0,0,1,0,0,1,1017,0.0,1.0,0,0
PF05343,PF13471,10,4,0,10,4,1004,0.0,0.99,0.0,-0.01,4,0,10,4,1004,0.0,0.99,0.0,-0.01
PF00515,PF07719,55,38,24,31,14,949,0.63,0.96,0.44,0.5,38,24,31,14,949,0.63,0.96,0.44,0.5
PF08701,PF05128,3,1,1,2,0,1015,1.0,1.0,0.33,0.58,1,1,2,0,1015,1.0,1.0,0.33,0.58
PF08138,PF17201,1,0,0,1,0,1017,0,1.0,0.0,0,0,0,1,0,1017,0,1.0,0.0,0
PF12326,PF13334,4,3,1,3,2,1012,0.33,1.0,0.25,0.29,3,1,3,2,1012,0.33,1.0,0.25,0.29
PF08388,PF13655,6,6,6,0,0,1012,1.0,1.0,1.0,1.0,6,6,0,0,1012,1.0,1.0,1.0,1.0
PF04794,PF00796,3,0,0,3,0,1015,0,1.0,0.0,0,0,0,3,0,1015,0,1.0,0.0,0
PF13178,PF10580,6,1,1,5,0,1012,1.0,1.0,0.17,0.41,1,1,5,0,1012,1.0,1.0,0.17,0.41
PF06286,PF11642,0,0,0,0,0,1018,0,1.0,0,0,0,0,0,0,1018,0,1.0,0,0
PF14698,PF08328,8,2,0,8,2,1008,0.0,0.99,0.0,-0.0,2,0,8,2,1008,0.0,0.99,0.0,-0.0
PF13619,PF11573,0,4,0,0,4,1014,0.0,1.0,0,0,4,0,0,4,1014,0.0,1.0,0,0
PF16799,PF03521,2,4,1,1,3,1013,0.25,1.0,0.5,0.35,4,1,1,3,1013,0.25,1.0,0.5,0.35
PF10304,PF12765,2,13,1,1,12,1004,0.08,0.99,0.5,0.19,13,1,1,12,1004,0.08,0.99,0.5,0.19
PF12323,PF07282,1,2,1,0,1,1016,0.5,1.0,1.0,0.71,2,1,0,1,1016,0.5,1.0,1.0,0.71
PF03165,PF00859,10,2,2,8,0,1008,1.0,0.99,0.2,0.45,2,2,8,0,1008,1.0,0.99,0.2,0.45
PF01701,PF10856,1,0,0,1,0,1017,0,1.0,0.0,0,0,0,1,0,1017,0,1.0,0.0,0
PF03063,PF01402,2,1,1,1,0,1016,1.0,1.0,0.5,0.71,1,1,1,0,1016,1.0,1.0,0.5,0.71
PF15806,PF16027,1,0,0,1,0,1017,0,1.0,0.0,0,0,0,1,0,1017,0,1.0,0.0,0
PF03028,PF12777,38,38,36,2,2,978,0.95,1.0,0.95,0.95,38,36,2,2,978,0.95,1.0,0.95,0.95
PF15146,PF15395,0,0,0,0,0,1018,0,1.0,0,0,0,0,0,0,1018,0,1.0,0,0
PF16200,PF15975,7,6,1,6,5,1006,0.17,0.99,0.14,0.15,6,1,6,5,1006,0.17,0.99,0.14,0.15
PF01498,PF13936,48,6,6,42,0,970,1.0,0.96,0.12,0.35,6,6,42,0,970,1.0,0.96,0.12,0.35
PF08346,PF06745,0,0,0,0,0,1018,0,1.0,0,0,0,0,0,0,1018,0,1.0,0,0
PF01112,PF00755,23,30,9,14,21,974,0.3,0.97,0.39,0.33,30,9,14,21,974,0.3,0.97,0.39,0.33
PF08348,PF03255,0,12,0,0,12,1006,0.0,0.99,0,0,12,0,0,12,1006,0.0,0.99,0,0
PF03635,PF02990,12,29,6,6,23,983,0.21,0.97,0.5,0.31,29,6,6,23,983,0.21,0.97,0.5,0.31
PF15868,PF15955,6,1,0,6,1,1011,0.0,0.99,0.0,-0.0,1,0,6,1,1011,0.0,0.99,0.0,-0.0
PF09011,PF08347,16,1,0,16,1,1001,0.0,0.98,0.0,-0.0,1,0,16,1,1001,0.0,0.98,0.0,-0.0
PF01512,PF10531,10,13,7,3,6,1002,0.54,0.99,0.7,0.61,13,7,3,6,1002,0.54,0.99,0.7,0.61
PF06739,PF15817,3,1,1,2,0,1015,1.0,1.0,0.33,0.58,1,1,2,0,1015,1.0,1.0,0.33,0.58
PF04813,PF04812,1,3,1,0,2,1015,0.33,1.0,1.0,0.58,3,1,0,2,1015,0.33,1.0,1.0,0.58
PF12742,PF07919,3,3,2,1,1,1014,0.67,1.0,0.67,0.67,3,2,1,1,1014,0.67,1.0,0.67,0.67
PF13720,PF06426,2,10,1,1,9,1007,0.1,0.99,0.5,0.22,10,1,1,9,1007,0.1,0.99,0.5,0.22
PF00743,PF13434,57,17,14,43,3,958,0.82,0.95,0.25,0.44,17,14,43,3,958,0.82,0.95,0.25,0.44
PF11546,PF08173,0,0,0,0,0,1018,0,1.0,0,0,0,0,0,0,1018,0,1.0,0,0
PF01202,PF01761,11,14,10,1,4,1003,0.71,1.0,0.91,0.8,14,10,1,4,1003,0.71,1.0,0.91,0.8
PF13713,PF16696,7,2,2,5,0,1011,1.0,1.0,0.29,0.53,2,2,5,0,1011,1.0,1.0,0.29,0.53
PF04339,PF15216,2,1,0,2,1,1015,0.0,1.0,0.0,-0.0,1,0,2,1,1015,0.0,1.0,0.0,-0.0
PF03385,PF02219,1,8,0,1,8,1009,0.0,0.99,0.0,-0.0,8,0,1,8,1009,0.0,0.99,0.0,-0.0
PF10782,PF11751,0,0,0,0,0,1018,0,1.0,0,0,0,0,0,0,1018,0,1.0,0,0
PF15075,PF10127,1,1,0,1,1,1016,0.0,1.0,0.0,-0.0,1,0,1,1,1016,0.0,1.0,0.0,-0.0
PF15006,PF06907,4,2,0,4,2,1012,0.0,0.99,0.0,-0.0,2,0,4,2,1012,0.0,0.99,0.0,-0.0
PF08718,PF01791,15,12,2,13,10,993,0.17,0.98,0.13,0.14,12,2,13,10,993,0.17,0.98,0.13,0.14
PF09122,PF11127,0,2,0,0,2,1016,0.0,1.0,0,0,2,0,0,2,1016,0.0,1.0,0,0
PF00204,PF00986,19,13,10,9,3,996,0.77,0.99,0.53,0.63,13,10,9,3,996,0.77,0.99,0.53,0.63
PF04532,PF05299,1,0,0,1,0,1017,0,1.0,0.0,0,0,0,1,0,1017,0,1.0,0.0,0
PF02187,PF14923,16,2,2,14,0,1002,1.0,0.99,0.12,0.35,2,2,14,0,1002,1.0,0.99,0.12,0.35
PF14784,PF06239,1,4,0,1,4,1013,0.0,1.0,0.0,-0.0,4,0,1,4,1013,0.0,1.0,0.0,-0.0
PF15556,PF02977,0,0,0,0,0,1018,0,1.0,0,0,0,0,0,0,1018,0,1.0,0,0
PF04843,PF14214,3,24,1,2,23,992,0.04,0.98,0.33,0.11,24,1,2,23,992,0.04,0.98,0.33,0.11
PF07572,PF02631,8,2,1,7,1,1009,0.5,0.99,0.12,0.25,2,1,7,1,1009,0.5,0.99,0.12,0.25
PF11975,PF02056,8,8,8,0,0,1010,1.0,1.0,1.0,1.0,8,8,0,0,1010,1.0,1.0,1.0,1.0
PF05523,PF01865,0,0,0,0,0,1018,0,1.0,0,0,0,0,0,0,1018,0,1.0,0,0
PF09340,PF10248,6,3,1,5,2,1010,0.33,0.99,0.17,0.23,3,1,5,2,1010,0.33,0.99,0.17,0.23
PF11017,PF15053,0,2,0,0,2,1016,0.0,1.0,0,0,2,0,0,2,1016,0.0,1.0,0,0
PF10205,PF17045,2,0,0,2,0,1016,0,1.0,0.0,0,0,0,2,0,1016,0,1.0,0.0,0
PF00089,PF12032,126,8,8,118,0,892,1.0,0.88,0.06,0.24,8,8,118,0,892,1.0,0.88,0.06,0.24
PF04932,PF03050,0,0,0,0,0,1018,0,1.0,0,0,0,0,0,0,1018,0,1.0,0,0
PF13468,PF07961,7,0,0,7,0,1011,0,0.99,0.0,0,0,0,7,0,1011,0,0.99,0.0,0
PF00955,PF07565,20,7,7,13,0,998,1.0,0.99,0.35,0.59,7,7,13,0,998,1.0,0.99,0.35,0.59
PF08639,PF02116,4,2,1,3,1,1013,0.5,1.0,0.25,0.35,2,1,3,1,1013,0.5,1.0,0.25,0.35
PF07460,PF07453,12,3,2,10,1,1005,0.67,0.99,0.17,0.33,3,2,10,1,1005,0.67,0.99,0.17,0.33
PF15979,PF10350,12,11,4,8,7,999,0.36,0.99,0.33,0.34,11,4,8,7,999,0.36,0.99,0.33,0.34
PF16273,PF09032,0,3,0,0,3,1015,0.0,1.0,0,0,3,0,0,3,1015,0.0,1.0,0,0
PF15235,PF07891,1,1,0,1,1,1016,0.0,1.0,0.0,-0.0,1,0,1,1,1016,0.0,1.0,0.0,-0.0
PF09190,PF01406,5,19,5,0,14,999,0.26,0.99,1.0,0.51,19,5,0,14,999,0.26,0.99,1.0,0.51
PF03633,PF03636,1,4,1,0,3,1014,0.25,1.0,1.0,0.5,4,1,0,3,1014,0.25,1.0,1.0,0.5
PF08378,PF10333,1,0,0,1,0,1017,0,1.0,0.0,0,0,0,1,0,1017,0,1.0,0.0,0
PF16815,PF17003,6,0,0,6,0,1012,0,0.99,0.0,0,0,0,6,0,1012,0,0.99,0.0,0
PF01612,PF00570,55,30,22,33,8,955,0.73,0.96,0.4,0.52,30,22,33,8,955,0.73,0.96,0.4,0.52
PF00101,PF12338,5,4,4,1,0,1013,1.0,1.0,0.8,0.89,4,4,1,0,1013,1.0,1.0,0.8,0.89
PF03127,PF00790,11,28,11,0,17,990,0.39,0.98,1.0,0.62,28,11,0,17,990,0.39,0.98,1.0,0.62
PF03237,PF13103,1,4,1,0,3,1014,0.25,1.0,1.0,0.5,4,1,0,3,1014,0.25,1.0,1.0,0.5
PF12896,PF12341,14,12,4,10,8,996,0.33,0.98,0.29,0.3,12,4,10,8,996,0.33,0.98,0.29,0.3
PF15673,PF08228,1,3,0,1,3,1014,0.0,1.0,0.0,-0.0,3,0,1,3,1014,0.0,1.0,0.0,-0.0
PF12255,PF12256,0,0,0,0,0,1018,0,1.0,0,0,0,0,0,0,1018,0,1.0,0,0
PF16589,PF11626,27,7,7,20,0,991,1.0,0.98,0.26,0.5,7,7,20,0,991,1.0,0.98,0.26,0.5
PF03051,PF07096,10,5,2,8,3,1005,0.4,0.99,0.2,0.28,5,2,8,3,1005,0.4,0.99,0.2,0.28
PF07247,PF07350,15,2,2,13,0,1003,1.0,0.99,0.13,0.36,2,2,13,0,1003,1.0,0.99,0.13,0.36
PF04859,PF04833,3,2,0,3,2,1013,0.0,1.0,0.0,-0.0,2,0,3,2,1013,0.0,1.0,0.0,-0.0
PF11804,PF04338,0,0,0,0,0,1018,0,1.0,0,0,0,0,0,0,1018,0,1.0,0,0
PF13662,PF00772,7,6,3,4,3,1008,0.5,0.99,0.43,0.46,6,3,4,3,1008,0.5,0.99,0.43,0.46
PF00958,PF00977,17,16,5,12,11,990,0.31,0.98,0.29,0.29,16,5,12,11,990,0.31,0.98,0.29,0.29
PF14588,PF15775,2,0,0,2,0,1016,0,1.0,0.0,0,0,0,2,0,1016,0,1.0,0.0,0
PF16216,PF15272,0,0,0,0,0,1018,0,1.0,0,0,0,0,0,0,1018,0,1.0,0,0
PF11956,PF03520,3,8,3,0,5,1010,0.38,1.0,1.0,0.61,8,3,0,5,1010,0.38,1.0,1.0,0.61
PF16448,PF12191,1,0,0,1,0,1017,0,1.0,0.0,0,0,0,1,0,1017,0,1.0,0.0,0
PF11585,PF08189,0,0,0,0,0,1018,0,1.0,0,0,0,0,0,0,1018,0,1.0,0,0
PF10206,PF02950,4,1,0,4,1,1013,0.0,1.0,0.0,-0.0,1,0,4,1,1013,0.0,1.0,0.0,-0.0
PF00767,PF06798,2,0,0,2,0,1016,0,1.0,0.0,0,0,0,2,0,1016,0,1.0,0.0,0
PF02825,PF12174,26,7,4,22,3,989,0.57,0.98,0.15,0.29,7,4,22,3,989,0.57,0.98,0.15,0.29
PF04821,PF09743,5,4,0,5,4,1009,0.0,0.99,0.0,-0.0,4,0,5,4,1009,0.0,0.99,0.0,-0.0
PF04258,PF02225,24,47,15,9,32,962,0.32,0.96,0.62,0.43,47,15,9,32,962,0.32,0.96,0.62,0.43
PF01774,PF02284,7,6,0,7,6,1005,0.0,0.99,0.0,-0.01,6,0,7,6,1005,0.0,0.99,0.0,-0.01
PF08206,PF08529,1,4,1,0,3,1014,0.25,1.0,1.0,0.5,4,1,0,3,1014,0.25,1.0,1.0,0.5
PF10249,PF06342,7,1,0,7,1,1010,0.0,0.99,0.0,-0.0,1,0,7,1,1010,0.0,0.99,0.0,-0.0
PF02257,PF12031,18,8,3,15,5,995,0.38,0.98,0.17,0.24,8,3,15,5,995,0.38,0.98,0.17,0.24
PF16020,PF14721,2,4,2,0,2,1014,0.5,1.0,1.0,0.71,4,2,0,2,1014,0.5,1.0,1.0,0.71
PF07751,PF14866,0,0,0,0,0,1018,0,1.0,0,0,0,0,0,0,1018,0,1.0,0,0
PF00990,PF00563,13,9,5,8,4,1001,0.56,0.99,0.38,0.46,9,5,8,4,1001,0.56,0.99,0.38,0.46
PF05757,PF00321,2,0,0,2,0,1016,0,1.0,0.0,0,0,0,2,0,1016,0,1.0,0.0,0
PF13001,PF11916,14,6,2,12,4,1000,0.33,0.98,0.14,0.21,6,2,12,4,1000,0.33,0.98,0.14,0.21
PF16682,PF16685,2,3,2,0,1,1015,0.67,1.0,1.0,0.82,3,2,0,1,1015,0.67,1.0,1.0,0.82
PF01929,PF01777,17,15,4,13,11,990,0.27,0.98,0.24,0.24,15,4,13,11,990,0.27,0.98,0.24,0.24
PF01407,PF07882,0,1,0,0,1,1017,0.0,1.0,0,0,1,0,0,1,1017,0.0,1.0,0,0
PF08922,PF09074,1,0,0,1,0,1017,0,1.0,0.0,0,0,0,1,0,1017,0,1.0,0.0,0
PF13905,PF03107,17,15,7,10,8,993,0.47,0.98,0.41,0.43,15,7,10,8,993,0.47,0.98,0.41,0.43
PF00670,PF05221,6,10,6,0,4,1008,0.6,1.0,1.0,0.77,10,6,0,4,1008,0.6,1.0,1.0,0.77
PF04081,PF09459,8,1,0,8,1,1009,0.0,0.99,0.0,-0.0,1,0,8,1,1009,0.0,0.99,0.0,-0.0
PF09848,PF07778,9,6,2,7,4,1005,0.33,0.99,0.22,0.27,6,2,7,4,1005,0.33,0.99,0.22,0.27
PF02433,PF12139,4,0,0,4,0,1014,0,1.0,0.0,0,0,0,4,0,1014,0,1.0,0.0,0
PF13094,PF05728,1,4,0,1,4,1013,0.0,1.0,0.0,-0.0,4,0,1,4,1013,0.0,1.0,0.0,-0.0
PF15114,PF15141,0,0,0,0,0,1018,0,1.0,0,0,0,0,0,0,1018,0,1.0,0,0
PF15292,PF15090,0,1,0,0,1,1017,0.0,1.0,0,0,1,0,0,1,1017,0.0,1.0,0,0
PF05511,PF15158,7,0,0,7,0,1011,0,0.99,0.0,0,0,0,7,0,1011,0,0.99,0.0,0
PF06246,PF07019,12,17,3,9,14,992,0.18,0.98,0.25,0.2,17,3,9,14,992,0.18,0.98,0.25,0.2
PF01815,PF04958,0,3,0,0,3,1015,0.0,1.0,0,0,3,0,0,3,1015,0.0,1.0,0,0
PF00788,PF16517,49,7,6,43,1,968,0.86,0.96,0.12,0.31,7,6,43,1,968,0.86,0.96,0.12,0.31
PF02911,PF00551,11,24,10,1,14,993,0.42,0.99,0.91,0.61,24,10,1,14,993,0.42,0.99,0.91,0.61
PF11409,PF11979,1,5,1,0,4,1013,0.2,1.0,1.0,0.45,5,1,0,4,1013,0.2,1.0,1.0,0.45
PF06682,PF14941,7,0,0,7,0,1011,0,0.99,0.0,0,0,0,7,0,1011,0,0.99,0.0,0
PF02145,PF03542,14,5,5,9,0,1004,1.0,0.99,0.36,0.59,5,5,9,0,1004,1.0,0.99,0.36,0.59
PF00271,PF16203,232,15,15,217,0,786,1.0,0.79,0.06,0.23,15,15,217,0,786,1.0,0.79,0.06,0.23
PF13631,PF00033,2,11,2,0,9,1007,0.18,0.99,1.0,0.42,11,2,0,9,1007,0.18,0.99,1.0,0.42
PF13392,PF07929,7,5,0,7,5,1006,0.0,0.99,0.0,-0.01,5,0,7,5,1006,0.0,0.99,0.0,-0.01
PF03345,PF04756,13,11,6,7,5,1000,0.55,0.99,0.46,0.5,11,6,7,5,1000,0.55,0.99,0.46,0.5
PF14493,PF09382,5,17,4,1,13,1000,0.24,0.99,0.8,0.43,17,4,1,13,1000,0.24,0.99,0.8,0.43
PF03219,PF08643,5,5,1,4,4,1009,0.2,0.99,0.2,0.2,5,1,4,4,1009,0.2,0.99,0.2,0.2
PF09051,PF09049,0,0,0,0,0,1018,0,1.0,0,0,0,0,0,0,1018,0,1.0,0,0
PF15182,PF15680,0,0,0,0,0,1018,0,1.0,0,0,0,0,0,0,1018,0,1.0,0,0
PF03644,PF02449,13,11,1,12,10,995,0.09,0.98,0.08,0.07,11,1,12,10,995,0.09,0.98,0.08,0.07
PF01192,PF10780,5,0,0,5,0,1013,0,1.0,0.0,0,0,0,5,0,1013,0,1.0,0.0,0
PF10129,PF10423,0,1,0,0,1,1017,0.0,1.0,0,0,1,0,0,1,1017,0.0,1.0,0,0
PF02522,PF05167,1,1,0,1,1,1016,0.0,1.0,0.0,-0.0,1,0,1,1,1016,0.0,1.0,0.0,-0.0
PF00924,PF15996,14,8,2,12,6,998,0.25,0.98,0.14,0.18,8,2,12,6,998,0.25,0.98,0.14,0.18
PF08629,PF08778,1,3,0,1,3,1014,0.0,1.0,0.0,-0.0,3,0,1,3,1014,0.0,1.0,0.0,-0.0
PF12346,PF00319,1,20,0,1,20,997,0.0,0.98,0.0,-0.0,20,0,1,20,997,0.0,0.98,0.0,-0.0
PF14402,PF09685,0,0,0,0,0,1018,0,1.0,0,0,0,0,0,0,1018,0,1.0,0,0
PF03229,PF17110,2,0,0,2,0,1016,0,1.0,0.0,0,0,0,2,0,1016,0,1.0,0.0,0
PF13322,PF14028,0,0,0,0,0,1018,0,1.0,0,0,0,0,0,0,1018,0,1.0,0,0
PF12137,PF07652,4,6,2,2,4,1010,0.33,0.99,0.5,0.41,6,2,2,4,1010,0.33,0.99,0.5,0.41
PF15831,PF15063,0,0,0,0,0,1018,0,1.0,0,0,0,0,0,0,1018,0,1.0,0,0
PF16028,PF16657,1,1,1,0,0,1017,1.0,1.0,1.0,1.0,1,1,0,0,1017,1.0,1.0,1.0,1.0
PF14743,PF04679,3,18,2,1,16,999,0.11,0.98,0.67,0.27,18,2,1,16,999,0.11,0.98,0.67,0.27
PF05957,PF03901,0,30,0,0,30,988,0.0,0.97,0,0,30,0,0,30,988,0.0,0.97,0,0
PF04076,PF04451,0,1,0,0,1,1017,0.0,1.0,0,0,1,0,0,1,1017,0.0,1.0,0,0
PF11595,PF15092,3,4,3,0,1,1014,0.75,1.0,1.0,0.87,4,3,0,1,1014,0.75,1.0,1.0,0.87
PF15025,PF15146,3,0,0,3,0,1015,0,1.0,0.0,0,0,0,3,0,1015,0,1.0,0.0,0
PF02175,PF03488,1,1,0,1,1,1016,0.0,1.0,0.0,-0.0,1,0,1,1,1016,0.0,1.0,0.0,-0.0
PF03721,PF03720,7,6,6,1,0,1011,1.0,1.0,0.86,0.93,6,6,1,0,1011,1.0,1.0,0.86,0.93
PF14396,PF12399,3,9,2,1,7,1008,0.22,0.99,0.67,0.38,9,2,1,7,1008,0.22,0.99,0.67,0.38
PF12538,PF06724,0,0,0,0,0,1018,0,1.0,0,0,0,0,0,0,1018,0,1.0,0,0
PF16830,PF16574,0,2,0,0,2,1016,0.0,1.0,0,0,2,0,0,2,1016,0.0,1.0,0,0
PF02211,PF03090,3,0,0,3,0,1015,0,1.0,0.0,0,0,0,3,0,1015,0,1.0,0.0,0
PF14992,PF08964,1,0,0,1,0,1017,0,1.0,0.0,0,0,0,1,0,1017,0,1.0,0.0,0
PF10580,PF06614,1,1,1,0,0,1017,1.0,1.0,1.0,1.0,1,1,0,0,1017,1.0,1.0,1.0,1.0
PF02571,PF00999,1,55,0,1,55,962,0.0,0.94,0.0,-0.01,55,0,1,55,962,0.0,0.94,0.0,-0.01
PF16698,PF00200,3,29,3,0,26,989,0.1,0.97,1.0,0.32,29,3,0,26,989,0.1,0.97,1.0,0.32
PF11403,PF08546,2,20,1,1,19,997,0.05,0.98,0.5,0.15,20,1,1,19,997,0.05,0.98,0.5,0.15
PF01145,PF01066,40,35,18,22,17,961,0.51,0.96,0.45,0.46,35,18,22,17,961,0.51,0.96,0.45,0.46
PF17200,PF06228,0,0,0,0,0,1018,0,1.0,0,0,0,0,0,0,1018,0,1.0,0,0
PF02124,PF10570,0,1,0,0,1,1017,0.0,1.0,0,0,1,0,0,1,1017,0.0,1.0,0,0
PF16705,PF04382,1,5,1,0,4,1013,0.2,1.0,1.0,0.45,5,1,0,4,1013,0.2,1.0,1.0,0.45
PF08326,PF00289,12,34,12,0,22,984,0.35,0.98,1.0,0.59,34,12,0,22,984,0.35,0.98,1.0,0.59
PF04174,PF06082,0,0,0,0,0,1018,0,1.0,0,0,0,0,0,0,1018,0,1.0,0,0
PF16171,PF05604,0,1,0,0,1,1017,0.0,1.0,0,0,1,0,0,1,1017,0.0,1.0,0,0
PF00555,PF15529,2,0,0,2,0,1016,0,1.0,0.0,0,0,0,2,0,1016,0,1.0,0.0,0
PF06273,PF16485,5,1,0,5,1,1012,0.0,0.99,0.0,-0.0,1,0,5,1,1012,0.0,0.99,0.0,-0.0
PF11608,PF01936,3,11,2,1,9,1006,0.18,0.99,0.67,0.34,11,2,1,9,1006,0.18,0.99,0.67,0.34
PF07980,PF10618,0,0,0,0,0,1018,0,1.0,0,0,0,0,0,0,1018,0,1.0,0,0
PF05453,PF08093,1,1,0,1,1,1016,0.0,1.0,0.0,-0.0,1,0,1,1,1016,0.0,1.0,0.0,-0.0
PF09587,PF07327,5,1,0,5,1,1012,0.0,0.99,0.0,-0.0,1,0,5,1,1012,0.0,0.99,0.0,-0.0
PF14308,PF14901,11,2,0,11,2,1005,0.0,0.99,0.0,-0.0,2,0,11,2,1005,0.0,0.99,0.0,-0.0
PF15754,PF14862,0,0,0,0,0,1018,0,1.0,0,0,0,0,0,0,1018,0,1.0,0,0
PF15450,PF14615,1,7,0,1,7,1010,0.0,0.99,0.0,-0.0,7,0,1,7,1010,0.0,0.99,0.0,-0.0
PF01529,PF00710,56,16,8,48,8,954,0.5,0.94,0.14,0.25,16,8,48,8,954,0.5,0.94,0.14,0.25
PF08733,PF08624,2,4,0,2,4,1012,0.0,0.99,0.0,-0.0,4,0,2,4,1012,0.0,0.99,0.0,-0.0
PF07289,PF13299,3,14,0,3,14,1001,0.0,0.98,0.0,-0.01,14,0,3,14,1001,0.0,0.98,0.0,-0.01
PF16311,PF15141,0,0,0,0,0,1018,0,1.0,0,0,0,0,0,0,1018,0,1.0,0,0
PF11440,PF04965,0,0,0,0,0,1018,0,1.0,0,0,0,0,0,0,1018,0,1.0,0,0
PF12024,PF17035,7,14,1,6,13,998,0.07,0.98,0.14,0.09,14,1,6,13,998,0.07,0.98,0.14,0.09
PF00388,PF00387,23,18,17,6,1,994,0.94,0.99,0.74,0.83,18,17,6,1,994,0.94,0.99,0.74,0.83
PF07504,PF02128,3,3,3,0,0,1015,1.0,1.0,1.0,1.0,3,3,0,0,1015,1.0,1.0,1.0,1.0
PF14693,PF01386,3,2,2,1,0,1015,1.0,1.0,0.67,0.82,2,2,1,0,1015,1.0,1.0,0.67,0.82
PF14713,PF15551,2,0,0,2,0,1016,0,1.0,0.0,0,0,0,2,0,1016,0,1.0,0.0,0
PF04099,PF07061,16,9,3,13,6,996,0.33,0.98,0.19,0.24,9,3,13,6,996,0.33,0.98,0.19,0.24
PF01773,PF07670,12,7,3,9,4,1002,0.43,0.99,0.25,0.32,7,3,9,4,1002,0.43,0.99,0.25,0.32
PF01514,PF01752,0,2,0,0,2,1016,0.0,1.0,0,0,2,0,0,2,1016,0.0,1.0,0,0
PF14716,PF10391,19,15,11,8,4,995,0.73,0.99,0.58,0.65,15,11,8,4,995,0.73,0.99,0.58,0.65
PF01214,PF14798,19,2,1,18,1,998,0.5,0.98,0.05,0.16,2,1,18,1,998,0.5,0.98,0.05,0.16
PF04412,PF01989,1,1,1,0,0,1017,1.0,1.0,1.0,1.0,1,1,0,0,1017,1.0,1.0,1.0,1.0
PF15251,PF09805,2,9,0,2,9,1007,0.0,0.99,0.0,-0.0,9,0,2,9,1007,0.0,0.99,0.0,-0.0
PF09912,PF11128,0,0,0,0,0,1018,0,1.0,0,0,0,0,0,0,1018,0,1.0,0,0
PF01267,PF16720,9,1,0,9,1,1008,0.0,0.99,0.0,-0.0,1,0,9,1,1008,0.0,0.99,0.0,-0.0
PF06060,PF14674,2,0,0,2,0,1016,0,1.0,0.0,0,0,0,2,0,1016,0,1.0,0.0,0
PF01261,PF12296,22,6,0,22,6,990,0.0,0.97,0.0,-0.01,6,0,22,6,990,0.0,0.97,0.0,-0.01
PF01288,PF00809,11,13,7,4,6,1001,0.54,0.99,0.64,0.58,13,7,4,6,1001,0.54,0.99,0.64,0.58
PF02133,PF13023,23,9,5,18,4,991,0.56,0.98,0.22,0.34,9,5,18,4,991,0.56,0.98,0.22,0.34
PF09727,PF17045,5,0,0,5,0,1013,0,1.0,0.0,0,0,0,5,0,1013,0,1.0,0.0,0
PF12418,PF12806,3,3,3,0,0,1015,1.0,1.0,1.0,1.0,3,3,0,0,1015,1.0,1.0,1.0,1.0
PF16516,PF04440,5,0,0,5,0,1013,0,1.0,0.0,0,0,0,5,0,1013,0,1.0,0.0,0
PF08389,PF08506,39,16,9,30,7,972,0.56,0.96,0.23,0.35,16,9,30,7,972,0.56,0.96,0.23,0.35
PF10091,PF06745,0,0,0,0,0,1018,0,1.0,0,0,0,0,0,0,1018,0,1.0,0,0
PF00117,PF00988,68,18,18,50,0,950,1.0,0.95,0.26,0.5,18,18,50,0,950,1.0,0.95,0.26,0.5
PF05294,PF08093,0,1,0,0,1,1017,0.0,1.0,0,0,1,0,0,1,1017,0.0,1.0,0,0
PF13320,PF16748,0,0,0,0,0,1018,0,1.0,0,0,0,0,0,0,1018,0,1.0,0,0
PF05631,PF03847,14,7,3,11,4,1000,0.43,0.99,0.21,0.3,7,3,11,4,1000,0.43,0.99,0.21,0.3
PF02388,PF13464,2,1,0,2,1,1015,0.0,1.0,0.0,-0.0,1,0,2,1,1015,0.0,1.0,0.0,-0.0
PF00535,PF00652,64,48,36,28,12,942,0.75,0.96,0.56,0.63,48,36,28,12,942,0.75,0.96,0.56,0.63
PF13247,PF17206,0,1,0,0,1,1017,0.0,1.0,0,0,1,0,0,1,1017,0.0,1.0,0,0
PF03828,PF01909,26,22,17,9,5,987,0.77,0.99,0.65,0.7,22,17,9,5,987,0.77,0.99,0.65,0.7
PF01681,PF05986,0,14,0,0,14,1004,0.0,0.99,0,0,14,0,0,14,1004,0.0,0.99,0,0
PF04965,PF05939,0,0,0,0,0,1018,0,1.0,0,0,0,0,0,0,1018,0,1.0,0,0
PF16403,PF08305,8,4,2,6,2,1008,0.5,0.99,0.25,0.35,4,2,6,2,1008,0.5,0.99,0.25,0.35
PF02665,PF08856,0,0,0,0,0,1018,0,1.0,0,0,0,0,0,0,1018,0,1.0,0,0
PF05026,PF15916,12,4,2,10,2,1004,0.5,0.99,0.17,0.28,4,2,10,2,1004,0.5,0.99,0.17,0.28
PF05693,PF16969,9,11,2,7,9,1000,0.18,0.98,0.22,0.19,11,2,7,9,1000,0.18,0.98,0.22,0.19
PF13820,PF01335,2,13,2,0,11,1005,0.15,0.99,1.0,0.39,13,2,0,11,1005,0.15,0.99,1.0,0.39
PF11880,PF04932,3,0,0,3,0,1015,0,1.0,0.0,0,0,0,3,0,1015,0,1.0,0.0,0
PF15242,PF04714,1,3,0,1,3,1014,0.0,1.0,0.0,-0.0,3,0,1,3,1014,0.0,1.0,0.0,-0.0
PF15789,PF11765,0,1,0,0,1,1017,0.0,1.0,0,0,1,0,0,1,1017,0.0,1.0,0,0
PF02098,PF02284,3,6,1,2,5,1010,0.17,0.99,0.33,0.23,6,1,2,5,1010,0.17,0.99,0.33,0.23
PF13202,PF13833,68,53,34,34,19,931,0.64,0.95,0.5,0.54,53,34,34,19,931,0.64,0.95,0.5,0.54
PF00107,PF08240,95,100,80,15,20,903,0.8,0.97,0.84,0.8,100,80,15,20,903,0.8,0.97,0.84,0.8
PF12971,PF12972,8,9,6,2,3,1007,0.67,1.0,0.75,0.7,9,6,2,3,1007,0.67,1.0,0.75,0.7
PF14735,PF02401,4,5,0,4,5,1009,0.0,0.99,0.0,-0.0,5,0,4,5,1009,0.0,0.99,0.0,-0.0
PF05658,PF13018,0,0,0,0,0,1018,0,1.0,0,0,0,0,0,0,1018,0,1.0,0,0
PF12739,PF08626,8,12,1,7,11,999,0.08,0.98,0.12,0.09,12,1,7,11,999,0.08,0.98,0.12,0.09
PF03392,PF08122,2,4,0,2,4,1012,0.0,0.99,0.0,-0.0,4,0,2,4,1012,0.0,0.99,0.0,-0.0
PF10994,PF15555,0,1,0,0,1,1017,0.0,1.0,0,0,1,0,0,1,1017,0.0,1.0,0,0
PF16096,PF16097,2,1,1,1,0,1016,1.0,1.0,0.5,0.71,1,1,1,0,1016,1.0,1.0,0.5,0.71
PF01682,PF09067,12,2,1,11,1,1005,0.5,0.99,0.08,0.2,2,1,11,1,1005,0.5,0.99,0.08,0.2
PF14379,PF16495,7,9,2,5,7,1004,0.22,0.99,0.29,0.25,9,2,5,7,1004,0.22,0.99,0.29,0.25
PF13240,PF12202,5,11,3,2,8,1005,0.27,0.99,0.6,0.4,11,3,2,8,1005,0.27,0.99,0.6,0.4
PF06230,PF11764,0,7,0,0,7,1011,0.0,0.99,0,0,7,0,0,7,1011,0.0,0.99,0,0
PF09793,PF00159,7,2,1,6,1,1010,0.5,0.99,0.14,0.26,2,1,6,1,1010,0.5,0.99,0.14,0.26
PF06607,PF16516,2,5,0,2,5,1011,0.0,0.99,0.0,-0.0,5,0,2,5,1011,0.0,0.99,0.0,-0.0
PF08344,PF00710,8,16,2,6,14,996,0.12,0.98,0.25,0.17,16,2,6,14,996,0.12,0.98,0.25,0.17
PF13833,PF13499,53,125,41,12,84,881,0.33,0.91,0.77,0.46,125,41,12,84,881,0.33,0.91,0.77,0.46
PF13511,PF13005,3,0,0,3,0,1015,0,1.0,0.0,0,0,0,3,0,1015,0,1.0,0.0,0
PF02067,PF15175,1,0,0,1,0,1017,0,1.0,0.0,0,0,0,1,0,1017,0,1.0,0.0,0
PF10863,PF15776,0,2,0,0,2,1016,0.0,1.0,0,0,2,0,0,2,1016,0.0,1.0,0,0
PF10716,PF11317,1,0,0,1,0,1017,0,1.0,0.0,0,0,0,1,0,1017,0,1.0,0.0,0
PF17217,PF09034,3,2,1,2,1,1014,0.5,1.0,0.33,0.41,2,1,2,1,1014,0.5,1.0,0.33,0.41
PF06784,PF10320,5,8,1,4,7,1006,0.12,0.99,0.2,0.15,8,1,4,7,1006,0.12,0.99,0.2,0.15
PF03831,PF05513,0,1,0,0,1,1017,0.0,1.0,0,0,1,0,0,1,1017,0.0,1.0,0,0
PF16360,PF13167,4,5,1,3,4,1010,0.2,0.99,0.25,0.22,5,1,3,4,1010,0.2,0.99,0.25,0.22
PF16979,PF05422,12,3,3,9,0,1006,1.0,0.99,0.25,0.5,3,3,9,0,1006,1.0,0.99,0.25,0.5
PF00948,PF01206,4,1,0,4,1,1013,0.0,1.0,0.0,-0.0,1,0,4,1,1013,0.0,1.0,0.0,-0.0
PF15842,PF15097,2,1,0,2,1,1015,0.0,1.0,0.0,-0.0,1,0,2,1,1015,0.0,1.0,0.0,-0.0
PF13388,PF12240,0,1,0,0,1,1017,0.0,1.0,0,0,1,0,0,1,1017,0.0,1.0,0,0
PF10150,PF09371,4,3,1,3,2,1012,0.33,1.0,0.25,0.29,3,1,3,2,1012,0.33,1.0,0.25,0.29
PF07912,PF07749,3,7,2,1,5,1010,0.29,0.99,0.67,0.43,7,2,1,5,1010,0.29,0.99,0.67,0.43
PF04024,PF07866,0,0,0,0,0,1018,0,1.0,0,0,0,0,0,0,1018,0,1.0,0,0
PF00953,PF07542,15,12,2,13,10,993,0.17,0.98,0.13,0.14,12,2,13,10,993,0.17,0.98,0.13,0.14
PF07787,PF10252,5,1,1,4,0,1013,1.0,1.0,0.2,0.45,1,1,4,0,1013,1.0,1.0,0.2,0.45
PF15576,PF15829,1,1,0,1,1,1016,0.0,1.0,0.0,-0.0,1,0,1,1,1016,0.0,1.0,0.0,-0.0
PF00827,PF08449,14,29,7,7,22,982,0.24,0.97,0.5,0.33,29,7,7,22,982,0.24,0.97,0.5,0.33
PF10444,PF10512,6,1,0,6,1,1011,0.0,0.99,0.0,-0.0,1,0,6,1,1011,0.0,0.99,0.0,-0.0
PF08369,PF00148,1,1,1,0,0,1017,1.0,1.0,1.0,1.0,1,1,0,0,1017,1.0,1.0,1.0,1.0
PF08832,PF16279,6,6,6,0,0,1012,1.0,1.0,1.0,1.0,6,6,0,0,1012,1.0,1.0,1.0,1.0
PF16454,PF12162,7,2,0,7,2,1009,0.0,0.99,0.0,-0.0,2,0,7,2,1009,0.0,0.99,0.0,-0.0
PF08316,PF04090,7,2,0,7,2,1009,0.0,0.99,0.0,-0.0,2,0,7,2,1009,0.0,0.99,0.0,-0.0
PF06737,PF02557,0,2,0,0,2,1016,0.0,1.0,0,0,2,0,0,2,1016,0.0,1.0,0,0
PF09788,PF15905,5,1,0,5,1,1012,0.0,0.99,0.0,-0.0,1,0,5,1,1012,0.0,0.99,0.0,-0.0
PF07909,PF05295,0,0,0,0,0,1018,0,1.0,0,0,0,0,0,0,1018,0,1.0,0,0
PF13586,PF08737,0,6,0,0,6,1012,0.0,0.99,0,0,6,0,0,6,1012,0.0,0.99,0,0
PF09020,PF08843,0,0,0,0,0,1018,0,1.0,0,0,0,0,0,0,1018,0,1.0,0,0
PF12066,PF08729,16,4,3,13,1,1001,0.75,0.99,0.19,0.37,4,3,13,1,1001,0.75,0.99,0.19,0.37
PF12778,PF17206,1,1,0,1,1,1016,0.0,1.0,0.0,-0.0,1,0,1,1,1016,0.0,1.0,0.0,-0.0
PF06115,PF07270,0,0,0,0,0,1018,0,1.0,0,0,0,0,0,0,1018,0,1.0,0,0
PF08541,PF08392,9,8,7,2,1,1008,0.88,1.0,0.78,0.82,8,7,2,1,1008,0.88,1.0,0.78,0.82
PF12762,PF07889,19,12,4,15,8,991,0.33,0.98,0.21,0.25,12,4,15,8,991,0.33,0.98,0.21,0.25
PF08573,PF07557,4,8,0,4,8,1006,0.0,0.99,0.0,-0.01,8,0,4,8,1006,0.0,0.99,0.0,-0.01
PF16043,PF06637,1,0,0,1,0,1017,0,1.0,0.0,0,0,0,1,0,1017,0,1.0,0.0,0
PF13434,PF00743,17,57,14,3,43,958,0.25,0.95,0.82,0.44,57,14,3,43,958,0.25,0.95,0.82,0.44
PF00832,PF06388,11,1,0,11,1,1006,0.0,0.99,0.0,-0.0,1,0,11,1,1006,0.0,0.99,0.0,-0.0
PF03847,PF07816,7,0,0,7,0,1011,0,0.99,0.0,0,0,0,7,0,1011,0,0.99,0.0,0
PF02368,PF17034,4,6,1,3,5,1009,0.17,0.99,0.25,0.2,6,1,3,5,1009,0.17,0.99,0.25,0.2
PF13019,PF05508,5,1,1,4,0,1013,1.0,1.0,0.2,0.45,1,1,4,0,1013,1.0,1.0,0.2,0.45
PF01737,PF03819,0,1,0,0,1,1017,0.0,1.0,0,0,1,0,0,1,1017,0.0,1.0,0,0
PF14958,PF10253,0,5,0,0,5,1013,0.0,1.0,0,0,5,0,0,5,1013,0.0,1.0,0,0
PF05021,PF05020,10,9,9,1,0,1008,1.0,1.0,0.9,0.95,9,9,1,0,1008,1.0,1.0,0.9,0.95
PF10174,PF09457,10,10,1,9,9,999,0.1,0.98,0.1,0.09,10,1,9,9,999,0.1,0.98,0.1,0.09
PF13655,PF08388,6,6,6,0,0,1012,1.0,1.0,1.0,1.0,6,6,0,0,1012,1.0,1.0,1.0,1.0
PF15322,PF08453,0,2,0,0,2,1016,0.0,1.0,0,0,2,0,0,2,1016,0.0,1.0,0,0
PF08154,PF16699,12,4,3,9,1,1005,0.75,0.99,0.25,0.43,4,3,9,1,1005,0.75,0.99,0.25,0.43
PF09646,PF09861,0,0,0,0,0,1018,0,1.0,0,0,0,0,0,0,1018,0,1.0,0,0
PF12402,PF08014,0,1,0,0,1,1017,0.0,1.0,0,0,1,0,0,1,1017,0.0,1.0,0,0
PF07159,PF05994,7,9,6,1,3,1008,0.67,1.0,0.86,0.75,9,6,1,3,1008,0.67,1.0,0.86,0.75
PF16453,PF12783,14,24,6,8,18,986,0.25,0.97,0.43,0.32,24,6,8,18,986,0.25,0.97,0.43,0.32
PF12734,PF06127,2,4,0,2,4,1012,0.0,0.99,0.0,-0.0,4,0,2,4,1012,0.0,0.99,0.0,-0.0
PF00265,PF07189,10,7,3,7,4,1004,0.43,0.99,0.3,0.35,7,3,7,4,1004,0.43,0.99,0.3,0.35
PF12384,PF05869,2,3,0,2,3,1013,0.0,1.0,0.0,-0.0,3,0,2,3,1013,0.0,1.0,0.0,-0.0
PF03972,PF14027,7,16,3,4,13,998,0.19,0.98,0.43,0.28,16,3,4,13,998,0.19,0.98,0.43,0.28
PF17050,PF15556,1,0,0,1,0,1017,0,1.0,0.0,0,0,0,1,0,1017,0,1.0,0.0,0
PF04985,PF05939,0,0,0,0,0,1018,0,1.0,0,0,0,0,0,0,1018,0,1.0,0,0
PF08050,PF12220,1,5,1,0,4,1013,0.2,1.0,1.0,0.45,5,1,0,4,1013,0.2,1.0,1.0,0.45
PF03726,PF16097,9,1,1,8,0,1009,1.0,0.99,0.11,0.33,1,1,8,0,1009,1.0,0.99,0.11,0.33
PF00523,PF02611,0,1,0,0,1,1017,0.0,1.0,0,0,1,0,0,1,1017,0.0,1.0,0,0
PF14222,PF14225,7,6,6,1,0,1011,1.0,1.0,0.86,0.93,6,6,1,0,1011,1.0,1.0,0.86,0.93
PF04842,PF17034,4,6,0,4,6,1008,0.0,0.99,0.0,-0.0,6,0,4,6,1008,0.0,0.99,0.0,-0.0
PF10114,PF05939,0,0,0,0,0,1018,0,1.0,0,0,0,0,0,0,1018,0,1.0,0,0
PF15161,PF14996,2,1,1,1,0,1016,1.0,1.0,0.5,0.71,1,1,1,0,1016,1.0,1.0,0.5,0.71
PF12007,PF10106,0,1,0,0,1,1017,0.0,1.0,0,0,1,0,0,1,1017,0.0,1.0,0,0
PF09412,PF00889,12,8,3,9,5,1001,0.38,0.99,0.25,0.3,8,3,9,5,1001,0.38,0.99,0.25,0.3
PF15619,PF06637,4,0,0,4,0,1014,0,1.0,0.0,0,0,0,4,0,1014,0,1.0,0.0,0
PF00068,PF09777,10,2,0,10,2,1006,0.0,0.99,0.0,-0.0,2,0,10,2,1006,0.0,0.99,0.0,-0.0
PF05400,PF09087,1,1,1,0,0,1017,1.0,1.0,1.0,1.0,1,1,0,0,1017,1.0,1.0,1.0,1.0
PF14991,PF14659,0,2,0,0,2,1016,0.0,1.0,0,0,2,0,0,2,1016,0.0,1.0,0,0
PF08776,PF05210,10,1,0,10,1,1007,0.0,0.99,0.0,-0.0,1,0,10,1,1007,0.0,0.99,0.0,-0.0
PF03243,PF01316,3,2,0,3,2,1013,0.0,1.0,0.0,-0.0,2,0,3,2,1013,0.0,1.0,0.0,-0.0
PF10600,PF10608,2,1,1,1,0,1016,1.0,1.0,0.5,0.71,1,1,1,0,1016,1.0,1.0,0.5,0.71
PF05615,PF10173,6,5,1,5,4,1008,0.2,0.99,0.17,0.18,5,1,5,4,1008,0.2,0.99,0.17,0.18
PF00170,PF07716,33,36,14,19,22,963,0.39,0.96,0.42,0.39,36,14,19,22,963,0.39,0.96,0.42,0.39
PF15518,PF04196,1,1,1,0,0,1017,1.0,1.0,1.0,1.0,1,1,0,0,1017,1.0,1.0,1.0,1.0
PF12737,PF12731,1,1,1,0,0,1017,1.0,1.0,1.0,1.0,1,1,0,0,1017,1.0,1.0,1.0,1.0
PF04380,PF10782,0,0,0,0,0,1018,0,1.0,0,0,0,0,0,0,1018,0,1.0,0,0
PF11282,PF11623,2,0,0,2,0,1016,0,1.0,0.0,0,0,0,2,0,1016,0,1.0,0.0,0
PF03057,PF05287,3,0,0,3,0,1015,0,1.0,0.0,0,0,0,3,0,1015,0,1.0,0.0,0
PF04898,PF01645,7,6,6,1,0,1011,1.0,1.0,0.86,0.93,6,6,1,0,1011,1.0,1.0,0.86,0.93
PF07267,PF15547,0,0,0,0,0,1018,0,1.0,0,0,0,0,0,0,1018,0,1.0,0,0
PF06314,PF07976,11,18,5,6,13,994,0.28,0.98,0.45,0.35,18,5,6,13,994,0.28,0.98,0.45,0.35
PF11341,PF13367,2,3,0,2,3,1013,0.0,1.0,0.0,-0.0,3,0,2,3,1013,0.0,1.0,0.0,-0.0
PF12578,PF00814,5,30,1,4,29,984,0.03,0.97,0.2,0.07,30,1,4,29,984,0.03,0.97,0.2,0.07
PF16117,PF15823,1,0,0,1,0,1017,0,1.0,0.0,0,0,0,1,0,1017,0,1.0,0.0,0
PF08436,PF13288,12,5,5,7,0,1006,1.0,0.99,0.42,0.64,5,5,7,0,1006,1.0,0.99,0.42,0.64
PF12819,PF11721,16,18,6,10,12,990,0.33,0.98,0.38,0.34,18,6,10,12,990,0.33,0.98,0.38,0.34
PF17109,PF12770,6,13,2,4,11,1001,0.15,0.99,0.33,0.22,13,2,4,11,1001,0.15,0.99,0.33,0.22
PF10553,PF03943,0,5,0,0,5,1013,0.0,1.0,0,0,5,0,0,5,1013,0.0,1.0,0,0
PF09278,PF00376,2,2,2,0,0,1016,1.0,1.0,1.0,1.0,2,2,0,0,1016,1.0,1.0,1.0,1.0
PF06485,PF17078,4,1,0,4,1,1013,0.0,1.0,0.0,-0.0,1,0,4,1,1013,0.0,1.0,0.0,-0.0
PF04092,PF16321,0,4,0,0,4,1014,0.0,1.0,0,0,4,0,0,4,1014,0.0,1.0,0,0
PF07263,PF15427,0,1,0,0,1,1017,0.0,1.0,0,0,1,0,0,1,1017,0.0,1.0,0,0
PF04972,PF13580,5,2,2,3,0,1013,1.0,1.0,0.4,0.63,2,2,3,0,1013,1.0,1.0,0.4,0.63
PF04782,PF08234,14,2,0,14,2,1002,0.0,0.98,0.0,-0.01,2,0,14,2,1002,0.0,0.98,0.0,-0.01
PF02011,PF15143,2,0,0,2,0,1016,0,1.0,0.0,0,0,0,2,0,1016,0,1.0,0.0,0
PF00736,PF10587,28,18,18,10,0,990,1.0,0.99,0.64,0.8,18,18,10,0,990,1.0,0.99,0.64,0.8
PF15830,PF16888,0,0,0,0,0,1018,0,1.0,0,0,0,0,0,0,1018,0,1.0,0,0
PF02854,PF02847,34,20,18,16,2,982,0.9,0.98,0.53,0.68,20,18,16,2,982,0.9,0.98,0.53,0.68
PF07977,PF15888,15,0,0,15,0,1003,0,0.99,0.0,0,0,0,15,0,1003,0,0.99,0.0,0
PF03554,PF01303,0,0,0,0,0,1018,0,1.0,0,0,0,0,0,0,1018,0,1.0,0,0
PF00323,PF02740,0,1,0,0,1,1017,0.0,1.0,0,0,1,0,0,1,1017,0.0,1.0,0,0
PF01882,PF08751,0,4,0,0,4,1014,0.0,1.0,0,0,4,0,0,4,1014,0.0,1.0,0,0
PF08041,PF05419,4,0,0,4,0,1014,0,1.0,0.0,0,0,0,4,0,1014,0,1.0,0.0,0
PF11739,PF11736,1,4,0,1,4,1013,0.0,1.0,0.0,-0.0,4,0,1,4,1013,0.0,1.0,0.0,-0.0
PF05708,PF00171,2,106,1,1,105,911,0.01,0.9,0.5,0.06,106,1,1,105,911,0.01,0.9,0.5,0.06
PF02460,PF16414,44,16,16,28,0,974,1.0,0.97,0.36,0.59,16,16,28,0,974,1.0,0.97,0.36,0.59
PF07596,PF07960,0,2,0,0,2,1016,0.0,1.0,0,0,2,0,0,2,1016,0.0,1.0,0,0
PF10296,PF10186,10,8,2,8,6,1002,0.25,0.99,0.2,0.22,8,2,8,6,1002,0.25,0.99,0.2,0.22
PF00547,PF00699,6,7,6,0,1,1011,0.86,1.0,1.0,0.93,7,6,0,1,1011,0.86,1.0,1.0,0.93
PF10237,PF06839,14,28,10,4,18,986,0.36,0.98,0.71,0.5,28,10,4,18,986,0.36,0.98,0.71,0.5
PF04074,PF09785,0,5,0,0,5,1013,0.0,1.0,0,0,5,0,0,5,1013,0.0,1.0,0,0
PF01913,PF17006,1,0,0,1,0,1017,0,1.0,0.0,0,0,0,1,0,1017,0,1.0,0.0,0
PF08446,PF00672,13,21,8,5,13,992,0.38,0.98,0.62,0.48,21,8,5,13,992,0.38,0.98,0.62,0.48
PF09344,PF01303,0,0,0,0,0,1018,0,1.0,0,0,0,0,0,0,1018,0,1.0,0,0
PF12539,PF06887,8,0,0,8,0,1010,0,0.99,0.0,0,0,0,8,0,1010,0,0.99,0.0,0
PF10209,PF17053,1,0,0,1,0,1017,0,1.0,0.0,0,0,0,1,0,1017,0,1.0,0.0,0
PF07818,PF14610,10,3,0,10,3,1005,0.0,0.99,0.0,-0.01,3,0,10,3,1005,0.0,0.99,0.0,-0.01
PF14718,PF15075,1,1,0,1,1,1016,0.0,1.0,0.0,-0.0,1,0,1,1,1016,0.0,1.0,0.0,-0.0
PF16123,PF14864,13,4,2,11,2,1003,0.5,0.99,0.15,0.27,4,2,11,2,1003,0.5,0.99,0.15,0.27
PF07729,PF00392,14,19,13,1,6,998,0.68,0.99,0.93,0.79,19,13,1,6,998,0.68,0.99,0.93,0.79
PF13687,PF04466,2,0,0,2,0,1016,0,1.0,0.0,0,0,0,2,0,1016,0,1.0,0.0,0
PF04041,PF07400,2,0,0,2,0,1016,0,1.0,0.0,0,0,0,2,0,1016,0,1.0,0.0,0
PF14695,PF04412,2,1,0,2,1,1015,0.0,1.0,0.0,-0.0,1,0,2,1,1015,0.0,1.0,0.0,-0.0
PF00881,PF00902,14,8,2,12,6,998,0.25,0.98,0.14,0.18,8,2,12,6,998,0.25,0.98,0.14,0.18
PF01559,PF03331,1,1,0,1,1,1016,0.0,1.0,0.0,-0.0,1,0,1,1,1016,0.0,1.0,0.0,-0.0
PF15774,PF15337,0,3,0,0,3,1015,0.0,1.0,0,0,3,0,0,3,1015,0.0,1.0,0,0
PF07426,PF10173,7,5,1,6,4,1007,0.2,0.99,0.14,0.16,5,1,6,4,1007,0.2,0.99,0.14,0.16
PF00604,PF08744,2,0,0,2,0,1016,0,1.0,0.0,0,0,0,2,0,1016,0,1.0,0.0,0
PF01294,PF00048,5,13,3,2,10,1003,0.23,0.99,0.6,0.37,13,3,2,10,1003,0.23,0.99,0.6,0.37
PF06547,PF13441,3,2,2,1,0,1015,1.0,1.0,0.67,0.82,2,2,1,0,1015,1.0,1.0,0.67,0.82
PF07472,PF17025,0,0,0,0,0,1018,0,1.0,0,0,0,0,0,0,1018,0,1.0,0,0
PF12947,PF12946,25,3,3,22,0,993,1.0,0.98,0.12,0.34,3,3,22,0,993,1.0,0.98,0.12,0.34
PF09354,PF16675,4,3,2,2,1,1013,0.67,1.0,0.5,0.58,3,2,2,1,1013,0.67,1.0,0.5,0.58
PF15190,PF01668,1,2,0,1,2,1015,0.0,1.0,0.0,-0.0,2,0,1,2,1015,0.0,1.0,0.0,-0.0
PF07556,PF01136,0,1,0,0,1,1017,0.0,1.0,0,0,1,0,0,1,1017,0.0,1.0,0,0
PF02109,PF12006,5,6,1,4,5,1008,0.17,0.99,0.2,0.18,6,1,4,5,1008,0.17,0.99,0.2,0.18
PF02748,PF03135,2,5,0,2,5,1011,0.0,0.99,0.0,-0.0,5,0,2,5,1011,0.0,0.99,0.0,-0.0
PF10033,PF16944,2,2,0,2,2,1014,0.0,1.0,0.0,-0.0,2,0,2,2,1014,0.0,1.0,0.0,-0.0
PF02676,PF15679,10,0,0,10,0,1008,0,0.99,0.0,0,0,0,10,0,1008,0,0.99,0.0,0
PF05992,PF03459,3,3,2,1,1,1014,0.67,1.0,0.67,0.67,3,2,1,1,1014,0.67,1.0,0.67,0.67
PF12631,PF10396,6,12,6,0,6,1006,0.5,0.99,1.0,0.71,12,6,0,6,1006,0.5,0.99,1.0,0.71
PF07471,PF11744,0,7,0,0,7,1011,0.0,0.99,0,0,7,0,0,7,1011,0.0,0.99,0,0
PF01510,PF15955,7,1,0,7,1,1010,0.0,0.99,0.0,-0.0,1,0,7,1,1010,0.0,0.99,0.0,-0.0
PF15456,PF11500,3,1,0,3,1,1014,0.0,1.0,0.0,-0.0,1,0,3,1,1014,0.0,1.0,0.0,-0.0
PF12792,PF00376,2,2,2,0,0,1016,1.0,1.0,1.0,1.0,2,2,0,0,1016,1.0,1.0,1.0,1.0
PF11652,PF15379,1,0,0,1,0,1017,0,1.0,0.0,0,0,0,1,0,1017,0,1.0,0.0,0
PF04848,PF00669,3,1,0,3,1,1014,0.0,1.0,0.0,-0.0,1,0,3,1,1014,0.0,1.0,0.0,-0.0
PF06892,PF09095,0,2,0,0,2,1016,0.0,1.0,0,0,2,0,0,2,1016,0.0,1.0,0,0
PF15992,PF04583,1,1,0,1,1,1016,0.0,1.0,0.0,-0.0,1,0,1,1,1016,0.0,1.0,0.0,-0.0
PF12254,PF08996,11,12,10,1,2,1005,0.83,1.0,0.91,0.87,12,10,1,2,1005,0.83,1.0,0.91,0.87
PF12108,PF11931,6,6,5,1,1,1011,0.83,1.0,0.83,0.83,6,5,1,1,1011,0.83,1.0,0.83,0.83
PF15129,PF14984,1,0,0,1,0,1017,0,1.0,0.0,0,0,0,1,0,1017,0,1.0,0.0,0
PF15795,PF00214,0,1,0,0,1,1017,0.0,1.0,0,0,1,0,0,1,1017,0.0,1.0,0,0
PF09807,PF05497,4,5,0,4,5,1009,0.0,0.99,0.0,-0.0,5,0,4,5,1009,0.0,0.99,0.0,-0.0
PF07114,PF10244,3,8,1,2,7,1008,0.12,0.99,0.33,0.2,8,1,2,7,1008,0.12,0.99,0.33,0.2
PF15107,PF15085,0,2,0,0,2,1016,0.0,1.0,0,0,2,0,0,2,1016,0.0,1.0,0,0
PF01793,PF11807,15,12,2,13,10,993,0.17,0.98,0.13,0.14,12,2,13,10,993,0.17,0.98,0.13,0.14
PF10492,PF10491,0,3,0,0,3,1015,0.0,1.0,0,0,3,0,0,3,1015,0.0,1.0,0,0
PF10637,PF10369,7,10,0,7,10,1001,0.0,0.98,0.0,-0.01,10,0,7,10,1001,0.0,0.98,0.0,-0.01
PF15694,PF15693,0,0,0,0,0,1018,0,1.0,0,0,0,0,0,0,1018,0,1.0,0,0
PF08510,PF05128,13,1,1,12,0,1005,1.0,0.99,0.08,0.28,1,1,12,0,1005,1.0,0.99,0.08,0.28
PF12283,PF05901,0,0,0,0,0,1018,0,1.0,0,0,0,0,0,0,1018,0,1.0,0,0
PF03050,PF13007,0,0,0,0,0,1018,0,1.0,0,0,0,0,0,0,1018,0,1.0,0,0
PF10505,PF09733,7,5,0,7,5,1006,0.0,0.99,0.0,-0.01,5,0,7,5,1006,0.0,0.99,0.0,-0.01
PF08311,PF12202,8,11,3,5,8,1002,0.27,0.99,0.38,0.31,11,3,5,8,1002,0.27,0.99,0.38,0.31
PF07303,PF01284,10,26,7,3,19,989,0.27,0.98,0.7,0.43,26,7,3,19,989,0.27,0.98,0.7,0.43
PF13346,PF00297,0,17,0,0,17,1001,0.0,0.98,0,0,17,0,0,17,1001,0.0,0.98,0,0
PF12951,PF12779,1,0,0,1,0,1017,0,1.0,0.0,0,0,0,1,0,1017,0,1.0,0.0,0
PF03107,PF13905,15,17,7,8,10,993,0.41,0.98,0.47,0.43,17,7,8,10,993,0.41,0.98,0.47,0.43
PF09026,PF04236,5,4,1,4,3,1010,0.25,0.99,0.2,0.22,4,1,4,3,1010,0.25,0.99,0.2,0.22
PF09496,PF05837,4,1,0,4,1,1013,0.0,1.0,0.0,-0.0,1,0,4,1,1013,0.0,1.0,0.0,-0.0
PF10395,PF14952,1,2,0,1,2,1015,0.0,1.0,0.0,-0.0,2,0,1,2,1015,0.0,1.0,0.0,-0.0
PF13458,PF12849,8,11,4,4,7,1003,0.36,0.99,0.5,0.42,11,4,4,7,1003,0.36,0.99,0.5,0.42
PF16089,PF15884,0,3,0,0,3,1015,0.0,1.0,0,0,3,0,0,3,1015,0.0,1.0,0,0
PF01850,PF12604,0,0,0,0,0,1018,0,1.0,0,0,0,0,0,0,1018,0,1.0,0,0
PF16363,PF04321,38,16,10,28,6,974,0.62,0.97,0.26,0.39,16,10,28,6,974,0.62,0.97,0.26,0.39
PF05786,PF02055,3,17,2,1,15,1000,0.12,0.98,0.67,0.28,17,2,1,15,1000,0.12,0.98,0.67,0.28
PF04000,PF08528,16,5,0,16,5,997,0.0,0.98,0.0,-0.01,5,0,16,5,997,0.0,0.98,0.0,-0.01
PF09967,PF11672,2,2,2,0,0,1016,1.0,1.0,1.0,1.0,2,2,0,0,1016,1.0,1.0,1.0,1.0
PF13537,PF00733,11,17,9,2,8,999,0.53,0.99,0.82,0.65,17,9,2,8,999,0.53,0.99,0.82,0.65
PF03492,PF03087,9,6,3,6,3,1006,0.5,0.99,0.33,0.4,6,3,6,3,1006,0.5,0.99,0.33,0.4
PF15669,PF06989,0,0,0,0,0,1018,0,1.0,0,0,0,0,0,0,1018,0,1.0,0,0
PF04061,PF14770,6,3,1,5,2,1010,0.33,0.99,0.17,0.23,3,1,5,2,1010,0.33,0.99,0.17,0.23
PF02214,PF03520,47,8,4,43,4,967,0.5,0.95,0.09,0.19,8,4,43,4,967,0.5,0.95,0.09,0.19
PF15378,PF15333,0,0,0,0,0,1018,0,1.0,0,0,0,0,0,0,1018,0,1.0,0,0
PF15058,PF15620,4,0,0,4,0,1014,0,1.0,0.0,0,0,0,4,0,1014,0,1.0,0.0,0
PF02041,PF12435,2,5,0,2,5,1011,0.0,0.99,0.0,-0.0,5,0,2,5,1011,0.0,0.99,0.0,-0.0
PF02957,PF04472,0,0,0,0,0,1018,0,1.0,0,0,0,0,0,0,1018,0,1.0,0,0
PF10735,PF08262,0,0,0,0,0,1018,0,1.0,0,0,0,0,0,0,1018,0,1.0,0,0
PF10699,PF14611,1,4,0,1,4,1013,0.0,1.0,0.0,-0.0,4,0,1,4,1013,0.0,1.0,0.0,-0.0
PF05036,PF02603,7,4,4,3,0,1011,1.0,1.0,0.57,0.75,4,4,3,0,1011,1.0,1.0,0.57,0.75
PF02165,PF04549,0,0,0,0,0,1018,0,1.0,0,0,0,0,0,0,1018,0,1.0,0,0
PF00320,PF13919,41,9,6,35,3,974,0.67,0.96,0.15,0.3,9,6,35,3,974,0.67,0.96,0.15,0.3
PF01783,PF08583,8,14,1,7,13,997,0.07,0.98,0.12,0.09,14,1,7,13,997,0.07,0.98,0.12,0.09
PF07479,PF02317,26,7,4,22,3,989,0.57,0.98,0.15,0.29,7,4,22,3,989,0.57,0.98,0.15,0.29
PF05065,PF00524,1,4,0,1,4,1013,0.0,1.0,0.0,-0.0,4,0,1,4,1013,0.0,1.0,0.0,-0.0
PF11250,PF02234,2,8,0,2,8,1008,0.0,0.99,0.0,-0.0,8,0,2,8,1008,0.0,0.99,0.0,-0.0
PF11874,PF17188,0,0,0,0,0,1018,0,1.0,0,0,0,0,0,0,1018,0,1.0,0,0
PF11255,PF02576,0,0,0,0,0,1018,0,1.0,0,0,0,0,0,0,1018,0,1.0,0,0
PF09990,PF03379,0,1,0,0,1,1017,0.0,1.0,0,0,1,0,0,1,1017,0.0,1.0,0,0
PF16457,PF11841,15,7,7,8,0,1003,1.0,0.99,0.47,0.68,7,7,8,0,1003,1.0,0.99,0.47,0.68
PF06243,PF07858,0,0,0,0,0,1018,0,1.0,0,0,0,0,0,0,1018,0,1.0,0,0
PF02630,PF01871,17,4,1,16,3,998,0.25,0.98,0.06,0.11,4,1,16,3,998,0.25,0.98,0.06,0.11
PF00389,PF01842,49,23,12,37,11,958,0.52,0.95,0.24,0.34,23,12,37,11,958,0.52,0.95,0.24,0.34
PF02940,PF11538,8,4,1,7,3,1007,0.25,0.99,0.12,0.17,4,1,7,3,1007,0.25,0.99,0.12,0.17
PF13336,PF02550,12,10,9,3,1,1005,0.9,1.0,0.75,0.82,10,9,3,1,1005,0.9,1.0,0.75,0.82
PF15106,PF15085,2,2,0,2,2,1014,0.0,1.0,0.0,-0.0,2,0,2,2,1014,0.0,1.0,0.0,-0.0
PF06546,PF00447,4,30,4,0,26,988,0.13,0.97,1.0,0.36,30,4,0,26,988,0.13,0.97,1.0,0.36
PF09341,PF03073,8,2,1,7,1,1009,0.5,0.99,0.12,0.25,2,1,7,1,1009,0.5,0.99,0.12,0.25
PF02015,PF03664,7,6,2,5,4,1007,0.33,0.99,0.29,0.3,6,2,5,4,1007,0.33,0.99,0.29,0.3
PF08652,PF01066,5,35,4,1,31,982,0.11,0.97,0.8,0.3,35,4,1,31,982,0.11,0.97,0.8,0.3
PF04146,PF03467,25,11,7,18,4,989,0.64,0.98,0.28,0.41,11,7,18,4,989,0.64,0.98,0.28,0.41
PF06483,PF07382,0,3,0,0,3,1015,0.0,1.0,0,0,3,0,0,3,1015,0.0,1.0,0,0
PF09202,PF12169,10,1,0,10,1,1007,0.0,0.99,0.0,-0.0,1,0,10,1,1007,0.0,0.99,0.0,-0.0
PF10743,PF12790,0,0,0,0,0,1018,0,1.0,0,0,0,0,0,0,1018,0,1.0,0,0
PF17081,PF00770,0,1,0,0,1,1017,0.0,1.0,0,0,1,0,0,1,1017,0.0,1.0,0,0
PF15089,PF08795,0,0,0,0,0,1018,0,1.0,0,0,0,0,0,0,1018,0,1.0,0,0
PF01393,PF17218,11,3,1,10,2,1005,0.33,0.99,0.09,0.17,3,1,10,2,1005,0.33,0.99,0.09,0.17
PF00925,PF00926,10,9,6,4,3,1005,0.67,0.99,0.6,0.63,9,6,4,3,1005,0.67,0.99,0.6,0.63
PF16673,PF08941,4,8,3,1,5,1009,0.38,0.99,0.75,0.53,8,3,1,5,1009,0.38,0.99,0.75,0.53
PF17125,PF01029,10,5,2,8,3,1005,0.4,0.99,0.2,0.28,5,2,8,3,1005,0.4,0.99,0.2,0.28
PF14619,PF07529,8,17,7,1,10,1000,0.41,0.99,0.88,0.6,17,7,1,10,1000,0.41,0.99,0.88,0.6
PF08372,PF16165,9,8,1,8,7,1002,0.12,0.99,0.11,0.11,8,1,8,7,1002,0.12,0.99,0.11,0.11
PF16314,PF05974,0,0,0,0,0,1018,0,1.0,0,0,0,0,0,0,1018,0,1.0,0,0
PF08338,PF00908,8,6,2,6,4,1006,0.33,0.99,0.25,0.28,6,2,6,4,1006,0.33,0.99,0.25,0.28
PF12368,PF06617,6,2,0,6,2,1010,0.0,0.99,0.0,-0.0,2,0,6,2,1010,0.0,0.99,0.0,-0.0
PF09230,PF09033,3,0,0,3,0,1015,0,1.0,0.0,0,0,0,3,0,1015,0,1.0,0.0,0
PF15218,PF15837,0,0,0,0,0,1018,0,1.0,0,0,0,0,0,0,1018,0,1.0,0,0
PF02675,PF08411,3,1,0,3,1,1014,0.0,1.0,0.0,-0.0,1,0,3,1,1014,0.0,1.0,0.0,-0.0
PF03694,PF07281,7,4,0,7,4,1007,0.0,0.99,0.0,-0.01,4,0,7,4,1007,0.0,0.99,0.0,-0.01
PF15554,PF08653,2,1,0,2,1,1015,0.0,1.0,0.0,-0.0,1,0,2,1,1015,0.0,1.0,0.0,-0.0
PF03350,PF07816,1,0,0,1,0,1017,0,1.0,0.0,0,0,0,1,0,1017,0,1.0,0.0,0
PF05055,PF08536,3,4,0,3,4,1011,0.0,0.99,0.0,-0.0,4,0,3,4,1011,0.0,0.99,0.0,-0.0
PF02915,PF13225,2,3,0,2,3,1013,0.0,1.0,0.0,-0.0,3,0,2,3,1013,0.0,1.0,0.0,-0.0
PF14239,PF03742,0,1,0,0,1,1017,0.0,1.0,0,0,1,0,0,1,1017,0.0,1.0,0,0
PF14288,PF02364,9,9,9,0,0,1009,1.0,1.0,1.0,1.0,9,9,0,0,1009,1.0,1.0,1.0,1.0
PF13453,PF06666,3,0,0,3,0,1015,0,1.0,0.0,0,0,0,3,0,1015,0,1.0,0.0,0
PF16953,PF17177,13,35,6,7,29,976,0.17,0.96,0.46,0.27,35,6,7,29,976,0.17,0.96,0.46,0.27
PF00200,PF08516,29,24,23,6,1,988,0.96,0.99,0.79,0.87,24,23,6,1,988,0.96,0.99,0.79,0.87
PF03343,PF03386,9,0,0,9,0,1009,0,0.99,0.0,0,0,0,9,0,1009,0,0.99,0.0,0
PF10590,PF10615,8,5,2,6,3,1007,0.4,0.99,0.25,0.31,5,2,6,3,1007,0.4,0.99,0.25,0.31
PF02770,PF00441,67,60,58,9,2,949,0.97,0.99,0.87,0.91,60,58,9,2,949,0.97,0.99,0.87,0.91
PF16212,PF16209,44,42,37,7,5,969,0.88,0.99,0.84,0.85,42,37,7,5,969,0.88,0.99,0.84,0.85
PF09939,PF00425,0,17,0,0,17,1001,0.0,0.98,0,0,17,0,0,17,1001,0.0,0.98,0,0
PF15431,PF06834,0,0,0,0,0,1018,0,1.0,0,0,0,0,0,0,1018,0,1.0,0,0
PF13057,PF10057,0,0,0,0,0,1018,0,1.0,0,0,0,0,0,0,1018,0,1.0,0,0
PF13280,PF09012,2,3,0,2,3,1013,0.0,1.0,0.0,-0.0,3,0,2,3,1013,0.0,1.0,0.0,-0.0
PF05918,PF15808,3,3,0,3,3,1012,0.0,0.99,0.0,-0.0,3,0,3,3,1012,0.0,0.99,0.0,-0.0
PF11304,PF08479,0,0,0,0,0,1018,0,1.0,0,0,0,0,0,0,1018,0,1.0,0,0
PF00162,PF02390,21,16,7,14,9,988,0.44,0.98,0.33,0.37,16,7,14,9,988,0.44,0.98,0.33,0.37
PF15993,PF03784,1,0,0,1,0,1017,0,1.0,0.0,0,0,0,1,0,1017,0,1.0,0.0,0
PF13332,PF04232,0,3,0,0,3,1015,0.0,1.0,0,0,3,0,0,3,1015,0.0,1.0,0,0
PF15212,PF03050,0,0,0,0,0,1018,0,1.0,0,0,0,0,0,0,1018,0,1.0,0,0
PF07213,PF14967,5,2,2,3,0,1013,1.0,1.0,0.4,0.63,2,2,3,0,1013,1.0,1.0,0.4,0.63
PF01451,PF01981,12,15,5,7,10,996,0.33,0.98,0.42,0.36,15,5,7,10,996,0.33,0.98,0.42,0.36
PF13145,PF17193,7,0,0,7,0,1011,0,0.99,0.0,0,0,0,7,0,1011,0,0.99,0.0,0
PF01733,PF03194,16,10,2,14,8,994,0.2,0.98,0.12,0.15,10,2,14,8,994,0.2,0.98,0.12,0.15
PF08999,PF11636,2,0,0,2,0,1016,0,1.0,0.0,0,0,0,2,0,1016,0,1.0,0.0,0
PF13965,PF08445,4,10,1,3,9,1005,0.1,0.99,0.25,0.15,10,1,3,9,1005,0.1,0.99,0.25,0.15
PF03762,PF14200,2,5,0,2,5,1011,0.0,0.99,0.0,-0.0,5,0,2,5,1011,0.0,0.99,0.0,-0.0
PF15311,PF17098,6,6,0,6,6,1006,0.0,0.99,0.0,-0.01,6,0,6,6,1006,0.0,0.99,0.0,-0.01
PF09745,PF01868,8,10,2,6,8,1002,0.2,0.99,0.25,0.22,10,2,6,8,1002,0.2,0.99,0.25,0.22
PF08648,PF01715,8,15,2,6,13,997,0.13,0.98,0.25,0.17,15,2,6,13,997,0.13,0.98,0.25,0.17
PF14378,PF08643,5,5,0,5,5,1008,0.0,0.99,0.0,-0.0,5,0,5,5,1008,0.0,0.99,0.0,-0.0
PF05476,PF15186,1,1,0,1,1,1016,0.0,1.0,0.0,-0.0,1,0,1,1,1016,0.0,1.0,0.0,-0.0
PF17095,PF08683,6,8,6,0,2,1010,0.75,1.0,1.0,0.87,8,6,0,2,1010,0.75,1.0,1.0,0.87
PF15122,PF06210,0,0,0,0,0,1018,0,1.0,0,0,0,0,0,0,1018,0,1.0,0,0
PF13490,PF15750,3,1,0,3,1,1014,0.0,1.0,0.0,-0.0,1,0,3,1,1014,0.0,1.0,0.0,-0.0
PF01218,PF04107,7,5,0,7,5,1006,0.0,0.99,0.0,-0.01,5,0,7,5,1006,0.0,0.99,0.0,-0.01
PF11346,PF03238,1,0,0,1,0,1017,0,1.0,0.0,0,0,0,1,0,1017,0,1.0,0.0,0
PF11833,PF10218,4,0,0,4,0,1014,0,1.0,0.0,0,0,0,4,0,1014,0,1.0,0.0,0
PF04719,PF08692,12,0,0,12,0,1006,0,0.99,0.0,0,0,0,12,0,1006,0,0.99,0.0,0
PF05994,PF07159,9,7,6,3,1,1008,0.86,1.0,0.67,0.75,7,6,3,1,1008,0.86,1.0,0.67,0.75
PF14774,PF15359,5,2,0,5,2,1011,0.0,0.99,0.0,-0.0,2,0,5,2,1011,0.0,0.99,0.0,-0.0
PF01430,PF09967,1,2,0,1,2,1015,0.0,1.0,0.0,-0.0,2,0,1,2,1015,0.0,1.0,0.0,-0.0
PF13570,PF13360,7,26,4,3,22,989,0.15,0.98,0.57,0.29,26,4,3,22,989,0.15,0.98,0.57,0.29
PF09688,PF02427,0,0,0,0,0,1018,0,1.0,0,0,0,0,0,0,1018,0,1.0,0,0
PF09187,PF06890,0,0,0,0,0,1018,0,1.0,0,0,0,0,0,0,1018,0,1.0,0,0
PF12138,PF09117,3,0,0,3,0,1015,0,1.0,0.0,0,0,0,3,0,1015,0,1.0,0.0,0
PF07327,PF17124,1,0,0,1,0,1017,0,1.0,0.0,0,0,0,1,0,1017,0,1.0,0.0,0
PF01918,PF02704,11,6,1,10,5,1002,0.17,0.99,0.09,0.12,6,1,10,5,1002,0.17,0.99,0.09,0.12
PF00206,PF10397,44,15,15,29,0,974,1.0,0.97,0.34,0.58,15,15,29,0,974,1.0,0.97,0.34,0.58
PF07368,PF15055,0,0,0,0,0,1018,0,1.0,0,0,0,0,0,0,1018,0,1.0,0,0
PF04451,PF04355,1,0,0,1,0,1017,0,1.0,0.0,0,0,0,1,0,1017,0,1.0,0.0,0
PF11538,PF14909,4,4,0,4,4,1010,0.0,0.99,0.0,-0.0,4,0,4,4,1010,0.0,0.99,0.0,-0.0
PF09248,PF02727,3,17,3,0,14,1001,0.18,0.99,1.0,0.42,17,3,0,14,1001,0.18,0.99,1.0,0.42
PF13478,PF04290,6,6,6,0,0,1012,1.0,1.0,1.0,1.0,6,6,0,0,1012,1.0,1.0,1.0,1.0
PF14918,PF14920,0,0,0,0,0,1018,0,1.0,0,0,0,0,0,0,1018,0,1.0,0,0
PF04275,PF04030,9,21,4,5,17,992,0.19,0.98,0.44,0.28,21,4,5,17,992,0.19,0.98,0.44,0.28
PF11523,PF04990,8,3,3,5,0,1010,1.0,1.0,0.38,0.61,3,3,5,0,1010,1.0,1.0,0.38,0.61
PF08002,PF14251,0,2,0,0,2,1016,0.0,1.0,0,0,2,0,0,2,1016,0.0,1.0,0,0
PF16108,PF15602,0,0,0,0,0,1018,0,1.0,0,0,0,0,0,0,1018,0,1.0,0,0
PF01390,PF02983,30,2,1,29,1,987,0.5,0.97,0.03,0.12,2,1,29,1,987,0.5,0.97,0.03,0.12
PF01970,PF14690,0,0,0,0,0,1018,0,1.0,0,0,0,0,0,0,1018,0,1.0,0,0
PF16419,PF15309,0,3,0,0,3,1015,0.0,1.0,0,0,3,0,0,3,1015,0.0,1.0,0,0
PF14576,PF14577,0,2,0,0,2,1016,0.0,1.0,0,0,2,0,0,2,1016,0.0,1.0,0,0
PF14885,PF17049,1,1,0,1,1,1016,0.0,1.0,0.0,-0.0,1,0,1,1,1016,0.0,1.0,0.0,-0.0
PF14593,PF11629,3,4,3,0,1,1014,0.75,1.0,1.0,0.87,4,3,0,1,1014,0.75,1.0,1.0,0.87
PF15936,PF14138,7,10,2,5,8,1003,0.2,0.99,0.29,0.23,10,2,5,8,1003,0.2,0.99,0.29,0.23
PF00220,PF15690,2,0,0,2,0,1016,0,1.0,0.0,0,0,0,2,0,1016,0,1.0,0.0,0
PF11187,PF15318,2,0,0,2,0,1016,0,1.0,0.0,0,0,0,2,0,1016,0,1.0,0.0,0
PF05182,PF10309,17,10,4,13,6,995,0.4,0.98,0.24,0.3,10,4,13,6,995,0.4,0.98,0.24,0.3
PF08258,PF02277,0,3,0,0,3,1015,0.0,1.0,0,0,3,0,0,3,1015,0.0,1.0,0,0
PF12697,PF00561,65,82,39,26,43,910,0.48,0.93,0.6,0.5,82,39,26,43,910,0.48,0.93,0.6,0.5
PF10182,PF04740,3,0,0,3,0,1015,0,1.0,0.0,0,0,0,3,0,1015,0,1.0,0.0,0
PF14963,PF15130,2,1,0,2,1,1015,0.0,1.0,0.0,-0.0,1,0,2,1,1015,0.0,1.0,0.0,-0.0
PF06163,PF02342,0,4,0,0,4,1014,0.0,1.0,0,0,4,0,0,4,1014,0.0,1.0,0,0
PF04180,PF07093,8,4,1,7,3,1007,0.25,0.99,0.12,0.17,4,1,7,3,1007,0.25,0.99,0.12,0.17
PF10592,PF08103,0,0,0,0,0,1018,0,1.0,0,0,0,0,0,0,1018,0,1.0,0,0
PF15049,PF02277,0,3,0,0,3,1015,0.0,1.0,0,0,3,0,0,3,1015,0.0,1.0,0,0
PF12618,PF12140,3,7,3,0,4,1011,0.43,1.0,1.0,0.65,7,3,0,4,1011,0.43,1.0,1.0,0.65
PF17100,PF15512,20,2,1,19,1,997,0.5,0.98,0.05,0.15,2,1,19,1,997,0.5,0.98,0.05,0.15
PF16114,PF00549,5,30,5,0,25,988,0.17,0.98,1.0,0.4,30,5,0,25,988,0.17,0.98,1.0,0.4
PF11532,PF15861,1,3,1,0,2,1015,0.33,1.0,1.0,0.58,3,1,0,2,1015,0.33,1.0,1.0,0.58
PF02496,PF06351,1,2,1,0,1,1016,0.5,1.0,1.0,0.71,2,1,0,1,1016,0.5,1.0,1.0,0.71
PF10177,PF15862,1,2,1,0,1,1016,0.5,1.0,1.0,0.71,2,1,0,1,1016,0.5,1.0,1.0,0.71
PF04004,PF04090,11,2,1,10,1,1006,0.5,0.99,0.09,0.21,2,1,10,1,1006,0.5,0.99,0.09,0.21
PF03105,PF00939,31,17,12,19,5,982,0.71,0.98,0.39,0.51,17,12,19,5,982,0.71,0.98,0.39,0.51
PF05914,PF15302,2,0,0,2,0,1016,0,1.0,0.0,0,0,0,2,0,1016,0,1.0,0.0,0
PF02926,PF01170,12,14,7,5,7,999,0.5,0.99,0.58,0.53,14,7,5,7,999,0.5,0.99,0.58,0.53
PF07133,PF15447,1,1,1,0,0,1017,1.0,1.0,1.0,1.0,1,1,0,0,1017,1.0,1.0,1.0,1.0
PF06466,PF17105,9,4,3,6,1,1008,0.75,0.99,0.33,0.5,4,3,6,1,1008,0.75,0.99,0.33,0.5
PF11745,PF16824,0,0,0,0,0,1018,0,1.0,0,0,0,0,0,0,1018,0,1.0,0,0
PF15081,PF01110,2,1,0,2,1,1015,0.0,1.0,0.0,-0.0,1,0,2,1,1015,0.0,1.0,0.0,-0.0
PF03937,PF01987,3,6,0,3,6,1009,0.0,0.99,0.0,-0.0,6,0,3,6,1009,0.0,0.99,0.0,-0.0
PF13554,PF14508,0,0,0,0,0,1018,0,1.0,0,0,0,0,0,0,1018,0,1.0,0,0
PF13473,PF13340,3,3,0,3,3,1012,0.0,0.99,0.0,-0.0,3,0,3,3,1012,0.0,0.99,0.0,-0.0
PF12398,PF11883,4,5,4,0,1,1013,0.8,1.0,1.0,0.89,5,4,0,1,1013,0.8,1.0,1.0,0.89
PF01233,PF02799,14,17,14,0,3,1001,0.82,1.0,1.0,0.91,17,14,0,3,1001,0.82,1.0,1.0,0.91
PF16973,PF15143,0,0,0,0,0,1018,0,1.0,0,0,0,0,0,0,1018,0,1.0,0,0
PF07166,PF05453,0,1,0,0,1,1017,0.0,1.0,0,0,1,0,0,1,1017,0.0,1.0,0,0
PF01420,PF11751,2,0,0,2,0,1016,0,1.0,0.0,0,0,0,2,0,1016,0,1.0,0.0,0
PF12296,PF04667,6,5,0,6,5,1007,0.0,0.99,0.0,-0.01,5,0,6,5,1007,0.0,0.99,0.0,-0.01
PF07789,PF11030,0,0,0,0,0,1018,0,1.0,0,0,0,0,0,0,1018,0,1.0,0,0
PF10595,PF09728,4,10,3,1,7,1007,0.3,0.99,0.75,0.47,10,3,1,7,1007,0.3,0.99,0.75,0.47
PF16093,PF10181,8,3,1,7,2,1008,0.33,0.99,0.12,0.2,3,1,7,2,1008,0.33,0.99,0.12,0.2
PF07589,PF09722,0,0,0,0,0,1018,0,1.0,0,0,0,0,0,0,1018,0,1.0,0,0
PF03725,PF01138,29,61,29,0,32,957,0.48,0.97,1.0,0.68,61,29,0,32,957,0.48,0.97,1.0,0.68
PF07736,PF08364,0,5,0,0,5,1013,0.0,1.0,0,0,5,0,0,5,1013,0.0,1.0,0,0
PF16368,PF16366,3,12,3,0,9,1006,0.25,0.99,1.0,0.5,12,3,0,9,1006,0.25,0.99,1.0,0.5
PF05860,PF11245,0,0,0,0,0,1018,0,1.0,0,0,0,0,0,0,1018,0,1.0,0,0
PF00330,PF00694,36,31,28,8,3,979,0.9,0.99,0.78,0.83,31,28,8,3,979,0.9,0.99,0.78,0.83
PF00500,PF15273,1,1,0,1,1,1016,0.0,1.0,0.0,-0.0,1,0,1,1,1016,0.0,1.0,0.0,-0.0
PF08969,PF11470,11,6,2,9,4,1003,0.33,0.99,0.18,0.24,6,2,9,4,1003,0.33,0.99,0.18,0.24
PF02256,PF02906,4,13,4,0,9,1005,0.31,0.99,1.0,0.55,13,4,0,9,1005,0.31,0.99,1.0,0.55
PF01054,PF08142,0,14,0,0,14,1004,0.0,0.99,0,0,14,0,0,14,1004,0.0,0.99,0,0
PF06910,PF15809,1,0,0,1,0,1017,0,1.0,0.0,0,0,0,1,0,1017,0,1.0,0.0,0
PF16944,PF05508,2,1,0,2,1,1015,0.0,1.0,0.0,-0.0,1,0,2,1,1015,0.0,1.0,0.0,-0.0
PF07517,PF01043,5,3,3,2,0,1013,1.0,1.0,0.6,0.77,3,3,2,0,1013,1.0,1.0,0.6,0.77
PF14232,PF14231,0,0,0,0,0,1018,0,1.0,0,0,0,0,0,0,1018,0,1.0,0,0
PF12530,PF11229,2,2,1,1,1,1015,0.5,1.0,0.5,0.5,2,1,1,1,1015,0.5,1.0,0.5,0.5
PF13869,PF01680,13,7,1,12,6,999,0.14,0.98,0.08,0.1,7,1,12,6,999,0.14,0.98,0.08,0.1
PF00817,PF11798,27,6,6,21,0,991,1.0,0.98,0.22,0.47,6,6,21,0,991,1.0,0.98,0.22,0.47
PF08121,PF07277,1,0,0,1,0,1017,0,1.0,0.0,0,0,0,1,0,1017,0,1.0,0.0,0
PF14234,PF00797,3,13,0,3,13,1002,0.0,0.98,0.0,-0.01,13,0,3,13,1002,0.0,0.98,0.0,-0.01
PF10203,PF10310,5,2,1,4,1,1012,0.5,1.0,0.2,0.31,2,1,4,1,1012,0.5,1.0,0.2,0.31
PF14688,PF14687,9,8,8,1,0,1009,1.0,1.0,0.89,0.94,8,8,1,0,1009,1.0,1.0,0.89,0.94
PF12527,PF10361,0,0,0,0,0,1018,0,1.0,0,0,0,0,0,0,1018,0,1.0,0,0
PF15721,PF01303,1,0,0,1,0,1017,0,1.0,0.0,0,0,0,1,0,1017,0,1.0,0.0,0
PF05162,PF16843,5,1,1,4,0,1013,1.0,1.0,0.2,0.45,1,1,4,0,1013,1.0,1.0,0.2,0.45
PF06179,PF01150,10,22,6,4,16,992,0.27,0.98,0.6,0.4,22,6,4,16,992,0.27,0.98,0.6,0.4
PF11478,PF05084,0,0,0,0,0,1018,0,1.0,0,0,0,0,0,0,1018,0,1.0,0,0
PF00106,PF15011,187,4,4,183,0,831,1.0,0.82,0.02,0.13,4,4,183,0,831,1.0,0.82,0.02,0.13
PF02727,PF02728,17,18,13,4,5,996,0.72,0.99,0.76,0.74,18,13,4,5,996,0.72,0.99,0.76,0.74
PF15205,PF09252,0,0,0,0,0,1018,0,1.0,0,0,0,0,0,0,1018,0,1.0,0,0
PF05935,PF11316,2,0,0,2,0,1016,0,1.0,0.0,0,0,0,2,0,1016,0,1.0,0.0,0
PF05037,PF14934,0,2,0,0,2,1016,0.0,1.0,0,0,2,0,0,2,1016,0.0,1.0,0,0
PF12755,PF13001,12,14,4,8,10,996,0.29,0.98,0.33,0.3,14,4,8,10,996,0.29,0.98,0.33,0.3
PF02162,PF03827,6,2,1,5,1,1011,0.5,0.99,0.17,0.29,2,1,5,1,1011,0.5,0.99,0.17,0.29
PF07051,PF12855,1,2,0,1,2,1015,0.0,1.0,0.0,-0.0,2,0,1,2,1015,0.0,1.0,0.0,-0.0
PF14821,PF00290,7,4,0,7,4,1007,0.0,0.99,0.0,-0.01,4,0,7,4,1007,0.0,0.99,0.0,-0.01
PF13486,PF10974,0,0,0,0,0,1018,0,1.0,0,0,0,0,0,0,1018,0,1.0,0,0
PF03798,PF03826,36,8,5,31,3,979,0.62,0.97,0.14,0.28,8,5,31,3,979,0.62,0.97,0.14,0.28
PF14438,PF06741,13,12,10,3,2,1003,0.83,1.0,0.77,0.8,12,10,3,2,1003,0.83,1.0,0.77,0.8
PF10525,PF04617,4,1,1,3,0,1014,1.0,1.0,0.25,0.5,1,1,3,0,1014,1.0,1.0,0.25,0.5
PF09781,PF09057,1,0,0,1,0,1017,0,1.0,0.0,0,0,0,1,0,1017,0,1.0,0.0,0
PF04824,PF05029,8,7,0,8,7,1003,0.0,0.99,0.0,-0.01,7,0,8,7,1003,0.0,0.99,0.0,-0.01
PF01668,PF17010,2,0,0,2,0,1016,0,1.0,0.0,0,0,0,2,0,1016,0,1.0,0.0,0
PF03232,PF00708,9,7,2,7,5,1004,0.29,0.99,0.22,0.25,7,2,7,5,1004,0.29,0.99,0.22,0.25
PF04583,PF07927,1,2,0,1,2,1015,0.0,1.0,0.0,-0.0,2,0,1,2,1015,0.0,1.0,0.0,-0.0
PF10979,PF01076,0,1,0,0,1,1017,0.0,1.0,0,0,1,0,0,1,1017,0.0,1.0,0,0
PF13446,PF14533,4,7,1,3,6,1008,0.14,0.99,0.25,0.18,7,1,3,6,1008,0.14,0.99,0.25,0.18
PF05612,PF04901,0,2,0,0,2,1016,0.0,1.0,0,0,2,0,0,2,1016,0.0,1.0,0,0
PF08545,PF08392,3,8,1,2,7,1008,0.12,0.99,0.33,0.2,8,1,2,7,1008,0.12,0.99,0.33,0.2
PF14699,PF06202,1,3,0,1,3,1014,0.0,1.0,0.0,-0.0,3,0,1,3,1014,0.0,1.0,0.0,-0.0
PF13924,PF16117,8,1,1,7,0,1010,1.0,0.99,0.12,0.35,1,1,7,0,1010,1.0,0.99,0.12,0.35
PF03820,PF03248,16,6,2,14,4,998,0.33,0.98,0.12,0.2,6,2,14,4,998,0.33,0.98,0.12,0.2
PF11123,PF09699,0,0,0,0,0,1018,0,1.0,0,0,0,0,0,0,1018,0,1.0,0,0
PF11272,PF04963,0,1,0,0,1,1017,0.0,1.0,0,0,1,0,0,1,1017,0.0,1.0,0,0
PF09790,PF15247,5,7,2,3,5,1008,0.29,0.99,0.4,0.33,7,2,3,5,1008,0.29,0.99,0.4,0.33
PF08602,PF17062,0,0,0,0,0,1018,0,1.0,0,0,0,0,0,0,1018,0,1.0,0,0
PF16586,PF07409,0,0,0,0,0,1018,0,1.0,0,0,0,0,0,0,1018,0,1.0,0,0
PF01755,PF10155,11,6,2,9,4,1003,0.33,0.99,0.18,0.24,6,2,9,4,1003,0.33,0.99,0.18,0.24
PF05340,PF03219,2,5,0,2,5,1011,0.0,0.99,0.0,-0.0,5,0,2,5,1011,0.0,0.99,0.0,-0.0
PF08926,PF14593,10,3,3,7,0,1008,1.0,0.99,0.3,0.55,3,3,7,0,1008,1.0,0.99,0.3,0.55
PF00300,PF01591,67,19,18,49,1,950,0.95,0.95,0.27,0.49,19,18,49,1,950,0.95,0.95,0.27,0.49
PF10815,PF06751,0,1,0,0,1,1017,0.0,1.0,0,0,1,0,0,1,1017,0.0,1.0,0,0
PF11254,PF02863,1,2,0,1,2,1015,0.0,1.0,0.0,-0.0,2,0,1,2,1015,0.0,1.0,0.0,-0.0
PF02429,PF05111,0,1,0,0,1,1017,0.0,1.0,0,0,1,0,0,1,1017,0.0,1.0,0,0
PF10568,PF17172,9,6,3,6,3,1006,0.5,0.99,0.33,0.4,6,3,6,3,1006,0.5,0.99,0.33,0.4
PF07657,PF01414,3,11,3,0,8,1007,0.27,0.99,1.0,0.52,11,3,0,8,1007,0.27,0.99,1.0,0.52
PF07569,PF15512,13,2,2,11,0,1005,1.0,0.99,0.15,0.39,2,2,11,0,1005,1.0,0.99,0.15,0.39
PF04457,PF10470,9,0,0,9,0,1009,0,0.99,0.0,0,0,0,9,0,1009,0,0.99,0.0,0
PF02312,PF02525,2,2,0,2,2,1014,0.0,1.0,0.0,-0.0,2,0,2,2,1014,0.0,1.0,0.0,-0.0
PF08229,PF15014,4,1,0,4,1,1013,0.0,1.0,0.0,-0.0,1,0,4,1,1013,0.0,1.0,0.0,-0.0
PF15706,PF15705,3,2,2,1,0,1015,1.0,1.0,0.67,0.82,2,2,1,0,1015,1.0,1.0,0.67,0.82
PF08088,PF15676,0,0,0,0,0,1018,0,1.0,0,0,0,0,0,0,1018,0,1.0,0,0
PF15808,PF16700,3,2,0,3,2,1013,0.0,1.0,0.0,-0.0,2,0,3,2,1013,0.0,1.0,0.0,-0.0
PF04927,PF01132,2,6,1,1,5,1011,0.17,0.99,0.5,0.29,6,1,1,5,1011,0.17,0.99,0.5,0.29
PF10316,PF10325,7,3,1,6,2,1009,0.33,0.99,0.14,0.21,3,1,6,2,1009,0.33,0.99,0.14,0.21
PF14061,PF16737,6,1,1,5,0,1012,1.0,1.0,0.17,0.41,1,1,5,0,1012,1.0,1.0,0.17,0.41
PF14374,PF00573,12,18,10,2,8,998,0.56,0.99,0.83,0.68,18,10,2,8,998,0.56,0.99,0.83,0.68
PF04709,PF00688,1,15,1,0,14,1003,0.07,0.99,1.0,0.26,15,1,0,14,1003,0.07,0.99,1.0,0.26
PF00781,PF00609,47,20,20,27,0,971,1.0,0.97,0.43,0.64,20,20,27,0,971,1.0,0.97,0.43,0.64
PF06400,PF09303,2,2,0,2,2,1014,0.0,1.0,0.0,-0.0,2,0,2,2,1014,0.0,1.0,0.0,-0.0
PF06912,PF12716,3,0,0,3,0,1015,0,1.0,0.0,0,0,0,3,0,1015,0,1.0,0.0,0
PF15704,PF06232,3,4,0,3,4,1011,0.0,0.99,0.0,-0.0,4,0,3,4,1011,0.0,0.99,0.0,-0.0
PF11069,PF16972,3,2,0,3,2,1013,0.0,1.0,0.0,-0.0,2,0,3,2,1013,0.0,1.0,0.0,-0.0
PF00078,PF05380,218,28,25,193,3,797,0.89,0.81,0.11,0.28,28,25,193,3,797,0.89,0.81,0.11,0.28
PF05596,PF04691,0,1,0,0,1,1017,0.0,1.0,0,0,1,0,0,1,1017,0.0,1.0,0,0
PF12153,PF02070,0,0,0,0,0,1018,0,1.0,0,0,0,0,0,0,1018,0,1.0,0,0
PF12038,PF13439,2,23,0,2,23,993,0.0,0.98,0.0,-0.01,23,0,2,23,993,0.0,0.98,0.0,-0.01
PF07521,PF11718,24,12,11,13,1,993,0.92,0.99,0.46,0.64,12,11,13,1,993,0.92,0.99,0.46,0.64
PF06401,PF16173,3,0,0,3,0,1015,0,1.0,0.0,0,0,0,3,0,1015,0,1.0,0.0,0
PF02631,PF08653,2,1,0,2,1,1015,0.0,1.0,0.0,-0.0,1,0,2,1,1015,0.0,1.0,0.0,-0.0
PF13225,PF00468,3,5,1,2,4,1011,0.2,0.99,0.33,0.26,5,1,2,4,1011,0.2,0.99,0.33,0.26
PF09771,PF04709,5,1,1,4,0,1013,1.0,1.0,0.2,0.45,1,1,4,0,1013,1.0,1.0,0.2,0.45
PF14823,PF13241,8,10,8,0,2,1008,0.8,1.0,1.0,0.89,10,8,0,2,1008,0.8,1.0,1.0,0.89
PF16495,PF16498,9,6,5,4,1,1008,0.83,1.0,0.56,0.68,6,5,4,1,1008,0.83,1.0,0.56,0.68
PF08192,PF17017,0,0,0,0,0,1018,0,1.0,0,0,0,0,0,0,1018,0,1.0,0,0
PF00710,PF07693,16,7,3,13,4,998,0.43,0.98,0.19,0.28,7,3,13,4,998,0.43,0.98,0.19,0.28
PF01981,PF01451,15,12,5,10,7,996,0.42,0.98,0.33,0.36,12,5,10,7,996,0.42,0.98,0.33,0.36
PF06455,PF01010,2,1,1,1,0,1016,1.0,1.0,0.5,0.71,1,1,1,0,1016,1.0,1.0,0.5,0.71
PF05144,PF16888,0,0,0,0,0,1018,0,1.0,0,0,0,0,0,0,1018,0,1.0,0,0
PF10705,PF10868,0,0,0,0,0,1018,0,1.0,0,0,0,0,0,0,1018,0,1.0,0,0
PF13732,PF12399,5,9,3,2,6,1007,0.33,0.99,0.6,0.44,9,3,2,6,1007,0.33,0.99,0.6,0.44
PF11800,PF08479,0,0,0,0,0,1018,0,1.0,0,0,0,0,0,0,1018,0,1.0,0,0
PF15184,PF15776,1,2,0,1,2,1015,0.0,1.0,0.0,-0.0,2,0,1,2,1015,0.0,1.0,0.0,-0.0
PF09904,PF07409,0,0,0,0,0,1018,0,1.0,0,0,0,0,0,0,1018,0,1.0,0,0
PF16013,PF16061,4,3,0,4,3,1011,0.0,0.99,0.0,-0.0,3,0,4,3,1011,0.0,0.99,0.0,-0.0
PF12853,PF03769,5,1,0,5,1,1012,0.0,0.99,0.0,-0.0,1,0,5,1,1012,0.0,0.99,0.0,-0.0
PF03645,PF03358,20,16,6,14,10,988,0.38,0.98,0.3,0.32,16,6,14,10,988,0.38,0.98,0.3,0.32
PF00430,PF00124,5,2,0,5,2,1011,0.0,0.99,0.0,-0.0,2,0,5,2,1011,0.0,0.99,0.0,-0.0
PF05881,PF17157,4,0,0,4,0,1014,0,1.0,0.0,0,0,0,4,0,1014,0,1.0,0.0,0
PF05995,PF02284,10,6,3,7,3,1005,0.5,0.99,0.3,0.38,6,3,7,3,1005,0.5,0.99,0.3,0.38
PF11815,PF11856,9,0,0,9,0,1009,0,0.99,0.0,0,0,0,9,0,1009,0,0.99,0.0,0
PF07555,PF02838,3,9,1,2,8,1007,0.11,0.99,0.33,0.19,9,1,2,8,1007,0.11,0.99,0.33,0.19
PF02229,PF02201,14,28,8,6,20,984,0.29,0.97,0.57,0.39,28,8,6,20,984,0.29,0.97,0.57,0.39
PF16981,PF16839,0,0,0,0,0,1018,0,1.0,0,0,0,0,0,0,1018,0,1.0,0,0
PF11619,PF07710,1,2,1,0,1,1016,0.5,1.0,1.0,0.71,2,1,0,1,1016,0.5,1.0,1.0,0.71
PF03883,PF15849,2,0,0,2,0,1016,0,1.0,0.0,0,0,0,2,0,1016,0,1.0,0.0,0
PF02830,PF08274,0,0,0,0,0,1018,0,1.0,0,0,0,0,0,0,1018,0,1.0,0,0
PF05067,PF06651,0,0,0,0,0,1018,0,1.0,0,0,0,0,0,0,1018,0,1.0,0,0
PF10772,PF05251,0,2,0,0,2,1016,0.0,1.0,0,0,2,0,0,2,1016,0.0,1.0,0,0
PF04825,PF15917,17,2,1,16,1,1000,0.5,0.98,0.06,0.17,2,1,16,1,1000,0.5,0.98,0.06,0.17
PF02202,PF15829,0,1,0,0,1,1017,0.0,1.0,0,0,1,0,0,1,1017,0.0,1.0,0,0
PF01434,PF09336,38,15,7,31,8,972,0.47,0.96,0.18,0.28,15,7,31,8,972,0.47,0.96,0.18,0.28
PF03551,PF16908,0,18,0,0,18,1000,0.0,0.98,0,0,18,0,0,18,1000,0.0,0.98,0,0
PF05247,PF15859,0,0,0,0,0,1018,0,1.0,0,0,0,0,0,0,1018,0,1.0,0,0
PF09821,PF09383,2,2,2,0,0,1016,1.0,1.0,1.0,1.0,2,2,0,0,1016,1.0,1.0,1.0,1.0
PF14805,PF04764,3,0,0,3,0,1015,0,1.0,0.0,0,0,0,3,0,1015,0,1.0,0.0,0
PF11988,PF08744,0,0,0,0,0,1018,0,1.0,0,0,0,0,0,0,1018,0,1.0,0,0
PF15677,PF15119,0,1,0,0,1,1017,0.0,1.0,0,0,1,0,0,1,1017,0.0,1.0,0,0
PF02540,PF00977,22,16,6,16,10,986,0.38,0.97,0.27,0.31,16,6,16,10,986,0.38,0.97,0.27,0.31
PF12355,PF06583,1,1,1,0,0,1017,1.0,1.0,1.0,1.0,1,1,0,0,1017,1.0,1.0,1.0,1.0
PF07110,PF14027,12,16,6,6,10,996,0.38,0.98,0.5,0.43,16,6,6,10,996,0.38,0.98,0.5,0.43
PF13547,PF06403,0,1,0,0,1,1017,0.0,1.0,0,0,1,0,0,1,1017,0.0,1.0,0,0
PF09817,PF05823,3,2,0,3,2,1013,0.0,1.0,0.0,-0.0,2,0,3,2,1013,0.0,1.0,0.0,-0.0
PF07072,PF01467,2,37,2,0,35,981,0.05,0.97,1.0,0.23,37,2,0,35,981,0.05,0.97,1.0,0.23
PF07344,PF03242,0,0,0,0,0,1018,0,1.0,0,0,0,0,0,0,1018,0,1.0,0,0
PF11932,PF11992,0,0,0,0,0,1018,0,1.0,0,0,0,0,0,0,1018,0,1.0,0,0
PF02739,PF11671,5,0,0,5,0,1013,0,1.0,0.0,0,0,0,5,0,1013,0,1.0,0.0,0
PF14107,PF11291,0,0,0,0,0,1018,0,1.0,0,0,0,0,0,0,1018,0,1.0,0,0
PF17184,PF04179,4,3,3,1,0,1014,1.0,1.0,0.75,0.87,3,3,1,0,1014,1.0,1.0,0.75,0.87
PF09528,PF04954,0,0,0,0,0,1018,0,1.0,0,0,0,0,0,0,1018,0,1.0,0,0
PF07947,PF04241,5,12,1,4,11,1002,0.08,0.99,0.2,0.12,12,1,4,11,1002,0.08,0.99,0.2,0.12
PF08906,PF00713,0,1,0,0,1,1017,0.0,1.0,0,0,1,0,0,1,1017,0.0,1.0,0,0
PF14313,PF07661,0,2,0,0,2,1016,0.0,1.0,0,0,2,0,0,2,1016,0.0,1.0,0,0
PF02122,PF07705,1,0,0,1,0,1017,0,1.0,0.0,0,0,0,1,0,1017,0,1.0,0.0,0
PF06206,PF07172,1,1,0,1,1,1016,0.0,1.0,0.0,-0.0,1,0,1,1,1016,0.0,1.0,0.0,-0.0
PF02079,PF14903,1,0,0,1,0,1017,0,1.0,0.0,0,0,0,1,0,1017,0,1.0,0.0,0
PF03443,PF02015,32,7,5,27,2,984,0.71,0.97,0.16,0.33,7,5,27,2,984,0.71,0.97,0.16,0.33
PF05508,PF16944,1,2,0,1,2,1015,0.0,1.0,0.0,-0.0,2,0,1,2,1015,0.0,1.0,0.0,-0.0
PF13634,PF12110,19,15,9,10,6,993,0.6,0.98,0.47,0.53,15,9,10,6,993,0.6,0.98,0.47,0.53
PF05923,PF05924,8,9,7,1,2,1008,0.78,1.0,0.88,0.82,9,7,1,2,1008,0.78,1.0,0.88,0.82
PF05507,PF08768,7,3,0,7,3,1008,0.0,0.99,0.0,-0.0,3,0,7,3,1008,0.0,0.99,0.0,-0.0
PF15090,PF15292,1,0,0,1,0,1017,0,1.0,0.0,0,0,0,1,0,1017,0,1.0,0.0,0
PF00086,PF09307,25,3,3,22,0,993,1.0,0.98,0.12,0.34,3,3,22,0,993,1.0,0.98,0.12,0.34
PF13144,PF12446,0,0,0,0,0,1018,0,1.0,0,0,0,0,0,0,1018,0,1.0,0,0
PF11196,PF08744,0,0,0,0,0,1018,0,1.0,0,0,0,0,0,0,1018,0,1.0,0,0
PF13636,PF08298,1,0,0,1,0,1017,0,1.0,0.0,0,0,0,1,0,1017,0,1.0,0.0,0
PF14569,PF03552,8,13,8,0,5,1005,0.62,1.0,1.0,0.78,13,8,0,5,1005,0.62,1.0,1.0,0.78
PF11421,PF07497,3,3,1,2,2,1013,0.33,1.0,0.33,0.33,3,1,2,2,1013,0.33,1.0,0.33,0.33
PF05148,PF09310,14,0,0,14,0,1004,0,0.99,0.0,0,0,0,14,0,1004,0,0.99,0.0,0
PF08912,PF06918,7,2,0,7,2,1009,0.0,0.99,0.0,-0.0,2,0,7,2,1009,0.0,0.99,0.0,-0.0
PF14437,PF10175,6,6,0,6,6,1006,0.0,0.99,0.0,-0.01,6,0,6,6,1006,0.0,0.99,0.0,-0.01
PF09019,PF15427,2,1,0,2,1,1015,0.0,1.0,0.0,-0.0,1,0,2,1,1015,0.0,1.0,0.0,-0.0
PF04183,PF06276,2,2,2,0,0,1016,1.0,1.0,1.0,1.0,2,2,0,0,1016,1.0,1.0,1.0,1.0
PF07160,PF10278,3,7,0,3,7,1008,0.0,0.99,0.0,-0.0,7,0,3,7,1008,0.0,0.99,0.0,-0.0
PF05253,PF05206,13,9,5,8,4,1001,0.56,0.99,0.38,0.46,9,5,8,4,1001,0.56,0.99,0.38,0.46
PF15671,PF04232,0,3,0,0,3,1015,0.0,1.0,0,0,3,0,0,3,1015,0.0,1.0,0,0
PF10542,PF00127,0,3,0,0,3,1015,0.0,1.0,0,0,3,0,0,3,1015,0.0,1.0,0,0
PF02459,PF00153,1,125,1,0,124,893,0.01,0.88,1.0,0.08,125,1,0,124,893,0.01,0.88,1.0,0.08
PF16739,PF13625,10,11,5,5,6,1002,0.45,0.99,0.5,0.47,11,5,5,6,1002,0.45,0.99,0.5,0.47
PF02439,PF02124,2,0,0,2,0,1016,0,1.0,0.0,0,0,0,2,0,1016,0,1.0,0.0,0
PF12333,PF14959,6,1,0,6,1,1011,0.0,0.99,0.0,-0.0,1,0,6,1,1011,0.0,0.99,0.0,-0.0
PF14836,PF06337,9,17,7,2,10,999,0.41,0.99,0.78,0.56,17,7,2,10,999,0.41,0.99,0.78,0.56
PF03673,PF12453,1,2,1,0,1,1016,0.5,1.0,1.0,0.71,2,1,0,1,1016,0.5,1.0,1.0,0.71
PF10399,PF14163,3,2,2,1,0,1015,1.0,1.0,0.67,0.82,2,2,1,0,1015,1.0,1.0,0.67,0.82
PF15783,PF17053,1,0,0,1,0,1017,0,1.0,0.0,0,0,0,1,0,1017,0,1.0,0.0,0
PF04628,PF00838,11,14,3,8,11,996,0.21,0.98,0.27,0.23,14,3,8,11,996,0.21,0.98,0.27,0.23
PF04812,PF04814,3,4,3,0,1,1014,0.75,1.0,1.0,0.87,4,3,0,1,1014,0.75,1.0,1.0,0.87
PF16102,PF08035,0,0,0,0,0,1018,0,1.0,0,0,0,0,0,0,1018,0,1.0,0,0
PF03146,PF00050,2,19,2,0,17,999,0.11,0.98,1.0,0.32,19,2,0,17,999,0.11,0.98,1.0,0.32
PF03963,PF07559,1,1,1,0,0,1017,1.0,1.0,1.0,1.0,1,1,0,0,1017,1.0,1.0,1.0,1.0
PF07859,PF06350,69,7,7,62,0,949,1.0,0.94,0.1,0.31,7,7,62,0,949,1.0,0.94,0.1,0.31
PF00187,PF00967,13,3,3,10,0,1005,1.0,0.99,0.23,0.48,3,3,10,0,1005,1.0,0.99,0.23,0.48
PF04359,PF06485,1,4,0,1,4,1013,0.0,1.0,0.0,-0.0,4,0,1,4,1013,0.0,1.0,0.0,-0.0
PF16009,PF04839,1,1,0,1,1,1016,0.0,1.0,0.0,-0.0,1,0,1,1,1016,0.0,1.0,0.0,-0.0
PF14512,PF06403,0,1,0,0,1,1017,0.0,1.0,0,0,1,0,0,1,1017,0.0,1.0,0,0
PF11601,PF11879,3,4,3,0,1,1014,0.75,1.0,1.0,0.87,4,3,0,1,1014,0.75,1.0,1.0,0.87
PF05889,PF00147,1,51,1,0,50,967,0.02,0.95,1.0,0.14,51,1,0,50,967,0.02,0.95,1.0,0.14
PF06221,PF04087,12,0,0,12,0,1006,0,0.99,0.0,0,0,0,12,0,1006,0,0.99,0.0,0
PF08643,PF14610,5,3,0,5,3,1010,0.0,0.99,0.0,-0.0,3,0,5,3,1010,0.0,0.99,0.0,-0.0
PF13579,PF13439,2,23,1,1,22,994,0.04,0.98,0.5,0.14,23,1,1,22,994,0.04,0.98,0.5,0.14
PF01845,PF03460,1,15,0,1,15,1002,0.0,0.98,0.0,-0.0,15,0,1,15,1002,0.0,0.98,0.0,-0.0
PF07857,PF08140,9,1,0,9,1,1008,0.0,0.99,0.0,-0.0,1,0,9,1,1008,0.0,0.99,0.0,-0.0
PF12537,PF12430,1,1,1,0,0,1017,1.0,1.0,1.0,1.0,1,1,0,0,1017,1.0,1.0,1.0,1.0
PF06423,PF03478,15,29,7,8,22,981,0.24,0.97,0.47,0.32,29,7,8,22,981,0.24,0.97,0.47,0.32
PF03122,PF05643,1,0,0,1,0,1017,0,1.0,0.0,0,0,0,1,0,1017,0,1.0,0.0,0
PF01064,PF08515,18,8,8,10,0,1000,1.0,0.99,0.44,0.66,8,8,10,0,1000,1.0,0.99,0.44,0.66
PF02297,PF16953,18,13,5,13,8,992,0.38,0.98,0.28,0.32,13,5,13,8,992,0.38,0.98,0.28,0.32
PF06187,PF08846,0,0,0,0,0,1018,0,1.0,0,0,0,0,0,0,1018,0,1.0,0,0
PF05199,PF00732,62,56,54,8,2,954,0.96,0.99,0.87,0.91,56,54,8,2,954,0.96,0.99,0.87,0.91
PF03444,PF01580,1,5,1,0,4,1013,0.2,1.0,1.0,0.45,5,1,0,4,1013,0.2,1.0,1.0,0.45
PF15724,PF06875,0,0,0,0,0,1018,0,1.0,0,0,0,0,0,0,1018,0,1.0,0,0
PF10780,PF01097,0,3,0,0,3,1015,0.0,1.0,0,0,3,0,0,3,1015,0.0,1.0,0,0
PF04891,PF02217,1,3,0,1,3,1014,0.0,1.0,0.0,-0.0,3,0,1,3,1014,0.0,1.0,0.0,-0.0
PF06684,PF03222,0,1,0,0,1,1017,0.0,1.0,0,0,1,0,0,1,1017,0.0,1.0,0,0
PF09514,PF12417,3,5,1,2,4,1011,0.2,0.99,0.33,0.26,5,1,2,4,1011,0.2,0.99,0.33,0.26
PF01912,PF01775,11,9,3,8,6,1001,0.33,0.99,0.27,0.29,9,3,8,6,1001,0.33,0.99,0.27,0.29
PF08976,PF13833,5,53,5,0,48,965,0.09,0.95,1.0,0.3,53,5,0,48,965,0.09,0.95,1.0,0.3
PF09317,PF12806,3,3,3,0,0,1015,1.0,1.0,1.0,1.0,3,3,0,0,1015,1.0,1.0,1.0,1.0
PF17102,PF17101,8,5,4,4,1,1009,0.8,1.0,0.5,0.63,5,4,4,1,1009,0.8,1.0,0.5,0.63
PF05962,PF14539,1,0,0,1,0,1017,0,1.0,0.0,0,0,0,1,0,1017,0,1.0,0.0,0
PF01851,PF12859,13,3,0,13,3,1002,0.0,0.98,0.0,-0.01,3,0,13,3,1002,0.0,0.98,0.0,-0.01
PF00748,PF08526,2,4,0,2,4,1012,0.0,0.99,0.0,-0.0,4,0,2,4,1012,0.0,0.99,0.0,-0.0
PF10350,PF12612,11,13,3,8,10,997,0.23,0.98,0.27,0.24,13,3,8,10,997,0.23,0.98,0.27,0.24
PF15077,PF08601,3,4,2,1,2,1013,0.5,1.0,0.67,0.58,4,2,1,2,1013,0.5,1.0,0.67,0.58
PF13372,PF00288,0,44,0,0,44,974,0.0,0.96,0,0,44,0,0,44,974,0.0,0.96,0,0
PF09816,PF07545,6,1,0,6,1,1011,0.0,0.99,0.0,-0.0,1,0,6,1,1011,0.0,0.99,0.0,-0.0
PF05709,PF03522,0,17,0,0,17,1001,0.0,0.98,0,0,17,0,0,17,1001,0.0,0.98,0,0
PF10222,PF14308,8,11,3,5,8,1002,0.27,0.99,0.38,0.31,11,3,5,8,1002,0.27,0.99,0.38,0.31
PF11086,PF03860,0,0,0,0,0,1018,0,1.0,0,0,0,0,0,0,1018,0,1.0,0,0
PF02082,PF12242,1,1,0,1,1,1016,0.0,1.0,0.0,-0.0,1,0,1,1,1016,0.0,1.0,0.0,-0.0
PF10387,PF12066,0,16,0,0,16,1002,0.0,0.98,0,0,16,0,0,16,1002,0.0,0.98,0,0
PF06306,PF15876,0,0,0,0,0,1018,0,1.0,0,0,0,0,0,0,1018,0,1.0,0,0
PF01058,PF00329,17,17,7,10,10,991,0.41,0.98,0.41,0.4,17,7,10,10,991,0.41,0.98,0.41,0.4
PF05049,PF14946,8,2,1,7,1,1009,0.5,0.99,0.12,0.25,2,1,7,1,1009,0.5,0.99,0.12,0.25
PF05449,PF10995,0,0,0,0,0,1018,0,1.0,0,0,0,0,0,0,1018,0,1.0,0,0
PF02126,PF14931,8,1,1,7,0,1010,1.0,0.99,0.12,0.35,1,1,7,0,1010,1.0,0.99,0.12,0.35
PF16967,PF07434,0,0,0,0,0,1018,0,1.0,0,0,0,0,0,0,1018,0,1.0,0,0
PF15199,PF00519,0,5,0,0,5,1013,0.0,1.0,0,0,5,0,0,5,1013,0.0,1.0,0,0
PF16032,PF16003,0,1,0,0,1,1017,0.0,1.0,0,0,1,0,0,1,1017,0.0,1.0,0,0
PF01975,PF03133,12,31,5,7,26,980,0.16,0.97,0.42,0.25,31,5,7,26,980,0.16,0.97,0.42,0.25
PF05928,PF08240,0,100,0,0,100,918,0.0,0.9,0,0,100,0,0,100,918,0.0,0.9,0,0
PF14988,PF08227,3,6,1,2,5,1010,0.17,0.99,0.33,0.23,6,1,2,5,1010,0.17,0.99,0.33,0.23
PF08790,PF08265,8,11,4,4,7,1003,0.36,0.99,0.5,0.42,11,4,4,7,1003,0.36,0.99,0.5,0.42
PF13474,PF02577,3,2,1,2,1,1014,0.5,1.0,0.33,0.41,2,1,2,1,1014,0.5,1.0,0.33,0.41
PF10416,PF11581,0,0,0,0,0,1018,0,1.0,0,0,0,0,0,0,1018,0,1.0,0,0
PF05495,PF13441,11,2,2,9,0,1007,1.0,0.99,0.18,0.42,2,2,9,0,1007,1.0,0.99,0.18,0.42
PF16353,PF02929,5,5,5,0,0,1013,1.0,1.0,1.0,1.0,5,5,0,0,1013,1.0,1.0,1.0,1.0
PF09795,PF02453,0,14,0,0,14,1004,0.0,0.99,0,0,14,0,0,14,1004,0.0,0.99,0,0
PF09851,PF05488,4,0,0,4,0,1014,0,1.0,0.0,0,0,0,4,0,1014,0,1.0,0.0,0
PF10453,PF09816,7,6,1,6,5,1006,0.17,0.99,0.14,0.15,6,1,6,5,1006,0.17,0.99,0.14,0.15
PF08159,PF12490,12,5,3,9,2,1004,0.6,0.99,0.25,0.38,5,3,9,2,1004,0.6,0.99,0.25,0.38
PF03130,PF10508,1,10,1,0,9,1008,0.1,0.99,1.0,0.31,10,1,0,9,1008,0.1,0.99,1.0,0.31
PF00079,PF04045,29,18,3,26,15,974,0.17,0.96,0.1,0.11,18,3,26,15,974,0.17,0.96,0.1,0.11
PF03591,PF14903,0,0,0,0,0,1018,0,1.0,0,0,0,0,0,0,1018,0,1.0,0,0
PF09087,PF10438,1,1,1,0,0,1017,1.0,1.0,1.0,1.0,1,1,0,0,1017,1.0,1.0,1.0,1.0
PF08785,PF03731,10,21,7,3,14,994,0.33,0.98,0.7,0.48,21,7,3,14,994,0.33,0.98,0.7,0.48
PF14399,PF09260,7,5,1,6,4,1007,0.2,0.99,0.14,0.16,5,1,6,4,1007,0.2,0.99,0.14,0.16
PF10737,PF15107,0,0,0,0,0,1018,0,1.0,0,0,0,0,0,0,1018,0,1.0,0,0
PF05933,PF15089,2,0,0,2,0,1016,0,1.0,0.0,0,0,0,2,0,1016,0,1.0,0.0,0
PF15213,PF05830,0,1,0,0,1,1017,0.0,1.0,0,0,1,0,0,1,1017,0.0,1.0,0,0
