ID,Closest,No. True,No. Prediction,TP,FN,FP,TN,Precision,Accuracy,Hit Rate,MCC,No. Consensus Prediction,Consensus TP,Consensus FN,Consensus FP,Consensus TN,Consensus Precision,Consensus Accuracy,Consensus Hit Rate,Consensus MCC
PF08879,PF08880,8,20,6,2,14,2336,0.3,0.99,0.75,0.47,20,6,2,14,2336,0.3,0.99,0.75,0.47
PF07075,PF10106,4,1,0,4,1,2353,0.0,1.0,0.0,-0.0,1,0,4,1,2353,0.0,1.0,0.0,-0.0
PF01347,PF09172,40,27,27,13,0,2318,1.0,0.99,0.68,0.82,27,27,13,0,2318,1.0,0.99,0.68,0.82
PF08655,PF09463,16,0,0,16,0,2342,0,0.99,0.0,0,0,0,16,0,2342,0,0.99,0.0,0
PF14825,PF06541,16,0,0,16,0,2342,0,0.99,0.0,0,0,0,16,0,2342,0,0.99,0.0,0
PF07042,PF06433,0,7,0,0,7,2351,0.0,1.0,0,0,7,0,0,7,2351,0.0,1.0,0,0
PF07811,PF03470,0,4,0,0,4,2354,0.0,1.0,0,0,4,0,0,4,2354,0.0,1.0,0,0
PF07462,PF12946,2,7,2,0,5,2351,0.29,1.0,1.0,0.53,7,2,0,5,2351,0.29,1.0,1.0,0.53
PF01415,PF15252,4,0,0,4,0,2354,0,1.0,0.0,0,0,0,4,0,2354,0,1.0,0.0,0
PF04588,PF01896,24,18,4,20,14,2320,0.22,0.99,0.17,0.19,18,4,20,14,2320,0.22,0.99,0.17,0.19
PF00484,PF04178,35,29,12,23,17,2306,0.41,0.98,0.34,0.37,29,12,23,17,2306,0.41,0.98,0.34,0.37
PF15539,PF09332,0,10,0,0,10,2348,0.0,1.0,0,0,10,0,0,10,2348,0.0,1.0,0,0
PF14279,PF02576,0,2,0,0,2,2356,0.0,1.0,0,0,2,0,0,2,2356,0.0,1.0,0,0
PF07989,PF03801,29,15,3,26,12,2317,0.2,0.98,0.1,0.14,15,3,26,12,2317,0.2,0.98,0.1,0.14
PF12752,PF13902,24,15,4,20,11,2323,0.27,0.99,0.17,0.2,15,4,20,11,2323,0.27,0.99,0.17,0.2
PF15453,PF10375,1,1,0,1,1,2356,0.0,1.0,0.0,-0.0,1,0,1,1,2356,0.0,1.0,0.0,-0.0
PF04958,PF07642,4,0,0,4,0,2354,0,1.0,0.0,0,0,0,4,0,2354,0,1.0,0.0,0
PF12006,PF14087,13,14,2,11,12,2333,0.14,0.99,0.15,0.14,14,2,11,12,2333,0.14,0.99,0.15,0.14
PF10272,PF10148,6,9,1,5,8,2344,0.11,0.99,0.17,0.13,9,1,5,8,2344,0.11,0.99,0.17,0.13
PF14317,PF12608,0,0,0,0,0,2358,0,1.0,0,0,0,0,0,0,2358,0,1.0,0,0
PF02233,PF12769,11,9,9,2,0,2347,1.0,1.0,0.82,0.9,9,9,2,0,2347,1.0,1.0,0.82,0.9
PF01286,PF09775,11,3,0,11,3,2344,0.0,0.99,0.0,-0.0,3,0,11,3,2344,0.0,0.99,0.0,-0.0
PF03699,PF08681,1,1,0,1,1,2356,0.0,1.0,0.0,-0.0,1,0,1,1,2356,0.0,1.0,0.0,-0.0
PF13943,PF10063,9,5,0,9,5,2344,0.0,0.99,0.0,-0.0,5,0,9,5,2344,0.0,0.99,0.0,-0.0
PF15832,PF15876,3,0,0,3,0,2355,0,1.0,0.0,0,0,0,3,0,2355,0,1.0,0.0,0
PF00435,PF16901,84,19,4,80,15,2259,0.21,0.96,0.05,0.09,19,4,80,15,2259,0.21,0.96,0.05,0.09
PF02827,PF14672,3,1,0,3,1,2354,0.0,1.0,0.0,-0.0,1,0,3,1,2354,0.0,1.0,0.0,-0.0
PF05495,PF13441,22,2,2,20,0,2336,1.0,0.99,0.09,0.3,2,2,20,0,2336,1.0,0.99,0.09,0.3
PF00392,PF07702,34,9,9,25,0,2324,1.0,0.99,0.26,0.51,9,9,25,0,2324,1.0,0.99,0.26,0.51
PF00623,PF04983,57,60,57,0,3,2298,0.95,1.0,1.0,0.97,60,57,0,3,2298,0.95,1.0,1.0,0.97
PF14008,PF16656,52,47,43,9,4,2302,0.91,0.99,0.83,0.87,47,43,9,4,2302,0.91,0.99,0.83,0.87
PF03671,PF14825,14,16,3,11,13,2331,0.19,0.99,0.21,0.2,16,3,11,13,2331,0.19,0.99,0.21,0.2
PF02811,PF09587,16,9,0,16,9,2333,0.0,0.99,0.0,-0.01,9,0,16,9,2333,0.0,0.99,0.0,-0.01
PF14770,PF15071,4,0,0,4,0,2354,0,1.0,0.0,0,0,0,4,0,2354,0,1.0,0.0,0
PF00777,PF03062,44,61,16,28,45,2269,0.26,0.97,0.36,0.29,61,16,28,45,2269,0.26,0.97,0.36,0.29
PF06303,PF02020,1,52,1,0,51,2306,0.02,0.98,1.0,0.14,52,1,0,51,2306,0.02,0.98,1.0,0.14
PF04069,PF12911,13,8,4,9,4,2341,0.5,0.99,0.31,0.39,8,4,9,4,2341,0.5,0.99,0.31,0.39
PF08729,PF12480,8,8,1,7,7,2343,0.12,0.99,0.12,0.12,8,1,7,7,2343,0.12,0.99,0.12,0.12
PF07802,PF06907,5,3,1,4,2,2351,0.33,1.0,0.2,0.26,3,1,4,2,2351,0.33,1.0,0.2,0.26
PF01179,PF02728,48,28,28,20,0,2310,1.0,0.99,0.58,0.76,28,28,20,0,2310,1.0,0.99,0.58,0.76
PF13439,PF15924,31,12,4,27,8,2319,0.33,0.99,0.13,0.2,12,4,27,8,2319,0.33,0.99,0.13,0.2
PF04194,PF07929,23,9,2,21,7,2328,0.22,0.99,0.09,0.13,9,2,21,7,2328,0.22,0.99,0.09,0.13
PF07276,PF06753,0,3,0,0,3,2355,0.0,1.0,0,0,3,0,0,3,2355,0.0,1.0,0,0
PF04770,PF03479,9,10,3,6,7,2342,0.3,0.99,0.33,0.31,10,3,6,7,2342,0.3,0.99,0.33,0.31
PF16851,PF10868,1,2,0,1,2,2355,0.0,1.0,0.0,-0.0,2,0,1,2,2355,0.0,1.0,0.0,-0.0
PF10772,PF05251,0,6,0,0,6,2352,0.0,1.0,0,0,6,0,0,6,2352,0.0,1.0,0,0
PF02734,PF02733,31,26,23,8,3,2324,0.88,1.0,0.74,0.81,26,23,8,3,2324,0.88,1.0,0.74,0.81
PF09377,PF01172,15,21,13,2,8,2335,0.62,1.0,0.87,0.73,21,13,2,8,2335,0.62,1.0,0.87,0.73
PF00648,PF01067,91,72,65,26,7,2260,0.9,0.99,0.71,0.8,72,65,26,7,2260,0.9,0.99,0.71,0.8
PF07883,PF05899,46,6,2,44,4,2308,0.33,0.98,0.04,0.11,6,2,44,4,2308,0.33,0.98,0.04,0.11
PF08159,PF12490,21,9,4,17,5,2332,0.44,0.99,0.19,0.29,9,4,17,5,2332,0.44,0.99,0.19,0.29
PF00755,PF16484,56,13,13,43,0,2302,1.0,0.98,0.23,0.48,13,13,43,0,2302,1.0,0.98,0.23,0.48
PF04607,PF13328,16,20,10,6,10,2332,0.5,0.99,0.62,0.56,20,10,6,10,2332,0.5,0.99,0.62,0.56
PF13516,PF00560,177,88,55,122,33,2148,0.62,0.93,0.31,0.41,88,55,122,33,2148,0.62,0.93,0.31,0.41
PF13761,PF14328,1,0,0,1,0,2357,0,1.0,0.0,0,0,0,1,0,2357,0,1.0,0.0,0
PF02262,PF02762,10,8,7,3,1,2347,0.88,1.0,0.7,0.78,8,7,3,1,2347,0.88,1.0,0.7,0.78
PF15331,PF15752,3,0,0,3,0,2355,0,1.0,0.0,0,0,0,3,0,2355,0,1.0,0.0,0
PF03709,PF09950,2,0,0,2,0,2356,0,1.0,0.0,0,0,0,2,0,2356,0,1.0,0.0,0
PF00959,PF14099,9,2,0,9,2,2347,0.0,1.0,0.0,-0.0,2,0,9,2,2347,0.0,1.0,0.0,-0.0
PF13243,PF13249,28,26,26,2,0,2330,1.0,1.0,0.93,0.96,26,26,2,0,2330,1.0,1.0,0.93,0.96
PF11392,PF04895,0,0,0,0,0,2358,0,1.0,0,0,0,0,0,0,2358,0,1.0,0,0
PF01114,PF12904,4,0,0,4,0,2354,0,1.0,0.0,0,0,0,4,0,2354,0,1.0,0.0,0
PF00334,PF05186,57,37,14,43,23,2278,0.38,0.97,0.25,0.29,37,14,43,23,2278,0.38,0.97,0.25,0.29
PF01044,PF00932,19,12,2,17,10,2329,0.17,0.99,0.11,0.13,12,2,17,10,2329,0.17,0.99,0.11,0.13
PF09179,PF11734,5,5,5,0,0,2353,1.0,1.0,1.0,1.0,5,5,0,0,2353,1.0,1.0,1.0,1.0
PF01565,PF04030,174,36,32,142,4,2180,0.89,0.94,0.18,0.39,36,32,142,4,2180,0.89,0.94,0.18,0.39
PF07713,PF12457,18,16,3,15,13,2327,0.19,0.99,0.17,0.17,16,3,15,13,2327,0.19,0.99,0.17,0.17
PF13698,PF15047,0,0,0,0,0,2358,0,1.0,0,0,0,0,0,0,2358,0,1.0,0,0
PF05096,PF04107,7,9,1,6,8,2343,0.11,0.99,0.14,0.12,9,1,6,8,2343,0.11,0.99,0.14,0.12
PF01890,PF08982,3,7,0,3,7,2348,0.0,1.0,0.0,-0.0,7,0,3,7,2348,0.0,1.0,0.0,-0.0
PF03154,PF08674,13,0,0,13,0,2345,0,0.99,0.0,0,0,0,13,0,2345,0,0.99,0.0,0
PF05184,PF03489,19,16,10,9,6,2333,0.62,0.99,0.53,0.57,16,10,9,6,2333,0.62,0.99,0.53,0.57
PF01725,PF09297,23,8,2,21,6,2329,0.25,0.99,0.09,0.14,8,2,21,6,2329,0.25,0.99,0.09,0.14
PF09159,PF07080,3,6,1,2,5,2350,0.17,1.0,0.33,0.23,6,1,2,5,2350,0.17,1.0,0.33,0.23
PF04112,PF12359,22,14,1,21,13,2323,0.07,0.99,0.05,0.05,14,1,21,13,2323,0.07,0.99,0.05,0.05
PF05242,PF06008,0,8,0,0,8,2350,0.0,1.0,0,0,8,0,0,8,2350,0.0,1.0,0,0
PF00273,PF09164,1,1,1,0,0,2357,1.0,1.0,1.0,1.0,1,1,0,0,2357,1.0,1.0,1.0,1.0
PF03550,PF10798,2,2,0,2,2,2354,0.0,1.0,0.0,-0.0,2,0,2,2,2354,0.0,1.0,0.0,-0.0
PF06189,PF07354,5,4,0,5,4,2349,0.0,1.0,0.0,-0.0,4,0,5,4,2349,0.0,1.0,0.0,-0.0
PF03411,PF11245,4,0,0,4,0,2354,0,1.0,0.0,0,0,0,4,0,2354,0,1.0,0.0,0
PF12589,PF08498,11,17,4,7,13,2334,0.24,0.99,0.36,0.29,17,4,7,13,2334,0.24,0.99,0.36,0.29
PF06221,PF04087,16,0,0,16,0,2342,0,0.99,0.0,0,0,0,16,0,2342,0,0.99,0.0,0
PF05066,PF13922,12,9,7,5,2,2344,0.78,1.0,0.58,0.67,9,7,5,2,2344,0.78,1.0,0.58,0.67
PF04510,PF08124,1,4,1,0,3,2354,0.25,1.0,1.0,0.5,4,1,0,3,2354,0.25,1.0,1.0,0.5
PF15338,PF00721,0,2,0,0,2,2356,0.0,1.0,0,0,2,0,0,2,2356,0.0,1.0,0,0
PF05509,PF05513,4,4,4,0,0,2354,1.0,1.0,1.0,1.0,4,4,0,0,2354,1.0,1.0,1.0,1.0
PF15055,PF14986,0,0,0,0,0,2358,0,1.0,0,0,0,0,0,0,2358,0,1.0,0,0
PF01477,PF02010,55,28,20,35,8,2295,0.71,0.98,0.36,0.5,28,20,35,8,2295,0.71,0.98,0.36,0.5
PF04266,PF06886,14,10,1,13,9,2335,0.1,0.99,0.07,0.08,10,1,13,9,2335,0.1,0.99,0.07,0.08
PF02637,PF02934,16,20,16,0,4,2338,0.8,1.0,1.0,0.89,20,16,0,4,2338,0.8,1.0,1.0,0.89
PF10446,PF09463,1,0,0,1,0,2357,0,1.0,0.0,0,0,0,1,0,2357,0,1.0,0.0,0
PF10296,PF10186,17,24,4,13,20,2321,0.17,0.99,0.24,0.19,24,4,13,20,2321,0.17,0.99,0.24,0.19
PF12269,PF16737,12,1,1,11,0,2346,1.0,1.0,0.08,0.29,1,1,11,0,2346,1.0,1.0,0.08,0.29
PF11410,PF08668,2,7,0,2,7,2349,0.0,1.0,0.0,-0.0,7,0,2,7,2349,0.0,1.0,0.0,-0.0
PF04383,PF10544,7,17,2,5,15,2336,0.12,0.99,0.29,0.18,17,2,5,15,2336,0.12,0.99,0.29,0.18
PF12002,PF16193,27,27,27,0,0,2331,1.0,1.0,1.0,1.0,27,27,0,0,2331,1.0,1.0,1.0,1.0
PF01617,PF01228,22,3,3,19,0,2336,1.0,0.99,0.14,0.37,3,3,19,0,2336,1.0,0.99,0.14,0.37
PF14941,PF14931,0,3,0,0,3,2355,0.0,1.0,0,0,3,0,0,3,2355,0.0,1.0,0,0
PF08348,PF03255,0,25,0,0,25,2333,0.0,0.99,0,0,25,0,0,25,2333,0.0,0.99,0,0
PF02263,PF02841,34,20,20,14,0,2324,1.0,0.99,0.59,0.76,20,20,14,0,2324,1.0,0.99,0.59,0.76
PF08221,PF10644,15,21,1,14,20,2323,0.05,0.99,0.07,0.05,21,1,14,20,2323,0.05,0.99,0.07,0.05
PF08436,PF13288,26,8,8,18,0,2332,1.0,0.99,0.31,0.55,8,8,18,0,2332,1.0,0.99,0.31,0.55
PF00382,PF08271,42,25,25,17,0,2316,1.0,0.99,0.6,0.77,25,25,17,0,2316,1.0,0.99,0.6,0.77
PF15959,PF02305,1,4,0,1,4,2353,0.0,1.0,0.0,-0.0,4,0,1,4,2353,0.0,1.0,0.0,-0.0
PF12971,PF12972,12,17,9,3,8,2338,0.53,1.0,0.75,0.63,17,9,3,8,2338,0.53,1.0,0.75,0.63
PF06694,PF15060,4,2,0,4,2,2352,0.0,1.0,0.0,-0.0,2,0,4,2,2352,0.0,1.0,0.0,-0.0
PF04784,PF14389,31,8,7,24,1,2326,0.88,0.99,0.23,0.44,8,7,24,1,2326,0.88,0.99,0.23,0.44
PF12414,PF08081,5,1,1,4,0,2353,1.0,1.0,0.2,0.45,1,1,4,0,2353,1.0,1.0,0.2,0.45
PF03502,PF03772,1,5,0,1,5,2352,0.0,1.0,0.0,-0.0,5,0,1,5,2352,0.0,1.0,0.0,-0.0
PF06747,PF10276,21,4,1,20,3,2334,0.25,0.99,0.05,0.11,4,1,20,3,2334,0.25,0.99,0.05,0.11
PF05557,PF03285,13,2,1,12,1,2344,0.5,0.99,0.08,0.19,2,1,12,1,2344,0.5,0.99,0.08,0.19
PF03991,PF07276,2,0,0,2,0,2356,0,1.0,0.0,0,0,0,2,0,2356,0,1.0,0.0,0
PF15106,PF15085,3,2,0,3,2,2353,0.0,1.0,0.0,-0.0,2,0,3,2,2353,0.0,1.0,0.0,-0.0
PF02183,PF16878,9,22,5,4,17,2332,0.23,0.99,0.56,0.35,22,5,4,17,2332,0.23,0.99,0.56,0.35
PF03737,PF04148,25,8,2,23,6,2327,0.25,0.99,0.08,0.14,8,2,23,6,2327,0.25,0.99,0.08,0.14
PF01716,PF05039,6,2,0,6,2,2350,0.0,1.0,0.0,-0.0,2,0,6,2,2350,0.0,1.0,0.0,-0.0
PF03547,PF00610,32,69,12,20,57,2269,0.17,0.97,0.38,0.24,69,12,20,57,2269,0.17,0.97,0.38,0.24
PF01086,PF08137,13,1,0,13,1,2344,0.0,0.99,0.0,-0.0,1,0,13,1,2344,0.0,0.99,0.0,-0.0
PF10576,PF14815,5,18,5,0,13,2340,0.28,0.99,1.0,0.53,18,5,0,13,2340,0.28,0.99,1.0,0.53
PF05257,PF06324,3,3,0,3,3,2352,0.0,1.0,0.0,-0.0,3,0,3,3,2352,0.0,1.0,0.0,-0.0
PF12153,PF02070,1,1,0,1,1,2356,0.0,1.0,0.0,-0.0,1,0,1,1,2356,0.0,1.0,0.0,-0.0
PF14384,PF02633,0,3,0,0,3,2355,0.0,1.0,0,0,3,0,0,3,2355,0.0,1.0,0,0
PF16864,PF02545,18,31,8,10,23,2317,0.26,0.99,0.44,0.33,31,8,10,23,2317,0.26,0.99,0.44,0.33
PF00602,PF06122,2,0,0,2,0,2356,0,1.0,0.0,0,0,0,2,0,2356,0,1.0,0.0,0
PF06345,PF06346,8,6,4,4,2,2348,0.67,1.0,0.5,0.58,6,4,4,2,2348,0.67,1.0,0.5,0.58
PF04719,PF08692,22,1,0,22,1,2335,0.0,0.99,0.0,-0.0,1,0,22,1,2335,0.0,0.99,0.0,-0.0
PF17217,PF09034,6,4,2,4,2,2350,0.5,1.0,0.33,0.41,4,2,4,2,2350,0.5,1.0,0.33,0.41
PF03700,PF12825,2,14,1,1,13,2343,0.07,0.99,0.5,0.19,14,1,1,13,2343,0.07,0.99,0.5,0.19
PF15476,PF09327,3,0,0,3,0,2355,0,1.0,0.0,0,0,0,3,0,2355,0,1.0,0.0,0
PF12769,PF02233,9,11,9,0,2,2347,0.82,1.0,1.0,0.9,11,9,0,2,2347,0.82,1.0,1.0,0.9
PF02534,PF03524,17,18,17,0,1,2340,0.94,1.0,1.0,0.97,18,17,0,1,2340,0.94,1.0,1.0,0.97
PF05219,PF10245,10,16,1,9,15,2333,0.06,0.99,0.1,0.07,16,1,9,15,2333,0.06,0.99,0.1,0.07
PF03153,PF01521,23,34,8,15,26,2309,0.24,0.98,0.35,0.28,34,8,15,26,2309,0.24,0.98,0.35,0.28
PF01141,PF01140,7,9,7,0,2,2349,0.78,1.0,1.0,0.88,9,7,0,2,2349,0.78,1.0,1.0,0.88
PF02295,PF16797,16,4,3,13,1,2341,0.75,0.99,0.19,0.37,4,3,13,1,2341,0.75,0.99,0.19,0.37
PF05876,PF07409,7,0,0,7,0,2351,0,1.0,0.0,0,0,0,7,0,2351,0,1.0,0.0,0
PF01064,PF08515,30,14,13,17,1,2327,0.93,0.99,0.43,0.63,14,13,17,1,2327,0.93,0.99,0.43,0.63
PF06417,PF02936,16,19,6,10,13,2329,0.32,0.99,0.38,0.34,19,6,10,13,2329,0.32,0.99,0.38,0.34
PF01592,PF01774,18,16,1,17,15,2325,0.06,0.99,0.06,0.05,16,1,17,15,2325,0.06,0.99,0.06,0.05
PF03859,PF00710,14,26,6,8,20,2324,0.23,0.99,0.43,0.31,26,6,8,20,2324,0.23,0.99,0.43,0.31
PF06537,PF00857,0,64,0,0,64,2294,0.0,0.97,0,0,64,0,0,64,2294,0.0,0.97,0,0
PF08478,PF05467,0,0,0,0,0,2358,0,1.0,0,0,0,0,0,0,2358,0,1.0,0,0
PF01028,PF14370,14,12,12,2,0,2344,1.0,1.0,0.86,0.93,12,12,2,0,2344,1.0,1.0,0.86,0.93
PF04361,PF09731,0,16,0,0,16,2342,0.0,0.99,0,0,16,0,0,16,2342,0.0,0.99,0,0
PF03193,PF05991,8,4,0,8,4,2346,0.0,0.99,0.0,-0.0,4,0,8,4,2346,0.0,0.99,0.0,-0.0
PF13254,PF12520,3,7,0,3,7,2348,0.0,1.0,0.0,-0.0,7,0,3,7,2348,0.0,1.0,0.0,-0.0
PF03820,PF03248,30,15,3,27,12,2316,0.2,0.98,0.1,0.13,15,3,27,12,2316,0.2,0.98,0.1,0.13
PF12820,PF01594,1,8,0,1,8,2349,0.0,1.0,0.0,-0.0,8,0,1,8,2349,0.0,1.0,0.0,-0.0
PF05773,PF08572,61,11,6,55,5,2292,0.55,0.97,0.1,0.22,11,6,55,5,2292,0.55,0.97,0.1,0.22
PF11568,PF15085,3,2,0,3,2,2353,0.0,1.0,0.0,-0.0,2,0,3,2,2353,0.0,1.0,0.0,-0.0
PF09379,PF09380,84,67,63,21,4,2270,0.94,0.99,0.75,0.83,67,63,21,4,2270,0.94,0.99,0.75,0.83
PF07944,PF07173,25,18,4,21,14,2319,0.22,0.99,0.16,0.18,18,4,21,14,2319,0.22,0.99,0.16,0.18
PF04748,PF10403,2,22,0,2,22,2334,0.0,0.99,0.0,-0.0,22,0,2,22,2334,0.0,0.99,0.0,-0.0
PF11801,PF17171,2,23,2,0,21,2335,0.09,0.99,1.0,0.29,23,2,0,21,2335,0.09,0.99,1.0,0.29
PF17078,PF06485,3,5,0,3,5,2350,0.0,1.0,0.0,-0.0,5,0,3,5,2350,0.0,1.0,0.0,-0.0
PF01557,PF09298,76,42,40,36,2,2280,0.95,0.98,0.53,0.7,42,40,36,2,2280,0.95,0.98,0.53,0.7
PF01656,PF05825,20,2,1,19,1,2337,0.5,0.99,0.05,0.16,2,1,19,1,2337,0.5,0.99,0.05,0.16
PF08309,PF08622,1,4,0,1,4,2353,0.0,1.0,0.0,-0.0,4,0,1,4,2353,0.0,1.0,0.0,-0.0
PF15739,PF07989,11,29,3,8,26,2321,0.1,0.99,0.27,0.16,29,3,8,26,2321,0.1,0.99,0.27,0.16
PF09187,PF06890,3,0,0,3,0,2355,0,1.0,0.0,0,0,0,3,0,2355,0,1.0,0.0,0
PF01191,PF03871,17,20,17,0,3,2338,0.85,1.0,1.0,0.92,20,17,0,3,2338,0.85,1.0,1.0,0.92
PF02366,PF16192,25,28,25,0,3,2330,0.89,1.0,1.0,0.94,28,25,0,3,2330,0.89,1.0,1.0,0.94
PF12955,PF15798,5,2,0,5,2,2351,0.0,1.0,0.0,-0.0,2,0,5,2,2351,0.0,1.0,0.0,-0.0
PF03188,PF04526,66,8,5,61,3,2289,0.62,0.97,0.08,0.21,8,5,61,3,2289,0.62,0.97,0.08,0.21
PF04216,PF14467,3,0,0,3,0,2355,0,1.0,0.0,0,0,0,3,0,2355,0,1.0,0.0,0
PF00995,PF06783,66,8,8,58,0,2292,1.0,0.98,0.12,0.34,8,8,58,0,2292,1.0,0.98,0.12,0.34
PF05279,PF13174,3,29,3,0,26,2329,0.1,0.99,1.0,0.32,29,3,0,26,2329,0.1,0.99,1.0,0.32
PF13016,PF04788,4,7,0,4,7,2347,0.0,1.0,0.0,-0.0,7,0,4,7,2347,0.0,1.0,0.0,-0.0
PF05866,PF15082,3,3,0,3,3,2352,0.0,1.0,0.0,-0.0,3,0,3,3,2352,0.0,1.0,0.0,-0.0
PF02633,PF13322,3,0,0,3,0,2355,0,1.0,0.0,0,0,0,3,0,2355,0,1.0,0.0,0
PF09444,PF09967,3,3,0,3,3,2352,0.0,1.0,0.0,-0.0,3,0,3,3,2352,0.0,1.0,0.0,-0.0
PF12053,PF09045,9,1,1,8,0,2349,1.0,1.0,0.11,0.33,1,1,8,0,2349,1.0,1.0,0.11,0.33
PF08447,PF11413,51,8,5,46,3,2304,0.62,0.98,0.1,0.24,8,5,46,3,2304,0.62,0.98,0.1,0.24
PF04410,PF03045,48,13,8,40,5,2305,0.62,0.98,0.17,0.31,13,8,40,5,2305,0.62,0.98,0.17,0.31
PF05008,PF01980,19,5,0,19,5,2334,0.0,0.99,0.0,-0.0,5,0,19,5,2334,0.0,0.99,0.0,-0.0
PF00813,PF01313,2,2,2,0,0,2356,1.0,1.0,1.0,1.0,2,2,0,0,2356,1.0,1.0,1.0,1.0
PF12294,PF08497,0,0,0,0,0,2358,0,1.0,0,0,0,0,0,0,2358,0,1.0,0,0
PF05147,PF12239,22,18,4,18,14,2322,0.22,0.99,0.18,0.19,18,4,18,14,2322,0.22,0.99,0.18,0.19
PF01333,PF16639,10,19,10,0,9,2339,0.53,1.0,1.0,0.72,19,10,0,9,2339,0.53,1.0,1.0,0.72
PF02408,PF12733,2,2,1,1,1,2355,0.5,1.0,0.5,0.5,2,1,1,1,2355,0.5,1.0,0.5,0.5
PF03336,PF04014,0,1,0,0,1,2357,0.0,1.0,0,0,1,0,0,1,2357,0.0,1.0,0,0
PF14839,PF03878,1,19,0,1,19,2338,0.0,0.99,0.0,-0.0,19,0,1,19,2338,0.0,0.99,0.0,-0.0
PF00754,PF09458,89,23,9,80,14,2255,0.39,0.96,0.1,0.18,23,9,80,14,2255,0.39,0.96,0.1,0.18
PF12045,PF12284,3,1,1,2,0,2355,1.0,1.0,0.33,0.58,1,1,2,0,2355,1.0,1.0,0.33,0.58
PF14465,PF15082,2,3,0,2,3,2353,0.0,1.0,0.0,-0.0,3,0,2,3,2353,0.0,1.0,0.0,-0.0
PF17095,PF08683,8,13,8,0,5,2345,0.62,1.0,1.0,0.78,13,8,0,5,2345,0.62,1.0,1.0,0.78
PF14984,PF15129,3,1,0,3,1,2354,0.0,1.0,0.0,-0.0,1,0,3,1,2354,0.0,1.0,0.0,-0.0
PF13694,PF15400,2,0,0,2,0,2356,0,1.0,0.0,0,0,0,2,0,2356,0,1.0,0.0,0
PF15740,PF12886,1,8,0,1,8,2349,0.0,1.0,0.0,-0.0,8,0,1,8,2349,0.0,1.0,0.0,-0.0
PF00519,PF15856,7,1,0,7,1,2350,0.0,1.0,0.0,-0.0,1,0,7,1,2350,0.0,1.0,0.0,-0.0
PF12106,PF01514,1,3,0,1,3,2354,0.0,1.0,0.0,-0.0,3,0,1,3,2354,0.0,1.0,0.0,-0.0
PF08005,PF08239,9,15,5,4,10,2339,0.33,0.99,0.56,0.43,15,5,4,10,2339,0.33,0.99,0.56,0.43
PF02944,PF10545,21,76,21,0,55,2282,0.28,0.98,1.0,0.52,76,21,0,55,2282,0.28,0.98,1.0,0.52
PF08753,PF02951,1,6,0,1,6,2351,0.0,1.0,0.0,-0.0,6,0,1,6,2351,0.0,1.0,0.0,-0.0
PF09232,PF07448,1,2,0,1,2,2355,0.0,1.0,0.0,-0.0,2,0,1,2,2355,0.0,1.0,0.0,-0.0
PF01958,PF00742,17,18,4,13,14,2327,0.22,0.99,0.24,0.22,18,4,13,14,2327,0.22,0.99,0.24,0.22
PF12772,PF09067,1,5,1,0,4,2353,0.2,1.0,1.0,0.45,5,1,0,4,2353,0.2,1.0,1.0,0.45
PF10659,PF13206,3,0,0,3,0,2355,0,1.0,0.0,0,0,0,3,0,2355,0,1.0,0.0,0
PF06013,PF14985,0,3,0,0,3,2355,0.0,1.0,0,0,3,0,0,3,2355,0.0,1.0,0,0
PF01119,PF10699,46,3,2,44,1,2311,0.67,0.98,0.04,0.17,3,2,44,1,2311,0.67,0.98,0.04,0.17
PF13946,PF08548,2,2,2,0,0,2356,1.0,1.0,1.0,1.0,2,2,0,0,2356,1.0,1.0,1.0,1.0
PF01411,PF07973,53,53,32,21,21,2284,0.6,0.98,0.6,0.59,53,32,21,21,2284,0.6,0.98,0.6,0.59
PF08660,PF06925,18,7,2,16,5,2335,0.29,0.99,0.11,0.17,7,2,16,5,2335,0.29,0.99,0.11,0.17
PF10743,PF12790,0,0,0,0,0,2358,0,1.0,0,0,0,0,0,0,2358,0,1.0,0,0
PF01058,PF00329,30,27,10,20,17,2311,0.37,0.98,0.33,0.34,27,10,20,17,2311,0.37,0.98,0.33,0.34
PF14027,PF11807,24,23,9,15,14,2320,0.39,0.99,0.38,0.38,23,9,15,14,2320,0.39,0.99,0.38,0.38
PF12325,PF16574,14,3,1,13,2,2342,0.33,0.99,0.07,0.15,3,1,13,2,2342,0.33,0.99,0.07,0.15
PF16845,PF00031,5,18,4,1,14,2339,0.22,0.99,0.8,0.42,18,4,1,14,2339,0.22,0.99,0.8,0.42
PF00917,PF03000,56,30,13,43,17,2285,0.43,0.97,0.23,0.31,30,13,43,17,2285,0.43,0.97,0.23,0.31
PF01380,PF01418,34,9,9,25,0,2324,1.0,0.99,0.26,0.51,9,9,25,0,2324,1.0,0.99,0.26,0.51
PF13660,PF05161,16,10,10,6,0,2342,1.0,1.0,0.62,0.79,10,10,6,0,2342,1.0,1.0,0.62,0.79
PF00722,PF15886,75,11,5,70,6,2277,0.45,0.97,0.07,0.16,11,5,70,6,2277,0.45,0.97,0.07,0.16
PF04618,PF04617,5,3,2,3,1,2352,0.67,1.0,0.4,0.52,3,2,3,1,2352,0.67,1.0,0.4,0.52
PF16905,PF08763,15,15,9,6,6,2337,0.6,0.99,0.6,0.6,15,9,6,6,2337,0.6,0.99,0.6,0.6
PF01534,PF01392,17,44,12,5,32,2309,0.27,0.98,0.71,0.43,44,12,5,32,2309,0.27,0.98,0.71,0.43
PF02104,PF02284,16,9,2,14,7,2335,0.22,0.99,0.12,0.16,9,2,14,7,2335,0.22,0.99,0.12,0.16
PF06295,PF06560,0,4,0,0,4,2354,0.0,1.0,0,0,4,0,0,4,2354,0.0,1.0,0,0
PF10304,PF12765,3,23,1,2,22,2333,0.04,0.99,0.33,0.12,23,1,2,22,2333,0.04,0.99,0.33,0.12
PF07203,PF15760,1,0,0,1,0,2357,0,1.0,0.0,0,0,0,1,0,2357,0,1.0,0.0,0
PF01841,PF00868,46,10,10,36,0,2312,1.0,0.98,0.22,0.46,10,10,36,0,2312,1.0,0.98,0.22,0.46
PF12056,PF05562,5,7,3,2,4,2349,0.43,1.0,0.6,0.51,7,3,2,4,2349,0.43,1.0,0.6,0.51
PF08747,PF02759,0,63,0,0,63,2295,0.0,0.97,0,0,63,0,0,63,2295,0.0,0.97,0,0
PF08025,PF04111,2,23,0,2,23,2333,0.0,0.99,0.0,-0.0,23,0,2,23,2333,0.0,0.99,0.0,-0.0
PF16022,PF07178,1,4,0,1,4,2353,0.0,1.0,0.0,-0.0,4,0,1,4,2353,0.0,1.0,0.0,-0.0
PF00036,PF13833,66,100,46,20,54,2238,0.46,0.97,0.7,0.55,100,46,20,54,2238,0.46,0.97,0.7,0.55
PF16886,PF07497,25,6,1,24,5,2328,0.17,0.99,0.04,0.08,6,1,24,5,2328,0.17,0.99,0.04,0.08
PF08574,PF15247,7,11,2,5,9,2342,0.18,0.99,0.29,0.23,11,2,5,9,2342,0.18,0.99,0.29,0.23
PF05648,PF04371,30,4,2,28,2,2326,0.5,0.99,0.07,0.18,4,2,28,2,2326,0.5,0.99,0.07,0.18
PF15285,PF04111,5,23,2,3,21,2332,0.09,0.99,0.4,0.18,23,2,3,21,2332,0.09,0.99,0.4,0.18
PF08030,PF08022,84,72,72,12,0,2274,1.0,0.99,0.86,0.92,72,72,12,0,2274,1.0,0.99,0.86,0.92
PF16208,PF04732,8,10,2,6,8,2342,0.2,0.99,0.25,0.22,10,2,6,8,2342,0.2,0.99,0.25,0.22
PF05221,PF00670,20,12,12,8,0,2338,1.0,1.0,0.6,0.77,12,12,8,0,2338,1.0,1.0,0.6,0.77
PF03066,PF00707,11,15,1,10,14,2333,0.07,0.99,0.09,0.07,15,1,10,14,2333,0.07,0.99,0.09,0.07
PF08187,PF05572,3,23,1,2,22,2333,0.04,0.99,0.33,0.12,23,1,2,22,2333,0.04,0.99,0.33,0.12
PF12256,PF03534,1,1,1,0,0,2357,1.0,1.0,1.0,1.0,1,1,0,0,2357,1.0,1.0,1.0,1.0
PF10671,PF13269,2,0,0,2,0,2356,0,1.0,0.0,0,0,0,2,0,2356,0,1.0,0.0,0
PF01842,PF00351,43,41,14,29,27,2288,0.34,0.98,0.33,0.32,41,14,29,27,2288,0.34,0.98,0.33,0.32
PF13472,PF03659,76,25,14,62,11,2271,0.56,0.97,0.18,0.31,25,14,62,11,2271,0.56,0.97,0.18,0.31
PF12869,PF04122,4,0,0,4,0,2354,0,1.0,0.0,0,0,0,4,0,2354,0,1.0,0.0,0
PF10332,PF07545,0,3,0,0,3,2355,0.0,1.0,0,0,3,0,0,3,2355,0.0,1.0,0,0
PF03892,PF09488,0,3,0,0,3,2355,0.0,1.0,0,0,3,0,0,3,2355,0.0,1.0,0,0
PF00831,PF00159,21,3,1,20,2,2335,0.33,0.99,0.05,0.12,3,1,20,2,2335,0.33,0.99,0.05,0.12
PF04568,PF00833,8,31,2,6,29,2321,0.06,0.99,0.25,0.12,31,2,6,29,2321,0.06,0.99,0.25,0.12
PF15115,PF14986,0,0,0,0,0,2358,0,1.0,0,0,0,0,0,0,2358,0,1.0,0,0
PF03879,PF09696,14,19,4,10,15,2329,0.21,0.99,0.29,0.24,19,4,10,15,2329,0.21,0.99,0.29,0.24
PF13990,PF07699,0,40,0,0,40,2318,0.0,0.98,0,0,40,0,0,40,2318,0.0,0.98,0,0
PF04535,PF06749,8,10,2,6,8,2342,0.2,0.99,0.25,0.22,10,2,6,8,2342,0.2,0.99,0.25,0.22
PF12919,PF06651,1,0,0,1,0,2357,0,1.0,0.0,0,0,0,1,0,2357,0,1.0,0.0,0
PF07326,PF00419,0,7,0,0,7,2351,0.0,1.0,0,0,7,0,0,7,2351,0.0,1.0,0,0
PF06437,PF08591,7,1,0,7,1,2350,0.0,1.0,0.0,-0.0,1,0,7,1,2350,0.0,1.0,0.0,-0.0
PF04561,PF10385,7,8,3,4,5,2346,0.38,1.0,0.43,0.4,8,3,4,5,2346,0.38,1.0,0.43,0.4
PF09256,PF10567,0,1,0,0,1,2357,0.0,1.0,0,0,1,0,0,1,2357,0.0,1.0,0,0
PF08795,PF06724,0,0,0,0,0,2358,0,1.0,0,0,0,0,0,0,2358,0,1.0,0,0
PF00019,PF00688,42,25,24,18,1,2315,0.96,0.99,0.57,0.74,25,24,18,1,2315,0.96,0.99,0.57,0.74
PF10073,PF04612,0,5,0,0,5,2353,0.0,1.0,0,0,5,0,0,5,2353,0.0,1.0,0,0
PF11919,PF16507,17,20,17,0,3,2338,0.85,1.0,1.0,0.92,20,17,0,3,2338,0.85,1.0,1.0,0.92
PF15677,PF15119,2,4,0,2,4,2352,0.0,1.0,0.0,-0.0,4,0,2,4,2352,0.0,1.0,0.0,-0.0
PF07260,PF07223,3,1,0,3,1,2354,0.0,1.0,0.0,-0.0,1,0,3,1,2354,0.0,1.0,0.0,-0.0
PF04526,PF03188,8,66,5,3,61,2289,0.08,0.97,0.62,0.21,66,5,3,61,2289,0.08,0.97,0.62,0.21
PF15504,PF06890,1,0,0,1,0,2357,0,1.0,0.0,0,0,0,1,0,2357,0,1.0,0.0,0
PF01741,PF17032,4,0,0,4,0,2354,0,1.0,0.0,0,0,0,4,0,2354,0,1.0,0.0,0
PF10650,PF16574,3,3,1,2,2,2353,0.33,1.0,0.33,0.33,3,1,2,2,2353,0.33,1.0,0.33,0.33
PF07160,PF10278,8,10,0,8,10,2340,0.0,0.99,0.0,-0.0,10,0,8,10,2340,0.0,0.99,0.0,-0.0
PF03275,PF05611,1,0,0,1,0,2357,0,1.0,0.0,0,0,0,1,0,2357,0,1.0,0.0,0
PF11907,PF13089,1,1,1,0,0,2357,1.0,1.0,1.0,1.0,1,1,0,0,2357,1.0,1.0,1.0,1.0
PF09066,PF14796,14,17,4,10,13,2331,0.24,0.99,0.29,0.25,17,4,10,13,2331,0.24,0.99,0.29,0.25
PF09676,PF00994,0,58,0,0,58,2300,0.0,0.98,0,0,58,0,0,58,2300,0.0,0.98,0,0
PF08888,PF15212,0,0,0,0,0,2358,0,1.0,0,0,0,0,0,0,2358,0,1.0,0,0
PF00985,PF12782,1,0,0,1,0,2357,0,1.0,0.0,0,0,0,1,0,2357,0,1.0,0.0,0
PF01918,PF02704,28,10,3,25,7,2323,0.3,0.99,0.11,0.17,10,3,25,7,2323,0.3,0.99,0.11,0.17
PF09367,PF17085,1,1,0,1,1,2356,0.0,1.0,0.0,-0.0,1,0,1,1,2356,0.0,1.0,0.0,-0.0
PF13676,PF16095,45,39,22,23,17,2296,0.56,0.98,0.49,0.52,39,22,23,17,2296,0.56,0.98,0.49,0.52
PF10660,PF09360,3,31,3,0,28,2327,0.1,0.99,1.0,0.31,31,3,0,28,2327,0.1,0.99,1.0,0.31
PF01509,PF01472,41,29,12,29,17,2300,0.41,0.98,0.29,0.34,29,12,29,17,2300,0.41,0.98,0.29,0.34
PF05253,PF05206,30,22,14,16,8,2320,0.64,0.99,0.47,0.54,22,14,16,8,2320,0.64,0.99,0.47,0.54
PF15131,PF09699,0,0,0,0,0,2358,0,1.0,0,0,0,0,0,0,2358,0,1.0,0,0
PF11029,PF15071,5,0,0,5,0,2353,0,1.0,0.0,0,0,0,5,0,2353,0,1.0,0.0,0
PF15316,PF12328,3,8,0,3,8,2347,0.0,1.0,0.0,-0.0,8,0,3,8,2347,0.0,1.0,0.0,-0.0
PF14710,PF02613,3,2,2,1,0,2355,1.0,1.0,0.67,0.82,2,2,1,0,2355,1.0,1.0,0.67,0.82
PF01929,PF01777,34,31,12,22,19,2305,0.39,0.98,0.35,0.36,31,12,22,19,2305,0.39,0.98,0.35,0.36
PF13839,PF14416,43,29,29,14,0,2315,1.0,0.99,0.67,0.82,29,29,14,0,2315,1.0,0.99,0.67,0.82
PF04042,PF00429,47,10,2,45,8,2303,0.2,0.98,0.04,0.08,10,2,45,8,2303,0.2,0.98,0.04,0.08
PF07399,PF10694,4,4,2,2,2,2352,0.5,1.0,0.5,0.5,4,2,2,2,2352,0.5,1.0,0.5,0.5
PF02507,PF02531,3,6,3,0,3,2352,0.5,1.0,1.0,0.71,6,3,0,3,2352,0.5,1.0,1.0,0.71
PF03976,PF15817,0,5,0,0,5,2353,0.0,1.0,0,0,5,0,0,5,2353,0.0,1.0,0,0
PF02234,PF08209,18,22,2,16,20,2320,0.09,0.98,0.11,0.09,22,2,16,20,2320,0.09,0.98,0.11,0.09
PF00908,PF02397,9,2,2,7,0,2349,1.0,1.0,0.22,0.47,2,2,7,0,2349,1.0,1.0,0.22,0.47
PF08239,PF08005,15,9,5,10,4,2339,0.56,0.99,0.33,0.43,9,5,10,4,2339,0.56,0.99,0.33,0.43
PF08828,PF15791,3,5,2,1,3,2352,0.4,1.0,0.67,0.52,5,2,1,3,2352,0.4,1.0,0.67,0.52
PF11975,PF02056,15,15,15,0,0,2343,1.0,1.0,1.0,1.0,15,15,0,0,2343,1.0,1.0,1.0,1.0
PF02132,PF08275,3,6,1,2,5,2350,0.17,1.0,0.33,0.23,6,1,2,5,2350,0.17,1.0,0.33,0.23
PF01062,PF03619,46,42,13,33,29,2283,0.31,0.97,0.28,0.28,42,13,33,29,2283,0.31,0.97,0.28,0.28
PF15054,PF10868,14,2,0,14,2,2342,0.0,0.99,0.0,-0.0,2,0,14,2,2342,0.0,0.99,0.0,-0.0
PF00713,PF03812,1,4,0,1,4,2353,0.0,1.0,0.0,-0.0,4,0,1,4,2353,0.0,1.0,0.0,-0.0
PF05592,PF08531,35,22,22,13,0,2323,1.0,0.99,0.63,0.79,22,22,13,0,2323,1.0,0.99,0.63,0.79
PF02917,PF09109,5,0,0,5,0,2353,0,1.0,0.0,0,0,0,5,0,2353,0,1.0,0.0,0
PF16512,PF01846,6,37,6,0,31,2321,0.16,0.99,1.0,0.4,37,6,0,31,2321,0.16,0.99,1.0,0.4
PF14329,PF05119,0,0,0,0,0,2358,0,1.0,0,0,0,0,0,0,2358,0,1.0,0,0
PF04939,PF08316,20,13,1,19,12,2326,0.08,0.99,0.05,0.06,13,1,19,12,2326,0.08,0.99,0.05,0.06
PF07261,PF15771,0,0,0,0,0,2358,0,1.0,0,0,0,0,0,0,2358,0,1.0,0,0
PF08106,PF06684,2,0,0,2,0,2356,0,1.0,0.0,0,0,0,2,0,2356,0,1.0,0.0,0
PF16164,PF05587,2,11,1,1,10,2346,0.09,1.0,0.5,0.21,11,1,1,10,2346,0.09,1.0,0.5,0.21
PF03739,PF17193,10,0,0,10,0,2348,0,1.0,0.0,0,0,0,10,0,2348,0,1.0,0.0,0
PF02423,PF03619,9,42,4,5,38,2311,0.1,0.98,0.44,0.2,42,4,5,38,2311,0.1,0.98,0.44,0.2
PF03858,PF16954,0,5,0,0,5,2353,0.0,1.0,0,0,5,0,0,5,2353,0.0,1.0,0,0
PF01416,PF08524,44,11,7,37,4,2310,0.64,0.98,0.16,0.31,11,7,37,4,2310,0.64,0.98,0.16,0.31
PF16672,PF14645,19,9,3,16,6,2333,0.33,0.99,0.16,0.23,9,3,16,6,2333,0.33,0.99,0.16,0.23
PF01404,PF14575,14,11,10,4,1,2343,0.91,1.0,0.71,0.8,11,10,4,1,2343,0.91,1.0,0.71,0.8
PF05007,PF04790,23,11,7,16,4,2331,0.64,0.99,0.3,0.44,11,7,16,4,2331,0.64,0.99,0.3,0.44
PF15842,PF15097,2,1,0,2,1,2355,0.0,1.0,0.0,-0.0,1,0,2,1,2355,0.0,1.0,0.0,-0.0
PF06187,PF08846,0,0,0,0,0,2358,0,1.0,0,0,0,0,0,0,2358,0,1.0,0,0
PF16220,PF04546,12,6,5,7,1,2345,0.83,1.0,0.42,0.59,6,5,7,1,2345,0.83,1.0,0.42,0.59
PF16565,PF12002,2,27,0,2,27,2329,0.0,0.99,0.0,-0.0,27,0,2,27,2329,0.0,0.99,0.0,-0.0
PF17128,PF16967,1,0,0,1,0,2357,0,1.0,0.0,0,0,0,1,0,2357,0,1.0,0.0,0
PF00174,PF03404,34,34,34,0,0,2324,1.0,1.0,1.0,1.0,34,34,0,0,2324,1.0,1.0,1.0,1.0
PF12764,PF13876,7,1,0,7,1,2350,0.0,1.0,0.0,-0.0,1,0,7,1,2350,0.0,1.0,0.0,-0.0
PF08292,PF03876,11,29,11,0,18,2329,0.38,0.99,1.0,0.61,29,11,0,18,2329,0.38,0.99,1.0,0.61
PF11952,PF13821,7,14,5,2,9,2342,0.36,1.0,0.71,0.5,14,5,2,9,2342,0.36,1.0,0.71,0.5
PF03866,PF13089,0,1,0,0,1,2357,0.0,1.0,0,0,1,0,0,1,2357,0.0,1.0,0,0
PF01537,PF17007,1,0,0,1,0,2357,0,1.0,0.0,0,0,0,1,0,2357,0,1.0,0.0,0
PF10615,PF10590,10,15,3,7,12,2336,0.2,0.99,0.3,0.24,15,3,7,12,2336,0.2,0.99,0.3,0.24
PF10996,PF16661,59,52,48,11,4,2295,0.92,0.99,0.81,0.86,52,48,11,4,2295,0.92,0.99,0.81,0.86
PF13406,PF07409,2,0,0,2,0,2356,0,1.0,0.0,0,0,0,2,0,2356,0,1.0,0.0,0
PF03130,PF10508,2,14,1,1,13,2343,0.07,0.99,0.5,0.19,14,1,1,13,2343,0.07,0.99,0.5,0.19
PF17100,PF15512,35,2,1,34,1,2322,0.5,0.99,0.03,0.12,2,1,34,1,2322,0.5,0.99,0.03,0.12
PF00136,PF03104,60,59,57,3,2,2296,0.97,1.0,0.95,0.96,59,57,3,2,2296,0.97,1.0,0.95,0.96
PF06121,PF06482,4,10,4,0,6,2348,0.4,1.0,1.0,0.63,10,4,0,6,2348,0.4,1.0,1.0,0.63
PF07202,PF10377,11,8,2,9,6,2341,0.25,0.99,0.18,0.21,8,2,9,6,2341,0.25,0.99,0.18,0.21
PF03528,PF09311,6,7,6,0,1,2351,0.86,1.0,1.0,0.93,7,6,0,1,2351,0.86,1.0,1.0,0.93
PF00969,PF00993,10,4,4,6,0,2348,1.0,1.0,0.4,0.63,4,4,6,0,2348,1.0,1.0,0.4,0.63
PF09432,PF10279,3,0,0,3,0,2355,0,1.0,0.0,0,0,0,3,0,2355,0,1.0,0.0,0
PF15751,PF02955,1,7,0,1,7,2350,0.0,1.0,0.0,-0.0,7,0,1,7,2350,0.0,1.0,0.0,-0.0
PF09322,PF15082,0,3,0,0,3,2355,0.0,1.0,0,0,3,0,0,3,2355,0.0,1.0,0,0
PF14533,PF12436,17,23,17,0,6,2335,0.74,1.0,1.0,0.86,23,17,0,6,2335,0.74,1.0,1.0,0.86
PF13681,PF08950,0,0,0,0,0,2358,0,1.0,0,0,0,0,0,0,2358,0,1.0,0,0
PF15828,PF03745,3,0,0,3,0,2355,0,1.0,0.0,0,0,0,3,0,2355,0,1.0,0.0,0
PF06100,PF14519,3,0,0,3,0,2355,0,1.0,0.0,0,0,0,3,0,2355,0,1.0,0.0,0
PF04003,PF08149,28,21,3,25,18,2312,0.14,0.98,0.11,0.11,21,3,25,18,2312,0.14,0.98,0.11,0.11
PF01202,PF01761,21,24,18,3,6,2331,0.75,1.0,0.86,0.8,24,18,3,6,2331,0.75,1.0,0.86,0.8
PF00486,PF00196,19,16,9,10,7,2332,0.56,0.99,0.47,0.51,16,9,10,7,2332,0.56,0.99,0.47,0.51
PF01793,PF11807,32,23,7,25,16,2310,0.3,0.98,0.22,0.25,23,7,25,16,2310,0.3,0.98,0.22,0.25
PF01289,PF07157,2,0,0,2,0,2356,0,1.0,0.0,0,0,0,2,0,2356,0,1.0,0.0,0
PF06242,PF00580,8,32,6,2,26,2324,0.19,0.99,0.75,0.37,32,6,2,26,2324,0.19,0.99,0.75,0.37
PF17053,PF17049,1,2,0,1,2,2355,0.0,1.0,0.0,-0.0,2,0,1,2,2355,0.0,1.0,0.0,-0.0
PF04012,PF10868,0,2,0,0,2,2356,0.0,1.0,0,0,2,0,0,2,2356,0.0,1.0,0,0
PF00612,PF10580,133,2,2,131,0,2225,1.0,0.94,0.02,0.12,2,2,131,0,2225,1.0,0.94,0.02,0.12
PF04063,PF04064,8,7,7,1,0,2350,1.0,1.0,0.88,0.94,7,7,1,0,2350,1.0,1.0,0.88,0.94
PF07312,PF09614,0,0,0,0,0,2358,0,1.0,0,0,0,0,0,0,2358,0,1.0,0,0
PF02291,PF00473,12,8,2,10,6,2340,0.25,0.99,0.17,0.2,8,2,10,6,2340,0.25,0.99,0.17,0.2
PF07140,PF09294,3,5,2,1,3,2352,0.4,1.0,0.67,0.52,5,2,1,3,2352,0.4,1.0,0.67,0.52
PF04578,PF13968,31,35,29,2,6,2321,0.83,1.0,0.94,0.88,35,29,2,6,2321,0.83,1.0,0.94,0.88
PF07757,PF04516,16,16,5,11,11,2331,0.31,0.99,0.31,0.31,16,5,11,11,2331,0.31,0.99,0.31,0.31
PF03856,PF00473,15,8,3,12,5,2338,0.38,0.99,0.2,0.27,8,3,12,5,2338,0.38,0.99,0.2,0.27
PF08704,PF05871,15,24,5,10,19,2324,0.21,0.99,0.33,0.26,24,5,10,19,2324,0.21,0.99,0.33,0.26
PF10705,PF10868,0,2,0,0,2,2356,0.0,1.0,0,0,2,0,0,2,2356,0.0,1.0,0,0
PF14221,PF02212,0,68,0,0,68,2290,0.0,0.97,0,0,68,0,0,68,2290,0.0,0.97,0,0
PF00527,PF15602,3,0,0,3,0,2355,0,1.0,0.0,0,0,0,3,0,2355,0,1.0,0.0,0
PF15845,PF15483,0,3,0,0,3,2355,0.0,1.0,0,0,3,0,0,3,2355,0.0,1.0,0,0
PF11605,PF16988,10,6,6,4,0,2348,1.0,1.0,0.6,0.77,6,6,4,0,2348,1.0,1.0,0.6,0.77
PF09252,PF15085,1,2,0,1,2,2355,0.0,1.0,0.0,-0.0,2,0,1,2,2355,0.0,1.0,0.0,-0.0
PF01558,PF17147,9,11,9,0,2,2347,0.82,1.0,1.0,0.9,11,9,0,2,2347,0.82,1.0,1.0,0.9
PF17107,PF17100,42,35,17,25,18,2298,0.49,0.98,0.4,0.43,35,17,25,18,2298,0.49,0.98,0.4,0.43
PF13085,PF06159,35,5,1,34,4,2319,0.2,0.98,0.03,0.07,5,1,34,4,2319,0.2,0.98,0.03,0.07
PF08641,PF09631,8,16,5,3,11,2339,0.31,0.99,0.62,0.44,16,5,3,11,2339,0.31,0.99,0.62,0.44
PF16891,PF04152,26,28,9,17,19,2313,0.32,0.98,0.35,0.33,28,9,17,19,2313,0.32,0.98,0.35,0.33
PF03165,PF00859,25,6,6,19,0,2333,1.0,0.99,0.24,0.49,6,6,19,0,2333,1.0,0.99,0.24,0.49
PF14649,PF04048,7,25,1,6,24,2327,0.04,0.99,0.14,0.07,25,1,6,24,2327,0.04,0.99,0.14,0.07
PF14363,PF14629,19,15,3,16,12,2327,0.2,0.99,0.16,0.17,15,3,16,12,2327,0.2,0.99,0.16,0.17
PF03398,PF14075,43,4,2,41,2,2313,0.5,0.98,0.05,0.15,4,2,41,2,2313,0.5,0.98,0.05,0.15
PF07199,PF15337,0,12,0,0,12,2346,0.0,0.99,0,0,12,0,0,12,2346,0.0,0.99,0,0
PF14936,PF08591,0,1,0,0,1,2357,0.0,1.0,0,0,1,0,0,1,2357,0.0,1.0,0,0
PF04284,PF12209,0,0,0,0,0,2358,0,1.0,0,0,0,0,0,0,2358,0,1.0,0,0
PF14821,PF00290,17,14,1,16,13,2328,0.07,0.99,0.06,0.06,14,1,16,13,2328,0.07,0.99,0.06,0.06
PF03666,PF16019,16,2,0,16,2,2340,0.0,0.99,0.0,-0.0,2,0,16,2,2340,0.0,0.99,0.0,-0.0
PF07561,PF08508,4,3,0,4,3,2351,0.0,1.0,0.0,-0.0,3,0,4,3,2351,0.0,1.0,0.0,-0.0
PF10260,PF01599,3,15,1,2,14,2341,0.07,0.99,0.33,0.15,15,1,2,14,2341,0.07,0.99,0.33,0.15
PF15275,PF16043,9,3,0,9,3,2346,0.0,0.99,0.0,-0.0,3,0,9,3,2346,0.0,0.99,0.0,-0.0
PF04558,PF04557,22,20,20,2,0,2336,1.0,1.0,0.91,0.95,20,20,2,0,2336,1.0,1.0,0.91,0.95
PF16901,PF16350,19,26,5,14,21,2318,0.19,0.99,0.26,0.22,26,5,14,21,2318,0.19,0.99,0.26,0.22
PF03162,PF07896,9,10,4,5,6,2343,0.4,1.0,0.44,0.42,10,4,5,6,2343,0.4,1.0,0.44,0.42
PF05116,PF08472,21,3,2,19,1,2336,0.67,0.99,0.1,0.25,3,2,19,1,2336,0.67,0.99,0.1,0.25
PF12412,PF05167,0,2,0,0,2,2356,0.0,1.0,0,0,2,0,0,2,2356,0.0,1.0,0,0
PF00106,PF15011,332,4,4,328,0,2026,1.0,0.86,0.01,0.1,4,4,328,0,2026,1.0,0.86,0.01,0.1
PF08479,PF01514,1,3,0,1,3,2354,0.0,1.0,0.0,-0.0,3,0,1,3,2354,0.0,1.0,0.0,-0.0
PF14678,PF14674,10,0,0,10,0,2348,0,1.0,0.0,0,0,0,10,0,2348,0,1.0,0.0,0
PF05701,PF09730,13,12,2,11,10,2335,0.17,0.99,0.15,0.16,12,2,11,10,2335,0.17,0.99,0.15,0.16
PF15713,PF03203,2,0,0,2,0,2356,0,1.0,0.0,0,0,0,2,0,2356,0,1.0,0.0,0
PF05340,PF03219,3,10,0,3,10,2345,0.0,0.99,0.0,-0.0,10,0,3,10,2345,0.0,0.99,0.0,-0.0
PF14814,PF06798,0,0,0,0,0,2358,0,1.0,0,0,0,0,0,0,2358,0,1.0,0,0
PF09732,PF09368,19,7,2,17,5,2334,0.29,0.99,0.11,0.17,7,2,17,5,2334,0.29,0.99,0.11,0.17
PF14680,PF14676,2,2,2,0,0,2356,1.0,1.0,1.0,1.0,2,2,0,0,2356,1.0,1.0,1.0,1.0
PF03807,PF14748,23,11,10,13,1,2334,0.91,0.99,0.43,0.63,11,10,13,1,2334,0.91,0.99,0.43,0.63
PF11116,PF05202,1,1,0,1,1,2356,0.0,1.0,0.0,-0.0,1,0,1,1,2356,0.0,1.0,0.0,-0.0
PF15064,PF05111,9,2,0,9,2,2347,0.0,1.0,0.0,-0.0,2,0,9,2,2347,0.0,1.0,0.0,-0.0
PF10310,PF10775,3,2,0,3,2,2353,0.0,1.0,0.0,-0.0,2,0,3,2,2353,0.0,1.0,0.0,-0.0
PF04724,PF07816,12,0,0,12,0,2346,0,0.99,0.0,0,0,0,12,0,2346,0,0.99,0.0,0
PF02199,PF03489,6,16,2,4,14,2338,0.12,0.99,0.33,0.2,16,2,4,14,2338,0.12,0.99,0.33,0.2
PF12228,PF03241,0,0,0,0,0,2358,0,1.0,0,0,0,0,0,0,2358,0,1.0,0,0
PF01623,PF16850,3,2,1,2,1,2354,0.5,1.0,0.33,0.41,2,1,2,1,2354,0.5,1.0,0.33,0.41
PF08789,PF11515,0,16,0,0,16,2342,0.0,0.99,0,0,16,0,0,16,2342,0.0,0.99,0,0
PF14077,PF15512,5,2,1,4,1,2352,0.5,1.0,0.2,0.32,2,1,4,1,2352,0.5,1.0,0.2,0.32
PF13902,PF12752,15,24,4,11,20,2323,0.17,0.99,0.27,0.2,24,4,11,20,2323,0.17,0.99,0.27,0.2
PF04828,PF02515,38,59,19,19,40,2280,0.32,0.97,0.5,0.39,59,19,19,40,2280,0.32,0.97,0.5,0.39
PF16006,PF16171,6,0,0,6,0,2352,0,1.0,0.0,0,0,0,6,0,2352,0,1.0,0.0,0
PF10589,PF10531,11,27,8,3,19,2328,0.3,0.99,0.73,0.46,27,8,3,19,2328,0.3,0.99,0.73,0.46
PF02737,PF00725,46,44,44,2,0,2312,1.0,1.0,0.96,0.98,44,44,2,0,2312,1.0,1.0,0.96,0.98
PF09749,PF06658,19,4,3,16,1,2338,0.75,0.99,0.16,0.34,4,3,16,1,2338,0.75,0.99,0.16,0.34
PF02276,PF15220,5,3,0,5,3,2350,0.0,1.0,0.0,-0.0,3,0,5,3,2350,0.0,1.0,0.0,-0.0
PF14893,PF16297,10,4,3,7,1,2347,0.75,1.0,0.3,0.47,4,3,7,1,2347,0.75,1.0,0.3,0.47
PF06222,PF09722,0,0,0,0,0,2358,0,1.0,0,0,0,0,0,0,2358,0,1.0,0,0
PF17187,PF08622,4,4,4,0,0,2354,1.0,1.0,1.0,1.0,4,4,0,0,2354,1.0,1.0,1.0,1.0
PF02278,PF02884,4,3,3,1,0,2354,1.0,1.0,0.75,0.87,3,3,1,0,2354,1.0,1.0,0.75,0.87
PF13675,PF12729,3,3,3,0,0,2355,1.0,1.0,1.0,1.0,3,3,0,0,2355,1.0,1.0,1.0,1.0
PF04765,PF03195,22,15,5,17,10,2326,0.33,0.99,0.23,0.27,15,5,17,10,2326,0.33,0.99,0.23,0.27
PF10070,PF01936,0,17,0,0,17,2341,0.0,0.99,0,0,17,0,0,17,2341,0.0,0.99,0,0
PF08418,PF12213,11,10,3,8,7,2340,0.3,0.99,0.27,0.28,10,3,8,7,2340,0.3,0.99,0.27,0.28
PF05938,PF04520,14,0,0,14,0,2344,0,0.99,0.0,0,0,0,14,0,2344,0,0.99,0.0,0
PF14840,PF06144,8,11,8,0,3,2347,0.73,1.0,1.0,0.85,11,8,0,3,2347,0.73,1.0,1.0,0.85
PF01512,PF10531,17,27,13,4,14,2327,0.48,0.99,0.76,0.6,27,13,4,14,2327,0.48,0.99,0.76,0.6
PF00274,PF05617,26,4,0,26,4,2328,0.0,0.99,0.0,-0.0,4,0,26,4,2328,0.0,0.99,0.0,-0.0
PF14444,PF08729,5,8,1,4,7,2346,0.12,1.0,0.2,0.16,8,1,4,7,2346,0.12,1.0,0.2,0.16
PF00619,PF12061,54,3,1,53,2,2302,0.33,0.98,0.02,0.07,3,1,53,2,2302,0.33,0.98,0.02,0.07
PF07562,PF01547,28,36,10,18,26,2304,0.28,0.98,0.36,0.31,36,10,18,26,2304,0.28,0.98,0.36,0.31
PF09490,PF15817,0,5,0,0,5,2353,0.0,1.0,0,0,5,0,0,5,2353,0.0,1.0,0,0
PF05029,PF12166,12,14,1,11,13,2333,0.07,0.99,0.08,0.07,14,1,11,13,2333,0.07,0.99,0.08,0.07
PF06888,PF01937,5,32,4,1,28,2325,0.12,0.99,0.8,0.31,32,4,1,28,2325,0.12,0.99,0.8,0.31
PF08488,PF14380,8,16,5,3,11,2339,0.31,0.99,0.62,0.44,16,5,3,11,2339,0.31,0.99,0.62,0.44
PF16768,PF16769,2,1,1,1,0,2356,1.0,1.0,0.5,0.71,1,1,1,0,2356,1.0,1.0,0.5,0.71
PF06357,PF09904,4,0,0,4,0,2354,0,1.0,0.0,0,0,0,4,0,2354,0,1.0,0.0,0
PF02730,PF07411,5,0,0,5,0,2353,0,1.0,0.0,0,0,0,5,0,2353,0,1.0,0.0,0
PF01161,PF15430,55,15,5,50,10,2293,0.33,0.97,0.09,0.16,15,5,50,10,2293,0.33,0.97,0.09,0.16
PF00624,PF10528,1,5,1,0,4,2353,0.2,1.0,1.0,0.45,5,1,0,4,2353,0.2,1.0,1.0,0.45
PF04191,PF03388,9,33,4,5,29,2320,0.12,0.99,0.44,0.23,33,4,5,29,2320,0.12,0.99,0.44,0.23
PF17111,PF15898,29,3,0,29,3,2326,0.0,0.99,0.0,-0.0,3,0,29,3,2326,0.0,0.99,0.0,-0.0
PF02928,PF02375,19,38,19,0,19,2320,0.5,0.99,1.0,0.7,38,19,0,19,2320,0.5,0.99,1.0,0.7
PF02377,PF12316,6,11,5,1,6,2346,0.45,1.0,0.83,0.61,11,5,1,6,2346,0.45,1.0,0.83,0.61
PF16217,PF13722,0,2,0,0,2,2356,0.0,1.0,0,0,2,0,0,2,2356,0.0,1.0,0,0
PF15465,PF15775,2,0,0,2,0,2356,0,1.0,0.0,0,0,0,2,0,2356,0,1.0,0.0,0
PF05199,PF00732,110,101,97,13,4,2244,0.96,0.99,0.88,0.92,101,97,13,4,2244,0.96,0.99,0.88,0.92
PF12515,PF12409,11,26,6,5,20,2327,0.23,0.99,0.55,0.35,26,6,5,20,2327,0.23,0.99,0.55,0.35
PF12615,PF05939,0,0,0,0,0,2358,0,1.0,0,0,0,0,0,0,2358,0,1.0,0,0
PF10333,PF09428,0,4,0,0,4,2354,0.0,1.0,0,0,4,0,0,4,2354,0.0,1.0,0,0
PF00949,PF00972,8,8,8,0,0,2350,1.0,1.0,1.0,1.0,8,8,0,0,2350,1.0,1.0,1.0,1.0
PF05287,PF01500,1,2,1,0,1,2356,0.5,1.0,1.0,0.71,2,1,0,1,2356,0.5,1.0,1.0,0.71
PF15001,PF15312,7,0,0,7,0,2351,0,1.0,0.0,0,0,0,7,0,2351,0,1.0,0.0,0
PF01099,PF06373,1,7,0,1,7,2350,0.0,1.0,0.0,-0.0,7,0,1,7,2350,0.0,1.0,0.0,-0.0
PF14085,PF16953,0,27,0,0,27,2331,0.0,0.99,0,0,27,0,0,27,2331,0.0,0.99,0,0
PF06060,PF14674,4,0,0,4,0,2354,0,1.0,0.0,0,0,0,4,0,2354,0,1.0,0.0,0
PF07335,PF06912,1,7,0,1,7,2350,0.0,1.0,0.0,-0.0,7,0,1,7,2350,0.0,1.0,0.0,-0.0
PF02919,PF14370,15,12,12,3,0,2343,1.0,1.0,0.8,0.89,12,12,3,0,2343,1.0,1.0,0.8,0.89
PF02013,PF02156,7,10,4,3,6,2345,0.4,1.0,0.57,0.48,10,4,3,6,2345,0.4,1.0,0.57,0.48
PF11788,PF15916,30,4,3,27,1,2327,0.75,0.99,0.1,0.27,4,3,27,1,2327,0.75,0.99,0.1,0.27
PF05499,PF05129,14,23,3,11,20,2324,0.13,0.99,0.21,0.16,23,3,11,20,2324,0.13,0.99,0.21,0.16
PF07954,PF05448,3,5,0,3,5,2350,0.0,1.0,0.0,-0.0,5,0,3,5,2350,0.0,1.0,0.0,-0.0
PF11034,PF04355,8,3,0,8,3,2347,0.0,1.0,0.0,-0.0,3,0,8,3,2347,0.0,1.0,0.0,-0.0
PF08737,PF12735,11,3,0,11,3,2344,0.0,0.99,0.0,-0.0,3,0,11,3,2344,0.0,0.99,0.0,-0.0
PF12351,PF09056,9,8,0,9,8,2341,0.0,0.99,0.0,-0.0,8,0,9,8,2341,0.0,0.99,0.0,-0.0
PF16233,PF16899,0,24,0,0,24,2334,0.0,0.99,0,0,24,0,0,24,2334,0.0,0.99,0,0
PF12898,PF14216,0,2,0,0,2,2356,0.0,1.0,0,0,2,0,0,2,2356,0.0,1.0,0,0
PF16326,PF01032,6,8,2,4,6,2346,0.25,1.0,0.33,0.29,8,2,4,6,2346,0.25,1.0,0.33,0.29
PF10950,PF01114,0,4,0,0,4,2354,0.0,1.0,0,0,4,0,0,4,2354,0.0,1.0,0,0
PF11960,PF08557,6,12,2,4,10,2342,0.17,0.99,0.33,0.23,12,2,4,10,2342,0.17,0.99,0.33,0.23
PF15760,PF04691,0,6,0,0,6,2352,0.0,1.0,0,0,6,0,0,6,2352,0.0,1.0,0,0
PF02977,PF15556,0,2,0,0,2,2356,0.0,1.0,0,0,2,0,0,2,2356,0.0,1.0,0,0
PF00549,PF08442,45,25,23,22,2,2311,0.92,0.99,0.51,0.68,25,23,22,2,2311,0.92,0.99,0.51,0.68
PF05228,PF16697,3,4,0,3,4,2351,0.0,1.0,0.0,-0.0,4,0,3,4,2351,0.0,1.0,0.0,-0.0
PF00373,PF09379,102,84,78,24,6,2250,0.93,0.99,0.76,0.84,84,78,24,6,2250,0.93,0.99,0.76,0.84
PF02702,PF10412,5,0,0,5,0,2353,0,1.0,0.0,0,0,0,5,0,2353,0,1.0,0.0,0
PF13569,PF07560,0,1,0,0,1,2357,0.0,1.0,0,0,1,0,0,1,2357,0.0,1.0,0,0
PF10229,PF15008,23,1,1,22,0,2335,1.0,0.99,0.04,0.21,1,1,22,0,2335,1.0,0.99,0.04,0.21
PF02451,PF07326,0,0,0,0,0,2358,0,1.0,0,0,0,0,0,0,2358,0,1.0,0,0
PF01035,PF01910,29,4,1,28,3,2326,0.25,0.99,0.03,0.09,4,1,28,3,2326,0.25,0.99,0.03,0.09
PF03414,PF06951,12,18,4,8,14,2332,0.22,0.99,0.33,0.27,18,4,8,14,2332,0.22,0.99,0.33,0.27
PF01804,PF17084,3,0,0,3,0,2355,0,1.0,0.0,0,0,0,3,0,2355,0,1.0,0.0,0
PF05622,PF04388,31,11,5,26,6,2321,0.45,0.99,0.16,0.27,11,5,26,6,2321,0.45,0.99,0.16,0.27
PF05514,PF09781,2,4,1,1,3,2353,0.25,1.0,0.5,0.35,4,1,1,3,2353,0.25,1.0,0.5,0.35
PF03765,PF13897,47,16,11,36,5,2306,0.69,0.98,0.23,0.39,16,11,36,5,2306,0.69,0.98,0.23,0.39
PF14653,PF06875,0,0,0,0,0,2358,0,1.0,0,0,0,0,0,0,2358,0,1.0,0,0
PF04265,PF04263,23,35,22,1,13,2322,0.63,0.99,0.96,0.77,35,22,1,13,2322,0.63,0.99,0.96,0.77
PF07057,PF08291,5,0,0,5,0,2353,0,1.0,0.0,0,0,0,5,0,2353,0,1.0,0.0,0
PF07836,PF13809,3,0,0,3,0,2355,0,1.0,0.0,0,0,0,3,0,2355,0,1.0,0.0,0
PF05623,PF06404,8,3,0,8,3,2347,0.0,1.0,0.0,-0.0,3,0,8,3,2347,0.0,1.0,0.0,-0.0
PF02947,PF15138,9,8,2,7,6,2343,0.25,0.99,0.22,0.23,8,2,7,6,2343,0.25,0.99,0.22,0.23
PF06083,PF01632,5,10,0,5,10,2343,0.0,0.99,0.0,-0.0,10,0,5,10,2343,0.0,0.99,0.0,-0.0
PF01151,PF00048,24,23,7,17,16,2318,0.3,0.99,0.29,0.29,23,7,17,16,2318,0.3,0.99,0.29,0.29
PF01740,PF00916,69,75,62,7,13,2276,0.83,0.99,0.9,0.86,75,62,7,13,2276,0.83,0.99,0.9,0.86
PF05912,PF04402,7,10,2,5,8,2343,0.2,0.99,0.29,0.24,10,2,5,8,2343,0.2,0.99,0.29,0.24
PF12742,PF07919,6,9,5,1,4,2348,0.56,1.0,0.83,0.68,9,5,1,4,2348,0.56,1.0,0.83,0.68
PF08121,PF07277,2,0,0,2,0,2356,0,1.0,0.0,0,0,0,2,0,2356,0,1.0,0.0,0
PF03155,PF04493,37,12,5,32,7,2314,0.42,0.98,0.14,0.23,12,5,32,7,2314,0.42,0.98,0.14,0.23
PF04129,PF14800,43,6,3,40,3,2312,0.5,0.98,0.07,0.18,6,3,40,3,2312,0.5,0.98,0.07,0.18
PF14107,PF11291,0,0,0,0,0,2358,0,1.0,0,0,0,0,0,0,2358,0,1.0,0,0
PF08771,PF11865,24,21,19,5,2,2332,0.9,1.0,0.79,0.84,21,19,5,2,2332,0.9,1.0,0.79,0.84
PF16363,PF04321,61,27,16,45,11,2286,0.59,0.98,0.26,0.38,27,16,45,11,2286,0.59,0.98,0.26,0.38
PF02494,PF07699,39,40,24,15,16,2303,0.6,0.99,0.62,0.6,40,24,15,16,2303,0.6,0.99,0.62,0.6
PF09380,PF09379,67,84,63,4,21,2270,0.75,0.99,0.94,0.83,84,63,4,21,2270,0.75,0.99,0.94,0.83
PF10815,PF06751,0,2,0,0,2,2356,0.0,1.0,0,0,2,0,0,2,2356,0.0,1.0,0,0
PF00751,PF08828,19,3,2,17,1,2338,0.67,0.99,0.11,0.26,3,2,17,1,2338,0.67,0.99,0.11,0.26
PF15848,PF03238,0,0,0,0,0,2358,0,1.0,0,0,0,0,0,0,2358,0,1.0,0,0
PF07047,PF10280,22,12,0,22,12,2324,0.0,0.99,0.0,-0.01,12,0,22,12,2324,0.0,0.99,0.0,-0.01
PF07214,PF12834,0,0,0,0,0,2358,0,1.0,0,0,0,0,0,0,2358,0,1.0,0,0
PF12178,PF10407,6,0,0,6,0,2352,0,1.0,0.0,0,0,0,6,0,2352,0,1.0,0.0,0
PF06366,PF08997,0,11,0,0,11,2347,0.0,1.0,0,0,11,0,0,11,2347,0.0,1.0,0,0
PF02935,PF14866,14,0,0,14,0,2344,0,0.99,0.0,0,0,0,14,0,2344,0,0.99,0.0,0
PF15556,PF02977,2,0,0,2,0,2356,0,1.0,0.0,0,0,0,2,0,2356,0,1.0,0.0,0
PF02586,PF03479,23,10,2,21,8,2327,0.2,0.99,0.09,0.13,10,2,21,8,2327,0.2,0.99,0.09,0.13
PF08161,PF14952,9,4,0,9,4,2345,0.0,0.99,0.0,-0.0,4,0,9,4,2345,0.0,0.99,0.0,-0.0
PF01041,PF08635,17,5,1,16,4,2337,0.2,0.99,0.06,0.11,5,1,16,4,2337,0.2,0.99,0.06,0.11
PF03982,PF12146,32,88,18,14,70,2256,0.2,0.96,0.56,0.32,88,18,14,70,2256,0.2,0.96,0.56,0.32
PF09597,PF08641,3,8,0,3,8,2347,0.0,1.0,0.0,-0.0,8,0,3,8,2347,0.0,1.0,0.0,-0.0
PF03473,PF03476,26,22,22,4,0,2332,1.0,1.0,0.85,0.92,22,22,4,0,2332,1.0,1.0,0.85,0.92
PF11832,PF04245,0,1,0,0,1,2357,0.0,1.0,0,0,1,0,0,1,2357,0.0,1.0,0,0
PF02176,PF16673,33,6,3,30,3,2322,0.5,0.99,0.09,0.21,6,3,30,3,2322,0.5,0.99,0.09,0.21
PF07931,PF13810,4,5,0,4,5,2349,0.0,1.0,0.0,-0.0,5,0,4,5,2349,0.0,1.0,0.0,-0.0
PF05038,PF11304,5,0,0,5,0,2353,0,1.0,0.0,0,0,0,5,0,2353,0,1.0,0.0,0
PF09085,PF09991,2,0,0,2,0,2356,0,1.0,0.0,0,0,0,2,0,2356,0,1.0,0.0,0
PF00139,PF03822,42,9,5,37,4,2312,0.56,0.98,0.12,0.25,9,5,37,4,2312,0.56,0.98,0.12,0.25
PF16799,PF03521,5,10,4,1,6,2347,0.4,1.0,0.8,0.56,10,4,1,6,2347,0.4,1.0,0.8,0.56
PF14687,PF14688,10,12,10,0,2,2346,0.83,1.0,1.0,0.91,12,10,0,2,2346,0.83,1.0,1.0,0.91
PF09316,PF07988,9,4,4,5,0,2349,1.0,1.0,0.44,0.67,4,4,5,0,2349,1.0,1.0,0.44,0.67
PF12767,PF08652,11,12,2,9,10,2337,0.17,0.99,0.18,0.17,12,2,9,10,2337,0.17,0.99,0.18,0.17
PF03151,PF04230,64,4,1,63,3,2291,0.25,0.97,0.02,0.06,4,1,63,3,2291,0.25,0.97,0.02,0.06
PF07465,PF05797,1,1,0,1,1,2356,0.0,1.0,0.0,-0.0,1,0,1,1,2356,0.0,1.0,0.0,-0.0
PF06728,PF10246,25,17,0,25,17,2316,0.0,0.98,0.0,-0.01,17,0,25,17,2316,0.0,0.98,0.0,-0.01
PF03603,PF06005,4,3,0,4,3,2351,0.0,1.0,0.0,-0.0,3,0,4,3,2351,0.0,1.0,0.0,-0.0
PF07547,PF15774,5,1,0,5,1,2352,0.0,1.0,0.0,-0.0,1,0,5,1,2352,0.0,1.0,0.0,-0.0
PF04799,PF01031,12,86,6,6,80,2266,0.07,0.96,0.5,0.18,86,6,6,80,2266,0.07,0.96,0.5,0.18
PF00156,PF00215,56,48,27,29,21,2281,0.56,0.98,0.48,0.51,48,27,29,21,2281,0.56,0.98,0.48,0.51
PF04472,PF03065,1,2,0,1,2,2355,0.0,1.0,0.0,-0.0,2,0,1,2,2355,0.0,1.0,0.0,-0.0
PF08335,PF03710,4,4,4,0,0,2354,1.0,1.0,1.0,1.0,4,4,0,0,2354,1.0,1.0,1.0,1.0
PF09426,PF13774,2,36,2,0,34,2322,0.06,0.99,1.0,0.23,36,2,0,34,2322,0.06,0.99,1.0,0.23
PF01085,PF01079,17,25,15,2,10,2331,0.6,0.99,0.88,0.73,25,15,2,10,2331,0.6,0.99,0.88,0.73
PF00204,PF00986,33,21,16,17,5,2320,0.76,0.99,0.48,0.6,21,16,17,5,2320,0.76,0.99,0.48,0.6
PF08947,PF12162,3,4,3,0,1,2354,0.75,1.0,1.0,0.87,4,3,0,1,2354,0.75,1.0,1.0,0.87
PF04392,PF01752,2,4,0,2,4,2352,0.0,1.0,0.0,-0.0,4,0,2,4,2352,0.0,1.0,0.0,-0.0
PF07837,PF04961,10,7,7,3,0,2348,1.0,1.0,0.7,0.84,7,7,3,0,2348,1.0,1.0,0.7,0.84
PF11532,PF15861,1,6,1,0,5,2352,0.17,1.0,1.0,0.41,6,1,0,5,2352,0.17,1.0,1.0,0.41
PF16197,PF00698,55,74,55,0,19,2284,0.74,0.99,1.0,0.86,74,55,0,19,2284,0.74,0.99,1.0,0.86
PF09340,PF10248,13,7,1,12,6,2339,0.14,0.99,0.08,0.1,7,1,12,6,2339,0.14,0.99,0.08,0.1
PF01457,PF09992,17,5,1,16,4,2337,0.2,0.99,0.06,0.11,5,1,16,4,2337,0.2,0.99,0.06,0.11
PF15171,PF06351,2,3,0,2,3,2353,0.0,1.0,0.0,-0.0,3,0,2,3,2353,0.0,1.0,0.0,-0.0
PF08580,PF04988,4,8,0,4,8,2346,0.0,0.99,0.0,-0.0,8,0,4,8,2346,0.0,0.99,0.0,-0.0
PF14509,PF03592,0,1,0,0,1,2357,0.0,1.0,0,0,1,0,0,1,2357,0.0,1.0,0,0
PF13918,PF13091,14,48,9,5,39,2305,0.19,0.98,0.64,0.34,48,9,5,39,2305,0.19,0.98,0.64,0.34
PF03243,PF01316,7,5,0,7,5,2346,0.0,0.99,0.0,-0.0,5,0,7,5,2346,0.0,0.99,0.0,-0.0
PF10208,PF05529,12,22,6,6,16,2330,0.27,0.99,0.5,0.37,22,6,6,16,2330,0.27,0.99,0.5,0.37
PF06008,PF06009,8,6,6,2,0,2350,1.0,1.0,0.75,0.87,6,6,2,0,2350,1.0,1.0,0.75,0.87
PF13576,PF08744,1,0,0,1,0,2357,0,1.0,0.0,0,0,0,1,0,2357,0,1.0,0.0,0
PF14946,PF15252,2,0,0,2,0,2356,0,1.0,0.0,0,0,0,2,0,2356,0,1.0,0.0,0
PF02747,PF00705,21,19,17,4,2,2335,0.89,1.0,0.81,0.85,19,17,4,2,2335,0.89,1.0,0.81,0.85
PF15624,PF09441,5,1,0,5,1,2352,0.0,1.0,0.0,-0.0,1,0,5,1,2352,0.0,1.0,0.0,-0.0
PF02055,PF17189,31,25,23,8,2,2325,0.92,1.0,0.74,0.82,25,23,8,2,2325,0.92,1.0,0.74,0.82
PF05522,PF15343,0,0,0,0,0,2358,0,1.0,0,0,0,0,0,0,2358,0,1.0,0,0
PF05241,PF07106,18,11,1,17,10,2330,0.09,0.99,0.06,0.07,11,1,17,10,2330,0.09,0.99,0.06,0.07
PF11136,PF11876,0,0,0,0,0,2358,0,1.0,0,0,0,0,0,0,2358,0,1.0,0,0
PF13962,PF00710,29,26,7,22,19,2310,0.27,0.98,0.24,0.25,26,7,22,19,2310,0.27,0.98,0.24,0.25
PF01253,PF02201,55,52,21,34,31,2272,0.4,0.97,0.38,0.38,52,21,34,31,2272,0.4,0.97,0.38,0.38
PF07051,PF12855,3,5,0,3,5,2350,0.0,1.0,0.0,-0.0,5,0,3,5,2350,0.0,1.0,0.0,-0.0
PF16632,PF16600,1,1,1,0,0,2357,1.0,1.0,1.0,1.0,1,1,0,0,2357,1.0,1.0,1.0,1.0
PF01722,PF04493,32,12,3,29,9,2317,0.25,0.98,0.09,0.15,12,3,29,9,2317,0.25,0.98,0.09,0.15
PF00158,PF02954,20,11,10,10,1,2337,0.91,1.0,0.5,0.67,11,10,10,1,2337,0.91,1.0,0.5,0.67
PF01068,PF04679,42,37,37,5,0,2316,1.0,1.0,0.88,0.94,37,37,5,0,2316,1.0,1.0,0.88,0.94
PF09456,PF06761,8,0,0,8,0,2350,0,1.0,0.0,0,0,0,8,0,2350,0,1.0,0.0,0
PF00568,PF14957,42,10,7,35,3,2313,0.7,0.98,0.17,0.34,10,7,35,3,2313,0.7,0.98,0.17,0.34
PF09326,PF00384,22,36,20,2,16,2320,0.56,0.99,0.91,0.71,36,20,2,16,2320,0.56,0.99,0.91,0.71
PF05947,PF05943,0,0,0,0,0,2358,0,1.0,0,0,0,0,0,0,2358,0,1.0,0,0
PF05034,PF14842,0,0,0,0,0,2358,0,1.0,0,0,0,0,0,0,2358,0,1.0,0,0
PF01039,PF00289,63,67,37,26,30,2265,0.55,0.98,0.59,0.56,67,37,26,30,2265,0.55,0.98,0.59,0.56
PF09400,PF04917,0,2,0,0,2,2356,0.0,1.0,0,0,2,0,0,2,2356,0.0,1.0,0,0
PF05713,PF08808,0,0,0,0,0,2358,0,1.0,0,0,0,0,0,0,2358,0,1.0,0,0
PF04422,PF15805,1,0,0,1,0,2357,0,1.0,0.0,0,0,0,1,0,2357,0,1.0,0.0,0
PF15117,PF08404,0,1,0,0,1,2357,0.0,1.0,0,0,1,0,0,1,2357,0.0,1.0,0,0
PF04934,PF03479,25,10,2,23,8,2325,0.2,0.99,0.08,0.12,10,2,23,8,2325,0.2,0.99,0.08,0.12
PF04004,PF04090,22,3,1,21,2,2334,0.33,0.99,0.05,0.12,3,1,21,2,2334,0.33,0.99,0.05,0.12
PF02184,PF17004,11,13,2,9,11,2336,0.15,0.99,0.18,0.16,13,2,9,11,2336,0.15,0.99,0.18,0.16
PF09859,PF15213,0,0,0,0,0,2358,0,1.0,0,0,0,0,0,0,2358,0,1.0,0,0
PF08487,PF13768,34,53,28,6,25,2299,0.53,0.99,0.82,0.65,53,28,6,25,2299,0.53,0.99,0.82,0.65
PF09014,PF10511,2,2,2,0,0,2356,1.0,1.0,1.0,1.0,2,2,0,0,2356,1.0,1.0,1.0,1.0
PF04947,PF07882,1,3,0,1,3,2354,0.0,1.0,0.0,-0.0,3,0,1,3,2354,0.0,1.0,0.0,-0.0
PF14702,PF06202,8,9,8,0,1,2349,0.89,1.0,1.0,0.94,9,8,0,1,2349,0.89,1.0,1.0,0.94
PF14908,PF13020,8,8,1,7,7,2343,0.12,0.99,0.12,0.12,8,1,7,7,2343,0.12,0.99,0.12,0.12
PF15169,PF03745,0,0,0,0,0,2358,0,1.0,0,0,0,0,0,0,2358,0,1.0,0,0
PF00789,PF04000,62,25,10,52,15,2281,0.4,0.97,0.16,0.24,25,10,52,15,2281,0.4,0.97,0.16,0.24
PF08601,PF12498,7,3,3,4,0,2351,1.0,1.0,0.43,0.65,3,3,4,0,2351,1.0,1.0,0.43,0.65
PF15743,PF10452,0,6,0,0,6,2352,0.0,1.0,0,0,6,0,0,6,2352,0.0,1.0,0,0
PF08944,PF16621,2,2,2,0,0,2356,1.0,1.0,1.0,1.0,2,2,0,0,2356,1.0,1.0,1.0,1.0
PF02665,PF08856,0,0,0,0,0,2358,0,1.0,0,0,0,0,0,0,2358,0,1.0,0,0
PF12948,PF14922,0,5,0,0,5,2353,0.0,1.0,0,0,5,0,0,5,2353,0.0,1.0,0,0
PF05616,PF14634,0,29,0,0,29,2329,0.0,0.99,0,0,29,0,0,29,2329,0.0,0.99,0,0
PF07531,PF08729,24,8,1,23,7,2327,0.12,0.99,0.04,0.07,8,1,23,7,2327,0.12,0.99,0.04,0.07
PF07464,PF09057,3,3,0,3,3,2352,0.0,1.0,0.0,-0.0,3,0,3,3,2352,0.0,1.0,0.0,-0.0
PF09754,PF06127,8,6,1,7,5,2345,0.17,0.99,0.12,0.14,6,1,7,5,2345,0.17,0.99,0.12,0.14
PF14951,PF14950,4,0,0,4,0,2354,0,1.0,0.0,0,0,0,4,0,2354,0,1.0,0.0,0
PF03635,PF02990,22,66,11,11,55,2281,0.17,0.97,0.5,0.28,66,11,11,55,2281,0.17,0.97,0.5,0.28
PF13762,PF08334,2,5,0,2,5,2351,0.0,1.0,0.0,-0.0,5,0,2,5,2351,0.0,1.0,0.0,-0.0
PF06248,PF11989,18,4,4,14,0,2340,1.0,0.99,0.22,0.47,4,4,14,0,2340,1.0,0.99,0.22,0.47
PF02046,PF16053,6,22,1,5,21,2331,0.05,0.99,0.17,0.08,22,1,5,21,2331,0.05,0.99,0.17,0.08
PF05327,PF04006,21,18,2,19,16,2321,0.11,0.99,0.1,0.1,18,2,19,16,2321,0.11,0.99,0.1,0.1
PF03123,PF13876,5,1,0,5,1,2352,0.0,1.0,0.0,-0.0,1,0,5,1,2352,0.0,1.0,0.0,-0.0
PF03352,PF07545,9,3,1,8,2,2347,0.33,1.0,0.11,0.19,3,1,8,2,2347,0.33,1.0,0.11,0.19
PF04403,PF15395,4,0,0,4,0,2354,0,1.0,0.0,0,0,0,4,0,2354,0,1.0,0.0,0
PF05766,PF07022,0,3,0,0,3,2355,0.0,1.0,0,0,3,0,0,3,2355,0.0,1.0,0,0
PF12584,PF12742,20,6,1,19,5,2333,0.17,0.99,0.05,0.09,6,1,19,5,2333,0.17,0.99,0.05,0.09
PF02778,PF01974,15,33,14,1,19,2324,0.42,0.99,0.93,0.63,33,14,1,19,2324,0.42,0.99,0.93,0.63
PF15318,PF16840,0,0,0,0,0,2358,0,1.0,0,0,0,0,0,0,2358,0,1.0,0,0
PF11933,PF03521,9,10,4,5,6,2343,0.4,1.0,0.44,0.42,10,4,5,6,2343,0.4,1.0,0.44,0.42
PF13820,PF01335,8,23,4,4,19,2331,0.17,0.99,0.5,0.29,23,4,4,19,2331,0.17,0.99,0.5,0.29
PF14344,PF07505,2,0,0,2,0,2356,0,1.0,0.0,0,0,0,2,0,2356,0,1.0,0.0,0
PF00213,PF00210,31,29,7,24,22,2305,0.24,0.98,0.23,0.22,29,7,24,22,2305,0.24,0.98,0.23,0.22
PF03588,PF17078,2,3,0,2,3,2353,0.0,1.0,0.0,-0.0,3,0,2,3,2353,0.0,1.0,0.0,-0.0
PF14806,PF07718,19,15,15,4,0,2339,1.0,1.0,0.79,0.89,15,15,4,0,2339,1.0,1.0,0.79,0.89
PF14577,PF14576,2,0,0,2,0,2356,0,1.0,0.0,0,0,0,2,0,2356,0,1.0,0.0,0
PF01055,PF13802,71,40,39,32,1,2286,0.97,0.99,0.55,0.73,40,39,32,1,2286,0.97,0.99,0.55,0.73
PF04622,PF07444,9,0,0,9,0,2349,0,1.0,0.0,0,0,0,9,0,2349,0,1.0,0.0,0
PF10409,PF14671,44,10,5,39,5,2309,0.5,0.98,0.11,0.23,10,5,39,5,2309,0.5,0.98,0.11,0.23
PF08231,PF05046,22,17,1,21,16,2320,0.06,0.98,0.05,0.04,17,1,21,16,2320,0.06,0.98,0.05,0.04
PF06775,PF07798,24,14,5,19,9,2325,0.36,0.99,0.21,0.27,14,5,19,9,2325,0.36,0.99,0.21,0.27
PF05000,PF04983,57,60,55,2,5,2296,0.92,1.0,0.96,0.94,60,55,2,5,2296,0.92,1.0,0.96,0.94
PF13753,PF06745,0,0,0,0,0,2358,0,1.0,0,0,0,0,0,0,2358,0,1.0,0,0
PF10440,PF03353,10,8,1,9,7,2341,0.12,0.99,0.1,0.11,8,1,9,7,2341,0.12,0.99,0.1,0.11
PF01779,PF05129,20,23,0,20,23,2315,0.0,0.98,0.0,-0.01,23,0,20,23,2315,0.0,0.98,0.0,-0.01
PF06469,PF14844,4,43,4,0,39,2315,0.09,0.98,1.0,0.3,43,4,0,39,2315,0.09,0.98,1.0,0.3
PF15065,PF06951,14,18,2,12,16,2328,0.11,0.99,0.14,0.12,18,2,12,16,2328,0.11,0.99,0.14,0.12
PF05427,PF10254,9,8,0,9,8,2341,0.0,0.99,0.0,-0.0,8,0,9,8,2341,0.0,0.99,0.0,-0.0
PF05631,PF03847,32,22,12,20,10,2316,0.55,0.99,0.38,0.45,22,12,20,10,2316,0.55,0.99,0.38,0.45
PF15243,PF05039,2,2,0,2,2,2354,0.0,1.0,0.0,-0.0,2,0,2,2,2354,0.0,1.0,0.0,-0.0
PF07708,PF10279,1,0,0,1,0,2357,0,1.0,0.0,0,0,0,1,0,2357,0,1.0,0.0,0
PF01541,PF07460,38,16,14,24,2,2318,0.88,0.99,0.37,0.56,16,14,24,2,2318,0.88,0.99,0.37,0.56
PF01593,PF02353,112,27,16,96,11,2235,0.59,0.95,0.14,0.28,27,16,96,11,2235,0.59,0.95,0.14,0.28
PF15467,PF15398,0,3,0,0,3,2355,0.0,1.0,0,0,3,0,0,3,2355,0.0,1.0,0,0
PF05849,PF04451,1,2,0,1,2,2355,0.0,1.0,0.0,-0.0,2,0,1,2,2355,0.0,1.0,0.0,-0.0
PF09118,PF07250,13,15,12,1,3,2342,0.8,1.0,0.92,0.86,15,12,1,3,2342,0.8,1.0,0.92,0.86
PF14686,PF06045,28,5,5,23,0,2330,1.0,0.99,0.18,0.42,5,5,23,0,2330,1.0,0.99,0.18,0.42
PF07943,PF00768,10,11,10,0,1,2347,0.91,1.0,1.0,0.95,11,10,0,1,2347,0.91,1.0,1.0,0.95
PF04006,PF05693,18,17,3,15,14,2326,0.18,0.99,0.17,0.17,17,3,15,14,2326,0.18,0.99,0.17,0.17
PF10044,PF12585,3,3,0,3,3,2352,0.0,1.0,0.0,-0.0,3,0,3,3,2352,0.0,1.0,0.0,-0.0
PF16259,PF17188,0,0,0,0,0,2358,0,1.0,0,0,0,0,0,0,2358,0,1.0,0,0
PF13286,PF04225,11,10,2,9,8,2339,0.2,0.99,0.18,0.19,10,2,9,8,2339,0.2,0.99,0.18,0.19
PF15555,PF15809,3,0,0,3,0,2355,0,1.0,0.0,0,0,0,3,0,2355,0,1.0,0.0,0
PF16158,PF16577,21,4,2,19,2,2335,0.5,0.99,0.1,0.22,4,2,19,2,2335,0.5,0.99,0.1,0.22
PF00178,PF11620,58,4,4,54,0,2300,1.0,0.98,0.07,0.26,4,4,54,0,2300,1.0,0.98,0.07,0.26
PF01922,PF04852,13,8,3,10,5,2340,0.38,0.99,0.23,0.29,8,3,10,5,2340,0.38,0.99,0.23,0.29
PF10797,PF12897,2,4,2,0,2,2354,0.5,1.0,1.0,0.71,4,2,0,2,2354,0.5,1.0,1.0,0.71
PF08867,PF09498,0,0,0,0,0,2358,0,1.0,0,0,0,0,0,0,2358,0,1.0,0,0
PF09431,PF07815,17,17,2,15,15,2326,0.12,0.99,0.12,0.11,17,2,15,15,2326,0.12,0.99,0.12,0.11
PF15008,PF05497,1,9,0,1,9,2348,0.0,1.0,0.0,-0.0,9,0,1,9,2348,0.0,1.0,0.0,-0.0
PF16803,PF05093,12,27,12,0,15,2331,0.44,0.99,1.0,0.66,27,12,0,15,2331,0.44,0.99,1.0,0.66
PF01054,PF08142,0,31,0,0,31,2327,0.0,0.99,0,0,31,0,0,31,2327,0.0,0.99,0,0
PF12732,PF03865,0,0,0,0,0,2358,0,1.0,0,0,0,0,0,0,2358,0,1.0,0,0
PF11288,PF00519,0,7,0,0,7,2351,0.0,1.0,0,0,7,0,0,7,2351,0.0,1.0,0,0
PF06760,PF14786,4,3,3,1,0,2354,1.0,1.0,0.75,0.87,3,3,1,0,2354,1.0,1.0,0.75,0.87
PF15384,PF15828,1,3,0,1,3,2354,0.0,1.0,0.0,-0.0,3,0,1,3,2354,0.0,1.0,0.0,-0.0
PF07171,PF07364,7,7,7,0,0,2351,1.0,1.0,1.0,1.0,7,7,0,0,2351,1.0,1.0,1.0,1.0
PF06745,PF13753,0,0,0,0,0,2358,0,1.0,0,0,0,0,0,0,2358,0,1.0,0,0
PF03876,PF08292,29,11,11,18,0,2329,1.0,0.99,0.38,0.61,11,11,18,0,2329,1.0,0.99,0.38,0.61
PF10825,PF15833,0,2,0,0,2,2356,0.0,1.0,0,0,2,0,0,2,2356,0.0,1.0,0,0
PF02330,PF06749,11,10,2,9,8,2339,0.2,0.99,0.18,0.19,10,2,9,8,2339,0.2,0.99,0.18,0.19
PF08759,PF08856,0,0,0,0,0,2358,0,1.0,0,0,0,0,0,0,2358,0,1.0,0,0
PF11378,PF03913,0,0,0,0,0,2358,0,1.0,0,0,0,0,0,0,2358,0,1.0,0,0
PF05983,PF01279,20,5,2,18,3,2335,0.4,0.99,0.1,0.2,5,2,18,3,2335,0.4,0.99,0.1,0.2
PF16653,PF04455,25,5,2,23,3,2330,0.4,0.99,0.08,0.18,5,2,23,3,2330,0.4,0.99,0.08,0.18
PF01480,PF16131,55,24,10,45,14,2289,0.42,0.97,0.18,0.26,24,10,45,14,2289,0.42,0.97,0.18,0.26
PF01940,PF07110,14,17,6,8,11,2333,0.35,0.99,0.43,0.38,17,6,8,11,2333,0.35,0.99,0.43,0.38
PF00950,PF05936,8,2,2,6,0,2350,1.0,1.0,0.25,0.5,2,2,6,0,2350,1.0,1.0,0.25,0.5
PF01157,PF01907,30,20,10,20,10,2318,0.5,0.99,0.33,0.4,20,10,20,10,2318,0.5,0.99,0.33,0.4
PF08107,PF15576,1,1,0,1,1,2356,0.0,1.0,0.0,-0.0,1,0,1,1,2356,0.0,1.0,0.0,-0.0
PF16499,PF09072,37,16,8,29,8,2313,0.5,0.98,0.22,0.32,16,8,29,8,2313,0.5,0.98,0.22,0.32
PF00086,PF09307,53,10,10,43,0,2305,1.0,0.98,0.19,0.43,10,10,43,0,2305,1.0,0.98,0.19,0.43
PF11078,PF16176,5,9,3,2,6,2347,0.33,1.0,0.6,0.45,9,3,2,6,2347,0.33,1.0,0.6,0.45
PF03596,PF10330,0,3,0,0,3,2355,0.0,1.0,0,0,3,0,0,3,2355,0.0,1.0,0,0
PF06804,PF03412,8,8,5,3,3,2347,0.62,1.0,0.62,0.62,8,5,3,3,2347,0.62,1.0,0.62,0.62
PF03789,PF12731,4,2,2,2,0,2354,1.0,1.0,0.5,0.71,2,2,2,0,2354,1.0,1.0,0.5,0.71
PF15757,PF15776,2,4,0,2,4,2352,0.0,1.0,0.0,-0.0,4,0,2,4,2352,0.0,1.0,0.0,-0.0
PF08412,PF13545,11,5,0,11,5,2342,0.0,0.99,0.0,-0.0,5,0,11,5,2342,0.0,0.99,0.0,-0.0
PF16757,PF01120,10,30,10,0,20,2328,0.33,0.99,1.0,0.57,30,10,0,20,2328,0.33,0.99,1.0,0.57
PF15966,PF15965,7,9,7,0,2,2349,0.78,1.0,1.0,0.88,9,7,0,2,2349,0.78,1.0,1.0,0.88
PF11999,PF16716,2,1,0,2,1,2355,0.0,1.0,0.0,-0.0,1,0,2,1,2355,0.0,1.0,0.0,-0.0
PF12168,PF01706,1,1,0,1,1,2356,0.0,1.0,0.0,-0.0,1,0,1,1,2356,0.0,1.0,0.0,-0.0
PF00622,PF13765,130,41,31,99,10,2218,0.76,0.95,0.24,0.41,41,31,99,10,2218,0.76,0.95,0.24,0.41
PF16719,PF00157,6,14,3,3,11,2341,0.21,0.99,0.5,0.32,14,3,3,11,2341,0.21,0.99,0.5,0.32
PF02217,PF06505,4,0,0,4,0,2354,0,1.0,0.0,0,0,0,4,0,2354,0,1.0,0.0,0
PF06333,PF11597,14,9,9,5,0,2344,1.0,1.0,0.64,0.8,9,9,5,0,2344,1.0,1.0,0.64,0.8
PF07068,PF08401,0,0,0,0,0,2358,0,1.0,0,0,0,0,0,0,2358,0,1.0,0,0
PF02272,PF01411,32,53,21,11,32,2294,0.4,0.98,0.66,0.5,53,21,11,32,2294,0.4,0.98,0.66,0.5
PF15195,PF15828,2,3,0,2,3,2353,0.0,1.0,0.0,-0.0,3,0,2,3,2353,0.0,1.0,0.0,-0.0
PF01466,PF03931,53,52,39,14,13,2292,0.75,0.99,0.74,0.74,52,39,14,13,2292,0.75,0.99,0.74,0.74
PF11549,PF17108,1,1,1,0,0,2357,1.0,1.0,1.0,1.0,1,1,0,0,2357,1.0,1.0,1.0,1.0
PF01341,PF02015,16,11,7,9,4,2338,0.64,0.99,0.44,0.53,11,7,9,4,2338,0.64,0.99,0.44,0.53
PF13995,PF10279,0,0,0,0,0,2358,0,1.0,0,0,0,0,0,0,2358,0,1.0,0,0
PF02560,PF09424,10,8,1,9,7,2341,0.12,0.99,0.1,0.11,8,1,9,7,2341,0.12,0.99,0.1,0.11
PF10184,PF04832,24,17,6,18,11,2323,0.35,0.99,0.25,0.29,17,6,18,11,2323,0.35,0.99,0.25,0.29
PF01348,PF01215,24,20,5,19,15,2319,0.25,0.99,0.21,0.22,20,5,19,15,2319,0.25,0.99,0.21,0.22
PF04275,PF04030,20,36,8,12,28,2310,0.22,0.98,0.4,0.29,36,8,12,28,2310,0.22,0.98,0.4,0.29
PF00795,PF01177,83,15,12,71,3,2272,0.8,0.97,0.14,0.33,15,12,71,3,2272,0.8,0.97,0.14,0.33
PF13015,PF12999,28,34,25,3,9,2321,0.74,0.99,0.89,0.81,34,25,3,9,2321,0.74,0.99,0.89,0.81
PF09234,PF03268,3,0,0,3,0,2355,0,1.0,0.0,0,0,0,3,0,2355,0,1.0,0.0,0
PF07847,PF00197,19,1,0,19,1,2338,0.0,0.99,0.0,-0.0,1,0,19,1,2338,0.0,0.99,0.0,-0.0
PF00125,PF16211,92,50,44,48,6,2260,0.88,0.98,0.48,0.64,50,44,48,6,2260,0.88,0.98,0.48,0.64
PF04855,PF16421,26,17,5,21,12,2320,0.29,0.99,0.19,0.23,17,5,21,12,2320,0.29,0.99,0.19,0.23
PF04992,PF04990,7,4,3,4,1,2350,0.75,1.0,0.43,0.57,4,3,4,1,2350,0.75,1.0,0.43,0.57
PF17062,PF10664,0,2,0,0,2,2356,0.0,1.0,0,0,2,0,0,2,2356,0.0,1.0,0,0
PF10107,PF07327,0,3,0,0,3,2355,0.0,1.0,0,0,3,0,0,3,2355,0.0,1.0,0,0
PF14251,PF15775,4,0,0,4,0,2354,0,1.0,0.0,0,0,0,4,0,2354,0,1.0,0.0,0
PF07970,PF06201,37,34,10,27,24,2297,0.29,0.98,0.27,0.27,34,10,27,24,2297,0.29,0.98,0.27,0.27
PF14106,PF11002,0,2,0,0,2,2356,0.0,1.0,0,0,2,0,0,2,2356,0.0,1.0,0,0
PF10233,PF15359,14,3,1,13,2,2342,0.33,0.99,0.07,0.15,3,1,13,2,2342,0.33,0.99,0.07,0.15
PF13329,PF16910,17,33,5,12,28,2313,0.15,0.98,0.29,0.2,33,5,12,28,2313,0.15,0.98,0.29,0.2
PF16787,PF12550,28,8,7,21,1,2329,0.88,0.99,0.25,0.46,8,7,21,1,2329,0.88,0.99,0.25,0.46
PF12940,PF10426,5,5,5,0,0,2353,1.0,1.0,1.0,1.0,5,5,0,0,2353,1.0,1.0,1.0,1.0
PF16641,PF01465,2,27,1,1,26,2330,0.04,0.99,0.5,0.13,27,1,1,26,2330,0.04,0.99,0.5,0.13
PF10338,PF10471,1,12,0,1,12,2345,0.0,0.99,0.0,-0.0,12,0,1,12,2345,0.0,0.99,0.0,-0.0
PF01705,PF07809,15,2,0,15,2,2341,0.0,0.99,0.0,-0.0,2,0,15,2,2341,0.0,0.99,0.0,-0.0
PF08457,PF10638,12,0,0,12,0,2346,0,0.99,0.0,0,0,0,12,0,2346,0,0.99,0.0,0
PF02630,PF01871,30,10,2,28,8,2320,0.2,0.98,0.07,0.11,10,2,28,8,2320,0.2,0.98,0.07,0.11
PF09683,PF05418,0,3,0,0,3,2355,0.0,1.0,0,0,3,0,0,3,2355,0.0,1.0,0,0
PF07373,PF07942,0,20,0,0,20,2338,0.0,0.99,0,0,20,0,0,20,2338,0.0,0.99,0,0
PF07343,PF14232,0,0,0,0,0,2358,0,1.0,0,0,0,0,0,0,2358,0,1.0,0,0
PF04085,PF05065,2,2,0,2,2,2354,0.0,1.0,0.0,-0.0,2,0,2,2,2354,0.0,1.0,0.0,-0.0
PF00398,PF09813,29,6,4,25,2,2327,0.67,0.99,0.14,0.3,6,4,25,2,2327,0.67,0.99,0.14,0.3
PF00905,PF03717,36,32,30,6,2,2320,0.94,1.0,0.83,0.88,32,30,6,2,2320,0.94,1.0,0.83,0.88
PF01158,PF07074,16,14,3,13,11,2331,0.21,0.99,0.19,0.2,14,3,13,11,2331,0.21,0.99,0.19,0.2
PF13088,PF07896,10,10,2,8,8,2340,0.2,0.99,0.2,0.2,10,2,8,8,2340,0.2,0.99,0.2,0.2
PF03152,PF15090,33,2,0,33,2,2323,0.0,0.99,0.0,-0.0,2,0,33,2,2323,0.0,0.99,0.0,-0.0
PF02097,PF05901,0,0,0,0,0,2358,0,1.0,0,0,0,0,0,0,2358,0,1.0,0,0
PF11681,PF05974,0,0,0,0,0,2358,0,1.0,0,0,0,0,0,0,2358,0,1.0,0,0
PF01246,PF07052,19,18,3,16,15,2324,0.17,0.99,0.16,0.16,18,3,16,15,2324,0.17,0.99,0.16,0.16
PF15168,PF05947,8,0,0,8,0,2350,0,1.0,0.0,0,0,0,8,0,2350,0,1.0,0.0,0
PF09481,PF15355,0,0,0,0,0,2358,0,1.0,0,0,0,0,0,0,2358,0,1.0,0,0
PF04720,PF06749,15,10,2,13,8,2335,0.2,0.99,0.13,0.16,10,2,13,8,2335,0.2,0.99,0.13,0.16
PF09827,PF01258,0,12,0,0,12,2346,0.0,0.99,0,0,12,0,0,12,2346,0.0,0.99,0,0
PF10600,PF10608,3,1,1,2,0,2355,1.0,1.0,0.33,0.58,1,1,2,0,2355,1.0,1.0,0.33,0.58
PF14995,PF15041,11,1,1,10,0,2347,1.0,1.0,0.09,0.3,1,1,10,0,2347,1.0,1.0,0.09,0.3
PF11237,PF06412,0,1,0,0,1,2357,0.0,1.0,0,0,1,0,0,1,2357,0.0,1.0,0,0
PF15079,PF06773,0,0,0,0,0,2358,0,1.0,0,0,0,0,0,0,2358,0,1.0,0,0
PF10253,PF11510,6,9,2,4,7,2345,0.22,1.0,0.33,0.27,9,2,4,7,2345,0.22,1.0,0.33,0.27
PF04272,PF03275,4,1,0,4,1,2353,0.0,1.0,0.0,-0.0,1,0,4,1,2353,0.0,1.0,0.0,-0.0
PF05064,PF13874,10,24,2,8,22,2326,0.08,0.99,0.2,0.12,24,2,8,22,2326,0.08,0.99,0.2,0.12
PF05935,PF11316,6,0,0,6,0,2352,0,1.0,0.0,0,0,0,6,0,2352,0,1.0,0.0,0
PF10300,PF13174,22,29,7,15,22,2314,0.24,0.98,0.32,0.27,29,7,15,22,2314,0.24,0.98,0.32,0.27
PF05119,PF04235,0,0,0,0,0,2358,0,1.0,0,0,0,0,0,0,2358,0,1.0,0,0
PF13367,PF11341,5,3,1,4,2,2351,0.33,1.0,0.2,0.26,3,1,4,2,2351,0.33,1.0,0.2,0.26
PF02654,PF01752,4,4,0,4,4,2350,0.0,1.0,0.0,-0.0,4,0,4,4,2350,0.0,1.0,0.0,-0.0
PF09169,PF09103,8,11,8,0,3,2347,0.73,1.0,1.0,0.85,11,8,0,3,2347,0.73,1.0,1.0,0.85
PF16448,PF12191,3,0,0,3,0,2355,0,1.0,0.0,0,0,0,3,0,2355,0,1.0,0.0,0
PF12925,PF02177,11,12,11,0,1,2346,0.92,1.0,1.0,0.96,12,11,0,1,2346,0.92,1.0,1.0,0.96
PF04413,PF15924,1,12,1,0,11,2346,0.08,1.0,1.0,0.29,12,1,0,11,2346,0.08,1.0,1.0,0.29
PF05686,PF04777,56,53,18,38,35,2267,0.34,0.97,0.32,0.31,53,18,38,35,2267,0.34,0.97,0.32,0.31
PF06337,PF14836,29,18,12,17,6,2323,0.67,0.99,0.41,0.52,18,12,17,6,2323,0.67,0.99,0.41,0.52
PF03328,PF06172,25,3,0,25,3,2330,0.0,0.99,0.0,-0.0,3,0,25,3,2330,0.0,0.99,0.0,-0.0
PF06473,PF05478,1,7,1,0,6,2351,0.14,1.0,1.0,0.38,7,1,0,6,2351,0.14,1.0,1.0,0.38
PF03406,PF09498,0,0,0,0,0,2358,0,1.0,0,0,0,0,0,0,2358,0,1.0,0,0
PF02009,PF08027,0,2,0,0,2,2356,0.0,1.0,0,0,2,0,0,2,2356,0.0,1.0,0,0
PF16214,PF06327,18,13,13,5,0,2340,1.0,1.0,0.72,0.85,13,13,5,0,2340,1.0,1.0,0.72,0.85
PF16966,PF11471,2,2,2,0,0,2356,1.0,1.0,1.0,1.0,2,2,0,0,2356,1.0,1.0,1.0,1.0
PF08433,PF14712,24,17,2,22,15,2319,0.12,0.98,0.08,0.09,17,2,22,15,2319,0.12,0.98,0.08,0.09
PF03829,PF03608,7,7,7,0,0,2351,1.0,1.0,1.0,1.0,7,7,0,0,2351,1.0,1.0,1.0,1.0
PF03719,PF00333,48,41,37,11,4,2306,0.9,0.99,0.77,0.83,41,37,11,4,2306,0.9,0.99,0.77,0.83
PF07963,PF00482,10,5,5,5,0,2348,1.0,1.0,0.5,0.71,5,5,5,0,2348,1.0,1.0,0.5,0.71
PF03265,PF05148,38,27,11,27,16,2304,0.41,0.98,0.29,0.33,27,11,27,16,2304,0.41,0.98,0.29,0.33
PF10200,PF03073,12,9,1,11,8,2338,0.11,0.99,0.08,0.09,9,1,11,8,2338,0.11,0.99,0.08,0.09
PF01192,PF10780,11,0,0,11,0,2347,0,1.0,0.0,0,0,0,11,0,2347,0,1.0,0.0,0
PF02146,PF04574,94,9,9,85,0,2264,1.0,0.96,0.1,0.3,9,9,85,0,2264,1.0,0.96,0.1,0.3
PF10092,PF04421,0,10,0,0,10,2348,0.0,1.0,0,0,10,0,0,10,2348,0.0,1.0,0,0
PF08853,PF08651,0,4,0,0,4,2354,0.0,1.0,0,0,4,0,0,4,2354,0.0,1.0,0,0
PF04606,PF12843,0,0,0,0,0,2358,0,1.0,0,0,0,0,0,0,2358,0,1.0,0,0
PF08033,PF04815,48,52,47,1,5,2305,0.9,1.0,0.98,0.94,52,47,1,5,2305,0.9,1.0,0.98,0.94
PF09591,PF07192,0,0,0,0,0,2358,0,1.0,0,0,0,0,0,0,2358,0,1.0,0,0
PF08498,PF12589,17,11,4,13,7,2334,0.36,0.99,0.24,0.29,11,4,13,7,2334,0.36,0.99,0.24,0.29
PF04874,PF01778,16,28,12,4,16,2326,0.43,0.99,0.75,0.56,28,12,4,16,2326,0.43,0.99,0.75,0.56
PF09084,PF02653,31,16,8,23,8,2319,0.5,0.99,0.26,0.35,16,8,23,8,2319,0.5,0.99,0.26,0.35
PF05290,PF08873,0,0,0,0,0,2358,0,1.0,0,0,0,0,0,0,2358,0,1.0,0,0
PF10030,PF02413,0,1,0,0,1,2357,0.0,1.0,0,0,1,0,0,1,2357,0.0,1.0,0,0
PF09812,PF01784,3,6,1,2,5,2350,0.17,1.0,0.33,0.23,6,1,2,5,2350,0.17,1.0,0.33,0.23
PF10345,PF04679,14,37,11,3,26,2318,0.3,0.99,0.79,0.48,37,11,3,26,2318,0.3,0.99,0.79,0.48
PF00025,PF15840,128,1,1,127,0,2230,1.0,0.95,0.01,0.09,1,1,127,0,2230,1.0,0.95,0.01,0.09
PF12763,PF12761,77,15,12,65,3,2278,0.8,0.97,0.16,0.35,15,12,65,3,2278,0.8,0.97,0.16,0.35
PF02531,PF02427,6,3,3,3,0,2352,1.0,1.0,0.5,0.71,3,3,3,0,2352,1.0,1.0,0.5,0.71
PF10867,PF05817,0,24,0,0,24,2334,0.0,0.99,0,0,24,0,0,24,2334,0.0,0.99,0,0
PF04617,PF10525,3,5,1,2,4,2351,0.2,1.0,0.33,0.26,5,1,2,4,2351,0.2,1.0,0.33,0.26
PF05526,PF06868,0,0,0,0,0,2358,0,1.0,0,0,0,0,0,0,2358,0,1.0,0,0
PF06483,PF07382,1,6,1,0,5,2352,0.17,1.0,1.0,0.41,6,1,0,5,2352,0.17,1.0,1.0,0.41
PF09527,PF16096,0,2,0,0,2,2356,0.0,1.0,0,0,2,0,0,2,2356,0.0,1.0,0,0
PF04109,PF15279,16,3,1,15,2,2340,0.33,0.99,0.06,0.14,3,1,15,2,2340,0.33,0.99,0.06,0.14
PF06842,PF09495,19,3,0,19,3,2336,0.0,0.99,0.0,-0.0,3,0,19,3,2336,0.0,0.99,0.0,-0.0
PF15730,PF10951,4,0,0,4,0,2354,0,1.0,0.0,0,0,0,4,0,2354,0,1.0,0.0,0
PF07402,PF13471,1,8,1,0,7,2350,0.12,1.0,1.0,0.35,8,1,0,7,2350,0.12,1.0,1.0,0.35
PF16546,PF07219,23,3,1,22,2,2333,0.33,0.99,0.04,0.12,3,1,22,2,2333,0.33,0.99,0.04,0.12
PF10307,PF10198,3,5,0,3,5,2350,0.0,1.0,0.0,-0.0,5,0,3,5,2350,0.0,1.0,0.0,-0.0
PF07650,PF16897,34,18,7,27,11,2313,0.39,0.98,0.21,0.28,18,7,27,11,2313,0.39,0.98,0.21,0.28
PF06956,PF02979,3,4,0,3,4,2351,0.0,1.0,0.0,-0.0,4,0,3,4,2351,0.0,1.0,0.0,-0.0
PF05103,PF04225,3,10,2,1,8,2347,0.2,1.0,0.67,0.36,10,2,1,8,2347,0.2,1.0,0.67,0.36
PF08540,PF01154,30,32,29,1,3,2325,0.91,1.0,0.97,0.94,32,29,1,3,2325,0.91,1.0,0.97,0.94
PF00970,PF00175,66,115,64,2,51,2241,0.56,0.98,0.97,0.73,115,64,2,51,2241,0.56,0.98,0.97,0.73
PF13404,PF03406,8,0,0,8,0,2350,0,1.0,0.0,0,0,0,8,0,2350,0,1.0,0.0,0
PF01706,PF06834,1,0,0,1,0,2357,0,1.0,0.0,0,0,0,1,0,2357,0,1.0,0.0,0
PF05788,PF09493,3,0,0,3,0,2355,0,1.0,0.0,0,0,0,3,0,2355,0,1.0,0.0,0
PF16760,PF08323,3,11,2,1,9,2346,0.18,1.0,0.67,0.35,11,2,1,9,2346,0.18,1.0,0.67,0.35
PF00008,PF12661,158,81,75,83,6,2194,0.93,0.96,0.47,0.65,81,75,83,6,2194,0.93,0.96,0.47,0.65
PF03832,PF04965,8,0,0,8,0,2350,0,1.0,0.0,0,0,0,8,0,2350,0,1.0,0.0,0
PF01370,PF13460,114,75,37,77,38,2206,0.49,0.95,0.32,0.38,75,37,77,38,2206,0.49,0.95,0.32,0.38
PF06493,PF15337,0,12,0,0,12,2346,0.0,0.99,0,0,12,0,0,12,2346,0.0,0.99,0,0
PF02388,PF13464,3,3,0,3,3,2352,0.0,1.0,0.0,-0.0,3,0,3,3,2352,0.0,1.0,0.0,-0.0
PF13580,PF08345,3,4,0,3,4,2351,0.0,1.0,0.0,-0.0,4,0,3,4,2351,0.0,1.0,0.0,-0.0
PF04002,PF08544,1,64,1,0,63,2294,0.02,0.97,1.0,0.12,64,1,0,63,2294,0.02,0.97,1.0,0.12
PF10609,PF01883,38,27,3,35,24,2296,0.11,0.97,0.08,0.08,27,3,35,24,2296,0.11,0.97,0.08,0.08
PF01649,PF02195,17,12,1,16,11,2330,0.08,0.99,0.06,0.06,12,1,16,11,2330,0.08,0.99,0.06,0.06
PF15172,PF14672,1,1,0,1,1,2356,0.0,1.0,0.0,-0.0,1,0,1,1,2356,0.0,1.0,0.0,-0.0
PF07178,PF05509,4,4,4,0,0,2354,1.0,1.0,1.0,1.0,4,4,0,0,2354,1.0,1.0,1.0,1.0
PF02447,PF07963,13,10,0,13,10,2335,0.0,0.99,0.0,-0.0,10,0,13,10,2335,0.0,0.99,0.0,-0.0
PF14705,PF09419,12,19,1,11,18,2328,0.05,0.99,0.08,0.06,19,1,11,18,2328,0.05,0.99,0.08,0.06
PF07853,PF03922,0,2,0,0,2,2356,0.0,1.0,0,0,2,0,0,2,2356,0.0,1.0,0,0
PF09329,PF12253,15,3,0,15,3,2340,0.0,0.99,0.0,-0.0,3,0,15,3,2340,0.0,0.99,0.0,-0.0
PF14763,PF14761,0,6,0,0,6,2352,0.0,1.0,0,0,6,0,0,6,2352,0.0,1.0,0,0
PF17098,PF15311,16,11,0,16,11,2331,0.0,0.99,0.0,-0.01,11,0,16,11,2331,0.0,0.99,0.0,-0.01
PF09457,PF11618,15,5,2,13,3,2340,0.4,0.99,0.13,0.23,5,2,13,3,2340,0.4,0.99,0.13,0.23
PF04790,PF05007,11,23,7,4,16,2331,0.3,0.99,0.64,0.44,23,7,4,16,2331,0.3,0.99,0.64,0.44
PF04468,PF15050,14,6,0,14,6,2338,0.0,0.99,0.0,-0.0,6,0,14,6,2338,0.0,0.99,0.0,-0.0
PF12737,PF12731,2,2,2,0,0,2356,1.0,1.0,1.0,1.0,2,2,0,0,2356,1.0,1.0,1.0,1.0
PF06288,PF01323,1,32,1,0,31,2326,0.03,0.99,1.0,0.18,32,1,0,31,2326,0.03,0.99,1.0,0.18
PF10685,PF16871,2,0,0,2,0,2356,0,1.0,0.0,0,0,0,2,0,2356,0,1.0,0.0,0
PF14365,PF03080,4,17,2,2,15,2339,0.12,0.99,0.5,0.24,17,2,2,15,2339,0.12,0.99,0.5,0.24
PF06058,PF15996,14,14,0,14,14,2330,0.0,0.99,0.0,-0.01,14,0,14,14,2330,0.0,0.99,0.0,-0.01
PF00452,PF01146,16,17,3,13,14,2328,0.18,0.99,0.19,0.18,17,3,13,14,2328,0.18,0.99,0.19,0.18
PF06607,PF16516,6,10,0,6,10,2342,0.0,0.99,0.0,-0.0,10,0,6,10,2342,0.0,0.99,0.0,-0.0
PF13234,PF11648,20,19,5,15,14,2324,0.26,0.99,0.25,0.25,19,5,15,14,2324,0.26,0.99,0.25,0.25
PF16014,PF04632,0,2,0,0,2,2356,0.0,1.0,0,0,2,0,0,2,2356,0.0,1.0,0,0
PF07435,PF09648,1,1,1,0,0,2357,1.0,1.0,1.0,1.0,1,1,0,0,2357,1.0,1.0,1.0,1.0
PF01822,PF11790,86,18,10,76,8,2264,0.56,0.96,0.12,0.24,18,10,76,8,2264,0.56,0.96,0.12,0.24
PF10257,PF14611,23,10,2,21,8,2327,0.2,0.99,0.09,0.13,10,2,21,8,2327,0.2,0.99,0.09,0.13
PF14828,PF14799,10,9,2,8,7,2341,0.22,0.99,0.2,0.21,9,2,8,7,2341,0.22,0.99,0.2,0.21
PF07165,PF02284,3,9,0,3,9,2346,0.0,0.99,0.0,-0.0,9,0,3,9,2346,0.0,0.99,0.0,-0.0
PF07311,PF05109,0,2,0,0,2,2356,0.0,1.0,0,0,2,0,0,2,2356,0.0,1.0,0,0
PF00391,PF02896,21,25,14,7,11,2326,0.56,0.99,0.67,0.61,25,14,7,11,2326,0.56,0.99,0.67,0.61
PF07448,PF14986,2,0,0,2,0,2356,0,1.0,0.0,0,0,0,2,0,2356,0,1.0,0.0,0
PF01479,PF16065,73,11,10,63,1,2284,0.91,0.97,0.14,0.35,11,10,63,1,2284,0.91,0.97,0.14,0.35
PF14015,PF15856,0,1,0,0,1,2357,0.0,1.0,0,0,1,0,0,1,2357,0.0,1.0,0,0
PF11351,PF15040,0,0,0,0,0,2358,0,1.0,0,0,0,0,0,0,2358,0,1.0,0,0
PF03032,PF10583,10,4,0,10,4,2344,0.0,0.99,0.0,-0.0,4,0,10,4,2344,0.0,0.99,0.0,-0.0
PF13344,PF04577,52,36,12,40,24,2282,0.33,0.97,0.23,0.26,36,12,40,24,2282,0.33,0.97,0.23,0.26
PF09284,PF14683,13,35,13,0,22,2323,0.37,0.99,1.0,0.61,35,13,0,22,2323,0.37,0.99,1.0,0.61
PF15326,PF10482,1,2,0,1,2,2355,0.0,1.0,0.0,-0.0,2,0,1,2,2355,0.0,1.0,0.0,-0.0
PF04350,PF11794,0,0,0,0,0,2358,0,1.0,0,0,0,0,0,0,2358,0,1.0,0,0
PF11904,PF16553,15,4,1,14,3,2340,0.25,0.99,0.07,0.13,4,1,14,3,2340,0.25,0.99,0.07,0.13
PF16543,PF01205,28,43,9,19,34,2296,0.21,0.98,0.32,0.25,43,9,19,34,2296,0.21,0.98,0.32,0.25
PF08857,PF09962,0,5,0,0,5,2353,0.0,1.0,0,0,5,0,0,5,2353,0.0,1.0,0,0
PF10367,PF10366,42,32,26,16,6,2310,0.81,0.99,0.62,0.7,32,26,16,6,2310,0.81,0.99,0.62,0.7
PF02724,PF16901,14,19,3,11,16,2328,0.16,0.99,0.21,0.18,19,3,11,16,2328,0.16,0.99,0.21,0.18
PF09312,PF13145,1,13,1,0,12,2345,0.08,0.99,1.0,0.28,13,1,0,12,2345,0.08,0.99,1.0,0.28
PF01602,PF06375,91,11,11,80,0,2267,1.0,0.97,0.12,0.34,11,11,80,0,2267,1.0,0.97,0.12,0.34
PF02172,PF08941,26,17,4,22,13,2319,0.24,0.99,0.15,0.18,17,4,22,13,2319,0.24,0.99,0.15,0.18
PF03145,PF08511,27,7,4,23,3,2328,0.57,0.99,0.15,0.29,7,4,23,3,2328,0.57,0.99,0.15,0.29
PF01912,PF01775,24,17,4,20,13,2321,0.24,0.99,0.17,0.19,17,4,20,13,2321,0.24,0.99,0.17,0.19
PF02221,PF11938,27,30,6,21,24,2307,0.2,0.98,0.22,0.2,30,6,21,24,2307,0.2,0.98,0.22,0.2
PF10290,PF10287,4,6,4,0,2,2352,0.67,1.0,1.0,0.82,6,4,0,2,2352,0.67,1.0,1.0,0.82
PF07062,PF05822,5,22,0,5,22,2331,0.0,0.99,0.0,-0.0,22,0,5,22,2331,0.0,0.99,0.0,-0.0
PF16065,PF01933,11,9,1,10,8,2339,0.11,0.99,0.09,0.1,9,1,10,8,2339,0.11,0.99,0.09,0.1
PF01373,PF05687,17,10,7,10,3,2338,0.7,0.99,0.41,0.53,10,7,10,3,2338,0.7,0.99,0.41,0.53
PF12934,PF12933,0,0,0,0,0,2358,0,1.0,0,0,0,0,0,0,2358,0,1.0,0,0
PF09717,PF09285,5,12,0,5,12,2341,0.0,0.99,0.0,-0.0,12,0,5,12,2341,0.0,0.99,0.0,-0.0
PF01231,PF01070,29,74,17,12,57,2272,0.23,0.97,0.59,0.36,74,17,12,57,2272,0.23,0.97,0.59,0.36
PF03248,PF06404,15,3,0,15,3,2340,0.0,0.99,0.0,-0.0,3,0,15,3,2340,0.0,0.99,0.0,-0.0
PF00286,PF11638,2,4,0,2,4,2352,0.0,1.0,0.0,-0.0,4,0,2,4,2352,0.0,1.0,0.0,-0.0
PF14186,PF16276,8,2,0,8,2,2348,0.0,1.0,0.0,-0.0,2,0,8,2,2348,0.0,1.0,0.0,-0.0
PF04089,PF12483,14,6,2,12,4,2340,0.33,0.99,0.14,0.22,6,2,12,4,2340,0.33,0.99,0.14,0.22
PF02419,PF00284,6,7,6,0,1,2351,0.86,1.0,1.0,0.93,7,6,0,1,2351,0.86,1.0,1.0,0.93
PF06803,PF08941,12,17,3,9,14,2332,0.18,0.99,0.25,0.21,17,3,9,14,2332,0.18,0.99,0.25,0.21
PF05403,PF03973,0,1,0,0,1,2357,0.0,1.0,0,0,1,0,0,1,2357,0.0,1.0,0,0
PF03755,PF13005,1,0,0,1,0,2357,0,1.0,0.0,0,0,0,1,0,2357,0,1.0,0.0,0
PF05656,PF15224,1,0,0,1,0,2357,0,1.0,0.0,0,0,0,1,0,2357,0,1.0,0.0,0
PF02756,PF02757,0,4,0,0,4,2354,0.0,1.0,0,0,4,0,0,4,2354,0.0,1.0,0,0
PF01835,PF07677,16,26,16,0,10,2332,0.62,1.0,1.0,0.78,26,16,0,10,2332,0.62,1.0,1.0,0.78
PF04500,PF15423,41,1,1,40,0,2317,1.0,0.98,0.02,0.15,1,1,40,0,2317,1.0,0.98,0.02,0.15
PF07444,PF12046,0,0,0,0,0,2358,0,1.0,0,0,0,0,0,0,2358,0,1.0,0,0
PF09804,PF03085,4,0,0,4,0,2354,0,1.0,0.0,0,0,0,4,0,2354,0,1.0,0.0,0
PF01443,PF00978,13,9,9,4,0,2345,1.0,1.0,0.69,0.83,9,9,4,0,2345,1.0,1.0,0.69,0.83
PF11830,PF15733,4,1,0,4,1,2353,0.0,1.0,0.0,-0.0,1,0,4,1,2353,0.0,1.0,0.0,-0.0
PF13557,PF08274,8,0,0,8,0,2350,0,1.0,0.0,0,0,0,8,0,2350,0,1.0,0.0,0
PF00026,PF07966,113,6,6,107,0,2245,1.0,0.95,0.05,0.23,6,6,107,0,2245,1.0,0.95,0.05,0.23
PF02237,PF09825,5,6,3,2,3,2350,0.5,1.0,0.6,0.55,6,3,2,3,2350,0.5,1.0,0.6,0.55
PF14664,PF14663,21,20,18,3,2,2335,0.9,1.0,0.86,0.88,20,18,3,2,2335,0.9,1.0,0.86,0.88
PF14779,PF07034,3,12,1,2,11,2344,0.08,0.99,0.33,0.16,12,1,2,11,2344,0.08,0.99,0.33,0.16
PF04452,PF09991,4,0,0,4,0,2354,0,1.0,0.0,0,0,0,4,0,2354,0,1.0,0.0,0
PF05283,PF06679,6,1,0,6,1,2351,0.0,1.0,0.0,-0.0,1,0,6,1,2351,0.0,1.0,0.0,-0.0
PF15006,PF06907,8,3,0,8,3,2347,0.0,1.0,0.0,-0.0,3,0,8,3,2347,0.0,1.0,0.0,-0.0
PF13751,PF05947,3,0,0,3,0,2355,0,1.0,0.0,0,0,0,3,0,2355,0,1.0,0.0,0
PF05296,PF00103,5,10,0,5,10,2343,0.0,0.99,0.0,-0.0,10,0,5,10,2343,0.0,0.99,0.0,-0.0
PF02304,PF09095,2,3,0,2,3,2353,0.0,1.0,0.0,-0.0,3,0,2,3,2353,0.0,1.0,0.0,-0.0
PF11123,PF09699,0,0,0,0,0,2358,0,1.0,0,0,0,0,0,0,2358,0,1.0,0,0
PF01017,PF02865,6,6,4,2,2,2350,0.67,1.0,0.67,0.67,6,4,2,2,2350,0.67,1.0,0.67,0.67
PF15841,PF15340,0,5,0,0,5,2353,0.0,1.0,0,0,5,0,0,5,2353,0.0,1.0,0,0
PF17075,PF15144,0,0,0,0,0,2358,0,1.0,0,0,0,0,0,0,2358,0,1.0,0,0
PF16181,PF16180,8,4,4,4,0,2350,1.0,1.0,0.5,0.71,4,4,4,0,2350,1.0,1.0,0.5,0.71
PF05711,PF08848,1,0,0,1,0,2357,0,1.0,0.0,0,0,0,1,0,2357,0,1.0,0.0,0
PF09814,PF09496,21,10,4,17,6,2331,0.4,0.99,0.19,0.27,10,4,17,6,2331,0.4,0.99,0.19,0.27
PF01522,PF09347,58,16,6,52,10,2290,0.38,0.97,0.1,0.19,16,6,52,10,2290,0.38,0.97,0.1,0.19
PF01974,PF02778,33,15,14,19,1,2324,0.93,0.99,0.42,0.63,15,14,19,1,2324,0.93,0.99,0.42,0.63
PF02829,PF14602,4,42,4,0,38,2316,0.1,0.98,1.0,0.31,42,4,0,38,2316,0.1,0.98,1.0,0.31
PF11254,PF02863,2,5,0,2,5,2351,0.0,1.0,0.0,-0.0,5,0,2,5,2351,0.0,1.0,0.0,-0.0
PF02891,PF02037,27,106,14,13,92,2239,0.13,0.96,0.52,0.25,106,14,13,92,2239,0.13,0.96,0.52,0.25
PF01272,PF06429,24,6,0,24,6,2328,0.0,0.99,0.0,-0.01,6,0,24,6,2328,0.0,0.99,0.0,-0.01
PF00283,PF00421,6,30,5,1,25,2327,0.17,0.99,0.83,0.37,30,5,1,25,2327,0.17,0.99,0.83,0.37
PF00652,PF00535,84,118,66,18,52,2222,0.56,0.97,0.79,0.65,118,66,18,52,2222,0.56,0.97,0.79,0.65
PF02982,PF07464,13,3,1,12,2,2343,0.33,0.99,0.08,0.16,3,1,12,2,2343,0.33,0.99,0.08,0.16
PF06196,PF03144,0,113,0,0,113,2245,0.0,0.95,0,0,113,0,0,113,2245,0.0,0.95,0,0
PF03806,PF04764,2,0,0,2,0,2356,0,1.0,0.0,0,0,0,2,0,2356,0,1.0,0.0,0
PF03140,PF02519,34,20,11,23,9,2315,0.55,0.99,0.32,0.42,20,11,23,9,2315,0.55,0.99,0.32,0.42
PF12531,PF06745,0,0,0,0,0,2358,0,1.0,0,0,0,0,0,0,2358,0,1.0,0,0
PF10693,PF06954,1,4,0,1,4,2353,0.0,1.0,0.0,-0.0,4,0,1,4,2353,0.0,1.0,0.0,-0.0
PF11735,PF09687,19,0,0,19,0,2339,0,0.99,0.0,0,0,0,19,0,2339,0,0.99,0.0,0
PF05023,PF09328,15,4,4,11,0,2343,1.0,1.0,0.27,0.52,4,4,11,0,2343,1.0,1.0,0.27,0.52
PF10131,PF15340,1,5,0,1,5,2352,0.0,1.0,0.0,-0.0,5,0,1,5,2352,0.0,1.0,0.0,-0.0
PF07875,PF17019,3,0,0,3,0,2355,0,1.0,0.0,0,0,0,3,0,2355,0,1.0,0.0,0
PF10087,PF06009,0,6,0,0,6,2352,0.0,1.0,0,0,6,0,0,6,2352,0.0,1.0,0,0
PF02144,PF01282,15,11,1,14,10,2333,0.09,0.99,0.07,0.07,11,1,14,10,2333,0.09,0.99,0.07,0.07
PF06553,PF15171,10,2,0,10,2,2346,0.0,0.99,0.0,-0.0,2,0,10,2,2346,0.0,0.99,0.0,-0.0
PF15984,PF14224,0,0,0,0,0,2358,0,1.0,0,0,0,0,0,0,2358,0,1.0,0,0
PF05306,PF06581,0,2,0,0,2,2356,0.0,1.0,0,0,2,0,0,2,2356,0.0,1.0,0,0
PF12030,PF16674,7,2,2,5,0,2351,1.0,1.0,0.29,0.53,2,2,5,0,2351,1.0,1.0,0.29,0.53
PF00478,PF04739,34,15,4,30,11,2313,0.27,0.98,0.12,0.17,15,4,30,11,2313,0.27,0.98,0.12,0.17
PF16038,PF04901,5,6,0,5,6,2347,0.0,1.0,0.0,-0.0,6,0,5,6,2347,0.0,1.0,0.0,-0.0
PF16503,PF06041,12,17,3,9,14,2332,0.18,0.99,0.25,0.21,17,3,9,14,2332,0.18,0.99,0.25,0.21
PF04405,PF04363,0,2,0,0,2,2356,0.0,1.0,0,0,2,0,0,2,2356,0.0,1.0,0,0
PF01029,PF17125,12,16,4,8,12,2334,0.25,0.99,0.33,0.28,16,4,8,12,2334,0.25,0.99,0.33,0.28
PF01808,PF02729,25,37,7,18,30,2303,0.19,0.98,0.28,0.22,37,7,18,30,2303,0.19,0.98,0.28,0.22
PF02753,PF11614,12,7,1,11,6,2340,0.14,0.99,0.08,0.11,7,1,11,6,2340,0.14,0.99,0.08,0.11
PF14532,PF08630,5,5,0,5,5,2348,0.0,1.0,0.0,-0.0,5,0,5,5,2348,0.0,1.0,0.0,-0.0
PF16325,PF14841,2,1,0,2,1,2355,0.0,1.0,0.0,-0.0,1,0,2,1,2355,0.0,1.0,0.0,-0.0
PF10334,PF10337,14,15,12,2,3,2341,0.8,1.0,0.86,0.83,15,12,2,3,2341,0.8,1.0,0.86,0.83
PF01603,PF04729,42,18,10,32,8,2308,0.56,0.98,0.24,0.36,18,10,32,8,2308,0.56,0.98,0.24,0.36
PF17020,PF02562,2,2,0,2,2,2354,0.0,1.0,0.0,-0.0,2,0,2,2,2354,0.0,1.0,0.0,-0.0
PF15456,PF11500,6,3,1,5,2,2350,0.33,1.0,0.17,0.23,3,1,5,2,2350,0.33,1.0,0.17,0.23
PF11517,PF04001,0,0,0,0,0,2358,0,1.0,0,0,0,0,0,0,2358,0,1.0,0,0
PF10062,PF11790,0,18,0,0,18,2340,0.0,0.99,0,0,18,0,0,18,2340,0.0,0.99,0,0
PF07063,PF12900,9,6,2,7,4,2345,0.33,1.0,0.22,0.27,6,2,7,4,2345,0.33,1.0,0.22,0.27
PF05170,PF13502,4,3,0,4,3,2351,0.0,1.0,0.0,-0.0,3,0,4,3,2351,0.0,1.0,0.0,-0.0
PF08941,PF06803,17,12,3,14,9,2332,0.25,0.99,0.18,0.21,12,3,14,9,2332,0.25,0.99,0.18,0.21
PF08050,PF12220,2,6,1,1,5,2351,0.17,1.0,0.5,0.29,6,1,1,5,2351,0.17,1.0,0.5,0.29
PF06467,PF12012,6,21,4,2,17,2335,0.19,0.99,0.67,0.35,21,4,2,17,2335,0.19,0.99,0.67,0.35
PF11230,PF10105,2,2,2,0,0,2356,1.0,1.0,1.0,1.0,2,2,0,0,2356,1.0,1.0,1.0,1.0
PF01687,PF13419,23,94,11,12,83,2252,0.12,0.96,0.48,0.22,94,11,12,83,2252,0.12,0.96,0.48,0.22
PF05518,PF04301,0,0,0,0,0,2358,0,1.0,0,0,0,0,0,0,2358,0,1.0,0,0
PF07794,PF02740,0,4,0,0,4,2354,0.0,1.0,0,0,4,0,0,4,2354,0.0,1.0,0,0
PF10551,PF04434,91,40,33,58,7,2260,0.82,0.97,0.36,0.54,40,33,58,7,2260,0.82,0.97,0.36,0.54
PF02888,PF03530,15,25,14,1,11,2332,0.56,0.99,0.93,0.72,25,14,1,11,2332,0.56,0.99,0.93,0.72
PF11961,PF07540,4,7,0,4,7,2347,0.0,1.0,0.0,-0.0,7,0,4,7,2347,0.0,1.0,0.0,-0.0
PF03485,PF05746,30,53,26,4,27,2301,0.49,0.99,0.87,0.65,53,26,4,27,2301,0.49,0.99,0.87,0.65
PF02138,PF06469,69,4,4,65,0,2289,1.0,0.97,0.06,0.24,4,4,65,0,2289,1.0,0.97,0.06,0.24
PF02889,PF14308,63,17,7,56,10,2285,0.41,0.97,0.11,0.2,17,7,56,10,2285,0.41,0.97,0.11,0.2
PF10587,PF00736,33,51,33,0,18,2307,0.65,0.99,1.0,0.8,51,33,0,18,2307,0.65,0.99,1.0,0.8
PF15378,PF15333,1,3,0,1,3,2354,0.0,1.0,0.0,-0.0,3,0,1,3,2354,0.0,1.0,0.0,-0.0
PF12696,PF08722,3,3,3,0,0,2355,1.0,1.0,1.0,1.0,3,3,0,0,2355,1.0,1.0,1.0,1.0
PF10856,PF04624,0,4,0,0,4,2354,0.0,1.0,0,0,4,0,0,4,2354,0.0,1.0,0,0
PF00133,PF08264,102,87,74,28,13,2243,0.85,0.98,0.73,0.78,87,74,28,13,2243,0.85,0.98,0.73,0.78
PF01965,PF06628,55,30,15,40,15,2288,0.5,0.98,0.27,0.36,30,15,40,15,2288,0.5,0.98,0.27,0.36
PF00414,PF17007,0,0,0,0,0,2358,0,1.0,0,0,0,0,0,0,2358,0,1.0,0,0
PF00432,PF13249,46,26,9,37,17,2295,0.35,0.98,0.2,0.25,26,9,37,17,2295,0.35,0.98,0.2,0.25
PF12271,PF04418,16,11,3,13,8,2334,0.27,0.99,0.19,0.22,11,3,13,8,2334,0.27,0.99,0.19,0.22
PF06533,PF02753,1,12,0,1,12,2345,0.0,0.99,0.0,-0.0,12,0,1,12,2345,0.0,0.99,0.0,-0.0
PF07933,PF10520,21,9,0,21,9,2328,0.0,0.99,0.0,-0.01,9,0,21,9,2328,0.0,0.99,0.0,-0.01
PF16756,PF15774,0,1,0,0,1,2357,0.0,1.0,0,0,1,0,0,1,2357,0.0,1.0,0,0
PF07879,PF05233,3,3,3,0,0,2355,1.0,1.0,1.0,1.0,3,3,0,0,2355,1.0,1.0,1.0,1.0
PF01625,PF05047,32,14,6,26,8,2318,0.43,0.99,0.19,0.28,14,6,26,8,2318,0.43,0.99,0.19,0.28
PF15314,PF15863,0,1,0,0,1,2357,0.0,1.0,0,0,1,0,0,1,2357,0.0,1.0,0,0
PF14994,PF15023,5,0,0,5,0,2353,0,1.0,0.0,0,0,0,5,0,2353,0,1.0,0.0,0
PF10816,PF00932,0,12,0,0,12,2346,0.0,0.99,0,0,12,0,0,12,2346,0.0,0.99,0,0
PF08007,PF15249,28,17,6,22,11,2319,0.35,0.99,0.21,0.27,17,6,22,11,2319,0.35,0.99,0.21,0.27
PF10206,PF02950,10,3,0,10,3,2345,0.0,0.99,0.0,-0.0,3,0,10,3,2345,0.0,0.99,0.0,-0.0
PF13966,PF14529,155,96,36,119,60,2143,0.38,0.92,0.23,0.26,96,36,119,60,2143,0.38,0.92,0.23,0.26
PF15691,PF15741,1,2,0,1,2,2355,0.0,1.0,0.0,-0.0,2,0,1,2,2355,0.0,1.0,0.0,-0.0
PF07352,PF01325,2,3,0,2,3,2353,0.0,1.0,0.0,-0.0,3,0,2,3,2353,0.0,1.0,0.0,-0.0
PF09696,PF10244,19,9,3,16,6,2333,0.33,0.99,0.16,0.23,9,3,16,6,2333,0.33,0.99,0.16,0.23
PF15934,PF15821,0,0,0,0,0,2358,0,1.0,0,0,0,0,0,0,2358,0,1.0,0,0
PF05611,PF07353,0,3,0,0,3,2355,0.0,1.0,0,0,3,0,0,3,2355,0.0,1.0,0,0
PF01620,PF14984,0,3,0,0,3,2355,0.0,1.0,0,0,3,0,0,3,2355,0.0,1.0,0,0
PF12949,PF09402,21,23,19,2,4,2333,0.83,1.0,0.9,0.86,23,19,2,4,2333,0.83,1.0,0.9,0.86
PF00466,PF03647,33,25,12,21,13,2312,0.48,0.99,0.36,0.41,25,12,21,13,2312,0.48,0.99,0.36,0.41
PF10080,PF10634,1,1,1,0,0,2357,1.0,1.0,1.0,1.0,1,1,0,0,2357,1.0,1.0,1.0,1.0
PF05078,PF05910,6,16,1,5,15,2337,0.06,0.99,0.17,0.1,16,1,5,15,2337,0.06,0.99,0.17,0.1
PF10458,PF06827,13,16,4,9,12,2333,0.25,0.99,0.31,0.27,16,4,9,12,2333,0.25,0.99,0.31,0.27
PF06595,PF03155,0,37,0,0,37,2321,0.0,0.98,0,0,37,0,0,37,2321,0.0,0.98,0,0
PF01393,PF17218,25,3,1,24,2,2331,0.33,0.99,0.04,0.11,3,1,24,2,2331,0.33,0.99,0.04,0.11
PF04253,PF09747,29,17,10,19,7,2322,0.59,0.99,0.34,0.45,17,10,19,7,2322,0.59,0.99,0.34,0.45
PF05504,PF03592,15,1,0,15,1,2342,0.0,0.99,0.0,-0.0,1,0,15,1,2342,0.0,0.99,0.0,-0.0
PF03089,PF13341,5,3,3,2,0,2353,1.0,1.0,0.6,0.77,3,3,2,0,2353,1.0,1.0,0.6,0.77
PF15036,PF15125,4,4,0,4,4,2350,0.0,1.0,0.0,-0.0,4,0,4,4,2350,0.0,1.0,0.0,-0.0
PF10366,PF10367,32,42,26,6,16,2310,0.62,0.99,0.81,0.7,42,26,6,16,2310,0.62,0.99,0.81,0.7
PF11827,PF15518,0,3,0,0,3,2355,0.0,1.0,0,0,3,0,0,3,2355,0.0,1.0,0,0
PF14700,PF00940,16,15,13,3,2,2340,0.87,1.0,0.81,0.84,15,13,3,2,2340,0.87,1.0,0.81,0.84
PF00453,PF00499,32,6,1,31,5,2321,0.17,0.98,0.03,0.07,6,1,31,5,2321,0.17,0.98,0.03,0.07
PF08515,PF01064,14,30,13,1,17,2327,0.43,0.99,0.93,0.63,30,13,1,17,2327,0.43,0.99,0.93,0.63
PF12751,PF11510,2,9,0,2,9,2347,0.0,1.0,0.0,-0.0,9,0,2,9,2347,0.0,1.0,0.0,-0.0
PF04729,PF07798,18,14,5,13,9,2331,0.36,0.99,0.28,0.31,14,5,13,9,2331,0.36,0.99,0.28,0.31
PF15628,PF15629,5,1,1,4,0,2353,1.0,1.0,0.2,0.45,1,1,4,0,2353,1.0,1.0,0.2,0.45
PF01312,PF17193,3,0,0,3,0,2355,0,1.0,0.0,0,0,0,3,0,2355,0,1.0,0.0,0
PF05326,PF08404,1,1,0,1,1,2356,0.0,1.0,0.0,-0.0,1,0,1,1,2356,0.0,1.0,0.0,-0.0
PF15826,PF03406,4,0,0,4,0,2354,0,1.0,0.0,0,0,0,4,0,2354,0,1.0,0.0,0
PF08269,PF16836,0,3,0,0,3,2355,0.0,1.0,0,0,3,0,0,3,2355,0.0,1.0,0,0
PF05728,PF13094,8,1,0,8,1,2349,0.0,1.0,0.0,-0.0,1,0,8,1,2349,0.0,1.0,0.0,-0.0
PF03556,PF01160,34,4,0,34,4,2320,0.0,0.98,0.0,-0.0,4,0,34,4,2320,0.0,0.98,0.0,-0.0
PF03481,PF10437,11,3,1,10,2,2345,0.33,0.99,0.09,0.17,3,1,10,2,2345,0.33,0.99,0.09,0.17
PF05544,PF02162,5,8,3,2,5,2348,0.38,1.0,0.6,0.47,8,3,2,5,2348,0.38,1.0,0.6,0.47
PF09470,PF10856,0,0,0,0,0,2358,0,1.0,0,0,0,0,0,0,2358,0,1.0,0,0
PF00321,PF06232,1,5,0,1,5,2352,0.0,1.0,0.0,-0.0,5,0,1,5,2352,0.0,1.0,0.0,-0.0
PF07729,PF00392,26,34,25,1,9,2323,0.74,1.0,0.96,0.84,34,25,1,9,2323,0.74,1.0,0.96,0.84
PF02800,PF00044,44,43,30,14,13,2301,0.7,0.99,0.68,0.68,43,30,14,13,2301,0.7,0.99,0.68,0.68
PF15800,PF14554,4,3,2,2,1,2353,0.67,1.0,0.5,0.58,3,2,2,1,2353,0.67,1.0,0.5,0.58
PF02256,PF02906,8,26,8,0,18,2332,0.31,0.99,1.0,0.55,26,8,0,18,2332,0.31,0.99,1.0,0.55
PF06573,PF15207,4,3,0,4,3,2351,0.0,1.0,0.0,-0.0,3,0,4,3,2351,0.0,1.0,0.0,-0.0
PF00332,PF07983,46,25,19,27,6,2306,0.76,0.99,0.41,0.55,25,19,27,6,2306,0.76,0.99,0.41,0.55
PF11346,PF03238,2,0,0,2,0,2356,0,1.0,0.0,0,0,0,2,0,2356,0,1.0,0.0,0
PF03849,PF00793,24,23,4,20,19,2315,0.17,0.98,0.17,0.16,23,4,20,19,2315,0.17,0.98,0.17,0.16
PF02751,PF02268,28,25,24,4,1,2329,0.96,1.0,0.86,0.91,25,24,4,1,2329,0.96,1.0,0.86,0.91
PF04667,PF01987,14,14,3,11,11,2333,0.21,0.99,0.21,0.21,14,3,11,11,2333,0.21,0.99,0.21,0.21
PF15242,PF04714,1,5,0,1,5,2352,0.0,1.0,0.0,-0.0,5,0,1,5,2352,0.0,1.0,0.0,-0.0
PF02767,PF02768,12,12,12,0,0,2346,1.0,1.0,1.0,1.0,12,12,0,0,2346,1.0,1.0,1.0,1.0
PF06978,PF08170,13,10,10,3,0,2345,1.0,1.0,0.77,0.88,10,10,3,0,2345,1.0,1.0,0.77,0.88
PF14737,PF07929,17,9,1,16,8,2333,0.11,0.99,0.06,0.08,9,1,16,8,2333,0.11,0.99,0.06,0.08
PF08365,PF00049,2,13,2,0,11,2345,0.15,1.0,1.0,0.39,13,2,0,11,2345,0.15,1.0,1.0,0.39
PF11385,PF11081,0,1,0,0,1,2357,0.0,1.0,0,0,1,0,0,1,2357,0.0,1.0,0,0
PF07059,PF10457,13,16,4,9,12,2333,0.25,0.99,0.31,0.27,16,4,9,12,2333,0.25,0.99,0.31,0.27
PF03249,PF06140,1,13,1,0,12,2345,0.08,0.99,1.0,0.28,13,1,0,12,2345,0.08,0.99,1.0,0.28
PF04338,PF02609,0,3,0,0,3,2355,0.0,1.0,0,0,3,0,0,3,2355,0.0,1.0,0,0
PF03326,PF13655,1,9,0,1,9,2348,0.0,1.0,0.0,-0.0,9,0,1,9,2348,0.0,1.0,0.0,-0.0
PF08629,PF08778,3,6,1,2,5,2350,0.17,1.0,0.33,0.23,6,1,2,5,2350,0.17,1.0,0.33,0.23
PF10486,PF04747,2,0,0,2,0,2356,0,1.0,0.0,0,0,0,2,0,2356,0,1.0,0.0,0
PF03364,PF11303,23,2,1,22,1,2334,0.5,0.99,0.04,0.15,2,1,22,1,2334,0.5,0.99,0.04,0.15
PF13363,PF10435,14,14,14,0,0,2344,1.0,1.0,1.0,1.0,14,14,0,0,2344,1.0,1.0,1.0,1.0
PF07039,PF01980,18,5,0,18,5,2335,0.0,0.99,0.0,-0.0,5,0,18,5,2335,0.0,0.99,0.0,-0.0
PF05970,PF14214,78,46,36,42,10,2270,0.78,0.98,0.46,0.59,46,36,42,10,2270,0.78,0.98,0.46,0.59
PF10961,PF07449,11,1,1,10,0,2347,1.0,1.0,0.09,0.3,1,1,10,0,2347,1.0,1.0,0.09,0.3
PF14009,PF14368,17,34,4,13,30,2311,0.12,0.98,0.24,0.16,34,4,13,30,2311,0.12,0.98,0.24,0.16
PF14121,PF02820,0,45,0,0,45,2313,0.0,0.98,0,0,45,0,0,45,2313,0.0,0.98,0,0
PF13269,PF15518,0,3,0,0,3,2355,0.0,1.0,0,0,3,0,0,3,2355,0.0,1.0,0,0
PF17185,PF16888,0,0,0,0,0,2358,0,1.0,0,0,0,0,0,0,2358,0,1.0,0,0
PF12081,PF08479,0,1,0,0,1,2357,0.0,1.0,0,0,1,0,0,1,2357,0.0,1.0,0,0
PF12031,PF01388,13,71,10,3,61,2284,0.14,0.97,0.77,0.32,71,10,3,61,2284,0.14,0.97,0.77,0.32
PF04088,PF08397,7,20,2,5,18,2333,0.1,0.99,0.29,0.16,20,2,5,18,2333,0.1,0.99,0.29,0.16
PF09138,PF08228,19,4,2,17,2,2337,0.5,0.99,0.11,0.23,4,2,17,2,2337,0.5,0.99,0.11,0.23
PF01250,PF10276,30,4,2,28,2,2326,0.5,0.99,0.07,0.18,4,2,28,2,2326,0.5,0.99,0.07,0.18
PF17223,PF01269,1,32,0,1,32,2325,0.0,0.99,0.0,-0.0,32,0,1,32,2325,0.0,0.99,0.0,-0.0
PF05731,PF05386,12,2,2,10,0,2346,1.0,1.0,0.17,0.41,2,2,10,0,2346,1.0,1.0,0.17,0.41
PF07850,PF05450,20,23,4,16,19,2319,0.17,0.99,0.2,0.18,23,4,16,19,2319,0.17,0.99,0.2,0.18
PF15982,PF14360,3,22,1,2,21,2334,0.05,0.99,0.33,0.12,22,1,2,21,2334,0.05,0.99,0.33,0.12
PF09207,PF16011,3,3,0,3,3,2352,0.0,1.0,0.0,-0.0,3,0,3,3,2352,0.0,1.0,0.0,-0.0
PF11870,PF02589,0,8,0,0,8,2350,0.0,1.0,0,0,8,0,0,8,2350,0.0,1.0,0,0
PF02177,PF10515,12,11,11,1,0,2346,1.0,1.0,0.92,0.96,11,11,1,0,2346,1.0,1.0,0.92,0.96
PF07661,PF04717,3,0,0,3,0,2355,0,1.0,0.0,0,0,0,3,0,2355,0,1.0,0.0,0
PF14949,PF12596,13,7,2,11,5,2340,0.29,0.99,0.15,0.21,7,2,11,5,2340,0.29,0.99,0.15,0.21
PF01764,PF04577,102,36,21,81,15,2241,0.58,0.96,0.21,0.33,36,21,81,15,2241,0.58,0.96,0.21,0.33
PF00626,PF04810,96,52,45,51,7,2255,0.87,0.98,0.47,0.63,52,45,51,7,2255,0.87,0.98,0.47,0.63
PF15333,PF05399,3,1,0,3,1,2354,0.0,1.0,0.0,-0.0,1,0,3,1,2354,0.0,1.0,0.0,-0.0
PF14048,PF16564,22,21,21,1,0,2336,1.0,1.0,0.95,0.98,21,21,1,0,2336,1.0,1.0,0.95,0.98
PF03927,PF09092,0,2,0,0,2,2356,0.0,1.0,0,0,2,0,0,2,2356,0.0,1.0,0,0
PF10141,PF12779,1,0,0,1,0,2357,0,1.0,0.0,0,0,0,1,0,2357,0,1.0,0.0,0
PF05914,PF15302,3,0,0,3,0,2355,0,1.0,0.0,0,0,0,3,0,2355,0,1.0,0.0,0
PF03493,PF03520,24,15,10,14,5,2329,0.67,0.99,0.42,0.52,15,10,14,5,2329,0.67,0.99,0.42,0.52
PF17031,PF07413,0,0,0,0,0,2358,0,1.0,0,0,0,0,0,0,2358,0,1.0,0,0
PF00984,PF03720,11,9,9,2,0,2347,1.0,1.0,0.82,0.9,9,9,2,0,2347,1.0,1.0,0.82,0.9
PF09931,PF09444,1,3,0,1,3,2354,0.0,1.0,0.0,-0.0,3,0,1,3,2354,0.0,1.0,0.0,-0.0
PF17144,PF14204,24,28,20,4,8,2326,0.71,0.99,0.83,0.77,28,20,4,8,2326,0.71,0.99,0.83,0.77
PF03166,PF00859,35,6,5,30,1,2322,0.83,0.99,0.14,0.34,6,5,30,1,2322,0.83,0.99,0.14,0.34
PF06309,PF07542,10,22,2,8,20,2328,0.09,0.99,0.2,0.13,22,2,8,20,2328,0.09,0.99,0.2,0.13
PF04603,PF01774,11,16,1,10,15,2332,0.06,0.99,0.09,0.07,16,1,10,15,2332,0.06,0.99,0.09,0.07
PF09740,PF15292,1,0,0,1,0,2357,0,1.0,0.0,0,0,0,1,0,2357,0,1.0,0.0,0
PF07766,PF01985,26,14,6,20,8,2324,0.43,0.99,0.23,0.31,14,6,20,8,2324,0.43,0.99,0.23,0.31
PF05181,PF07111,19,5,1,18,4,2335,0.2,0.99,0.05,0.1,5,1,18,4,2335,0.2,0.99,0.05,0.1
PF02536,PF01066,75,70,25,50,45,2238,0.36,0.96,0.33,0.32,70,25,50,45,2238,0.36,0.96,0.33,0.32
PF10522,PF05716,8,6,2,6,4,2346,0.33,1.0,0.25,0.29,6,2,6,4,2346,0.33,1.0,0.25,0.29
PF00787,PF09325,139,37,35,104,2,2217,0.95,0.96,0.25,0.48,37,35,104,2,2217,0.95,0.96,0.25,0.48
PF12061,PF05659,3,6,1,2,5,2350,0.17,1.0,0.33,0.23,6,1,2,5,2350,0.17,1.0,0.33,0.23
PF15995,PF15994,0,0,0,0,0,2358,0,1.0,0,0,0,0,0,0,2358,0,1.0,0,0
PF09269,PF15086,5,3,1,4,2,2351,0.33,1.0,0.2,0.26,3,1,4,2,2351,0.33,1.0,0.2,0.26
PF11068,PF00014,0,83,0,0,83,2275,0.0,0.96,0,0,83,0,0,83,2275,0.0,0.96,0,0
PF14910,PF14911,5,2,2,3,0,2353,1.0,1.0,0.4,0.63,2,2,3,0,2353,1.0,1.0,0.4,0.63
PF06687,PF13805,14,25,1,13,24,2320,0.04,0.98,0.07,0.05,25,1,13,24,2320,0.04,0.98,0.07,0.05
PF08393,PF12780,80,77,67,13,10,2268,0.87,0.99,0.84,0.85,77,67,13,10,2268,0.87,0.99,0.84,0.85
PF08620,PF12765,10,23,0,10,23,2325,0.0,0.99,0.0,-0.01,23,0,10,23,2325,0.0,0.99,0.0,-0.01
PF13251,PF08161,12,9,4,8,5,2341,0.44,0.99,0.33,0.38,9,4,8,5,2341,0.44,0.99,0.33,0.38
PF10406,PF04139,16,25,3,13,22,2320,0.12,0.99,0.19,0.14,25,3,13,22,2320,0.12,0.99,0.19,0.14
PF08846,PF08850,0,0,0,0,0,2358,0,1.0,0,0,0,0,0,0,2358,0,1.0,0,0
PF11640,PF15785,7,20,3,4,17,2334,0.15,0.99,0.43,0.25,20,3,4,17,2334,0.15,0.99,0.43,0.25
PF16682,PF16685,5,5,4,1,1,2352,0.8,1.0,0.8,0.8,5,4,1,1,2352,0.8,1.0,0.8,0.8
PF13446,PF14533,8,17,2,6,15,2335,0.12,0.99,0.25,0.17,17,2,6,15,2335,0.12,0.99,0.25,0.17
PF13241,PF14823,16,16,14,2,2,2340,0.88,1.0,0.88,0.87,16,14,2,2,2340,0.88,1.0,0.88,0.87
PF10271,PF15867,9,8,2,7,6,2343,0.25,0.99,0.22,0.23,8,2,7,6,2343,0.25,0.99,0.22,0.23
PF03009,PF03105,56,56,21,35,35,2267,0.38,0.97,0.38,0.36,56,21,35,35,2267,0.38,0.97,0.38,0.36
PF15620,PF15622,0,0,0,0,0,2358,0,1.0,0,0,0,0,0,0,2358,0,1.0,0,0
PF05703,PF08458,10,10,10,0,0,2348,1.0,1.0,1.0,1.0,10,10,0,0,2348,1.0,1.0,1.0,1.0
PF01628,PF08411,4,2,0,4,2,2352,0.0,1.0,0.0,-0.0,2,0,4,2,2352,0.0,1.0,0.0,-0.0
PF11598,PF01414,5,28,3,2,25,2328,0.11,0.99,0.6,0.25,28,3,2,25,2328,0.11,0.99,0.6,0.25
PF09972,PF09988,0,0,0,0,0,2358,0,1.0,0,0,0,0,0,0,2358,0,1.0,0,0
PF12013,PF00172,20,238,18,2,220,2118,0.08,0.91,0.9,0.25,238,18,2,220,2118,0.08,0.91,0.9,0.25
PF12146,PF03982,88,32,18,70,14,2256,0.56,0.96,0.2,0.32,32,18,70,14,2256,0.56,0.96,0.2,0.32
PF03623,PF06760,6,4,2,4,2,2350,0.5,1.0,0.33,0.41,4,2,4,2,2350,0.5,1.0,0.33,0.41
PF06421,PF00679,33,90,33,0,57,2268,0.37,0.98,1.0,0.6,90,33,0,57,2268,0.37,0.98,1.0,0.6
PF01027,PF01248,45,76,19,26,57,2256,0.25,0.96,0.42,0.31,76,19,26,57,2256,0.25,0.96,0.42,0.31
PF00200,PF08516,49,38,37,12,1,2308,0.97,0.99,0.76,0.85,38,37,12,1,2308,0.97,0.99,0.76,0.85
PF06291,PF02297,1,35,0,1,35,2322,0.0,0.98,0.0,-0.0,35,0,1,35,2322,0.0,0.98,0.0,-0.0
PF04146,PF03467,48,19,12,36,7,2303,0.63,0.98,0.25,0.39,19,12,36,7,2303,0.63,0.98,0.25,0.39
PF13759,PF09187,12,3,0,12,3,2343,0.0,0.99,0.0,-0.0,3,0,12,3,2343,0.0,0.99,0.0,-0.0
PF08140,PF03769,1,4,0,1,4,2353,0.0,1.0,0.0,-0.0,4,0,1,4,2353,0.0,1.0,0.0,-0.0
PF03968,PF05853,5,2,0,5,2,2351,0.0,1.0,0.0,-0.0,2,0,5,2,2351,0.0,1.0,0.0,-0.0
PF09297,PF09296,8,11,8,0,3,2347,0.73,1.0,1.0,0.85,11,8,0,3,2347,0.73,1.0,1.0,0.85
PF09538,PF13965,0,7,0,0,7,2351,0.0,1.0,0,0,7,0,0,7,2351,0.0,1.0,0,0
PF08155,PF06858,28,36,28,0,8,2322,0.78,1.0,1.0,0.88,36,28,0,8,2322,0.78,1.0,1.0,0.88
PF04781,PF04780,3,7,3,0,4,2351,0.43,1.0,1.0,0.65,7,3,0,4,2351,0.43,1.0,1.0,0.65
PF05874,PF03601,3,1,0,3,1,2354,0.0,1.0,0.0,-0.0,1,0,3,1,2354,0.0,1.0,0.0,-0.0
PF11738,PF02217,0,4,0,0,4,2354,0.0,1.0,0,0,4,0,0,4,2354,0.0,1.0,0,0
PF01223,PF01663,41,69,18,23,51,2266,0.26,0.97,0.44,0.32,69,18,23,51,2266,0.26,0.97,0.44,0.32
PF04945,PF13296,1,1,0,1,1,2356,0.0,1.0,0.0,-0.0,1,0,1,1,2356,0.0,1.0,0.0,-0.0
PF00094,PF08742,71,53,50,21,3,2284,0.94,0.99,0.7,0.81,53,50,21,3,2284,0.94,0.99,0.7,0.81
PF01607,PF15002,103,18,11,92,7,2248,0.61,0.96,0.11,0.24,18,11,92,7,2248,0.61,0.96,0.11,0.24
PF15766,PF15052,0,4,0,0,4,2354,0.0,1.0,0,0,4,0,0,4,2354,0.0,1.0,0,0
PF04303,PF03972,20,12,8,12,4,2334,0.67,0.99,0.4,0.51,12,8,12,4,2334,0.67,0.99,0.4,0.51
PF01265,PF09468,26,13,3,23,10,2322,0.23,0.99,0.12,0.16,13,3,23,10,2322,0.23,0.99,0.12,0.16
PF15178,PF05418,1,3,0,1,3,2354,0.0,1.0,0.0,-0.0,3,0,1,3,2354,0.0,1.0,0.0,-0.0
PF04108,PF03468,4,10,0,4,10,2344,0.0,0.99,0.0,-0.0,10,0,4,10,2344,0.0,0.99,0.0,-0.0
PF12828,PF12825,8,14,8,0,6,2344,0.57,1.0,1.0,0.75,14,8,0,6,2344,0.57,1.0,1.0,0.75
PF16455,PF01599,14,15,3,11,12,2332,0.2,0.99,0.21,0.2,15,3,11,12,2332,0.2,0.99,0.21,0.2
PF03380,PF15724,0,1,0,0,1,2357,0.0,1.0,0,0,1,0,0,1,2357,0.0,1.0,0,0
PF03483,PF03484,35,26,26,9,0,2323,1.0,1.0,0.74,0.86,26,26,9,0,2323,1.0,1.0,0.74,0.86
PF15366,PF08404,0,1,0,0,1,2357,0.0,1.0,0,0,1,0,0,1,2357,0.0,1.0,0,0
PF12041,PF03514,5,30,0,5,30,2323,0.0,0.99,0.0,-0.01,30,0,5,30,2323,0.0,0.99,0.0,-0.01
PF04658,PF10234,19,6,0,19,6,2333,0.0,0.99,0.0,-0.0,6,0,19,6,2333,0.0,0.99,0.0,-0.0
PF11711,PF10775,2,2,0,2,2,2354,0.0,1.0,0.0,-0.0,2,0,2,2,2354,0.0,1.0,0.0,-0.0
PF16771,PF05947,0,0,0,0,0,2358,0,1.0,0,0,0,0,0,0,2358,0,1.0,0,0
PF00098,PF02093,181,9,7,174,2,2175,0.78,0.93,0.04,0.16,9,7,174,2,2175,0.78,0.93,0.04,0.16
PF06227,PF15775,0,0,0,0,0,2358,0,1.0,0,0,0,0,0,0,2358,0,1.0,0,0
PF08589,PF14519,8,0,0,8,0,2350,0,1.0,0.0,0,0,0,8,0,2350,0,1.0,0.0,0
PF01160,PF15346,4,5,0,4,5,2349,0.0,1.0,0.0,-0.0,5,0,4,5,2349,0.0,1.0,0.0,-0.0
PF04143,PF12716,4,0,0,4,0,2354,0,1.0,0.0,0,0,0,4,0,2354,0,1.0,0.0,0
PF15201,PF10690,0,0,0,0,0,2358,0,1.0,0,0,0,0,0,0,2358,0,1.0,0,0
PF12374,PF08828,2,3,2,0,1,2355,0.67,1.0,1.0,0.82,3,2,0,1,2355,0.67,1.0,1.0,0.82
PF00596,PF13419,61,94,29,32,65,2232,0.31,0.96,0.48,0.36,94,29,32,65,2232,0.31,0.96,0.48,0.36
PF09848,PF07778,17,12,2,15,10,2331,0.17,0.99,0.12,0.13,12,2,15,10,2331,0.17,0.99,0.12,0.13
PF12156,PF09040,3,9,2,1,7,2348,0.22,1.0,0.67,0.38,9,2,1,7,2348,0.22,1.0,0.67,0.38
PF04564,PF14847,101,9,6,95,3,2254,0.67,0.96,0.06,0.19,9,6,95,3,2254,0.67,0.96,0.06,0.19
PF05556,PF14877,6,8,0,6,8,2344,0.0,0.99,0.0,-0.0,8,0,6,8,2344,0.0,0.99,0.0,-0.0
PF08163,PF15785,15,20,2,13,18,2325,0.1,0.99,0.13,0.11,20,2,13,18,2325,0.1,0.99,0.13,0.11
PF16044,PF09784,7,0,0,7,0,2351,0,1.0,0.0,0,0,0,7,0,2351,0,1.0,0.0,0
PF09976,PF14308,16,17,0,16,17,2325,0.0,0.99,0.0,-0.01,17,0,16,17,2325,0.0,0.99,0.0,-0.01
PF02898,PF09791,14,13,2,12,11,2333,0.15,0.99,0.14,0.14,13,2,12,11,2333,0.15,0.99,0.14,0.14
PF10506,PF11559,8,14,0,8,14,2336,0.0,0.99,0.0,-0.0,14,0,8,14,2336,0.0,0.99,0.0,-0.0
PF07945,PF09280,2,20,0,2,20,2336,0.0,0.99,0.0,-0.0,20,0,2,20,2336,0.0,0.99,0.0,-0.0
PF04072,PF13673,27,39,14,13,25,2306,0.36,0.98,0.52,0.42,39,14,13,25,2306,0.36,0.98,0.52,0.42
PF03827,PF08983,6,3,3,3,0,2352,1.0,1.0,0.5,0.71,3,3,3,0,2352,1.0,1.0,0.5,0.71
PF16098,PF16097,4,1,1,3,0,2354,1.0,1.0,0.25,0.5,1,1,3,0,2354,1.0,1.0,0.25,0.5
PF08647,PF10375,15,1,0,15,1,2342,0.0,0.99,0.0,-0.0,1,0,15,1,2342,0.0,0.99,0.0,-0.0
PF12566,PF04052,4,2,0,4,2,2352,0.0,1.0,0.0,-0.0,2,0,4,2,2352,0.0,1.0,0.0,-0.0
PF17011,PF01419,0,24,0,0,24,2334,0.0,0.99,0,0,24,0,0,24,2334,0.0,0.99,0,0
PF03388,PF08114,33,3,3,30,0,2325,1.0,0.99,0.09,0.3,3,3,30,0,2325,1.0,0.99,0.09,0.3
PF06773,PF14882,0,0,0,0,0,2358,0,1.0,0,0,0,0,0,0,2358,0,1.0,0,0
PF11233,PF15046,0,6,0,0,6,2352,0.0,1.0,0,0,6,0,0,6,2352,0.0,1.0,0,0
PF00734,PF02013,64,7,7,57,0,2294,1.0,0.98,0.11,0.33,7,7,57,0,2294,1.0,0.98,0.11,0.33
PF01493,PF00310,14,20,14,0,6,2338,0.7,1.0,1.0,0.84,20,14,0,6,2338,0.7,1.0,1.0,0.84
PF06903,PF04963,0,3,0,0,3,2355,0.0,1.0,0,0,3,0,0,3,2355,0.0,1.0,0,0
PF03344,PF09444,1,3,0,1,3,2354,0.0,1.0,0.0,-0.0,3,0,1,3,2354,0.0,1.0,0.0,-0.0
PF01425,PF01328,110,25,14,96,11,2237,0.56,0.95,0.13,0.25,25,14,96,11,2237,0.56,0.95,0.13,0.25
PF08744,PF03525,0,1,0,0,1,2357,0.0,1.0,0,0,1,0,0,1,2357,0.0,1.0,0,0
PF09345,PF07718,0,15,0,0,15,2343,0.0,0.99,0,0,15,0,0,15,2343,0.0,0.99,0,0
PF13473,PF13340,3,6,0,3,6,2349,0.0,1.0,0.0,-0.0,6,0,3,6,2349,0.0,1.0,0.0,-0.0
PF09127,PF11940,13,9,3,10,6,2339,0.33,0.99,0.23,0.27,9,3,10,6,2339,0.33,0.99,0.23,0.27
PF12338,PF00101,5,8,5,0,3,2350,0.62,1.0,1.0,0.79,8,5,0,3,2350,0.62,1.0,1.0,0.79
PF04788,PF03195,7,15,3,4,12,2339,0.2,0.99,0.43,0.29,15,3,4,12,2339,0.2,0.99,0.43,0.29
PF00057,PF16472,135,10,10,125,0,2223,1.0,0.95,0.07,0.26,10,10,125,0,2223,1.0,0.95,0.07,0.26
PF13543,PF09128,4,11,1,3,10,2344,0.09,0.99,0.25,0.15,11,1,3,10,2344,0.09,0.99,0.25,0.15
PF13342,PF11304,3,0,0,3,0,2355,0,1.0,0.0,0,0,0,3,0,2355,0,1.0,0.0,0
PF00276,PF02733,53,26,12,41,14,2291,0.46,0.98,0.23,0.31,26,12,41,14,2291,0.46,0.98,0.23,0.31
PF11864,PF03542,9,9,9,0,0,2349,1.0,1.0,1.0,1.0,9,9,0,0,2349,1.0,1.0,1.0,1.0
PF03108,PF04434,30,40,22,8,18,2310,0.55,0.99,0.73,0.63,40,22,8,18,2310,0.55,0.99,0.73,0.63
PF08534,PF04667,38,14,1,37,13,2307,0.07,0.98,0.03,0.03,14,1,37,13,2307,0.07,0.98,0.03,0.03
PF07988,PF08558,4,14,1,3,13,2341,0.07,0.99,0.25,0.13,14,1,3,13,2341,0.07,0.99,0.25,0.13
PF15722,PF16829,0,0,0,0,0,2358,0,1.0,0,0,0,0,0,0,2358,0,1.0,0,0
PF12643,PF12638,6,7,1,5,6,2346,0.14,1.0,0.17,0.15,7,1,5,6,2346,0.14,1.0,0.17,0.15
PF04810,PF04815,52,52,45,7,7,2299,0.87,0.99,0.87,0.86,52,45,7,7,2299,0.87,0.99,0.87,0.86
PF13577,PF00296,14,29,7,7,22,2322,0.24,0.99,0.5,0.34,29,7,7,22,2322,0.24,0.99,0.5,0.34
PF09463,PF10446,0,1,0,0,1,2357,0.0,1.0,0,0,1,0,0,1,2357,0.0,1.0,0,0
PF06044,PF12299,2,0,0,2,0,2356,0,1.0,0.0,0,0,0,2,0,2356,0,1.0,0.0,0
PF04186,PF15713,1,2,0,1,2,2355,0.0,1.0,0.0,-0.0,2,0,1,2,2355,0.0,1.0,0.0,-0.0
PF12401,PF00791,0,33,0,0,33,2325,0.0,0.99,0,0,33,0,0,33,2325,0.0,0.99,0,0
PF01653,PF03119,19,8,8,11,0,2339,1.0,1.0,0.42,0.65,8,8,11,0,2339,1.0,1.0,0.42,0.65
PF14340,PF06936,5,10,3,2,7,2346,0.3,1.0,0.6,0.42,10,3,2,7,2346,0.3,1.0,0.6,0.42
PF14311,PF14743,4,6,4,0,2,2352,0.67,1.0,1.0,0.82,6,4,0,2,2352,0.67,1.0,1.0,0.82
PF00254,PF13174,105,29,16,89,13,2240,0.55,0.96,0.15,0.27,29,16,89,13,2240,0.55,0.96,0.15,0.27
PF06640,PF07988,1,4,0,1,4,2353,0.0,1.0,0.0,-0.0,4,0,1,4,2353,0.0,1.0,0.0,-0.0
PF03284,PF13366,1,0,0,1,0,2357,0,1.0,0.0,0,0,0,1,0,2357,0,1.0,0.0,0
PF01375,PF12726,8,7,0,8,7,2343,0.0,0.99,0.0,-0.0,7,0,8,7,2343,0.0,0.99,0.0,-0.0
PF00874,PF03123,8,5,5,3,0,2350,1.0,1.0,0.62,0.79,5,5,3,0,2350,1.0,1.0,0.62,0.79
PF15357,PF04754,0,3,0,0,3,2355,0.0,1.0,0,0,3,0,0,3,2355,0.0,1.0,0,0
PF00899,PF16420,113,18,18,95,0,2245,1.0,0.96,0.16,0.39,18,18,95,0,2245,1.0,0.96,0.16,0.39
PF00416,PF00411,42,40,14,28,26,2290,0.35,0.98,0.33,0.33,40,14,28,26,2290,0.35,0.98,0.33,0.33
PF05527,PF08718,10,27,2,8,25,2323,0.07,0.99,0.2,0.12,27,2,8,25,2323,0.07,0.99,0.2,0.12
PF05972,PF05923,12,13,12,0,1,2345,0.92,1.0,1.0,0.96,13,12,0,1,2345,0.92,1.0,1.0,0.96
PF07543,PF14087,11,14,5,6,9,2338,0.36,0.99,0.45,0.4,14,5,6,9,2338,0.36,0.99,0.45,0.4
PF05919,PF09216,7,0,0,7,0,2351,0,1.0,0.0,0,0,0,7,0,2351,0,1.0,0.0,0
PF08226,PF12761,21,15,6,15,9,2328,0.4,0.99,0.29,0.33,15,6,15,9,2328,0.4,0.99,0.29,0.33
PF08011,PF01136,0,2,0,0,2,2356,0.0,1.0,0,0,2,0,0,2,2356,0.0,1.0,0,0
PF01335,PF13820,23,8,4,19,4,2331,0.5,0.99,0.17,0.29,8,4,19,4,2331,0.5,0.99,0.17,0.29
PF14939,PF15997,11,0,0,11,0,2347,0,1.0,0.0,0,0,0,11,0,2347,0,1.0,0.0,0
PF11701,PF12770,13,22,5,8,17,2328,0.23,0.99,0.38,0.29,22,5,8,17,2328,0.23,0.99,0.38,0.29
PF12246,PF12247,6,6,6,0,0,2352,1.0,1.0,1.0,1.0,6,6,0,0,2352,1.0,1.0,1.0,1.0
PF04954,PF11751,0,0,0,0,0,2358,0,1.0,0,0,0,0,0,0,2358,0,1.0,0,0
PF08349,PF04671,3,3,0,3,3,2352,0.0,1.0,0.0,-0.0,3,0,3,3,2352,0.0,1.0,0.0,-0.0
PF05892,PF13330,1,25,0,1,25,2332,0.0,0.99,0.0,-0.0,25,0,1,25,2332,0.0,0.99,0.0,-0.0
PF03971,PF07805,4,1,0,4,1,2353,0.0,1.0,0.0,-0.0,1,0,4,1,2353,0.0,1.0,0.0,-0.0
PF16075,PF08744,0,0,0,0,0,2358,0,1.0,0,0,0,0,0,0,2358,0,1.0,0,0
PF15901,PF15902,19,24,19,0,5,2334,0.79,1.0,1.0,0.89,24,19,0,5,2334,0.79,1.0,1.0,0.89
PF00857,PF14923,64,2,2,62,0,2294,1.0,0.97,0.03,0.17,2,2,62,0,2294,1.0,0.97,0.03,0.17
PF14615,PF03713,9,0,0,9,0,2349,0,1.0,0.0,0,0,0,9,0,2349,0,1.0,0.0,0
PF13699,PF04476,0,0,0,0,0,2358,0,1.0,0,0,0,0,0,0,2358,0,1.0,0,0
PF08463,PF03146,3,4,0,3,4,2351,0.0,1.0,0.0,-0.0,4,0,3,4,2351,0.0,1.0,0.0,-0.0
PF03658,PF05934,0,10,0,0,10,2348,0.0,1.0,0,0,10,0,0,10,2348,0.0,1.0,0,0
PF02768,PF02767,12,12,12,0,0,2346,1.0,1.0,1.0,1.0,12,12,0,0,2346,1.0,1.0,1.0,1.0
PF00756,PF12311,32,4,2,30,2,2324,0.5,0.99,0.06,0.17,4,2,30,2,2324,0.5,0.99,0.06,0.17
PF07831,PF02885,4,13,4,0,9,2345,0.31,1.0,1.0,0.55,13,4,0,9,2345,0.31,1.0,1.0,0.55
PF00942,PF02927,3,3,2,1,1,2354,0.67,1.0,0.67,0.67,3,2,1,1,2354,0.67,1.0,0.67,0.67
PF05860,PF11245,0,0,0,0,0,2358,0,1.0,0,0,0,0,0,0,2358,0,1.0,0,0
PF13239,PF13811,0,0,0,0,0,2358,0,1.0,0,0,0,0,0,0,2358,0,1.0,0,0
PF08825,PF16420,14,18,2,12,16,2328,0.11,0.99,0.14,0.12,18,2,12,16,2328,0.11,0.99,0.14,0.12
PF04847,PF14935,19,3,1,18,2,2337,0.33,0.99,0.05,0.13,3,1,18,2,2337,0.33,0.99,0.05,0.13
PF14322,PF05513,0,4,0,0,4,2354,0.0,1.0,0,0,4,0,0,4,2354,0.0,1.0,0,0
PF07213,PF14967,9,3,3,6,0,2349,1.0,1.0,0.33,0.58,3,3,6,0,2349,1.0,1.0,0.33,0.58
PF09175,PF06448,4,12,2,2,10,2344,0.17,0.99,0.5,0.29,12,2,2,10,2344,0.17,0.99,0.5,0.29
PF04825,PF15917,32,2,1,31,1,2325,0.5,0.99,0.03,0.12,2,1,31,1,2325,0.5,0.99,0.03,0.12
PF02639,PF14467,2,0,0,2,0,2356,0,1.0,0.0,0,0,0,2,0,2356,0,1.0,0.0,0
PF11398,PF01874,0,3,0,0,3,2355,0.0,1.0,0,0,3,0,0,3,2355,0.0,1.0,0,0
PF06870,PF05995,18,19,1,17,18,2322,0.05,0.99,0.06,0.05,19,1,17,18,2322,0.05,0.99,0.06,0.05
PF05418,PF15662,3,0,0,3,0,2355,0,1.0,0.0,0,0,0,3,0,2355,0,1.0,0.0,0
PF11947,PF07011,4,3,0,4,3,2351,0.0,1.0,0.0,-0.0,3,0,4,3,2351,0.0,1.0,0.0,-0.0
PF00769,PF09766,17,18,8,9,10,2331,0.44,0.99,0.47,0.45,18,8,9,10,2331,0.44,0.99,0.47,0.45
PF07021,PF08497,1,0,0,1,0,2357,0,1.0,0.0,0,0,0,1,0,2357,0,1.0,0.0,0
PF10946,PF16108,0,0,0,0,0,2358,0,1.0,0,0,0,0,0,0,2358,0,1.0,0,0
PF00545,PF09056,5,8,2,3,6,2347,0.25,1.0,0.4,0.31,8,2,3,6,2347,0.25,1.0,0.4,0.31
PF01082,PF03712,28,26,26,2,0,2330,1.0,1.0,0.93,0.96,26,26,2,0,2330,1.0,1.0,0.93,0.96
PF13593,PF05254,8,15,0,8,15,2335,0.0,0.99,0.0,-0.0,15,0,8,15,2335,0.0,0.99,0.0,-0.0
PF00377,PF01620,4,0,0,4,0,2354,0,1.0,0.0,0,0,0,4,0,2354,0,1.0,0.0,0
PF09668,PF09280,28,20,9,19,11,2319,0.45,0.99,0.32,0.37,20,9,19,11,2319,0.45,0.99,0.32,0.37
PF11693,PF06276,4,3,0,4,3,2351,0.0,1.0,0.0,-0.0,3,0,4,3,2351,0.0,1.0,0.0,-0.0
PF15007,PF05841,0,3,0,0,3,2355,0.0,1.0,0,0,3,0,0,3,2355,0.0,1.0,0,0
PF16783,PF10927,5,0,0,5,0,2353,0,1.0,0.0,0,0,0,5,0,2353,0,1.0,0.0,0
PF05890,PF09814,20,21,3,17,18,2320,0.14,0.99,0.15,0.14,21,3,17,18,2320,0.14,0.99,0.15,0.14
PF12735,PF12955,3,5,0,3,5,2350,0.0,1.0,0.0,-0.0,5,0,3,5,2350,0.0,1.0,0.0,-0.0
PF13905,PF03107,32,31,14,18,17,2309,0.45,0.99,0.44,0.44,31,14,18,17,2309,0.45,0.99,0.44,0.44
PF16899,PF02984,24,79,7,17,72,2262,0.09,0.96,0.29,0.15,79,7,17,72,2262,0.09,0.96,0.29,0.15
PF02187,PF14923,28,2,2,26,0,2330,1.0,0.99,0.07,0.27,2,2,26,0,2330,1.0,0.99,0.07,0.27
PF01562,PF00200,59,49,37,22,12,2287,0.76,0.99,0.63,0.68,49,37,22,12,2287,0.76,0.99,0.63,0.68
PF01268,PF00763,20,37,17,3,20,2318,0.46,0.99,0.85,0.62,37,17,3,20,2318,0.46,0.99,0.85,0.62
PF15803,PF15805,0,0,0,0,0,2358,0,1.0,0,0,0,0,0,0,2358,0,1.0,0,0
PF11781,PF10441,12,12,5,7,7,2339,0.42,0.99,0.42,0.41,12,5,7,7,2339,0.42,0.99,0.42,0.41
PF01166,PF15910,10,0,0,10,0,2348,0,1.0,0.0,0,0,0,10,0,2348,0,1.0,0.0,0
PF05192,PF05190,79,11,7,72,4,2275,0.64,0.97,0.09,0.23,11,7,72,4,2275,0.64,0.97,0.09,0.23
PF02498,PF05272,0,0,0,0,0,2358,0,1.0,0,0,0,0,0,0,2358,0,1.0,0,0
PF03616,PF08497,3,0,0,3,0,2355,0,1.0,0.0,0,0,0,3,0,2355,0,1.0,0.0,0
PF02554,PF01580,2,7,0,2,7,2349,0.0,1.0,0.0,-0.0,7,0,2,7,2349,0.0,1.0,0.0,-0.0
PF08367,PF16187,10,34,2,8,32,2316,0.06,0.98,0.2,0.1,34,2,8,32,2316,0.06,0.98,0.2,0.1
PF04636,PF05428,17,1,0,17,1,2340,0.0,0.99,0.0,-0.0,1,0,17,1,2340,0.0,0.99,0.0,-0.0
PF06942,PF15434,0,1,0,0,1,2357,0.0,1.0,0,0,1,0,0,1,2357,0.0,1.0,0,0
PF12075,PF12297,14,1,0,14,1,2343,0.0,0.99,0.0,-0.0,1,0,14,1,2343,0.0,0.99,0.0,-0.0
PF15448,PF15447,3,3,3,0,0,2355,1.0,1.0,1.0,1.0,3,3,0,0,2355,1.0,1.0,1.0,1.0
PF05593,PF06484,10,6,2,8,4,2344,0.33,0.99,0.2,0.26,6,2,8,4,2344,0.33,0.99,0.2,0.26
PF10411,PF12477,0,0,0,0,0,2358,0,1.0,0,0,0,0,0,0,2358,0,1.0,0,0
PF10694,PF07399,4,4,2,2,2,2352,0.5,1.0,0.5,0.5,4,2,2,2,2352,0.5,1.0,0.5,0.5
PF09594,PF09834,1,0,0,1,0,2357,0,1.0,0.0,0,0,0,1,0,2357,0,1.0,0.0,0
PF14484,PF02758,22,18,11,11,7,2329,0.61,0.99,0.5,0.55,18,11,11,7,2329,0.61,0.99,0.5,0.55
PF02670,PF13288,24,8,6,18,2,2332,0.75,0.99,0.25,0.43,8,6,18,2,2332,0.75,0.99,0.25,0.43
PF16195,PF16191,4,6,1,3,5,2349,0.17,1.0,0.25,0.2,6,1,3,5,2349,0.17,1.0,0.25,0.2
PF09317,PF12806,6,5,5,1,0,2352,1.0,1.0,0.83,0.91,5,5,1,0,2352,1.0,1.0,0.83,0.91
PF08439,PF06719,3,3,0,3,3,2352,0.0,1.0,0.0,-0.0,3,0,3,3,2352,0.0,1.0,0.0,-0.0
PF09746,PF07217,16,10,1,15,9,2333,0.1,0.99,0.06,0.07,10,1,15,9,2333,0.1,0.99,0.06,0.07
PF13460,PF08547,75,26,20,55,6,2277,0.77,0.97,0.27,0.44,26,20,55,6,2277,0.77,0.97,0.27,0.44
PF14368,PF04720,34,15,5,29,10,2314,0.33,0.98,0.15,0.21,15,5,29,10,2314,0.33,0.98,0.15,0.21
PF02844,PF02843,21,21,21,0,0,2337,1.0,1.0,1.0,1.0,21,21,0,0,2337,1.0,1.0,1.0,1.0
PF04408,PF07717,148,133,130,18,3,2207,0.98,0.99,0.88,0.92,133,130,18,3,2207,0.98,0.99,0.88,0.92
PF09756,PF04367,11,3,1,10,2,2345,0.33,0.99,0.09,0.17,3,1,10,2,2345,0.33,0.99,0.09,0.17
PF15678,PF13836,1,0,0,1,0,2357,0,1.0,0.0,0,0,0,1,0,2357,0,1.0,0.0,0
PF00314,PF03822,40,9,5,35,4,2314,0.56,0.98,0.12,0.26,9,5,35,4,2314,0.56,0.98,0.12,0.26
PF01987,PF04667,14,14,3,11,11,2333,0.21,0.99,0.21,0.21,14,3,11,11,2333,0.21,0.99,0.21,0.21
PF05502,PF10443,5,9,3,2,6,2347,0.33,1.0,0.6,0.45,9,3,2,6,2347,0.33,1.0,0.6,0.45
PF06535,PF06534,0,0,0,0,0,2358,0,1.0,0,0,0,0,0,0,2358,0,1.0,0,0
PF12139,PF12617,0,0,0,0,0,2358,0,1.0,0,0,0,0,0,0,2358,0,1.0,0,0
PF10793,PF15623,1,0,0,1,0,2357,0,1.0,0.0,0,0,0,1,0,2357,0,1.0,0.0,0
PF14668,PF14664,22,21,20,2,1,2335,0.95,1.0,0.91,0.93,21,20,2,1,2335,0.95,1.0,0.91,0.93
PF08285,PF05336,5,6,0,5,6,2347,0.0,1.0,0.0,-0.0,6,0,5,6,2347,0.0,1.0,0.0,-0.0
PF01672,PF02259,0,67,0,0,67,2291,0.0,0.97,0,0,67,0,0,67,2291,0.0,0.97,0,0
PF07425,PF08719,1,40,0,1,40,2317,0.0,0.98,0.0,-0.0,40,0,1,40,2317,0.0,0.98,0.0,-0.0
PF04841,PF04840,19,28,19,0,9,2330,0.68,1.0,1.0,0.82,28,19,0,9,2330,0.68,1.0,1.0,0.82
PF15666,PF11317,2,0,0,2,0,2356,0,1.0,0.0,0,0,0,2,0,2356,0,1.0,0.0,0
PF15684,PF14653,0,0,0,0,0,2358,0,1.0,0,0,0,0,0,0,2358,0,1.0,0,0
PF02599,PF15826,3,4,0,3,4,2351,0.0,1.0,0.0,-0.0,4,0,3,4,2351,0.0,1.0,0.0,-0.0
PF02058,PF01668,2,5,0,2,5,2351,0.0,1.0,0.0,-0.0,5,0,2,5,2351,0.0,1.0,0.0,-0.0
PF11374,PF08216,23,9,5,18,4,2331,0.56,0.99,0.22,0.34,9,5,18,4,2331,0.56,0.99,0.22,0.34
PF10277,PF00252,43,50,17,26,33,2282,0.34,0.97,0.4,0.35,50,17,26,33,2282,0.34,0.97,0.4,0.35
PF15134,PF15036,3,4,0,3,4,2351,0.0,1.0,0.0,-0.0,4,0,3,4,2351,0.0,1.0,0.0,-0.0
PF06202,PF14701,9,6,6,3,0,2349,1.0,1.0,0.67,0.82,6,6,3,0,2349,1.0,1.0,0.67,0.82
PF13824,PF06047,6,15,2,4,13,2339,0.13,0.99,0.33,0.21,15,2,4,13,2339,0.13,0.99,0.33,0.21
PF07012,PF14362,2,0,0,2,0,2356,0,1.0,0.0,0,0,0,2,0,2356,0,1.0,0.0,0
PF00323,PF02740,2,4,1,1,3,2353,0.25,1.0,0.5,0.35,4,1,1,3,2353,0.25,1.0,0.5,0.35
PF03716,PF12384,3,3,3,0,0,2355,1.0,1.0,1.0,1.0,3,3,0,0,2355,1.0,1.0,1.0,1.0
PF05067,PF06651,0,0,0,0,0,2358,0,1.0,0,0,0,0,0,0,2358,0,1.0,0,0
PF04354,PF06586,2,4,0,2,4,2352,0.0,1.0,0.0,-0.0,4,0,2,4,2352,0.0,1.0,0.0,-0.0
PF00433,PF12179,65,4,3,62,1,2292,0.75,0.97,0.05,0.18,4,3,62,1,2292,0.75,0.97,0.05,0.18
PF15717,PF04988,0,8,0,0,8,2350,0.0,1.0,0,0,8,0,0,8,2350,0.0,1.0,0,0
PF16060,PF03703,7,1,1,6,0,2351,1.0,1.0,0.14,0.38,1,1,6,0,2351,1.0,1.0,0.14,0.38
PF04483,PF13225,3,8,1,2,7,2348,0.12,1.0,0.33,0.2,8,1,2,7,2348,0.12,1.0,0.33,0.2
PF00173,PF01070,146,74,49,97,25,2187,0.66,0.95,0.34,0.45,74,49,97,25,2187,0.66,0.95,0.34,0.45
PF12359,PF12340,14,14,14,0,0,2344,1.0,1.0,1.0,1.0,14,14,0,0,2344,1.0,1.0,1.0,1.0
PF05005,PF15884,20,3,1,19,2,2336,0.33,0.99,0.05,0.13,3,1,19,2,2336,0.33,0.99,0.05,0.13
PF11619,PF07710,1,3,1,0,2,2355,0.33,1.0,1.0,0.58,3,1,0,2,2355,0.33,1.0,1.0,0.58
PF10337,PF10334,15,14,12,3,2,2341,0.86,1.0,0.8,0.83,14,12,3,2,2341,0.86,1.0,0.8,0.83
PF13925,PF09453,10,24,3,7,21,2327,0.12,0.99,0.3,0.19,24,3,7,21,2327,0.12,0.99,0.3,0.19
PF12144,PF15778,9,3,0,9,3,2346,0.0,0.99,0.0,-0.0,3,0,9,3,2346,0.0,0.99,0.0,-0.0
PF16188,PF01321,20,33,18,2,15,2323,0.55,0.99,0.9,0.7,33,18,2,15,2323,0.55,0.99,0.9,0.7
PF01710,PF01022,1,6,0,1,6,2351,0.0,1.0,0.0,-0.0,6,0,1,6,2351,0.0,1.0,0.0,-0.0
PF05299,PF05707,0,0,0,0,0,2358,0,1.0,0,0,0,0,0,0,2358,0,1.0,0,0
PF08855,PF14251,0,4,0,0,4,2354,0.0,1.0,0,0,4,0,0,4,2354,0.0,1.0,0,0
PF10995,PF01913,0,2,0,0,2,2356,0.0,1.0,0,0,2,0,0,2,2356,0.0,1.0,0,0
PF15031,PF15171,8,2,0,8,2,2348,0.0,1.0,0.0,-0.0,2,0,8,2,2348,0.0,1.0,0.0,-0.0
PF01553,PF00924,111,31,19,92,12,2235,0.61,0.96,0.17,0.31,31,19,92,12,2235,0.61,0.96,0.17,0.31
PF00365,PF12036,24,3,0,24,3,2331,0.0,0.99,0.0,-0.0,3,0,24,3,2331,0.0,0.99,0.0,-0.0
PF07109,PF03882,4,3,0,4,3,2351,0.0,1.0,0.0,-0.0,3,0,4,3,2351,0.0,1.0,0.0,-0.0
PF10642,PF14877,0,8,0,0,8,2350,0.0,1.0,0,0,8,0,0,8,2350,0.0,1.0,0,0
PF11411,PF10345,14,14,9,5,5,2339,0.64,1.0,0.64,0.64,14,9,5,5,2339,0.64,1.0,0.64,0.64
PF05928,PF08240,0,184,0,0,184,2174,0.0,0.92,0,0,184,0,0,184,2174,0.0,0.92,0,0
PF11883,PF12398,9,7,7,2,0,2349,1.0,1.0,0.78,0.88,7,7,2,0,2349,1.0,1.0,0.78,0.88
PF01283,PF06404,38,3,0,38,3,2317,0.0,0.98,0.0,-0.0,3,0,38,3,2317,0.0,0.98,0.0,-0.0
PF11327,PF14610,7,7,0,7,7,2344,0.0,0.99,0.0,-0.0,7,0,7,7,2344,0.0,0.99,0.0,-0.0
PF00700,PF07409,2,0,0,2,0,2356,0,1.0,0.0,0,0,0,2,0,2356,0,1.0,0.0,0
PF01074,PF09261,49,47,43,6,4,2305,0.91,1.0,0.88,0.89,47,43,6,4,2305,0.91,1.0,0.88,0.89
PF00683,PF06816,12,13,5,7,8,2338,0.38,0.99,0.42,0.4,13,5,7,8,2338,0.38,0.99,0.42,0.4
PF06432,PF05562,24,7,2,22,5,2329,0.29,0.99,0.08,0.15,7,2,22,5,2329,0.29,0.99,0.08,0.15
PF15272,PF14842,0,0,0,0,0,2358,0,1.0,0,0,0,0,0,0,2358,0,1.0,0,0
PF00411,PF00329,40,27,10,30,17,2301,0.37,0.98,0.25,0.29,27,10,30,17,2301,0.37,0.98,0.25,0.29
PF10442,PF12014,3,2,1,2,1,2354,0.5,1.0,0.33,0.41,2,1,2,1,2354,0.5,1.0,0.33,0.41
PF11811,PF08482,0,3,0,0,3,2355,0.0,1.0,0,0,3,0,0,3,2355,0.0,1.0,0,0
PF01113,PF05173,13,9,9,4,0,2345,1.0,1.0,0.69,0.83,9,9,4,0,2345,1.0,1.0,0.69,0.83
PF10109,PF04355,0,3,0,0,3,2355,0.0,1.0,0,0,3,0,0,3,2355,0.0,1.0,0,0
PF09372,PF09310,1,0,0,1,0,2357,0,1.0,0.0,0,0,0,1,0,2357,0,1.0,0.0,0
PF01896,PF04588,18,24,4,14,20,2320,0.17,0.99,0.22,0.19,24,4,14,20,2320,0.17,0.99,0.22,0.19
PF00214,PF14473,2,0,0,2,0,2356,0,1.0,0.0,0,0,0,2,0,2356,0,1.0,0.0,0
PF08576,PF12046,3,0,0,3,0,2355,0,1.0,0.0,0,0,0,3,0,2355,0,1.0,0.0,0
PF02163,PF15019,19,4,0,19,4,2335,0.0,0.99,0.0,-0.0,4,0,19,4,2335,0.0,0.99,0.0,-0.0
PF07780,PF11861,23,25,23,0,2,2333,0.92,1.0,1.0,0.96,25,23,0,2,2333,0.92,1.0,1.0,0.96
PF03199,PF03917,4,16,4,0,12,2342,0.25,0.99,1.0,0.5,16,4,0,12,2342,0.25,0.99,1.0,0.5
PF09259,PF00267,4,3,0,4,3,2351,0.0,1.0,0.0,-0.0,3,0,4,3,2351,0.0,1.0,0.0,-0.0
PF16155,PF06445,8,8,1,7,7,2343,0.12,0.99,0.12,0.12,8,1,7,7,2343,0.12,0.99,0.12,0.12
PF06377,PF08738,4,0,0,4,0,2354,0,1.0,0.0,0,0,0,4,0,2354,0,1.0,0.0,0
PF14684,PF11818,3,3,3,0,0,2355,1.0,1.0,1.0,1.0,3,3,0,0,2355,1.0,1.0,1.0,1.0
PF07995,PF02012,24,0,0,24,0,2334,0,0.99,0.0,0,0,0,24,0,2334,0,0.99,0.0,0
PF08247,PF10673,0,0,0,0,0,2358,0,1.0,0,0,0,0,0,0,2358,0,1.0,0,0
PF03006,PF04178,41,29,10,31,19,2298,0.34,0.98,0.24,0.28,29,10,31,19,2298,0.34,0.98,0.24,0.28
PF02598,PF07137,18,6,0,18,6,2334,0.0,0.99,0.0,-0.0,6,0,18,6,2334,0.0,0.99,0.0,-0.0
PF14881,PF10644,20,21,15,5,6,2332,0.71,1.0,0.75,0.73,21,15,5,6,2332,0.71,1.0,0.75,0.73
PF14113,PF06890,0,0,0,0,0,2358,0,1.0,0,0,0,0,0,0,2358,0,1.0,0,0
PF06441,PF06237,27,5,0,27,5,2326,0.0,0.99,0.0,-0.0,5,0,27,5,2326,0.0,0.99,0.0,-0.0
PF14931,PF15069,3,0,0,3,0,2355,0,1.0,0.0,0,0,0,3,0,2355,0,1.0,0.0,0
PF15191,PF14621,3,3,0,3,3,2352,0.0,1.0,0.0,-0.0,3,0,3,3,2352,0.0,1.0,0.0,-0.0
PF13828,PF09580,0,0,0,0,0,2358,0,1.0,0,0,0,0,0,0,2358,0,1.0,0,0
PF12052,PF02208,10,7,2,8,5,2343,0.29,0.99,0.2,0.24,7,2,8,5,2343,0.29,0.99,0.2,0.24
PF01213,PF08603,20,18,17,3,1,2337,0.94,1.0,0.85,0.9,18,17,3,1,2337,0.94,1.0,0.85,0.9
PF09313,PF13503,0,0,0,0,0,2358,0,1.0,0,0,0,0,0,0,2358,0,1.0,0,0
PF08137,PF09419,1,19,0,1,19,2338,0.0,0.99,0.0,-0.0,19,0,1,19,2338,0.0,0.99,0.0,-0.0
PF00198,PF02817,37,26,25,12,1,2320,0.96,0.99,0.68,0.8,26,25,12,1,2320,0.96,0.99,0.68,0.8
PF03826,PF00157,11,14,3,8,11,2336,0.21,0.99,0.27,0.24,14,3,8,11,2336,0.21,0.99,0.27,0.24
PF01528,PF11851,1,2,0,1,2,2355,0.0,1.0,0.0,-0.0,2,0,1,2,2355,0.0,1.0,0.0,-0.0
PF09723,PF15175,0,0,0,0,0,2358,0,1.0,0,0,0,0,0,0,2358,0,1.0,0,0
PF10368,PF14512,0,0,0,0,0,2358,0,1.0,0,0,0,0,0,0,2358,0,1.0,0,0
PF11641,PF12827,0,0,0,0,0,2358,0,1.0,0,0,0,0,0,0,2358,0,1.0,0,0
PF12513,PF16783,10,5,1,9,4,2344,0.2,0.99,0.1,0.14,5,1,9,4,2344,0.2,0.99,0.1,0.14
PF11745,PF16824,0,0,0,0,0,2358,0,1.0,0,0,0,0,0,0,2358,0,1.0,0,0
PF01423,PF05907,135,18,16,119,2,2221,0.89,0.95,0.12,0.31,18,16,119,2,2221,0.89,0.95,0.12,0.31
PF03644,PF02449,28,22,3,25,19,2311,0.14,0.98,0.11,0.11,22,3,25,19,2311,0.14,0.98,0.11,0.11
PF02749,PF01729,22,22,22,0,0,2336,1.0,1.0,1.0,1.0,22,22,0,0,2336,1.0,1.0,1.0,1.0
PF13775,PF09667,5,0,0,5,0,2353,0,1.0,0.0,0,0,0,5,0,2353,0,1.0,0.0,0
PF05335,PF00468,6,12,1,5,11,2341,0.08,0.99,0.17,0.11,12,1,5,11,2341,0.08,0.99,0.17,0.11
PF16033,PF10204,6,11,0,6,11,2341,0.0,0.99,0.0,-0.0,11,0,6,11,2341,0.0,0.99,0.0,-0.0
PF14870,PF15334,1,1,0,1,1,2356,0.0,1.0,0.0,-0.0,1,0,1,1,2356,0.0,1.0,0.0,-0.0
PF12439,PF01660,0,10,0,0,10,2348,0.0,1.0,0,0,10,0,0,10,2348,0.0,1.0,0,0
PF03525,PF08744,1,0,0,1,0,2357,0,1.0,0.0,0,0,0,1,0,2357,0,1.0,0.0,0
PF08553,PF07096,10,11,1,9,10,2338,0.09,0.99,0.1,0.09,11,1,9,10,2338,0.09,0.99,0.1,0.09
PF12023,PF06351,7,3,0,7,3,2348,0.0,1.0,0.0,-0.0,3,0,7,3,2348,0.0,1.0,0.0,-0.0
PF05598,PF04865,4,0,0,4,0,2354,0,1.0,0.0,0,0,0,4,0,2354,0,1.0,0.0,0
PF03960,PF15114,2,0,0,2,0,2356,0,1.0,0.0,0,0,0,2,0,2356,0,1.0,0.0,0
PF03835,PF10405,28,22,22,6,0,2330,1.0,1.0,0.79,0.89,22,22,6,0,2330,1.0,1.0,0.79,0.89
PF14882,PF12241,0,2,0,0,2,2356,0.0,1.0,0,0,2,0,0,2,2356,0.0,1.0,0,0
PF11804,PF04338,0,0,0,0,0,2358,0,1.0,0,0,0,0,0,0,2358,0,1.0,0,0
PF12825,PF12828,14,8,8,6,0,2344,1.0,1.0,0.57,0.75,8,8,6,0,2344,1.0,1.0,0.57,0.75
PF10328,PF10323,32,20,10,22,10,2316,0.5,0.99,0.31,0.39,20,10,22,10,2316,0.5,0.99,0.31,0.39
PF06292,PF10540,26,17,11,15,6,2326,0.65,0.99,0.42,0.52,17,11,15,6,2326,0.65,0.99,0.42,0.52
PF07990,PF12600,4,0,0,4,0,2354,0,1.0,0.0,0,0,0,4,0,2354,0,1.0,0.0,0
PF01142,PF06991,29,11,8,21,3,2326,0.73,0.99,0.28,0.44,11,8,21,3,2326,0.73,0.99,0.28,0.44
PF13491,PF09397,7,7,7,0,0,2351,1.0,1.0,1.0,1.0,7,7,0,0,2351,1.0,1.0,1.0,1.0
PF05223,PF14344,2,2,0,2,2,2354,0.0,1.0,0.0,-0.0,2,0,2,2,2354,0.0,1.0,0.0,-0.0
PF00786,PF05210,67,4,2,65,2,2289,0.5,0.97,0.03,0.12,4,2,65,2,2289,0.5,0.97,0.03,0.12
PF11731,PF16064,0,13,0,0,13,2345,0.0,0.99,0,0,13,0,0,13,2345,0.0,0.99,0,0
PF00117,PF00988,121,30,30,91,0,2237,1.0,0.96,0.25,0.49,30,30,91,0,2237,1.0,0.96,0.25,0.49
PF05867,PF15120,9,2,1,8,1,2348,0.5,1.0,0.11,0.23,2,1,8,1,2348,0.5,1.0,0.11,0.23
PF15162,PF10994,0,0,0,0,0,2358,0,1.0,0,0,0,0,0,0,2358,0,1.0,0,0
PF05444,PF15489,8,4,0,8,4,2346,0.0,0.99,0.0,-0.0,4,0,8,4,2346,0.0,0.99,0.0,-0.0
PF14588,PF15775,3,0,0,3,0,2355,0,1.0,0.0,0,0,0,3,0,2355,0,1.0,0.0,0
PF07533,PF07744,29,28,10,19,18,2311,0.36,0.98,0.34,0.34,28,10,19,18,2311,0.36,0.98,0.34,0.34
PF05872,PF15442,0,4,0,0,4,2354,0.0,1.0,0,0,4,0,0,4,2354,0.0,1.0,0,0
PF09912,PF11128,0,0,0,0,0,2358,0,1.0,0,0,0,0,0,0,2358,0,1.0,0,0
PF04313,PF12008,5,5,5,0,0,2353,1.0,1.0,1.0,1.0,5,5,0,0,2353,1.0,1.0,1.0,1.0
PF10214,PF08639,10,6,1,9,5,2343,0.17,0.99,0.1,0.13,6,1,9,5,2343,0.17,0.99,0.1,0.13
PF17103,PF11380,11,13,6,5,7,2340,0.46,0.99,0.55,0.5,13,6,5,7,2340,0.46,0.99,0.55,0.5
PF03096,PF16969,13,20,2,11,18,2327,0.1,0.99,0.15,0.12,20,2,11,18,2327,0.1,0.99,0.15,0.12
PF10021,PF08588,18,5,3,15,2,2338,0.6,0.99,0.17,0.31,5,3,15,2,2338,0.6,0.99,0.17,0.31
PF01306,PF01292,2,11,0,2,11,2345,0.0,0.99,0.0,-0.0,11,0,2,11,2345,0.0,0.99,0.0,-0.0
PF05401,PF03428,3,0,0,3,0,2355,0,1.0,0.0,0,0,0,3,0,2355,0,1.0,0.0,0
PF15019,PF08598,4,9,1,3,8,2346,0.11,1.0,0.25,0.16,9,1,3,8,2346,0.11,1.0,0.25,0.16
PF08592,PF10224,13,8,5,8,3,2342,0.62,1.0,0.38,0.49,8,5,8,3,2342,0.62,1.0,0.38,0.49
PF02841,PF02263,20,34,20,0,14,2324,0.59,0.99,1.0,0.76,34,20,0,14,2324,0.59,0.99,1.0,0.76
PF04478,PF11282,5,2,0,5,2,2351,0.0,1.0,0.0,-0.0,2,0,5,2,2351,0.0,1.0,0.0,-0.0
PF10361,PF12527,0,0,0,0,0,2358,0,1.0,0,0,0,0,0,0,2358,0,1.0,0,0
PF12832,PF03647,24,25,6,18,19,2315,0.24,0.98,0.25,0.24,25,6,18,19,2315,0.24,0.98,0.25,0.24
PF13936,PF11427,10,16,6,4,10,2338,0.38,0.99,0.6,0.47,16,6,4,10,2338,0.38,0.99,0.6,0.47
PF05725,PF00526,34,2,0,34,2,2322,0.0,0.98,0.0,-0.0,2,0,34,2,2322,0.0,0.98,0.0,-0.0
PF11956,PF03520,6,15,6,0,9,2343,0.4,1.0,1.0,0.63,15,6,0,9,2343,0.4,1.0,1.0,0.63
PF08268,PF07734,22,26,8,14,18,2318,0.31,0.99,0.36,0.33,26,8,14,18,2318,0.31,0.99,0.36,0.33
PF01340,PF12320,3,0,0,3,0,2355,0,1.0,0.0,0,0,0,3,0,2355,0,1.0,0.0,0
PF16036,PF11652,7,1,0,7,1,2350,0.0,1.0,0.0,-0.0,1,0,7,1,2350,0.0,1.0,0.0,-0.0
PF11231,PF17028,0,0,0,0,0,2358,0,1.0,0,0,0,0,0,0,2358,0,1.0,0,0
PF10251,PF14931,11,3,1,10,2,2345,0.33,0.99,0.09,0.17,3,1,10,2,2345,0.33,0.99,0.09,0.17
PF01177,PF01230,15,44,8,7,36,2307,0.18,0.98,0.53,0.3,44,8,7,36,2307,0.18,0.98,0.53,0.3
PF04552,PF04963,3,3,3,0,0,2355,1.0,1.0,1.0,1.0,3,3,0,0,2355,1.0,1.0,1.0,1.0
PF17004,PF13174,13,29,8,5,21,2324,0.28,0.99,0.62,0.41,29,8,5,21,2324,0.28,0.99,0.62,0.41
PF04893,PF03208,26,15,3,23,12,2320,0.2,0.99,0.12,0.14,15,3,23,12,2320,0.2,0.99,0.12,0.14
PF04710,PF16720,8,3,0,8,3,2347,0.0,1.0,0.0,-0.0,3,0,8,3,2347,0.0,1.0,0.0,-0.0
PF01650,PF05191,31,23,7,24,16,2311,0.3,0.98,0.23,0.25,23,7,24,16,2311,0.3,0.98,0.23,0.25
PF01412,PF01237,94,81,36,58,45,2219,0.44,0.96,0.38,0.39,81,36,58,45,2219,0.44,0.96,0.38,0.39
PF03146,PF00050,4,42,4,0,38,2316,0.1,0.98,1.0,0.31,42,4,0,38,2316,0.1,0.98,1.0,0.31
PF03915,PF12126,11,9,5,6,4,2343,0.56,1.0,0.45,0.5,9,5,6,4,2343,0.56,1.0,0.45,0.5
PF04314,PF09611,0,0,0,0,0,2358,0,1.0,0,0,0,0,0,0,2358,0,1.0,0,0
PF15506,PF11697,0,0,0,0,0,2358,0,1.0,0,0,0,0,0,0,2358,0,1.0,0,0
PF07163,PF05556,6,6,2,4,4,2348,0.33,1.0,0.33,0.33,6,2,4,4,2348,0.33,1.0,0.33,0.33
PF03221,PF04218,92,24,23,69,1,2265,0.96,0.97,0.25,0.48,24,23,69,1,2265,0.96,0.97,0.25,0.48
PF06824,PF06609,23,18,3,20,15,2320,0.17,0.99,0.13,0.14,18,3,20,15,2320,0.17,0.99,0.13,0.14
PF05782,PF08444,6,6,0,6,6,2346,0.0,0.99,0.0,-0.0,6,0,6,6,2346,0.0,0.99,0.0,-0.0
PF14636,PF14638,11,10,10,1,0,2347,1.0,1.0,0.91,0.95,10,10,1,0,2347,1.0,1.0,0.91,0.95
PF04706,PF01980,14,5,2,12,3,2341,0.4,0.99,0.14,0.24,5,2,12,3,2341,0.4,0.99,0.14,0.24
PF10443,PF08081,9,1,1,8,0,2349,1.0,1.0,0.11,0.33,1,1,8,0,2349,1.0,1.0,0.11,0.33
PF08003,PF07210,0,0,0,0,0,2358,0,1.0,0,0,0,0,0,0,2358,0,1.0,0,0
PF02373,PF02375,75,38,35,40,3,2280,0.92,0.98,0.47,0.65,38,35,40,3,2280,0.92,0.98,0.47,0.65
PF09238,PF15914,4,3,1,3,2,2352,0.33,1.0,0.25,0.29,3,1,3,2,2352,0.33,1.0,0.25,0.29
PF02495,PF11731,0,0,0,0,0,2358,0,1.0,0,0,0,0,0,0,2358,0,1.0,0,0
PF02719,PF03831,6,0,0,6,0,2352,0,1.0,0.0,0,0,0,6,0,2352,0,1.0,0.0,0
PF07684,PF06816,17,13,13,4,0,2341,1.0,1.0,0.76,0.87,13,13,4,0,2341,1.0,1.0,0.76,0.87
PF10061,PF12087,0,0,0,0,0,2358,0,1.0,0,0,0,0,0,0,2358,0,1.0,0,0
PF07011,PF11947,3,4,0,3,4,2351,0.0,1.0,0.0,-0.0,4,0,3,4,2351,0.0,1.0,0.0,-0.0
PF15728,PF12843,1,0,0,1,0,2357,0,1.0,0.0,0,0,0,1,0,2357,0,1.0,0.0,0
PF01957,PF10726,0,0,0,0,0,2358,0,1.0,0,0,0,0,0,0,2358,0,1.0,0,0
PF12205,PF08518,3,16,3,0,13,2342,0.19,0.99,1.0,0.43,16,3,0,13,2342,0.19,0.99,1.0,0.43
PF00518,PF16886,2,25,1,1,24,2332,0.04,0.99,0.5,0.14,25,1,1,24,2332,0.04,0.99,0.5,0.14
PF06381,PF03592,1,1,1,0,0,2357,1.0,1.0,1.0,1.0,1,1,0,0,2357,1.0,1.0,1.0,1.0
PF15559,PF02448,1,0,0,1,0,2357,0,1.0,0.0,0,0,0,1,0,2357,0,1.0,0.0,0
PF06621,PF12114,7,11,3,4,8,2343,0.27,0.99,0.43,0.34,11,3,4,8,2343,0.27,0.99,0.43,0.34
PF11819,PF05902,19,10,1,18,9,2330,0.1,0.99,0.05,0.07,10,1,18,9,2330,0.1,0.99,0.05,0.07
PF02671,PF08295,46,29,27,19,2,2310,0.93,0.99,0.59,0.74,29,27,19,2,2310,0.93,0.99,0.59,0.74
PF10495,PF15456,9,6,0,9,6,2343,0.0,0.99,0.0,-0.0,6,0,9,6,2343,0.0,0.99,0.0,-0.0
PF01613,PF09791,25,13,3,22,10,2323,0.23,0.99,0.12,0.16,13,3,22,10,2323,0.23,0.99,0.12,0.16
PF07742,PF15279,17,3,1,16,2,2339,0.33,0.99,0.06,0.14,3,1,16,2,2339,0.33,0.99,0.06,0.14
PF16187,PF08367,34,10,2,32,8,2316,0.2,0.98,0.06,0.1,10,2,32,8,2316,0.2,0.98,0.06,0.1
PF01684,PF16709,0,6,0,0,6,2352,0.0,1.0,0,0,6,0,0,6,2352,0.0,1.0,0,0
PF04349,PF01514,2,3,0,2,3,2353,0.0,1.0,0.0,-0.0,3,0,2,3,2353,0.0,1.0,0.0,-0.0
PF05159,PF13477,2,0,0,2,0,2356,0,1.0,0.0,0,0,0,2,0,2356,0,1.0,0.0,0
PF03360,PF00992,30,11,3,27,8,2320,0.27,0.99,0.1,0.16,11,3,27,8,2320,0.27,0.99,0.1,0.16
PF01980,PF04706,5,14,2,3,12,2341,0.14,0.99,0.4,0.24,14,2,3,12,2341,0.14,0.99,0.4,0.24
PF08755,PF13369,20,15,10,10,5,2333,0.67,0.99,0.5,0.57,15,10,10,5,2333,0.67,0.99,0.5,0.57
PF08424,PF08514,23,27,6,17,21,2314,0.22,0.98,0.26,0.23,27,6,17,21,2314,0.22,0.98,0.26,0.23
PF05207,PF14901,33,5,2,31,3,2322,0.4,0.99,0.06,0.15,5,2,31,3,2322,0.4,0.99,0.06,0.15
PF04901,PF12020,6,0,0,6,0,2352,0,1.0,0.0,0,0,0,6,0,2352,0,1.0,0.0,0
PF04504,PF01868,13,22,2,11,20,2325,0.09,0.99,0.15,0.11,22,2,11,20,2325,0.09,0.99,0.15,0.11
PF03921,PF11465,10,9,2,8,7,2341,0.22,0.99,0.2,0.21,9,2,8,7,2341,0.22,0.99,0.2,0.21
PF07556,PF01136,0,2,0,0,2,2356,0.0,1.0,0,0,2,0,0,2,2356,0.0,1.0,0,0
PF02995,PF13383,21,16,7,14,9,2328,0.44,0.99,0.33,0.38,16,7,14,9,2328,0.44,0.99,0.33,0.38
PF00049,PF08365,13,2,2,11,0,2345,1.0,1.0,0.15,0.39,2,2,11,0,2345,1.0,1.0,0.15,0.39
PF15305,PF02427,7,3,0,7,3,2348,0.0,1.0,0.0,-0.0,3,0,7,3,2348,0.0,1.0,0.0,-0.0
PF07992,PF01180,145,43,22,123,21,2192,0.51,0.94,0.15,0.26,43,22,123,21,2192,0.51,0.94,0.15,0.26
PF02588,PF10035,3,3,3,0,0,2355,1.0,1.0,1.0,1.0,3,3,0,0,2355,1.0,1.0,1.0,1.0
PF06465,PF08073,20,22,18,2,4,2334,0.82,1.0,0.9,0.86,22,18,2,4,2334,0.82,1.0,0.9,0.86
PF08096,PF07042,3,0,0,3,0,2355,0,1.0,0.0,0,0,0,3,0,2355,0,1.0,0.0,0
PF09719,PF00112,0,108,0,0,108,2250,0.0,0.95,0,0,108,0,0,108,2250,0.0,0.95,0,0
PF14693,PF01386,5,4,4,1,0,2353,1.0,1.0,0.8,0.89,4,4,1,0,2353,1.0,1.0,0.8,0.89
PF15913,PF01483,18,39,14,4,25,2315,0.36,0.99,0.78,0.52,39,14,4,25,2315,0.36,0.99,0.78,0.52
PF01825,PF02793,56,36,15,41,21,2281,0.42,0.97,0.27,0.32,36,15,41,21,2281,0.42,0.97,0.27,0.32
PF05277,PF06463,32,17,6,26,11,2315,0.35,0.98,0.19,0.25,17,6,26,11,2315,0.35,0.98,0.19,0.25
PF05002,PF09032,33,3,2,31,1,2324,0.67,0.99,0.06,0.2,3,2,31,1,2324,0.67,0.99,0.06,0.2
PF00060,PF10613,87,62,58,29,4,2267,0.94,0.99,0.67,0.78,62,58,29,4,2267,0.94,0.99,0.67,0.78
PF13453,PF06666,4,0,0,4,0,2354,0,1.0,0.0,0,0,0,4,0,2354,0,1.0,0.0,0
PF10533,PF03106,5,35,5,0,30,2323,0.14,0.99,1.0,0.38,35,5,0,30,2323,0.14,0.99,1.0,0.38
PF11636,PF00992,1,11,1,0,10,2347,0.09,1.0,1.0,0.3,11,1,0,10,2347,0.09,1.0,1.0,0.3
PF09580,PF13828,0,0,0,0,0,2358,0,1.0,0,0,0,0,0,0,2358,0,1.0,0,0
PF04608,PF03082,2,2,0,2,2,2354,0.0,1.0,0.0,-0.0,2,0,2,2,2354,0.0,1.0,0.0,-0.0
PF06023,PF06305,0,6,0,0,6,2352,0.0,1.0,0,0,6,0,0,6,2352,0.0,1.0,0,0
PF15259,PF15241,1,0,0,1,0,2357,0,1.0,0.0,0,0,0,1,0,2357,0,1.0,0.0,0
PF06645,PF01279,17,5,0,17,5,2336,0.0,0.99,0.0,-0.0,5,0,17,5,2336,0.0,0.99,0.0,-0.0
PF13737,PF17188,0,0,0,0,0,2358,0,1.0,0,0,0,0,0,0,2358,0,1.0,0,0
PF07996,PF08808,10,0,0,10,0,2348,0,1.0,0.0,0,0,0,10,0,2348,0,1.0,0.0,0
PF03186,PF06725,3,3,0,3,3,2352,0.0,1.0,0.0,-0.0,3,0,3,3,2352,0.0,1.0,0.0,-0.0
PF01801,PF12246,2,6,0,2,6,2350,0.0,1.0,0.0,-0.0,6,0,2,6,2350,0.0,1.0,0.0,-0.0
PF04615,PF01280,35,29,4,31,25,2298,0.14,0.98,0.11,0.11,29,4,31,25,2298,0.14,0.98,0.11,0.11
PF00175,PF00970,115,66,64,51,2,2241,0.97,0.98,0.56,0.73,66,64,51,2,2241,0.97,0.98,0.56,0.73
PF11914,PF11970,0,4,0,0,4,2354,0.0,1.0,0,0,4,0,0,4,2354,0.0,1.0,0,0
PF17056,PF08591,1,1,0,1,1,2356,0.0,1.0,0.0,-0.0,1,0,1,1,2356,0.0,1.0,0.0,-0.0
PF08802,PF02921,5,26,3,2,23,2330,0.12,0.99,0.6,0.26,26,3,2,23,2330,0.12,0.99,0.6,0.26
PF12259,PF07530,8,9,3,5,6,2344,0.33,1.0,0.38,0.35,9,3,5,6,2344,0.33,1.0,0.38,0.35
PF04233,PF06074,1,0,0,1,0,2357,0,1.0,0.0,0,0,0,1,0,2357,0,1.0,0.0,0
PF11221,PF14748,9,11,1,8,10,2339,0.09,0.99,0.11,0.1,11,1,8,10,2339,0.09,0.99,0.11,0.1
PF13236,PF15044,20,10,10,10,0,2338,1.0,1.0,0.5,0.71,10,10,10,0,2338,1.0,1.0,0.5,0.71
PF08538,PF10705,9,0,0,9,0,2349,0,1.0,0.0,0,0,0,9,0,2349,0,1.0,0.0,0
PF09688,PF02427,0,3,0,0,3,2355,0.0,1.0,0,0,3,0,0,3,2355,0.0,1.0,0,0
PF16940,PF10177,8,1,0,8,1,2349,0.0,1.0,0.0,-0.0,1,0,8,1,2349,0.0,1.0,0.0,-0.0
PF09139,PF14996,26,1,1,25,0,2332,1.0,0.99,0.04,0.2,1,1,25,0,2332,1.0,0.99,0.04,0.2
PF07732,PF07731,87,88,80,7,8,2263,0.91,0.99,0.92,0.91,88,80,7,8,2263,0.91,0.99,0.92,0.91
PF01351,PF10498,32,5,4,28,1,2325,0.8,0.99,0.12,0.31,5,4,28,1,2325,0.8,0.99,0.12,0.31
PF08511,PF10213,7,19,4,3,15,2336,0.21,0.99,0.57,0.34,19,4,3,15,2336,0.21,0.99,0.57,0.34
PF07317,PF01750,0,2,0,0,2,2356,0.0,1.0,0,0,2,0,0,2,2356,0.0,1.0,0,0
PF12171,PF08648,78,13,5,73,8,2272,0.38,0.97,0.06,0.15,13,5,73,8,2272,0.38,0.97,0.06,0.15
PF10521,PF12627,18,19,7,11,12,2328,0.37,0.99,0.39,0.37,19,7,11,12,2328,0.37,0.99,0.39,0.37
PF03402,PF00143,8,3,0,8,3,2347,0.0,1.0,0.0,-0.0,3,0,8,3,2347,0.0,1.0,0.0,-0.0
PF14348,PF03135,3,12,3,0,9,2346,0.25,1.0,1.0,0.5,12,3,0,9,2346,0.25,1.0,1.0,0.5
PF06273,PF16485,6,1,0,6,1,2351,0.0,1.0,0.0,-0.0,1,0,6,1,2351,0.0,1.0,0.0,-0.0
PF12330,PF08311,15,16,6,9,10,2333,0.38,0.99,0.4,0.38,16,6,9,10,2333,0.38,0.99,0.4,0.38
PF08256,PF08248,1,0,0,1,0,2357,0,1.0,0.0,0,0,0,1,0,2357,0,1.0,0.0,0
PF06375,PF14796,11,17,7,4,10,2337,0.41,0.99,0.64,0.51,17,7,4,10,2337,0.41,0.99,0.64,0.51
PF16534,PF16557,5,2,2,3,0,2353,1.0,1.0,0.4,0.63,2,2,3,0,2353,1.0,1.0,0.4,0.63
PF12862,PF05183,26,47,9,17,38,2294,0.19,0.98,0.35,0.25,47,9,17,38,2294,0.19,0.98,0.35,0.25
PF05420,PF06406,2,0,0,2,0,2356,0,1.0,0.0,0,0,0,2,0,2356,0,1.0,0.0,0
PF10244,PF14935,9,3,1,8,2,2347,0.33,1.0,0.11,0.19,3,1,8,2,2347,0.33,1.0,0.11,0.19
PF02790,PF06481,23,7,6,17,1,2334,0.86,0.99,0.26,0.47,7,6,17,1,2334,0.86,0.99,0.26,0.47
PF12302,PF03592,3,1,0,3,1,2354,0.0,1.0,0.0,-0.0,1,0,3,1,2354,0.0,1.0,0.0,-0.0
PF03245,PF15380,2,0,0,2,0,2356,0,1.0,0.0,0,0,0,2,0,2356,0,1.0,0.0,0
PF08184,PF10692,1,0,0,1,0,2357,0,1.0,0.0,0,0,0,1,0,2357,0,1.0,0.0,0
PF00250,PF16159,85,5,5,80,0,2273,1.0,0.97,0.06,0.24,5,5,80,0,2273,1.0,0.97,0.06,0.24
PF04773,PF09327,12,0,0,12,0,2346,0,0.99,0.0,0,0,0,12,0,2346,0,0.99,0.0,0
PF03470,PF03468,4,10,4,0,6,2348,0.4,1.0,1.0,0.63,10,4,0,6,2348,0.4,1.0,1.0,0.63
PF16872,PF02108,0,0,0,0,0,2358,0,1.0,0,0,0,0,0,0,2358,0,1.0,0,0
PF00609,PF00781,36,87,36,0,51,2271,0.41,0.98,1.0,0.64,87,36,0,51,2271,0.41,0.98,1.0,0.64
PF11943,PF11965,0,5,0,0,5,2353,0.0,1.0,0,0,5,0,0,5,2353,0.0,1.0,0,0
PF02609,PF05736,3,0,0,3,0,2355,0,1.0,0.0,0,0,0,3,0,2355,0,1.0,0.0,0
PF00241,PF14724,49,4,4,45,0,2309,1.0,0.98,0.08,0.28,4,4,45,0,2309,1.0,0.98,0.08,0.28
PF07822,PF04811,3,54,0,3,54,2301,0.0,0.98,0.0,-0.01,54,0,3,54,2301,0.0,0.98,0.0,-0.01
PF15087,PF02106,1,1,0,1,1,2356,0.0,1.0,0.0,-0.0,1,0,1,1,2356,0.0,1.0,0.0,-0.0
PF11951,PF04082,137,267,97,40,170,2051,0.36,0.91,0.71,0.47,267,97,40,170,2051,0.36,0.91,0.71,0.47
PF03039,PF15556,4,2,0,4,2,2352,0.0,1.0,0.0,-0.0,2,0,4,2,2352,0.0,1.0,0.0,-0.0
PF00041,PF12453,177,4,4,173,0,2181,1.0,0.93,0.02,0.14,4,4,173,0,2181,1.0,0.93,0.02,0.14
PF06042,PF06681,2,0,0,2,0,2356,0,1.0,0.0,0,0,0,2,0,2356,0,1.0,0.0,0
PF15356,PF11057,0,1,0,0,1,2357,0.0,1.0,0,0,1,0,0,1,2357,0.0,1.0,0,0
PF15550,PF06875,3,0,0,3,0,2355,0,1.0,0.0,0,0,0,3,0,2355,0,1.0,0.0,0
PF12026,PF08824,5,1,1,4,0,2353,1.0,1.0,0.2,0.45,1,1,4,0,2353,1.0,1.0,0.2,0.45
PF07652,PF10927,8,0,0,8,0,2350,0,1.0,0.0,0,0,0,8,0,2350,0,1.0,0.0,0
PF03468,PF03801,10,15,1,9,14,2334,0.07,0.99,0.1,0.08,15,1,9,14,2334,0.07,0.99,0.1,0.08
PF08080,PF15519,1,20,1,0,19,2338,0.05,0.99,1.0,0.22,20,1,0,19,2338,0.05,0.99,1.0,0.22
PF09191,PF12104,2,2,2,0,0,2356,1.0,1.0,1.0,1.0,2,2,0,0,2356,1.0,1.0,1.0,1.0
PF07273,PF08783,0,9,0,0,9,2349,0.0,1.0,0,0,9,0,0,9,2349,0.0,1.0,0,0
PF06513,PF03344,0,1,0,0,1,2357,0.0,1.0,0,0,1,0,0,1,2357,0.0,1.0,0,0
PF13696,PF08783,13,9,9,4,0,2345,1.0,1.0,0.69,0.83,9,9,4,0,2345,1.0,1.0,0.69,0.83
PF15957,PF09085,2,2,0,2,2,2354,0.0,1.0,0.0,-0.0,2,0,2,2,2354,0.0,1.0,0.0,-0.0
PF04445,PF05939,4,0,0,4,0,2354,0,1.0,0.0,0,0,0,4,0,2354,0,1.0,0.0,0
PF10585,PF16190,8,3,3,5,0,2350,1.0,1.0,0.38,0.61,3,3,5,0,2350,1.0,1.0,0.38,0.61
PF00547,PF00699,12,13,11,1,2,2344,0.85,1.0,0.92,0.88,13,11,1,2,2344,0.85,1.0,0.92,0.88
PF05971,PF16019,21,2,0,21,2,2335,0.0,0.99,0.0,-0.0,2,0,21,2,2335,0.0,0.99,0.0,-0.0
PF16114,PF00549,9,45,9,0,36,2313,0.2,0.98,1.0,0.44,45,9,0,36,2313,0.2,0.98,1.0,0.44
PF06657,PF10155,10,15,2,8,13,2335,0.13,0.99,0.2,0.16,15,2,8,13,2335,0.13,0.99,0.2,0.16
PF05756,PF10106,0,1,0,0,1,2357,0.0,1.0,0,0,1,0,0,1,2357,0.0,1.0,0,0
PF08938,PF06421,10,33,6,4,27,2321,0.18,0.99,0.6,0.33,33,6,4,27,2321,0.18,0.99,0.6,0.33
PF11862,PF14258,3,0,0,3,0,2355,0,1.0,0.0,0,0,0,3,0,2355,0,1.0,0.0,0
PF09805,PF07939,17,2,1,16,1,2340,0.5,0.99,0.06,0.17,2,1,16,1,2340,0.5,0.99,0.06,0.17
PF03692,PF15062,1,0,0,1,0,2357,0,1.0,0.0,0,0,0,1,0,2357,0,1.0,0.0,0
PF05148,PF09310,27,0,0,27,0,2331,0,0.99,0.0,0,0,0,27,0,2331,0,0.99,0.0,0
PF15383,PF00127,15,6,1,14,5,2338,0.17,0.99,0.07,0.1,6,1,14,5,2338,0.17,0.99,0.07,0.1
PF09764,PF03727,12,38,6,6,32,2314,0.16,0.98,0.5,0.27,38,6,6,32,2314,0.16,0.98,0.5,0.27
PF12324,PF11245,7,0,0,7,0,2351,0,1.0,0.0,0,0,0,7,0,2351,0,1.0,0.0,0
PF01566,PF07984,42,5,2,40,3,2313,0.4,0.98,0.05,0.13,5,2,40,3,2313,0.4,0.98,0.05,0.13
PF13804,PF09003,10,4,1,9,3,2345,0.25,0.99,0.1,0.16,4,1,9,3,2345,0.25,0.99,0.1,0.16
PF10775,PF10310,2,3,0,2,3,2353,0.0,1.0,0.0,-0.0,3,0,2,3,2353,0.0,1.0,0.0,-0.0
PF09949,PF16401,16,4,1,15,3,2339,0.25,0.99,0.06,0.12,4,1,15,3,2339,0.25,0.99,0.06,0.12
PF12477,PF11130,0,0,0,0,0,2358,0,1.0,0,0,0,0,0,0,2358,0,1.0,0,0
PF03494,PF10515,7,11,4,3,7,2344,0.36,1.0,0.57,0.45,11,4,3,7,2344,0.36,1.0,0.57,0.45
PF09500,PF11750,0,0,0,0,0,2358,0,1.0,0,0,0,0,0,0,2358,0,1.0,0,0
PF03080,PF14365,17,4,2,15,2,2339,0.5,0.99,0.12,0.24,4,2,15,2,2339,0.5,0.99,0.12,0.24
PF13185,PF16797,24,4,3,21,1,2333,0.75,0.99,0.12,0.3,4,3,21,1,2333,0.75,0.99,0.12,0.3
PF04774,PF13339,12,20,5,7,15,2331,0.25,0.99,0.42,0.32,20,5,7,15,2331,0.25,0.99,0.42,0.32
PF09782,PF15377,8,1,0,8,1,2349,0.0,1.0,0.0,-0.0,1,0,8,1,2349,0.0,1.0,0.0,-0.0
PF15140,PF07248,17,2,2,15,0,2341,1.0,0.99,0.12,0.34,2,2,15,0,2341,1.0,0.99,0.12,0.34
PF02190,PF12037,46,4,1,45,3,2309,0.25,0.98,0.02,0.07,4,1,45,3,2309,0.25,0.98,0.02,0.07
PF12936,PF05178,13,13,13,0,0,2345,1.0,1.0,1.0,1.0,13,13,0,0,2345,1.0,1.0,1.0,1.0
PF07418,PF07333,0,1,0,0,1,2357,0.0,1.0,0,0,1,0,0,1,2357,0.0,1.0,0,0
PF11435,PF13247,1,0,0,1,0,2357,0,1.0,0.0,0,0,0,1,0,2357,0,1.0,0.0,0
PF00147,PF07546,107,7,4,103,3,2248,0.57,0.96,0.04,0.14,7,4,103,3,2248,0.57,0.96,0.04,0.14
PF00833,PF04568,31,8,2,29,6,2321,0.25,0.99,0.06,0.12,8,2,29,6,2321,0.25,0.99,0.06,0.12
PF11991,PF01828,9,13,4,5,9,2340,0.31,0.99,0.44,0.37,13,4,5,9,2340,0.31,0.99,0.44,0.37
PF09735,PF10480,13,0,0,13,0,2345,0,0.99,0.0,0,0,0,13,0,2345,0,0.99,0.0,0
PF04931,PF10257,21,23,3,18,20,2317,0.13,0.98,0.14,0.13,23,3,18,20,2317,0.13,0.98,0.14,0.13
PF02597,PF02391,22,17,7,15,10,2326,0.41,0.99,0.32,0.36,17,7,15,10,2326,0.41,0.99,0.32,0.36
PF08561,PF04716,13,28,3,10,25,2320,0.11,0.99,0.23,0.15,28,3,10,25,2320,0.11,0.99,0.23,0.15
PF13592,PF01668,1,5,0,1,5,2352,0.0,1.0,0.0,-0.0,5,0,1,5,2352,0.0,1.0,0.0,-0.0
PF03931,PF01466,52,53,39,13,14,2292,0.74,0.99,0.75,0.74,53,39,13,14,2292,0.74,0.99,0.75,0.74
PF08404,PF07804,1,1,0,1,1,2356,0.0,1.0,0.0,-0.0,1,0,1,1,2356,0.0,1.0,0.0,-0.0
PF12143,PF12142,5,5,5,0,0,2353,1.0,1.0,1.0,1.0,5,5,0,0,2353,1.0,1.0,1.0,1.0
PF09440,PF08375,6,19,1,5,18,2334,0.05,0.99,0.17,0.09,19,1,5,18,2334,0.05,0.99,0.17,0.09
PF01778,PF04874,28,16,12,16,4,2326,0.75,0.99,0.43,0.56,16,12,16,4,2326,0.75,0.99,0.43,0.56
PF13644,PF12477,1,0,0,1,0,2357,0,1.0,0.0,0,0,0,1,0,2357,0,1.0,0.0,0
PF03110,PF08313,7,25,4,3,21,2330,0.16,0.99,0.57,0.3,25,4,3,21,2330,0.16,0.99,0.57,0.3
PF17054,PF08444,13,6,0,13,6,2339,0.0,0.99,0.0,-0.0,6,0,13,6,2339,0.0,0.99,0.0,-0.0
PF03663,PF03595,28,35,7,21,28,2302,0.2,0.98,0.25,0.21,35,7,21,28,2302,0.2,0.98,0.25,0.21
PF08681,PF01580,1,7,0,1,7,2350,0.0,1.0,0.0,-0.0,7,0,1,7,2350,0.0,1.0,0.0,-0.0
PF00647,PF02798,18,80,15,3,65,2275,0.19,0.97,0.83,0.39,80,15,3,65,2275,0.19,0.97,0.83,0.39
PF10573,PF03713,4,0,0,4,0,2354,0,1.0,0.0,0,0,0,4,0,2354,0,1.0,0.0,0
PF16062,PF00821,5,5,0,5,5,2348,0.0,1.0,0.0,-0.0,5,0,5,5,2348,0.0,1.0,0.0,-0.0
PF15023,PF06834,0,0,0,0,0,2358,0,1.0,0,0,0,0,0,0,2358,0,1.0,0,0
PF04081,PF09459,18,1,0,18,1,2339,0.0,0.99,0.0,-0.0,1,0,18,1,2339,0.0,0.99,0.0,-0.0
PF08640,PF08216,18,9,3,15,6,2334,0.33,0.99,0.17,0.23,9,3,15,6,2334,0.33,0.99,0.17,0.23
PF13614,PF10407,35,0,0,35,0,2323,0,0.99,0.0,0,0,0,35,0,2323,0,0.99,0.0,0
PF09970,PF03051,0,18,0,0,18,2340,0.0,0.99,0,0,18,0,0,18,2340,0.0,0.99,0,0
PF00205,PF02775,43,41,37,6,4,2311,0.9,1.0,0.86,0.88,41,37,6,4,2311,0.9,1.0,0.86,0.88
PF12938,PF16608,8,10,2,6,8,2342,0.2,0.99,0.25,0.22,10,2,6,8,2342,0.2,0.99,0.25,0.22
PF01284,PF07303,53,20,14,39,6,2299,0.7,0.98,0.26,0.42,20,14,39,6,2299,0.7,0.98,0.26,0.42
PF03763,PF01643,20,2,0,20,2,2336,0.0,0.99,0.0,-0.0,2,0,20,2,2336,0.0,0.99,0.0,-0.0
PF02204,PF01754,59,14,9,50,5,2294,0.64,0.98,0.15,0.31,14,9,50,5,2294,0.64,0.98,0.15,0.31
PF06883,PF10385,10,8,3,7,5,2343,0.38,0.99,0.3,0.33,8,3,7,5,2343,0.38,0.99,0.3,0.33
PF14091,PF10220,0,17,0,0,17,2341,0.0,0.99,0,0,17,0,0,17,2341,0.0,0.99,0,0
PF08245,PF10288,50,8,2,48,6,2302,0.25,0.98,0.04,0.09,8,2,48,6,2302,0.25,0.98,0.04,0.09
PF02525,PF06232,4,5,0,4,5,2349,0.0,1.0,0.0,-0.0,5,0,4,5,2349,0.0,1.0,0.0,-0.0
PF06730,PF15991,11,0,0,11,0,2347,0,1.0,0.0,0,0,0,11,0,2347,0,1.0,0.0,0
PF02368,PF17034,4,12,1,3,11,2343,0.08,0.99,0.25,0.14,12,1,3,11,2343,0.08,0.99,0.25,0.14
PF00489,PF02024,3,3,1,2,2,2353,0.33,1.0,0.33,0.33,3,1,2,2,2353,0.33,1.0,0.33,0.33
PF07857,PF08140,20,1,0,20,1,2337,0.0,0.99,0.0,-0.0,1,0,20,1,2337,0.0,0.99,0.0,-0.0
PF06772,PF12224,16,14,1,15,13,2329,0.07,0.99,0.06,0.06,14,1,15,13,2329,0.07,0.99,0.06,0.06
PF04949,PF07939,15,2,0,15,2,2341,0.0,0.99,0.0,-0.0,2,0,15,2,2341,0.0,0.99,0.0,-0.0
PF12844,PF03709,2,2,0,2,2,2354,0.0,1.0,0.0,-0.0,2,0,2,2,2354,0.0,1.0,0.0,-0.0
PF01409,PF03147,36,31,28,8,3,2319,0.9,1.0,0.78,0.84,31,28,8,3,2319,0.9,1.0,0.78,0.84
PF16047,PF08023,1,2,0,1,2,2355,0.0,1.0,0.0,-0.0,2,0,1,2,2355,0.0,1.0,0.0,-0.0
PF02189,PF16680,4,8,3,1,5,2349,0.38,1.0,0.75,0.53,8,3,1,5,2349,0.38,1.0,0.75,0.53
PF06608,PF11317,4,0,0,4,0,2354,0,1.0,0.0,0,0,0,4,0,2354,0,1.0,0.0,0
PF03205,PF02217,2,4,0,2,4,2352,0.0,1.0,0.0,-0.0,4,0,2,4,2352,0.0,1.0,0.0,-0.0
PF12226,PF15222,2,0,0,2,0,2356,0,1.0,0.0,0,0,0,2,0,2356,0,1.0,0.0,0
PF01515,PF07085,15,10,8,7,2,2341,0.8,1.0,0.53,0.65,10,8,7,2,2341,0.8,1.0,0.53,0.65
PF06668,PF08473,8,10,1,7,9,2341,0.1,0.99,0.12,0.11,10,1,7,9,2341,0.1,0.99,0.12,0.11
PF04261,PF02690,20,13,7,13,6,2332,0.54,0.99,0.35,0.43,13,7,13,6,2332,0.54,0.99,0.35,0.43
PF07382,PF14600,6,1,1,5,0,2352,1.0,1.0,0.17,0.41,1,1,5,0,2352,1.0,1.0,0.17,0.41
PF12662,PF07474,44,12,10,34,2,2312,0.83,0.98,0.23,0.43,12,10,34,2,2312,0.83,0.98,0.23,0.43
PF12345,PF13597,2,8,2,0,6,2350,0.25,1.0,1.0,0.5,8,2,0,6,2350,0.25,1.0,1.0,0.5
PF10583,PF06994,4,2,2,2,0,2354,1.0,1.0,0.5,0.71,2,2,2,0,2354,1.0,1.0,0.5,0.71
PF10534,PF06663,7,4,4,3,0,2351,1.0,1.0,0.57,0.76,4,4,3,0,2351,1.0,1.0,0.57,0.76
PF10503,PF00457,18,10,7,11,3,2337,0.7,0.99,0.39,0.52,10,7,11,3,2337,0.7,0.99,0.39,0.52
PF12348,PF09743,21,8,2,19,6,2331,0.25,0.99,0.1,0.15,8,2,19,6,2331,0.25,0.99,0.1,0.15
PF10169,PF15916,7,4,1,6,3,2348,0.25,1.0,0.14,0.19,4,1,6,3,2348,0.25,1.0,0.14,0.19
PF14991,PF14659,3,4,0,3,4,2351,0.0,1.0,0.0,-0.0,4,0,3,4,2351,0.0,1.0,0.0,-0.0
PF15749,PF01666,10,0,0,10,0,2348,0,1.0,0.0,0,0,0,10,0,2348,0,1.0,0.0,0
PF02936,PF06417,19,16,6,13,10,2329,0.38,0.99,0.32,0.34,16,6,13,10,2329,0.38,0.99,0.32,0.34
PF04574,PF02146,9,94,9,0,85,2264,0.1,0.96,1.0,0.3,94,9,0,85,2264,0.1,0.96,1.0,0.3
PF02480,PF06305,6,6,5,1,1,2351,0.83,1.0,0.83,0.83,6,5,1,1,2351,0.83,1.0,0.83,0.83
PF08614,PF14077,11,5,2,9,3,2344,0.4,0.99,0.18,0.27,5,2,9,3,2344,0.4,0.99,0.18,0.27
PF15187,PF06875,0,0,0,0,0,2358,0,1.0,0,0,0,0,0,0,2358,0,1.0,0,0
PF02091,PF02092,8,17,7,1,10,2340,0.41,1.0,0.88,0.6,17,7,1,10,2340,0.41,1.0,0.88,0.6
PF08819,PF08189,0,0,0,0,0,2358,0,1.0,0,0,0,0,0,0,2358,0,1.0,0,0
PF02830,PF08274,0,0,0,0,0,2358,0,1.0,0,0,0,0,0,0,2358,0,1.0,0,0
PF14243,PF15851,0,0,0,0,0,2358,0,1.0,0,0,0,0,0,0,2358,0,1.0,0,0
PF14926,PF15504,7,1,1,6,0,2351,1.0,1.0,0.14,0.38,1,1,6,0,2351,1.0,1.0,0.14,0.38
PF05625,PF04756,18,19,4,14,15,2325,0.21,0.99,0.22,0.21,19,4,14,15,2325,0.21,0.99,0.22,0.21
PF03963,PF07559,3,3,3,0,0,2355,1.0,1.0,1.0,1.0,3,3,0,0,2355,1.0,1.0,1.0,1.0
PF13959,PF16124,47,57,18,29,39,2272,0.32,0.97,0.38,0.33,57,18,29,39,2272,0.32,0.97,0.38,0.33
PF06990,PF01244,26,32,6,20,26,2306,0.19,0.98,0.23,0.2,32,6,20,26,2306,0.19,0.98,0.23,0.2
PF00347,PF03719,42,48,22,20,26,2290,0.46,0.98,0.52,0.48,48,22,20,26,2290,0.46,0.98,0.52,0.48
PF03514,PF07887,30,18,16,14,2,2326,0.89,0.99,0.53,0.69,18,16,14,2,2326,0.89,0.99,0.53,0.69
PF13657,PF02399,4,3,1,3,2,2352,0.33,1.0,0.25,0.29,3,1,3,2,2352,0.33,1.0,0.25,0.29
PF01097,PF16541,7,4,0,7,4,2347,0.0,1.0,0.0,-0.0,4,0,7,4,2347,0.0,1.0,0.0,-0.0
PF10357,PF00022,17,131,11,6,120,2221,0.08,0.95,0.65,0.22,131,11,6,120,2221,0.08,0.95,0.65,0.22
PF03399,PF16769,43,1,1,42,0,2315,1.0,0.98,0.02,0.15,1,1,42,0,2315,1.0,0.98,0.02,0.15
PF04848,PF00669,5,2,0,5,2,2351,0.0,1.0,0.0,-0.0,2,0,5,2,2351,0.0,1.0,0.0,-0.0
PF06826,PF10554,2,0,0,2,0,2356,0,1.0,0.0,0,0,0,2,0,2356,0,1.0,0.0,0
PF06102,PF13092,18,13,3,15,10,2330,0.23,0.99,0.17,0.19,13,3,15,10,2330,0.23,0.99,0.17,0.19
PF04427,PF13664,47,13,5,42,8,2303,0.38,0.98,0.11,0.19,13,5,42,8,2303,0.38,0.98,0.11,0.19
PF09145,PF13722,0,2,0,0,2,2356,0.0,1.0,0,0,2,0,0,2,2356,0.0,1.0,0,0
PF03082,PF12767,2,11,0,2,11,2345,0.0,0.99,0.0,-0.0,11,0,2,11,2345,0.0,0.99,0.0,-0.0
PF11729,PF11561,0,2,0,0,2,2356,0.0,1.0,0,0,2,0,0,2,2356,0.0,1.0,0,0
PF09704,PF00721,1,2,0,1,2,2355,0.0,1.0,0.0,-0.0,2,0,1,2,2355,0.0,1.0,0.0,-0.0
PF12877,PF16019,7,2,0,7,2,2349,0.0,1.0,0.0,-0.0,2,0,7,2,2349,0.0,1.0,0.0,-0.0
PF04359,PF06485,2,5,0,2,5,2351,0.0,1.0,0.0,-0.0,5,0,2,5,2351,0.0,1.0,0.0,-0.0
PF07593,PF10393,1,6,1,0,5,2352,0.17,1.0,1.0,0.41,6,1,0,5,2352,0.17,1.0,1.0,0.41
PF07718,PF14806,15,19,15,0,4,2339,0.79,1.0,1.0,0.89,19,15,0,4,2339,0.79,1.0,1.0,0.89
PF07497,PF11421,6,10,1,5,9,2343,0.1,0.99,0.17,0.13,10,1,5,9,2343,0.1,0.99,0.17,0.13
PF12520,PF04576,7,19,1,6,18,2333,0.05,0.99,0.14,0.08,19,1,6,18,2333,0.05,0.99,0.14,0.08
PF08732,PF07464,5,3,0,5,3,2350,0.0,1.0,0.0,-0.0,3,0,5,3,2350,0.0,1.0,0.0,-0.0
PF11176,PF08649,15,7,1,14,6,2337,0.14,0.99,0.07,0.09,7,1,14,6,2337,0.14,0.99,0.07,0.09
PF10515,PF02177,11,12,11,0,1,2346,0.92,1.0,1.0,0.96,12,11,0,1,2346,0.92,1.0,1.0,0.96
PF15491,PF15082,1,3,0,1,3,2354,0.0,1.0,0.0,-0.0,3,0,1,3,2354,0.0,1.0,0.0,-0.0
PF00685,PF12062,75,9,7,68,2,2281,0.78,0.97,0.09,0.26,9,7,68,2,2281,0.78,0.97,0.09,0.26
PF06241,PF14764,3,8,0,3,8,2347,0.0,1.0,0.0,-0.0,8,0,3,8,2347,0.0,1.0,0.0,-0.0
PF16644,PF08619,6,7,4,2,3,2349,0.57,1.0,0.67,0.62,7,4,2,3,2349,0.57,1.0,0.67,0.62
PF04627,PF08367,24,10,1,23,9,2325,0.1,0.99,0.04,0.06,10,1,23,9,2325,0.1,0.99,0.04,0.06
PF14964,PF15293,9,1,0,9,1,2348,0.0,1.0,0.0,-0.0,1,0,9,1,2348,0.0,1.0,0.0,-0.0
PF15427,PF15709,1,0,0,1,0,2357,0,1.0,0.0,0,0,0,1,0,2357,0,1.0,0.0,0
PF02130,PF02348,8,10,0,8,10,2340,0.0,0.99,0.0,-0.0,10,0,8,10,2340,0.0,0.99,0.0,-0.0
PF02574,PF02607,30,8,7,23,1,2327,0.88,0.99,0.23,0.45,8,7,23,1,2327,0.88,0.99,0.23,0.45
PF10320,PF06784,23,14,3,20,11,2324,0.21,0.99,0.13,0.16,14,3,20,11,2324,0.21,0.99,0.13,0.16
PF05572,PF11380,23,13,1,22,12,2323,0.08,0.99,0.04,0.05,13,1,22,12,2323,0.08,0.99,0.04,0.05
PF04932,PF03050,1,0,0,1,0,2357,0,1.0,0.0,0,0,0,1,0,2357,0,1.0,0.0,0
PF09612,PF14866,0,0,0,0,0,2358,0,1.0,0,0,0,0,0,0,2358,0,1.0,0,0
PF08312,PF06046,27,22,5,22,17,2314,0.23,0.98,0.19,0.2,22,5,22,17,2314,0.23,0.98,0.19,0.2
PF01111,PF10203,12,8,2,10,6,2340,0.25,0.99,0.17,0.2,8,2,10,6,2340,0.25,0.99,0.17,0.2
PF02518,PF03924,137,13,12,125,1,2220,0.92,0.95,0.09,0.28,13,12,125,1,2220,0.92,0.95,0.09,0.28
PF01498,PF13936,82,10,9,73,1,2275,0.9,0.97,0.11,0.31,10,9,73,1,2275,0.9,0.97,0.11,0.31
PF08797,PF12054,30,15,6,24,9,2319,0.4,0.99,0.2,0.28,15,6,24,9,2319,0.4,0.99,0.2,0.28
PF15899,PF15021,4,1,0,4,1,2353,0.0,1.0,0.0,-0.0,1,0,4,1,2353,0.0,1.0,0.0,-0.0
PF13934,PF10699,14,3,0,14,3,2341,0.0,0.99,0.0,-0.0,3,0,14,3,2341,0.0,0.99,0.0,-0.0
PF07876,PF01988,44,30,11,33,19,2295,0.37,0.98,0.25,0.29,30,11,33,19,2295,0.37,0.98,0.25,0.29
PF14494,PF09715,0,0,0,0,0,2358,0,1.0,0,0,0,0,0,0,2358,0,1.0,0,0
PF00101,PF12338,8,5,5,3,0,2350,1.0,1.0,0.62,0.79,5,5,3,0,2350,1.0,1.0,0.62,0.79
PF00570,PF09382,60,37,34,26,3,2295,0.92,0.99,0.57,0.72,37,34,26,3,2295,0.92,0.99,0.57,0.72
PF07005,PF17042,10,10,10,0,0,2348,1.0,1.0,1.0,1.0,10,10,0,0,2348,1.0,1.0,1.0,1.0
PF13293,PF04617,1,3,1,0,2,2355,0.33,1.0,1.0,0.58,3,1,0,2,2355,0.33,1.0,1.0,0.58
PF07792,PF15912,2,4,0,2,4,2352,0.0,1.0,0.0,-0.0,4,0,2,4,2352,0.0,1.0,0.0,-0.0
PF12255,PF12256,1,1,1,0,0,2357,1.0,1.0,1.0,1.0,1,1,0,0,2357,1.0,1.0,1.0,1.0
PF06718,PF02452,2,4,2,0,2,2354,0.5,1.0,1.0,0.71,4,2,0,2,2354,0.5,1.0,1.0,0.71
PF02407,PF14113,9,0,0,9,0,2349,0,1.0,0.0,0,0,0,9,0,2349,0,1.0,0.0,0
PF03177,PF08801,23,26,22,1,4,2331,0.85,1.0,0.96,0.9,26,22,1,4,2331,0.85,1.0,0.96,0.9
PF02569,PF09774,22,12,2,20,10,2326,0.17,0.99,0.09,0.12,12,2,20,10,2326,0.17,0.99,0.09,0.12
PF15612,PF02791,33,43,26,7,17,2308,0.6,0.99,0.79,0.69,43,26,7,17,2308,0.6,0.99,0.79,0.69
PF07350,PF02284,3,9,0,3,9,2346,0.0,0.99,0.0,-0.0,9,0,3,9,2346,0.0,0.99,0.0,-0.0
PF03578,PF10284,0,0,0,0,0,2358,0,1.0,0,0,0,0,0,0,2358,0,1.0,0,0
PF04090,PF10104,3,13,2,1,11,2344,0.15,0.99,0.67,0.32,13,2,1,11,2344,0.15,0.99,0.67,0.32
PF09128,PF02196,11,23,5,6,18,2329,0.22,0.99,0.45,0.31,23,5,6,18,2329,0.22,0.99,0.45,0.31
PF08657,PF14232,9,0,0,9,0,2349,0,1.0,0.0,0,0,0,9,0,2349,0,1.0,0.0,0
PF10127,PF07805,1,1,0,1,1,2356,0.0,1.0,0.0,-0.0,1,0,1,1,2356,0.0,1.0,0.0,-0.0
PF08761,PF01668,1,5,0,1,5,2352,0.0,1.0,0.0,-0.0,5,0,1,5,2352,0.0,1.0,0.0,-0.0
PF04147,PF07975,30,10,3,27,7,2321,0.3,0.99,0.1,0.17,10,3,27,7,2321,0.3,0.99,0.1,0.17
PF07887,PF03514,18,30,16,2,14,2326,0.53,0.99,0.89,0.69,30,16,2,14,2326,0.53,0.99,0.89,0.69
PF17191,PF12105,6,6,6,0,0,2352,1.0,1.0,1.0,1.0,6,6,0,0,2352,1.0,1.0,1.0,1.0
PF08492,PF13174,14,29,8,6,21,2323,0.28,0.99,0.57,0.39,29,8,6,21,2323,0.28,0.99,0.57,0.39
PF00889,PF09412,18,21,5,13,16,2324,0.24,0.99,0.28,0.25,21,5,13,16,2324,0.24,0.99,0.28,0.25
PF11894,PF04704,21,4,2,19,2,2335,0.5,0.99,0.1,0.22,4,2,19,2,2335,0.5,0.99,0.1,0.22
PF08016,PF02010,53,28,17,36,11,2294,0.61,0.98,0.32,0.43,28,17,36,11,2294,0.61,0.98,0.32,0.43
PF04884,PF07542,28,22,7,21,15,2315,0.32,0.98,0.25,0.27,22,7,21,15,2315,0.32,0.98,0.25,0.27
PF15821,PF15934,0,0,0,0,0,2358,0,1.0,0,0,0,0,0,0,2358,0,1.0,0,0
PF01766,PF04099,1,34,0,1,34,2323,0.0,0.99,0.0,-0.0,34,0,1,34,2323,0.0,0.99,0.0,-0.0
PF02439,PF02124,3,0,0,3,0,2355,0,1.0,0.0,0,0,0,3,0,2355,0,1.0,0.0,0
PF02338,PF01754,99,14,8,91,6,2253,0.57,0.96,0.08,0.2,14,8,91,6,2253,0.57,0.96,0.08,0.2
PF02068,PF08291,1,0,0,1,0,2357,0,1.0,0.0,0,0,0,1,0,2357,0,1.0,0.0,0
PF11616,PF15811,2,10,1,1,9,2347,0.1,1.0,0.5,0.22,10,1,1,9,2347,0.1,1.0,0.5,0.22
PF04157,PF16988,18,6,6,12,0,2340,1.0,0.99,0.33,0.58,6,6,12,0,2340,1.0,0.99,0.33,0.58
PF01828,PF09424,13,8,4,9,4,2341,0.5,0.99,0.31,0.39,8,4,9,4,2341,0.5,0.99,0.31,0.39
PF04440,PF16516,3,10,0,3,10,2345,0.0,0.99,0.0,-0.0,10,0,3,10,2345,0.0,0.99,0.0,-0.0
PF08903,PF05138,0,1,0,0,1,2357,0.0,1.0,0,0,1,0,0,1,2357,0.0,1.0,0,0
PF02713,PF04949,1,15,0,1,15,2342,0.0,0.99,0.0,-0.0,15,0,1,15,2342,0.0,0.99,0.0,-0.0
PF08997,PF09757,11,7,1,10,6,2341,0.14,0.99,0.09,0.11,7,1,10,6,2341,0.14,0.99,0.09,0.11
PF12868,PF15856,1,1,0,1,1,2356,0.0,1.0,0.0,-0.0,1,0,1,1,2356,0.0,1.0,0.0,-0.0
PF13089,PF13090,1,3,1,0,2,2355,0.33,1.0,1.0,0.58,3,1,0,2,2355,0.33,1.0,1.0,0.58
PF16091,PF15759,1,0,0,1,0,2357,0,1.0,0.0,0,0,0,1,0,2357,0,1.0,0.0,0
PF15108,PF01943,3,1,0,3,1,2354,0.0,1.0,0.0,-0.0,1,0,3,1,2354,0.0,1.0,0.0,-0.0
PF07632,PF00305,2,32,1,1,31,2325,0.03,0.99,0.5,0.12,32,1,1,31,2325,0.03,0.99,0.5,0.12
PF14922,PF12948,5,0,0,5,0,2353,0,1.0,0.0,0,0,0,5,0,2353,0,1.0,0.0,0
PF07035,PF08427,10,17,1,9,16,2332,0.06,0.99,0.1,0.07,17,1,9,16,2332,0.06,0.99,0.1,0.07
PF04892,PF09216,0,0,0,0,0,2358,0,1.0,0,0,0,0,0,0,2358,0,1.0,0,0
PF04657,PF08497,8,0,0,8,0,2350,0,1.0,0.0,0,0,0,8,0,2350,0,1.0,0.0,0
PF15440,PF07260,6,3,0,6,3,2349,0.0,1.0,0.0,-0.0,3,0,6,3,2349,0.0,1.0,0.0,-0.0
PF14160,PF15805,4,0,0,4,0,2354,0,1.0,0.0,0,0,0,4,0,2354,0,1.0,0.0,0
PF02188,PF02145,21,27,10,11,17,2320,0.37,0.99,0.48,0.41,27,10,11,17,2320,0.37,0.99,0.48,0.41
PF03747,PF03381,20,30,6,14,24,2314,0.2,0.98,0.3,0.24,30,6,14,24,2314,0.2,0.98,0.3,0.24
PF13422,PF14052,12,0,0,12,0,2346,0,0.99,0.0,0,0,0,12,0,2346,0,0.99,0.0,0
PF07439,PF08210,1,15,0,1,15,2342,0.0,0.99,0.0,-0.0,15,0,1,15,2342,0.0,0.99,0.0,-0.0
PF06239,PF14784,7,4,0,7,4,2347,0.0,1.0,0.0,-0.0,4,0,7,4,2347,0.0,1.0,0.0,-0.0
PF14958,PF10253,0,6,0,0,6,2352,0.0,1.0,0,0,6,0,0,6,2352,0.0,1.0,0,0
PF04264,PF13722,0,2,0,0,2,2356,0.0,1.0,0,0,2,0,0,2,2356,0.0,1.0,0,0
PF16002,PF12213,8,10,4,4,6,2344,0.4,1.0,0.5,0.45,10,4,4,6,2344,0.4,1.0,0.5,0.45
PF14026,PF03116,0,2,0,0,2,2356,0.0,1.0,0,0,2,0,0,2,2356,0.0,1.0,0,0
PF13716,PF01661,52,64,24,28,40,2266,0.38,0.97,0.46,0.4,64,24,28,40,2266,0.38,0.97,0.46,0.4
PF15752,PF15762,0,0,0,0,0,2358,0,1.0,0,0,0,0,0,0,2358,0,1.0,0,0
PF00604,PF08744,3,0,0,3,0,2355,0,1.0,0.0,0,0,0,3,0,2355,0,1.0,0.0,0
PF01147,PF00711,0,2,0,0,2,2356,0.0,1.0,0,0,2,0,0,2,2356,0.0,1.0,0,0
PF06214,PF11162,4,0,0,4,0,2354,0,1.0,0.0,0,0,0,4,0,2354,0,1.0,0.0,0
PF12804,PF04613,18,21,2,16,19,2321,0.1,0.99,0.11,0.1,21,2,16,19,2321,0.1,0.99,0.11,0.1
PF16920,PF11921,3,1,1,2,0,2355,1.0,1.0,0.33,0.58,1,1,2,0,2355,1.0,1.0,0.33,0.58
PF09849,PF06681,0,0,0,0,0,2358,0,1.0,0,0,0,0,0,0,2358,0,1.0,0,0
PF13898,PF15019,27,4,1,26,3,2328,0.25,0.99,0.04,0.09,4,1,26,3,2328,0.25,0.99,0.04,0.09
PF04695,PF14922,24,5,0,24,5,2329,0.0,0.99,0.0,-0.0,5,0,24,5,2329,0.0,0.99,0.0,-0.0
PF01408,PF17132,81,10,4,77,6,2271,0.4,0.96,0.05,0.13,10,4,77,6,2271,0.4,0.96,0.05,0.13
PF04457,PF10470,12,0,0,12,0,2346,0,0.99,0.0,0,0,0,12,0,2346,0,0.99,0.0,0
PF06229,PF14941,14,0,0,14,0,2344,0,0.99,0.0,0,0,0,14,0,2344,0,0.99,0.0,0
PF04567,PF04565,22,38,22,0,16,2320,0.58,0.99,1.0,0.76,38,22,0,16,2320,0.58,0.99,1.0,0.76
PF14028,PF13322,0,0,0,0,0,2358,0,1.0,0,0,0,0,0,0,2358,0,1.0,0,0
PF13780,PF04740,0,0,0,0,0,2358,0,1.0,0,0,0,0,0,0,2358,0,1.0,0,0
PF05236,PF08788,27,11,3,24,8,2323,0.27,0.99,0.11,0.17,11,3,24,8,2323,0.27,0.99,0.11,0.17
PF13635,PF13390,0,0,0,0,0,2358,0,1.0,0,0,0,0,0,0,2358,0,1.0,0,0
PF16889,PF10566,1,0,0,1,0,2357,0,1.0,0.0,0,0,0,1,0,2357,0,1.0,0.0,0
PF10111,PF13477,0,0,0,0,0,2358,0,1.0,0,0,0,0,0,0,2358,0,1.0,0,0
PF07396,PF01484,0,75,0,0,75,2283,0.0,0.97,0,0,75,0,0,75,2283,0.0,0.97,0,0
PF09007,PF04629,2,8,1,1,7,2349,0.12,1.0,0.5,0.25,8,1,1,7,2349,0.12,1.0,0.5,0.25
PF09983,PF09664,5,5,5,0,0,2353,1.0,1.0,1.0,1.0,5,5,0,0,2353,1.0,1.0,1.0,1.0
PF16526,PF13545,17,5,1,16,4,2337,0.2,0.99,0.06,0.11,5,1,16,4,2337,0.2,0.99,0.06,0.11
PF15098,PF13466,3,5,3,0,2,2353,0.6,1.0,1.0,0.77,5,3,0,2,2353,0.6,1.0,1.0,0.77
PF09258,PF03016,27,64,21,6,43,2288,0.33,0.98,0.78,0.5,64,21,6,43,2288,0.33,0.98,0.78,0.5
PF13932,PF01134,31,35,31,0,4,2323,0.89,1.0,1.0,0.94,35,31,0,4,2323,0.89,1.0,1.0,0.94
PF15048,PF10044,4,3,0,4,3,2351,0.0,1.0,0.0,-0.0,3,0,4,3,2351,0.0,1.0,0.0,-0.0
PF15834,PF08411,0,2,0,0,2,2356,0.0,1.0,0,0,2,0,0,2,2356,0.0,1.0,0,0
PF05662,PF07409,10,0,0,10,0,2348,0,1.0,0.0,0,0,0,10,0,2348,0,1.0,0.0,0
PF02033,PF07939,17,2,0,17,2,2339,0.0,0.99,0.0,-0.0,2,0,17,2,2339,0.0,0.99,0.0,-0.0
PF11041,PF09397,4,7,0,4,7,2347,0.0,1.0,0.0,-0.0,7,0,4,7,2347,0.0,1.0,0.0,-0.0
PF00340,PF00711,5,2,0,5,2,2351,0.0,1.0,0.0,-0.0,2,0,5,2,2351,0.0,1.0,0.0,-0.0
PF06877,PF13813,0,28,0,0,28,2330,0.0,0.99,0,0,28,0,0,28,2330,0.0,0.99,0,0
PF03390,PF08291,3,0,0,3,0,2355,0,1.0,0.0,0,0,0,3,0,2355,0,1.0,0.0,0
PF16488,PF16487,50,38,33,17,5,2303,0.87,0.99,0.66,0.75,38,33,17,5,2303,0.87,0.99,0.66,0.75
PF04796,PF15097,0,1,0,0,1,2357,0.0,1.0,0,0,1,0,0,1,2357,0.0,1.0,0,0
PF02353,PF01593,27,112,16,11,96,2235,0.14,0.95,0.59,0.28,112,16,11,96,2235,0.14,0.95,0.59,0.28
PF06675,PF15633,0,0,0,0,0,2358,0,1.0,0,0,0,0,0,0,2358,0,1.0,0,0
PF16922,PF00525,8,3,1,7,2,2348,0.33,1.0,0.12,0.2,3,1,7,2,2348,0.33,1.0,0.12,0.2
PF05017,PF02057,0,2,0,0,2,2356,0.0,1.0,0,0,2,0,0,2,2356,0.0,1.0,0,0
PF05899,PF02502,6,10,1,5,9,2343,0.1,0.99,0.17,0.13,10,1,5,9,2343,0.1,0.99,0.17,0.13
PF09996,PF15055,0,0,0,0,0,2358,0,1.0,0,0,0,0,0,0,2358,0,1.0,0,0
PF08881,PF11807,17,23,5,12,18,2323,0.22,0.99,0.29,0.25,23,5,12,18,2323,0.22,0.99,0.29,0.25
PF11916,PF13001,12,19,3,9,16,2330,0.16,0.99,0.25,0.19,19,3,9,16,2330,0.16,0.99,0.25,0.19
PF02681,PF06206,8,2,0,8,2,2348,0.0,1.0,0.0,-0.0,2,0,8,2,2348,0.0,1.0,0.0,-0.0
PF05870,PF03576,3,2,0,3,2,2353,0.0,1.0,0.0,-0.0,2,0,3,2,2353,0.0,1.0,0.0,-0.0
PF04052,PF01514,2,3,0,2,3,2353,0.0,1.0,0.0,-0.0,3,0,2,3,2353,0.0,1.0,0.0,-0.0
PF08213,PF02780,8,64,2,6,62,2288,0.03,0.97,0.25,0.08,64,2,6,62,2288,0.03,0.97,0.25,0.08
PF11756,PF01476,0,73,0,0,73,2285,0.0,0.97,0,0,73,0,0,73,2285,0.0,0.97,0,0
PF13985,PF12431,3,1,1,2,0,2355,1.0,1.0,0.33,0.58,1,1,2,0,2355,1.0,1.0,0.33,0.58
PF06702,PF15051,22,3,2,20,1,2335,0.67,0.99,0.09,0.24,3,2,20,1,2335,0.67,0.99,0.09,0.24
PF01914,PF13995,1,0,0,1,0,2357,0,1.0,0.0,0,0,0,1,0,2357,0,1.0,0.0,0
PF03531,PF08512,21,37,21,0,16,2321,0.57,0.99,1.0,0.75,37,21,0,16,2321,0.57,0.99,1.0,0.75
PF15487,PF09310,5,0,0,5,0,2353,0,1.0,0.0,0,0,0,5,0,2353,0,1.0,0.0,0
PF02735,PF03731,41,37,37,4,0,2317,1.0,1.0,0.9,0.95,37,37,4,0,2317,1.0,1.0,0.9,0.95
PF05707,PF00669,0,2,0,0,2,2356,0.0,1.0,0,0,2,0,0,2,2356,0.0,1.0,0,0
PF09734,PF04664,19,2,1,18,1,2338,0.5,0.99,0.05,0.16,2,1,18,1,2338,0.5,0.99,0.05,0.16
PF11075,PF07305,0,0,0,0,0,2358,0,1.0,0,0,0,0,0,0,2358,0,1.0,0,0
PF00116,PF02790,29,23,22,7,1,2328,0.96,1.0,0.76,0.85,23,22,7,1,2328,0.96,1.0,0.76,0.85
PF11236,PF09684,0,1,0,0,1,2357,0.0,1.0,0,0,1,0,0,1,2357,0.0,1.0,0,0
PF02148,PF06337,73,29,16,57,13,2272,0.55,0.97,0.22,0.34,29,16,57,13,2272,0.55,0.97,0.22,0.34
PF13841,PF01099,2,1,0,2,1,2355,0.0,1.0,0.0,-0.0,1,0,2,1,2355,0.0,1.0,0.0,-0.0
PF12773,PF13287,4,8,2,2,6,2348,0.25,1.0,0.5,0.35,8,2,2,6,2348,0.25,1.0,0.5,0.35
PF06545,PF04247,11,0,0,11,0,2347,0,1.0,0.0,0,0,0,11,0,2347,0,1.0,0.0,0
PF13340,PF09684,6,1,0,6,1,2351,0.0,1.0,0.0,-0.0,1,0,6,1,2351,0.0,1.0,0.0,-0.0
PF15407,PF15082,0,3,0,0,3,2355,0.0,1.0,0,0,3,0,0,3,2355,0.0,1.0,0,0
PF04100,PF16854,16,0,0,16,0,2342,0,0.99,0.0,0,0,0,16,0,2342,0,0.99,0.0,0
PF15769,PF09108,1,0,0,1,0,2357,0,1.0,0.0,0,0,0,1,0,2357,0,1.0,0.0,0
PF09262,PF16725,20,3,2,18,1,2337,0.67,0.99,0.1,0.26,3,2,18,1,2337,0.67,0.99,0.1,0.26
PF15205,PF09252,0,1,0,0,1,2357,0.0,1.0,0,0,1,0,0,1,2357,0.0,1.0,0,0
PF02156,PF16990,10,10,10,0,0,2348,1.0,1.0,1.0,1.0,10,10,0,0,2348,1.0,1.0,1.0,1.0
PF17175,PF09687,18,0,0,18,0,2340,0,0.99,0.0,0,0,0,18,0,2340,0,0.99,0.0,0
PF15878,PF05326,0,1,0,0,1,2357,0.0,1.0,0,0,1,0,0,1,2357,0.0,1.0,0,0
PF13949,PF03097,36,63,34,2,29,2293,0.54,0.99,0.94,0.71,63,34,2,29,2293,0.54,0.99,0.94,0.71
PF00317,PF02867,21,25,21,0,4,2333,0.84,1.0,1.0,0.92,25,21,0,4,2333,0.84,1.0,1.0,0.92
PF15630,PF15003,13,5,1,12,4,2341,0.2,0.99,0.08,0.12,5,1,12,4,2341,0.2,0.99,0.08,0.12
PF10226,PF10998,6,6,0,6,6,2346,0.0,0.99,0.0,-0.0,6,0,6,6,2346,0.0,0.99,0.0,-0.0
PF06625,PF00214,7,2,0,7,2,2349,0.0,1.0,0.0,-0.0,2,0,7,2,2349,0.0,1.0,0.0,-0.0
PF00313,PF14437,63,10,7,56,3,2292,0.7,0.97,0.11,0.27,10,7,56,3,2292,0.7,0.97,0.11,0.27
PF04703,PF11751,2,0,0,2,0,2356,0,1.0,0.0,0,0,0,2,0,2356,0,1.0,0.0,0
PF11540,PF04494,3,24,1,2,23,2332,0.04,0.99,0.33,0.11,24,1,2,23,2332,0.04,0.99,0.33,0.11
PF01608,PF08913,39,10,10,29,0,2319,1.0,0.99,0.26,0.5,10,10,29,0,2319,1.0,0.99,0.26,0.5
PF07101,PF03917,0,16,0,0,16,2342,0.0,0.99,0,0,16,0,0,16,2342,0.0,0.99,0,0
PF04205,PF00070,5,7,2,3,5,2348,0.29,1.0,0.4,0.34,7,2,3,5,2348,0.29,1.0,0.4,0.34
PF00194,PF10263,54,40,15,39,25,2279,0.38,0.97,0.28,0.31,40,15,39,25,2279,0.38,0.97,0.28,0.31
PF14642,PF05179,1,12,0,1,12,2345,0.0,0.99,0.0,-0.0,12,0,1,12,2345,0.0,0.99,0.0,-0.0
PF02924,PF05309,1,4,0,1,4,2353,0.0,1.0,0.0,-0.0,4,0,1,4,2353,0.0,1.0,0.0,-0.0
PF07321,PF02863,0,5,0,0,5,2353,0.0,1.0,0,0,5,0,0,5,2353,0.0,1.0,0,0
PF00716,PF01314,2,5,0,2,5,2351,0.0,1.0,0.0,-0.0,5,0,2,5,2351,0.0,1.0,0.0,-0.0
PF10540,PF06292,17,26,11,6,15,2326,0.42,0.99,0.65,0.52,26,11,6,15,2326,0.42,0.99,0.65,0.52
PF15386,PF13270,2,7,0,2,7,2349,0.0,1.0,0.0,-0.0,7,0,2,7,2349,0.0,1.0,0.0,-0.0
PF02946,PF01159,10,37,5,5,32,2316,0.14,0.98,0.5,0.25,37,5,5,32,2316,0.14,0.98,0.5,0.25
PF15494,PF09272,17,8,5,12,3,2338,0.62,0.99,0.29,0.43,8,5,12,3,2338,0.62,0.99,0.29,0.43
PF06364,PF02952,8,3,0,8,3,2347,0.0,1.0,0.0,-0.0,3,0,8,3,2347,0.0,1.0,0.0,-0.0
PF01363,PF11409,149,1,1,148,0,2209,1.0,0.94,0.01,0.08,1,1,148,0,2209,1.0,0.94,0.01,0.08
PF07219,PF16546,3,23,1,2,22,2333,0.04,0.99,0.33,0.12,23,1,2,22,2333,0.04,0.99,0.33,0.12
PF12821,PF14231,2,2,0,2,2,2354,0.0,1.0,0.0,-0.0,2,0,2,2,2354,0.0,1.0,0.0,-0.0
PF05400,PF09087,2,2,2,0,0,2356,1.0,1.0,1.0,1.0,2,2,0,0,2356,1.0,1.0,1.0,1.0
PF00135,PF08674,150,0,0,150,0,2208,0,0.94,0.0,0,0,0,150,0,2208,0,0.94,0.0,0
PF15708,PF06890,0,0,0,0,0,2358,0,1.0,0,0,0,0,0,0,2358,0,1.0,0,0
PF13926,PF16501,10,1,0,10,1,2347,0.0,1.0,0.0,-0.0,1,0,10,1,2347,0.0,1.0,0.0,-0.0
PF04816,PF16824,1,0,0,1,0,2357,0,1.0,0.0,0,0,0,1,0,2357,0,1.0,0.0,0
PF03595,PF01987,35,14,9,26,5,2318,0.64,0.99,0.26,0.4,14,9,26,5,2318,0.64,0.99,0.26,0.4
PF04571,PF16876,18,14,14,4,0,2340,1.0,1.0,0.78,0.88,14,14,4,0,2340,1.0,1.0,0.78,0.88
PF00965,PF08561,13,13,1,12,12,2333,0.08,0.99,0.08,0.07,13,1,12,12,2333,0.08,0.99,0.08,0.07
PF14837,PF14838,5,7,5,0,2,2351,0.71,1.0,1.0,0.84,7,5,0,2,2351,0.71,1.0,1.0,0.84
PF01797,PF08571,3,16,0,3,16,2339,0.0,0.99,0.0,-0.0,16,0,3,16,2339,0.0,0.99,0.0,-0.0
PF16134,PF11732,12,10,10,2,0,2346,1.0,1.0,0.83,0.91,10,10,2,0,2346,1.0,1.0,0.83,0.91
PF11081,PF04355,1,3,0,1,3,2354,0.0,1.0,0.0,-0.0,3,0,1,3,2354,0.0,1.0,0.0,-0.0
PF02449,PF09822,22,9,1,21,8,2328,0.11,0.99,0.05,0.07,9,1,21,8,2328,0.11,0.99,0.05,0.07
PF00379,PF15323,58,4,3,55,1,2299,0.75,0.98,0.05,0.19,4,3,55,1,2299,0.75,0.98,0.05,0.19
PF11369,PF17084,0,0,0,0,0,2358,0,1.0,0,0,0,0,0,0,2358,0,1.0,0,0
PF06217,PF02531,0,6,0,0,6,2352,0.0,1.0,0,0,6,0,0,6,2352,0.0,1.0,0,0
PF12273,PF06912,12,7,1,11,6,2340,0.14,0.99,0.08,0.11,7,1,11,6,2340,0.14,0.99,0.08,0.11
PF11691,PF01846,0,37,0,0,37,2321,0.0,0.98,0,0,37,0,0,37,2321,0.0,0.98,0,0
PF02824,PF16897,49,18,18,31,0,2309,1.0,0.99,0.37,0.6,18,18,31,0,2309,1.0,0.99,0.37,0.6
PF05404,PF02752,8,58,5,3,53,2297,0.09,0.98,0.62,0.23,58,5,3,53,2297,0.09,0.98,0.62,0.23
PF09162,PF03943,12,15,11,1,4,2342,0.73,1.0,0.92,0.82,15,11,1,4,2342,0.73,1.0,0.92,0.82
PF02205,PF12828,68,8,5,63,3,2287,0.62,0.97,0.07,0.21,8,5,63,3,2287,0.62,0.97,0.07,0.21
PF17014,PF04355,0,3,0,0,3,2355,0.0,1.0,0,0,3,0,0,3,2355,0.0,1.0,0,0
PF08648,PF01715,13,26,3,10,23,2322,0.12,0.99,0.23,0.16,26,3,10,23,2322,0.12,0.99,0.23,0.16
PF01110,PF01913,5,2,0,5,2,2351,0.0,1.0,0.0,-0.0,2,0,5,2,2351,0.0,1.0,0.0,-0.0
PF02224,PF01037,7,5,0,7,5,2346,0.0,0.99,0.0,-0.0,5,0,7,5,2346,0.0,0.99,0.0,-0.0
PF01281,PF07542,23,22,4,19,18,2317,0.18,0.98,0.17,0.17,22,4,19,18,2317,0.18,0.98,0.17,0.17
PF02746,PF08288,37,19,4,33,15,2306,0.21,0.98,0.11,0.14,19,4,33,15,2306,0.21,0.98,0.11,0.14
PF08910,PF03479,0,10,0,0,10,2348,0.0,1.0,0,0,10,0,0,10,2348,0.0,1.0,0,0
PF01134,PF13932,35,31,31,4,0,2323,1.0,1.0,0.89,0.94,31,31,4,0,2323,1.0,1.0,0.89,0.94
PF10608,PF10600,1,3,1,0,2,2355,0.33,1.0,1.0,0.58,3,1,0,2,2355,0.33,1.0,1.0,0.58
PF09770,PF03993,6,3,0,6,3,2349,0.0,1.0,0.0,-0.0,3,0,6,3,2349,0.0,1.0,0.0,-0.0
PF02157,PF15502,17,0,0,17,0,2341,0,0.99,0.0,0,0,0,17,0,2341,0,0.99,0.0,0
PF07386,PF06581,11,2,0,11,2,2345,0.0,0.99,0.0,-0.0,2,0,11,2,2345,0.0,0.99,0.0,-0.0
PF07971,PF03074,26,14,3,23,11,2321,0.21,0.99,0.12,0.15,14,3,23,11,2321,0.21,0.99,0.12,0.15
PF13919,PF05066,17,12,8,9,4,2337,0.67,0.99,0.47,0.56,12,8,9,4,2337,0.67,0.99,0.47,0.56
PF07324,PF02126,12,13,0,12,13,2333,0.0,0.99,0.0,-0.01,13,0,12,13,2333,0.0,0.99,0.0,-0.01
PF14718,PF15075,2,3,0,2,3,2353,0.0,1.0,0.0,-0.0,3,0,2,3,2353,0.0,1.0,0.0,-0.0
PF14953,PF05233,7,3,3,4,0,2351,1.0,1.0,0.43,0.65,3,3,4,0,2351,1.0,1.0,0.43,0.65
PF00864,PF03036,15,13,2,13,11,2332,0.15,0.99,0.13,0.14,13,2,13,11,2332,0.15,0.99,0.13,0.14
PF03768,PF03769,1,4,1,0,3,2354,0.25,1.0,1.0,0.5,4,1,0,3,2354,0.25,1.0,1.0,0.5
PF06394,PF06784,12,14,1,11,13,2333,0.07,0.99,0.08,0.07,14,1,11,13,2333,0.07,0.99,0.08,0.07
PF09193,PF10413,3,8,3,0,5,2350,0.38,1.0,1.0,0.61,8,3,0,5,2350,0.38,1.0,1.0,0.61
PF12792,PF00376,3,3,3,0,0,2355,1.0,1.0,1.0,1.0,3,3,0,0,2355,1.0,1.0,1.0,1.0
PF15767,PF13270,3,7,0,3,7,2348,0.0,1.0,0.0,-0.0,7,0,3,7,2348,0.0,1.0,0.0,-0.0
PF03508,PF03509,0,3,0,0,3,2355,0.0,1.0,0,0,3,0,0,3,2355,0.0,1.0,0,0
PF17219,PF08604,1,9,1,0,8,2349,0.11,1.0,1.0,0.33,9,1,0,8,2349,0.11,1.0,1.0,0.33
PF10285,PF10284,0,0,0,0,0,2358,0,1.0,0,0,0,0,0,0,2358,0,1.0,0,0
PF06163,PF02342,0,6,0,0,6,2352,0.0,1.0,0,0,6,0,0,6,2352,0.0,1.0,0,0
PF05489,PF06805,0,0,0,0,0,2358,0,1.0,0,0,0,0,0,0,2358,0,1.0,0,0
PF04998,PF04992,65,7,7,58,0,2293,1.0,0.98,0.11,0.32,7,7,58,0,2293,1.0,0.98,0.11,0.32
PF00577,PF13953,16,16,16,0,0,2342,1.0,1.0,1.0,1.0,16,16,0,0,2342,1.0,1.0,1.0,1.0
PF11427,PF13936,16,10,6,10,4,2338,0.6,0.99,0.38,0.47,10,6,10,4,2338,0.6,0.99,0.38,0.47
PF17189,PF02055,25,31,23,2,8,2325,0.74,1.0,0.92,0.82,31,23,2,8,2325,0.74,1.0,0.92,0.82
PF11924,PF07411,3,0,0,3,0,2355,0,1.0,0.0,0,0,0,3,0,2355,0,1.0,0.0,0
PF01894,PF08315,29,27,6,23,21,2308,0.22,0.98,0.21,0.2,27,6,23,21,2308,0.22,0.98,0.21,0.2
PF13041,PF12854,233,110,107,126,3,2122,0.97,0.95,0.46,0.65,110,107,126,3,2122,0.97,0.95,0.46,0.65
PF14774,PF15359,12,3,0,12,3,2343,0.0,0.99,0.0,-0.0,3,0,12,3,2343,0.0,0.99,0.0,-0.0
PF04018,PF11811,0,0,0,0,0,2358,0,1.0,0,0,0,0,0,0,2358,0,1.0,0,0
PF14974,PF00467,21,40,8,13,32,2305,0.2,0.98,0.38,0.27,40,8,13,32,2305,0.2,0.98,0.38,0.27
PF01591,PF00300,34,120,33,1,87,2237,0.28,0.96,0.97,0.51,120,33,1,87,2237,0.28,0.96,0.97,0.51
PF02191,PF02354,20,5,5,15,0,2338,1.0,0.99,0.25,0.5,5,5,15,0,2338,1.0,0.99,0.25,0.5
PF15809,PF15555,0,3,0,0,3,2355,0.0,1.0,0,0,3,0,0,3,2355,0.0,1.0,0,0
PF02437,PF15223,15,0,0,15,0,2343,0,0.99,0.0,0,0,0,15,0,2343,0,0.99,0.0,0
PF02600,PF07464,2,3,0,2,3,2353,0.0,1.0,0.0,-0.0,3,0,2,3,2353,0.0,1.0,0.0,-0.0
PF15299,PF05334,9,6,0,9,6,2343,0.0,0.99,0.0,-0.0,6,0,9,6,2343,0.0,0.99,0.0,-0.0
PF15367,PF05857,5,0,0,5,0,2353,0,1.0,0.0,0,0,0,5,0,2353,0,1.0,0.0,0
PF15825,PF15041,0,1,0,0,1,2357,0.0,1.0,0,0,1,0,0,1,2357,0.0,1.0,0,0
PF01739,PF00770,8,2,0,8,2,2348,0.0,1.0,0.0,-0.0,2,0,8,2,2348,0.0,1.0,0.0,-0.0
PF16561,PF04739,42,15,15,27,0,2316,1.0,0.99,0.36,0.59,15,15,27,0,2316,1.0,0.99,0.36,0.59
PF12409,PF12515,26,11,6,20,5,2327,0.55,0.99,0.23,0.35,11,6,20,5,2327,0.55,0.99,0.23,0.35
PF00595,PF00625,213,66,46,167,20,2125,0.7,0.92,0.22,0.36,66,46,167,20,2125,0.7,0.92,0.22,0.36
PF02391,PF05176,17,7,5,12,2,2339,0.71,0.99,0.29,0.46,7,5,12,2,2339,0.71,0.99,0.29,0.46
PF10166,PF15252,2,0,0,2,0,2356,0,1.0,0.0,0,0,0,2,0,2356,0,1.0,0.0,0
PF14672,PF15172,1,1,0,1,1,2356,0.0,1.0,0.0,-0.0,1,0,1,1,2356,0.0,1.0,0.0,-0.0
PF00884,PF12548,79,6,6,73,0,2279,1.0,0.97,0.08,0.27,6,6,73,0,2279,1.0,0.97,0.08,0.27
PF04833,PF06830,6,0,0,6,0,2352,0,1.0,0.0,0,0,0,6,0,2352,0,1.0,0.0,0
PF02893,PF16016,68,27,18,50,9,2281,0.67,0.97,0.26,0.41,27,18,50,9,2281,0.67,0.97,0.26,0.41
PF06482,PF06121,10,4,4,6,0,2348,1.0,1.0,0.4,0.63,4,4,6,0,2348,1.0,1.0,0.4,0.63
PF01397,PF03936,24,34,24,0,10,2324,0.71,1.0,1.0,0.84,34,24,0,10,2324,0.71,1.0,1.0,0.84
PF01032,PF09383,8,4,3,5,1,2349,0.75,1.0,0.38,0.53,4,3,5,1,2349,0.75,1.0,0.38,0.53
PF12392,PF01514,2,3,0,2,3,2353,0.0,1.0,0.0,-0.0,3,0,2,3,2353,0.0,1.0,0.0,-0.0
PF17208,PF12140,5,15,3,2,12,2341,0.2,0.99,0.6,0.34,15,3,2,12,2341,0.2,0.99,0.6,0.34
PF16810,PF10504,14,3,0,14,3,2341,0.0,0.99,0.0,-0.0,3,0,14,3,2341,0.0,0.99,0.0,-0.0
PF00291,PF00290,105,14,11,94,3,2250,0.79,0.96,0.1,0.28,14,11,94,3,2250,0.79,0.96,0.1,0.28
PF09107,PF09106,5,5,5,0,0,2353,1.0,1.0,1.0,1.0,5,5,0,0,2353,1.0,1.0,1.0,1.0
PF08666,PF03102,13,6,1,12,5,2340,0.17,0.99,0.08,0.11,6,1,12,5,2340,0.17,0.99,0.08,0.11
PF10923,PF02489,2,0,0,2,0,2356,0,1.0,0.0,0,0,0,2,0,2356,0,1.0,0.0,0
PF06480,PF16193,34,27,5,29,22,2302,0.19,0.98,0.15,0.15,27,5,29,22,2302,0.19,0.98,0.15,0.15
PF05011,PF04152,26,28,6,20,22,2310,0.21,0.98,0.23,0.21,28,6,20,22,2310,0.21,0.98,0.23,0.21
PF12887,PF12879,1,0,0,1,0,2357,0,1.0,0.0,0,0,0,1,0,2357,0,1.0,0.0,0
PF06105,PF11815,25,21,7,18,14,2319,0.33,0.99,0.28,0.3,21,7,18,14,2319,0.33,0.99,0.28,0.3
PF05175,PF00155,54,180,22,32,158,2146,0.12,0.92,0.41,0.19,180,22,32,158,2146,0.12,0.92,0.41,0.19
PF01644,PF06165,23,6,3,20,3,2332,0.5,0.99,0.13,0.25,6,3,20,3,2332,0.5,0.99,0.13,0.25
PF00772,PF13662,9,10,4,5,6,2343,0.4,1.0,0.44,0.42,10,4,5,6,2343,0.4,1.0,0.44,0.42
PF06933,PF07610,0,1,0,0,1,2357,0.0,1.0,0,0,1,0,0,1,2357,0.0,1.0,0,0
PF06830,PF04833,0,6,0,0,6,2352,0.0,1.0,0,0,6,0,0,6,2352,0.0,1.0,0,0
PF15926,PF07139,11,8,1,10,7,2340,0.12,0.99,0.09,0.1,8,1,10,7,2340,0.12,0.99,0.09,0.1
PF10558,PF16860,6,8,0,6,8,2344,0.0,0.99,0.0,-0.0,8,0,6,8,2344,0.0,0.99,0.0,-0.0
PF03017,PF03004,6,31,4,2,27,2325,0.13,0.99,0.67,0.29,31,4,2,27,2325,0.13,0.99,0.67,0.29
PF00532,PF00356,10,24,10,0,14,2334,0.42,0.99,1.0,0.64,24,10,0,14,2334,0.42,0.99,1.0,0.64
PF02971,PF04961,7,7,7,0,0,2351,1.0,1.0,1.0,1.0,7,7,0,0,2351,1.0,1.0,1.0,1.0
PF00481,PF07830,138,12,12,126,0,2220,1.0,0.95,0.09,0.29,12,12,126,0,2220,1.0,0.95,0.09,0.29
PF11902,PF06251,0,0,0,0,0,2358,0,1.0,0,0,0,0,0,0,2358,0,1.0,0,0
PF15262,PF12202,7,20,6,1,14,2337,0.3,0.99,0.86,0.5,20,6,1,14,2337,0.3,0.99,0.86,0.5
PF14820,PF15119,1,4,0,1,4,2353,0.0,1.0,0.0,-0.0,4,0,1,4,2353,0.0,1.0,0.0,-0.0
PF14973,PF15249,10,17,1,9,16,2332,0.06,0.99,0.1,0.07,17,1,9,16,2332,0.06,0.99,0.1,0.07
PF14303,PF09756,56,11,3,53,8,2294,0.27,0.97,0.05,0.11,11,3,53,8,2294,0.27,0.97,0.05,0.11
PF16059,PF07001,7,7,2,5,5,2346,0.29,1.0,0.29,0.28,7,2,5,5,2346,0.29,1.0,0.29,0.28
PF08104,PF13368,2,11,0,2,11,2345,0.0,0.99,0.0,-0.0,11,0,2,11,2345,0.0,0.99,0.0,-0.0
PF10395,PF14952,1,4,0,1,4,2353,0.0,1.0,0.0,-0.0,4,0,1,4,2353,0.0,1.0,0.0,-0.0
PF14513,PF00609,14,36,10,4,26,2318,0.28,0.99,0.71,0.44,36,10,4,26,2318,0.28,0.99,0.71,0.44
PF12852,PF06719,3,3,3,0,0,2355,1.0,1.0,1.0,1.0,3,3,0,0,2355,1.0,1.0,1.0,1.0
PF00181,PF07985,39,24,14,25,10,2309,0.58,0.99,0.36,0.45,24,14,25,10,2309,0.58,0.99,0.36,0.45
PF07813,PF07421,1,2,0,1,2,2355,0.0,1.0,0.0,-0.0,2,0,1,2,2355,0.0,1.0,0.0,-0.0
PF07688,PF10318,2,27,1,1,26,2330,0.04,0.99,0.5,0.13,27,1,1,26,2330,0.04,0.99,0.5,0.13
PF10488,PF10472,3,0,0,3,0,2355,0,1.0,0.0,0,0,0,3,0,2355,0,1.0,0.0,0
PF14920,PF14918,0,0,0,0,0,2358,0,1.0,0,0,0,0,0,0,2358,0,1.0,0,0
PF10979,PF01076,0,3,0,0,3,2355,0.0,1.0,0,0,3,0,0,3,2355,0.0,1.0,0,0
PF15927,PF12366,8,4,4,4,0,2350,1.0,1.0,0.5,0.71,4,4,4,0,2350,1.0,1.0,0.5,0.71
PF11526,PF15912,17,4,0,17,4,2337,0.0,0.99,0.0,-0.0,4,0,17,4,2337,0.0,0.99,0.0,-0.0
PF06395,PF15720,11,2,2,9,0,2347,1.0,1.0,0.18,0.43,2,2,9,0,2347,1.0,1.0,0.18,0.43
PF16095,PF08477,39,68,32,7,36,2283,0.47,0.98,0.82,0.61,68,32,7,36,2283,0.47,0.98,0.82,0.61
PF13607,PF13380,2,14,2,0,12,2344,0.14,0.99,1.0,0.38,14,2,0,12,2344,0.14,0.99,1.0,0.38
PF02955,PF02951,7,6,6,1,0,2351,1.0,1.0,0.86,0.93,6,6,1,0,2351,1.0,1.0,0.86,0.93
PF11675,PF15775,0,0,0,0,0,2358,0,1.0,0,0,0,0,0,0,2358,0,1.0,0,0
PF00062,PF06189,19,5,0,19,5,2334,0.0,0.99,0.0,-0.0,5,0,19,5,2334,0.0,0.99,0.0,-0.0
PF07748,PF09261,45,47,42,3,5,2308,0.89,1.0,0.93,0.91,47,42,3,5,2308,0.89,1.0,0.93,0.91
PF03211,PF00457,21,10,7,14,3,2334,0.7,0.99,0.33,0.48,10,7,14,3,2334,0.7,0.99,0.33,0.48
PF00493,PF17207,102,98,97,5,1,2255,0.99,1.0,0.95,0.97,98,97,5,1,2255,0.99,1.0,0.95,0.97
PF08421,PF08484,2,2,2,0,0,2356,1.0,1.0,1.0,1.0,2,2,0,0,2356,1.0,1.0,1.0,1.0
PF01788,PF00882,4,0,0,4,0,2354,0,1.0,0.0,0,0,0,4,0,2354,0,1.0,0.0,0
PF15871,PF17045,1,0,0,1,0,2357,0,1.0,0.0,0,0,0,1,0,2357,0,1.0,0.0,0
PF08072,PF09382,12,37,12,0,25,2321,0.32,0.99,1.0,0.57,37,12,0,25,2321,0.32,0.99,1.0,0.57
PF02348,PF02130,10,8,0,10,8,2340,0.0,0.99,0.0,-0.0,8,0,10,8,2340,0.0,0.99,0.0,-0.0
PF04106,PF08561,27,13,1,26,12,2319,0.08,0.98,0.04,0.05,13,1,26,12,2319,0.08,0.98,0.04,0.05
PF15325,PF06876,1,1,0,1,1,2356,0.0,1.0,0.0,-0.0,1,0,1,1,2356,0.0,1.0,0.0,-0.0
PF00460,PF06429,5,6,3,2,3,2350,0.5,1.0,0.6,0.55,6,3,2,3,2350,0.5,1.0,0.6,0.55
PF15382,PF15033,3,3,3,0,0,2355,1.0,1.0,1.0,1.0,3,3,0,0,2355,1.0,1.0,1.0,1.0
PF02436,PF08502,9,15,4,5,11,2338,0.27,0.99,0.44,0.34,15,4,5,11,2338,0.27,0.99,0.44,0.34
PF08983,PF03827,3,6,3,0,3,2352,0.5,1.0,1.0,0.71,6,3,0,3,2352,0.5,1.0,1.0,0.71
PF03942,PF10780,27,0,0,27,0,2331,0,0.99,0.0,0,0,0,27,0,2331,0,0.99,0.0,0
PF10394,PF10496,18,21,3,15,18,2322,0.14,0.99,0.17,0.15,21,3,15,18,2322,0.14,0.99,0.17,0.15
PF13205,PF07494,3,3,0,3,3,2352,0.0,1.0,0.0,-0.0,3,0,3,3,2352,0.0,1.0,0.0,-0.0
PF16367,PF16366,24,22,20,4,2,2332,0.91,1.0,0.83,0.87,22,20,4,2,2332,0.91,1.0,0.83,0.87
PF04702,PF15675,1,1,1,0,0,2357,1.0,1.0,1.0,1.0,1,1,0,0,2357,1.0,1.0,1.0,1.0
PF16089,PF15884,0,3,0,0,3,2355,0.0,1.0,0,0,3,0,0,3,2355,0.0,1.0,0,0
PF05270,PF09206,14,7,5,9,2,2342,0.71,1.0,0.36,0.5,7,5,9,2,2342,0.71,1.0,0.36,0.5
PF13482,PF15775,1,0,0,1,0,2357,0,1.0,0.0,0,0,0,1,0,2357,0,1.0,0.0,0
PF12519,PF16871,15,0,0,15,0,2343,0,0.99,0.0,0,0,0,15,0,2343,0,0.99,0.0,0
PF06614,PF10580,2,2,2,0,0,2356,1.0,1.0,1.0,1.0,2,2,0,0,2356,1.0,1.0,1.0,1.0
PF03425,PF03442,4,12,2,2,10,2344,0.17,0.99,0.5,0.29,12,2,2,10,2344,0.17,0.99,0.5,0.29
PF12661,PF00008,81,158,75,6,83,2194,0.47,0.96,0.93,0.65,158,75,6,83,2194,0.47,0.96,0.93,0.65
PF02672,PF00121,5,21,3,2,18,2335,0.14,0.99,0.6,0.29,21,3,2,18,2335,0.14,0.99,0.6,0.29
PF08724,PF14841,1,1,0,1,1,2356,0.0,1.0,0.0,-0.0,1,0,1,1,2356,0.0,1.0,0.0,-0.0
PF11531,PF05185,4,38,4,0,34,2320,0.11,0.99,1.0,0.32,38,4,0,34,2320,0.11,0.99,1.0,0.32
PF09529,PF06798,2,0,0,2,0,2356,0,1.0,0.0,0,0,0,2,0,2356,0,1.0,0.0,0
PF05445,PF03044,2,0,0,2,0,2356,0,1.0,0.0,0,0,0,2,0,2356,0,1.0,0.0,0
PF15519,PF12220,20,6,2,18,4,2334,0.33,0.99,0.1,0.18,6,2,18,4,2334,0.33,0.99,0.1,0.18
PF13625,PF16203,18,26,18,0,8,2332,0.69,1.0,1.0,0.83,26,18,0,8,2332,0.69,1.0,1.0,0.83
PF00759,PF09478,33,13,7,26,6,2319,0.54,0.99,0.21,0.33,13,7,26,6,2319,0.54,0.99,0.21,0.33
PF15042,PF04308,0,0,0,0,0,2358,0,1.0,0,0,0,0,0,0,2358,0,1.0,0,0
PF01344,PF10102,155,5,4,151,1,2202,0.8,0.94,0.03,0.14,5,4,151,1,2202,0.8,0.94,0.03,0.14
PF15092,PF11593,6,4,0,6,4,2348,0.0,1.0,0.0,-0.0,4,0,6,4,2348,0.0,1.0,0.0,-0.0
PF07128,PF05761,0,19,0,0,19,2339,0.0,0.99,0,0,19,0,0,19,2339,0.0,0.99,0,0
PF05168,PF08579,3,4,0,3,4,2351,0.0,1.0,0.0,-0.0,4,0,3,4,2351,0.0,1.0,0.0,-0.0
PF13548,PF13677,3,0,0,3,0,2355,0,1.0,0.0,0,0,0,3,0,2355,0,1.0,0.0,0
PF13445,PF00097,112,137,57,55,80,2166,0.42,0.94,0.51,0.43,137,57,55,80,2166,0.42,0.94,0.51,0.43
PF11648,PF08061,19,2,2,17,0,2339,1.0,0.99,0.11,0.32,2,2,17,0,2339,1.0,0.99,0.11,0.32
PF03176,PF13323,21,6,1,20,5,2332,0.17,0.99,0.05,0.08,6,1,20,5,2332,0.17,0.99,0.05,0.08
PF08351,PF13725,20,20,20,0,0,2338,1.0,1.0,1.0,1.0,20,20,0,0,2338,1.0,1.0,1.0,1.0
PF08976,PF13833,6,100,6,0,94,2258,0.06,0.96,1.0,0.24,100,6,0,94,2258,0.06,0.96,1.0,0.24
PF07839,PF15235,4,1,0,4,1,2353,0.0,1.0,0.0,-0.0,1,0,4,1,2353,0.0,1.0,0.0,-0.0
PF15431,PF06834,0,0,0,0,0,2358,0,1.0,0,0,0,0,0,0,2358,0,1.0,0,0
PF03568,PF08638,25,15,2,23,13,2320,0.13,0.98,0.08,0.1,15,2,23,13,2320,0.13,0.98,0.08,0.1
PF02151,PF02577,25,2,2,23,0,2333,1.0,0.99,0.08,0.28,2,2,23,0,2333,1.0,0.99,0.08,0.28
PF12726,PF10407,7,0,0,7,0,2351,0,1.0,0.0,0,0,0,7,0,2351,0,1.0,0.0,0
PF03773,PF06756,0,2,0,0,2,2356,0.0,1.0,0,0,2,0,0,2,2356,0.0,1.0,0,0
PF16957,PF01312,3,3,0,3,3,2352,0.0,1.0,0.0,-0.0,3,0,3,3,2352,0.0,1.0,0.0,-0.0
PF03542,PF11864,9,9,9,0,0,2349,1.0,1.0,1.0,1.0,9,9,0,0,2349,1.0,1.0,1.0,1.0
PF11102,PF06105,0,25,0,0,25,2333,0.0,0.99,0,0,25,0,0,25,2333,0.0,0.99,0,0
PF14249,PF00301,3,2,0,3,2,2353,0.0,1.0,0.0,-0.0,2,0,3,2,2353,0.0,1.0,0.0,-0.0
PF05226,PF02991,6,31,2,4,29,2323,0.06,0.99,0.33,0.14,31,2,4,29,2323,0.06,0.99,0.33,0.14
PF16056,PF11618,4,5,1,3,4,2350,0.2,1.0,0.25,0.22,5,1,3,4,2350,0.2,1.0,0.25,0.22
PF12480,PF08729,8,8,1,7,7,2343,0.12,0.99,0.12,0.12,8,1,7,7,2343,0.12,0.99,0.12,0.12
PF01956,PF02996,21,59,10,11,49,2288,0.17,0.97,0.48,0.27,59,10,11,49,2288,0.17,0.97,0.48,0.27
PF07750,PF01927,4,7,3,1,4,2350,0.43,1.0,0.75,0.57,7,3,1,4,2350,0.43,1.0,0.75,0.57
PF10545,PF02944,76,21,21,55,0,2282,1.0,0.98,0.28,0.52,21,21,55,0,2282,1.0,0.98,0.28,0.52
PF16416,PF07963,0,10,0,0,10,2348,0.0,1.0,0,0,10,0,0,10,2348,0.0,1.0,0,0
PF11422,PF14607,0,0,0,0,0,2358,0,1.0,0,0,0,0,0,0,2358,0,1.0,0,0
PF01985,PF07766,14,26,6,8,20,2324,0.23,0.99,0.43,0.31,26,6,8,20,2324,0.23,0.99,0.43,0.31
PF06162,PF01051,0,3,0,0,3,2355,0.0,1.0,0,0,3,0,0,3,2355,0.0,1.0,0,0
PF14109,PF14398,0,0,0,0,0,2358,0,1.0,0,0,0,0,0,0,2358,0,1.0,0,0
PF13178,PF10580,9,2,1,8,1,2348,0.5,1.0,0.11,0.23,2,1,8,1,2348,0.5,1.0,0.11,0.23
PF02828,PF00625,23,66,18,5,48,2287,0.27,0.98,0.78,0.45,66,18,5,48,2287,0.27,0.98,0.78,0.45
PF01874,PF03592,3,1,0,3,1,2354,0.0,1.0,0.0,-0.0,1,0,3,1,2354,0.0,1.0,0.0,-0.0
PF03384,PF14922,4,5,1,3,4,2350,0.2,1.0,0.25,0.22,5,1,3,4,2350,0.2,1.0,0.25,0.22
PF05683,PF05681,9,4,4,5,0,2349,1.0,1.0,0.44,0.67,4,4,5,0,2349,1.0,1.0,0.44,0.67
PF10102,PF06588,5,6,1,4,5,2348,0.17,1.0,0.2,0.18,6,1,4,5,2348,0.17,1.0,0.2,0.18
PF10623,PF04076,0,0,0,0,0,2358,0,1.0,0,0,0,0,0,0,2358,0,1.0,0,0
PF10964,PF05125,0,1,0,0,1,2357,0.0,1.0,0,0,1,0,0,1,2357,0.0,1.0,0,0
PF08873,PF05290,0,0,0,0,0,2358,0,1.0,0,0,0,0,0,0,2358,0,1.0,0,0
PF08474,PF01530,8,27,8,0,19,2331,0.3,0.99,1.0,0.54,27,8,0,19,2331,0.3,0.99,1.0,0.54
PF17045,PF09762,0,5,0,0,5,2353,0.0,1.0,0,0,5,0,0,5,2353,0.0,1.0,0,0
PF07002,PF16056,44,4,1,43,3,2311,0.25,0.98,0.02,0.07,4,1,43,3,2311,0.25,0.98,0.02,0.07
PF07617,PF13599,0,10,0,0,10,2348,0.0,1.0,0,0,10,0,0,10,2348,0.0,1.0,0,0
PF16048,PF08018,2,0,0,2,0,2356,0,1.0,0.0,0,0,0,2,0,2356,0,1.0,0.0,0
PF16203,PF13625,26,18,18,8,0,2332,1.0,1.0,0.69,0.83,18,18,8,0,2332,1.0,1.0,0.69,0.83
PF04759,PF04367,7,3,0,7,3,2348,0.0,1.0,0.0,-0.0,3,0,7,3,2348,0.0,1.0,0.0,-0.0
PF01826,PF08742,72,53,46,26,7,2279,0.87,0.99,0.64,0.74,53,46,26,7,2279,0.87,0.99,0.64,0.74
PF08564,PF03234,14,12,10,4,2,2342,0.83,1.0,0.71,0.77,12,10,4,2,2342,0.83,1.0,0.71,0.77
PF08357,PF15037,22,4,3,19,1,2335,0.75,0.99,0.14,0.32,4,3,19,1,2335,0.75,0.99,0.14,0.32
PF16485,PF01447,1,3,1,0,2,2355,0.33,1.0,1.0,0.58,3,1,0,2,2355,0.33,1.0,1.0,0.58
PF16330,PF12128,5,0,0,5,0,2353,0,1.0,0.0,0,0,0,5,0,2353,0,1.0,0.0,0
PF05375,PF09206,13,7,1,12,6,2339,0.14,0.99,0.08,0.1,7,1,12,6,2339,0.14,0.99,0.08,0.1
PF09005,PF16568,16,1,1,15,0,2342,1.0,0.99,0.06,0.25,1,1,15,0,2342,1.0,0.99,0.06,0.25
PF10438,PF09087,2,2,2,0,0,2356,1.0,1.0,1.0,1.0,2,2,0,0,2356,1.0,1.0,1.0,1.0
PF07648,PF00050,47,42,24,23,18,2293,0.57,0.98,0.51,0.53,42,24,23,18,2293,0.57,0.98,0.51,0.53
PF10171,PF01776,16,17,5,11,12,2330,0.29,0.99,0.31,0.3,17,5,11,12,2330,0.29,0.99,0.31,0.3
PF14998,PF06596,3,5,1,2,4,2351,0.2,1.0,0.33,0.26,5,1,2,4,2351,0.2,1.0,0.33,0.26
PF06566,PF06567,1,1,1,0,0,2357,1.0,1.0,1.0,1.0,1,1,0,0,2357,1.0,1.0,1.0,1.0
PF11268,PF15482,0,0,0,0,0,2358,0,1.0,0,0,0,0,0,0,2358,0,1.0,0,0
PF06993,PF12467,0,7,0,0,7,2351,0.0,1.0,0,0,7,0,0,7,2351,0.0,1.0,0,0
PF01126,PF09805,19,17,1,18,16,2323,0.06,0.99,0.05,0.05,17,1,18,16,2323,0.06,0.99,0.05,0.05
PF08552,PF04934,13,25,2,11,23,2322,0.08,0.99,0.15,0.1,25,2,11,23,2322,0.08,0.99,0.15,0.1
PF15675,PF16007,1,4,0,1,4,2353,0.0,1.0,0.0,-0.0,4,0,1,4,2353,0.0,1.0,0.0,-0.0
PF05478,PF06473,7,1,1,6,0,2351,1.0,1.0,0.14,0.38,1,1,6,0,2351,1.0,1.0,0.14,0.38
PF12736,PF05640,13,4,1,12,3,2342,0.25,0.99,0.08,0.14,4,1,12,3,2342,0.25,0.99,0.08,0.14
PF10483,PF05129,7,23,2,5,21,2330,0.09,0.99,0.29,0.15,23,2,5,21,2330,0.09,0.99,0.29,0.15
PF15991,PF06420,0,3,0,0,3,2355,0.0,1.0,0,0,3,0,0,3,2355,0.0,1.0,0,0
PF11671,PF12278,0,0,0,0,0,2358,0,1.0,0,0,0,0,0,0,2358,0,1.0,0,0
PF15921,PF12180,0,3,0,0,3,2355,0.0,1.0,0,0,3,0,0,3,2355,0.0,1.0,0,0
PF04654,PF03386,6,0,0,6,0,2352,0,1.0,0.0,0,0,0,6,0,2352,0,1.0,0.0,0
PF12697,PF00561,111,146,67,44,79,2168,0.46,0.95,0.6,0.5,146,67,44,79,2168,0.46,0.95,0.6,0.5
PF01906,PF08738,8,0,0,8,0,2350,0,1.0,0.0,0,0,0,8,0,2350,0,1.0,0.0,0
PF05483,PF05548,9,4,0,9,4,2345,0.0,0.99,0.0,-0.0,4,0,9,4,2345,0.0,0.99,0.0,-0.0
PF08355,PF08356,21,20,20,1,0,2337,1.0,1.0,0.95,0.98,20,20,1,0,2337,1.0,1.0,0.95,0.98
PF10537,PF15612,23,33,17,6,16,2319,0.52,0.99,0.74,0.61,33,17,6,16,2319,0.52,0.99,0.74,0.61
PF08848,PF05448,0,5,0,0,5,2353,0.0,1.0,0,0,5,0,0,5,2353,0.0,1.0,0,0
PF16121,PF08071,27,24,21,6,3,2328,0.88,1.0,0.78,0.82,24,21,6,3,2328,0.88,1.0,0.78,0.82
PF10577,PF06484,9,6,2,7,4,2345,0.33,1.0,0.22,0.27,6,2,7,4,2345,0.33,1.0,0.22,0.27
PF05198,PF11567,15,0,0,15,0,2343,0,0.99,0.0,0,0,0,15,0,2343,0,0.99,0.0,0
PF05090,PF08014,12,4,1,11,3,2343,0.25,0.99,0.08,0.14,4,1,11,3,2343,0.25,0.99,0.08,0.14
PF10467,PF11855,1,3,0,1,3,2354,0.0,1.0,0.0,-0.0,3,0,1,3,2354,0.0,1.0,0.0,-0.0
PF12238,PF00499,0,6,0,0,6,2352,0.0,1.0,0,0,6,0,0,6,2352,0.0,1.0,0,0
PF13948,PF01508,7,0,0,7,0,2351,0,1.0,0.0,0,0,0,7,0,2351,0,1.0,0.0,0
PF10046,PF11264,15,3,1,14,2,2341,0.33,0.99,0.07,0.15,3,1,14,2,2341,0.33,0.99,0.07,0.15
PF08086,PF04099,3,34,1,2,33,2322,0.03,0.99,0.33,0.1,34,1,2,33,2322,0.03,0.99,0.33,0.1
PF06543,PF00062,0,19,0,0,19,2339,0.0,0.99,0,0,19,0,0,19,2339,0.0,0.99,0,0
PF16667,PF05671,1,3,0,1,3,2354,0.0,1.0,0.0,-0.0,3,0,1,3,2354,0.0,1.0,0.0,-0.0
PF08577,PF10573,5,4,0,5,4,2349,0.0,1.0,0.0,-0.0,4,0,5,4,2349,0.0,1.0,0.0,-0.0
PF14379,PF16495,12,11,2,10,9,2337,0.18,0.99,0.17,0.17,11,2,10,9,2337,0.18,0.99,0.17,0.17
PF01678,PF17187,11,4,0,11,4,2343,0.0,0.99,0.0,-0.0,4,0,11,4,2343,0.0,0.99,0.0,-0.0
PF10185,PF12020,7,0,0,7,0,2351,0,1.0,0.0,0,0,0,7,0,2351,0,1.0,0.0,0
PF07058,PF02057,10,2,0,10,2,2346,0.0,0.99,0.0,-0.0,2,0,10,2,2346,0.0,0.99,0.0,-0.0
PF08018,PF16048,0,2,0,0,2,2356,0.0,1.0,0,0,2,0,0,2,2356,0.0,1.0,0,0
PF00345,PF13954,12,10,10,2,0,2346,1.0,1.0,0.83,0.91,10,10,2,0,2346,1.0,1.0,0.83,0.91
PF13198,PF01283,0,38,0,0,38,2320,0.0,0.98,0,0,38,0,0,38,2320,0.0,0.98,0,0
PF03002,PF00127,13,6,0,13,6,2339,0.0,0.99,0.0,-0.0,6,0,13,6,2339,0.0,0.99,0.0,-0.0
PF11130,PF12477,0,0,0,0,0,2358,0,1.0,0,0,0,0,0,0,2358,0,1.0,0,0
PF15478,PF14866,3,0,0,3,0,2355,0,1.0,0.0,0,0,0,3,0,2355,0,1.0,0.0,0
PF03962,PF05207,14,33,3,11,30,2314,0.09,0.98,0.21,0.13,33,3,11,30,2314,0.09,0.98,0.21,0.13
PF15074,PF13684,7,2,0,7,2,2349,0.0,1.0,0.0,-0.0,2,0,7,2,2349,0.0,1.0,0.0,-0.0
PF11976,PF01150,42,41,16,26,25,2291,0.39,0.98,0.38,0.37,41,16,26,25,2291,0.39,0.98,0.38,0.37
PF09738,PF02374,2,24,0,2,24,2332,0.0,0.99,0.0,-0.0,24,0,2,24,2332,0.0,0.99,0.0,-0.0
PF02219,PF03385,19,4,1,18,3,2336,0.25,0.99,0.05,0.11,4,1,18,3,2336,0.25,0.99,0.05,0.11
PF07520,PF10139,0,0,0,0,0,2358,0,1.0,0,0,0,0,0,0,2358,0,1.0,0,0
PF01345,PF15334,0,1,0,0,1,2357,0.0,1.0,0,0,1,0,0,1,2357,0.0,1.0,0,0
PF01984,PF07080,22,6,4,18,2,2334,0.67,0.99,0.18,0.35,6,4,18,2,2334,0.67,0.99,0.18,0.35
PF06054,PF03846,0,2,0,0,2,2356,0.0,1.0,0,0,2,0,0,2,2356,0.0,1.0,0,0
PF08568,PF12463,14,3,1,13,2,2342,0.33,0.99,0.07,0.15,3,1,13,2,2342,0.33,0.99,0.07,0.15
PF07500,PF08711,28,49,23,5,26,2304,0.47,0.99,0.82,0.62,49,23,5,26,2304,0.47,0.99,0.82,0.62
PF14292,PF12080,2,0,0,2,0,2356,0,1.0,0.0,0,0,0,2,0,2356,0,1.0,0.0,0
PF08414,PF08022,18,72,15,3,57,2283,0.21,0.97,0.83,0.41,72,15,3,57,2283,0.21,0.97,0.83,0.41
PF08193,PF07544,5,10,0,5,10,2343,0.0,0.99,0.0,-0.0,10,0,5,10,2343,0.0,0.99,0.0,-0.0
PF03934,PF02501,8,7,7,1,0,2350,1.0,1.0,0.88,0.94,7,7,1,0,2350,1.0,1.0,0.88,0.94
PF06752,PF04126,4,3,0,4,3,2351,0.0,1.0,0.0,-0.0,3,0,4,3,2351,0.0,1.0,0.0,-0.0
PF05261,PF12827,2,0,0,2,0,2356,0,1.0,0.0,0,0,0,2,0,2356,0,1.0,0.0,0
PF07093,PF09751,6,14,1,5,13,2339,0.07,0.99,0.17,0.11,14,1,5,13,2339,0.07,0.99,0.17,0.11
PF09192,PF14671,5,10,2,3,8,2345,0.2,1.0,0.4,0.28,10,2,3,8,2345,0.2,1.0,0.4,0.28
PF03576,PF08738,2,0,0,2,0,2356,0,1.0,0.0,0,0,0,2,0,2356,0,1.0,0.0,0
PF08376,PF04940,8,8,3,5,5,2345,0.38,1.0,0.38,0.37,8,3,5,5,2345,0.38,1.0,0.38,0.37
PF03775,PF06890,2,0,0,2,0,2356,0,1.0,0.0,0,0,0,2,0,2356,0,1.0,0.0,0
PF05705,PF14388,25,21,7,18,14,2319,0.33,0.99,0.28,0.3,21,7,18,14,2319,0.33,0.99,0.28,0.3
PF15151,PF07055,12,2,0,12,2,2344,0.0,0.99,0.0,-0.0,2,0,12,2,2344,0.0,0.99,0.0,-0.0
PF00684,PF05099,2,0,0,2,0,2356,0,1.0,0.0,0,0,0,2,0,2356,0,1.0,0.0,0
PF10139,PF07520,0,0,0,0,0,2358,0,1.0,0,0,0,0,0,0,2358,0,1.0,0,0
PF01227,PF01512,8,17,3,5,14,2336,0.18,0.99,0.38,0.25,17,3,5,14,2336,0.18,0.99,0.38,0.25
PF06124,PF03406,4,0,0,4,0,2354,0,1.0,0.0,0,0,0,4,0,2354,0,1.0,0.0,0
PF00885,PF03488,14,2,0,14,2,2342,0.0,0.99,0.0,-0.0,2,0,14,2,2342,0.0,0.99,0.0,-0.0
PF05918,PF15808,7,6,0,7,6,2345,0.0,0.99,0.0,-0.0,6,0,7,6,2345,0.0,0.99,0.0,-0.0
PF10536,PF03108,35,30,8,27,22,2301,0.27,0.98,0.23,0.24,30,8,27,22,2301,0.27,0.98,0.23,0.24
PF02355,PF07549,8,10,6,2,4,2346,0.6,1.0,0.75,0.67,10,6,2,4,2346,0.6,1.0,0.75,0.67
PF01063,PF12311,39,4,2,37,2,2317,0.5,0.98,0.05,0.16,4,2,37,2,2317,0.5,0.98,0.05,0.16
PF16511,PF09141,30,19,19,11,0,2328,1.0,1.0,0.63,0.79,19,19,11,0,2328,1.0,1.0,0.63,0.79
PF13866,PF15285,1,5,0,1,5,2352,0.0,1.0,0.0,-0.0,5,0,1,5,2352,0.0,1.0,0.0,-0.0
PF11769,PF14233,0,0,0,0,0,2358,0,1.0,0,0,0,0,0,0,2358,0,1.0,0,0
PF10245,PF05219,16,10,1,15,9,2333,0.1,0.99,0.06,0.07,10,1,15,9,2333,0.1,0.99,0.06,0.07
PF01217,PF09786,87,19,8,79,11,2260,0.42,0.96,0.09,0.18,19,8,79,11,2260,0.42,0.96,0.09,0.18
PF02158,PF07204,5,6,3,2,3,2350,0.5,1.0,0.6,0.55,6,3,2,3,2350,0.5,1.0,0.6,0.55
PF04340,PF15130,2,2,0,2,2,2354,0.0,1.0,0.0,-0.0,2,0,2,2,2354,0.0,1.0,0.0,-0.0
PF10719,PF09269,6,5,1,5,4,2348,0.2,1.0,0.17,0.18,5,1,5,4,2348,0.2,1.0,0.17,0.18
PF03790,PF03791,4,6,4,0,2,2352,0.67,1.0,1.0,0.82,6,4,0,2,2352,0.67,1.0,1.0,0.82
PF12040,PF12679,1,1,1,0,0,2357,1.0,1.0,1.0,1.0,1,1,0,0,2357,1.0,1.0,1.0,1.0
PF09292,PF01149,6,14,6,0,8,2344,0.43,1.0,1.0,0.65,14,6,0,8,2344,0.43,1.0,1.0,0.65
PF10346,PF14232,2,0,0,2,0,2356,0,1.0,0.0,0,0,0,2,0,2356,0,1.0,0.0,0
PF04198,PF01420,8,4,1,7,3,2347,0.25,1.0,0.12,0.17,4,1,7,3,2347,0.25,1.0,0.12,0.17
PF03724,PF09149,0,7,0,0,7,2351,0.0,1.0,0,0,7,0,0,7,2351,0.0,1.0,0,0
PF03705,PF08411,1,2,0,1,2,2355,0.0,1.0,0.0,-0.0,2,0,1,2,2355,0.0,1.0,0.0,-0.0
PF06466,PF17105,12,6,4,8,2,2344,0.67,1.0,0.33,0.47,6,4,8,2,2344,0.67,1.0,0.33,0.47
PF08059,PF02099,24,20,9,15,11,2323,0.45,0.99,0.38,0.41,20,9,15,11,2323,0.45,0.99,0.38,0.41
PF11204,PF02028,20,3,0,20,3,2335,0.0,0.99,0.0,-0.0,3,0,20,3,2335,0.0,0.99,0.0,-0.0
PF13441,PF06547,2,6,2,0,4,2352,0.33,1.0,1.0,0.58,6,2,0,4,2352,0.33,1.0,1.0,0.58
PF08234,PF16516,3,10,0,3,10,2345,0.0,0.99,0.0,-0.0,10,0,3,10,2345,0.0,0.99,0.0,-0.0
PF11774,PF10991,0,0,0,0,0,2358,0,1.0,0,0,0,0,0,0,2358,0,1.0,0,0
PF10179,PF06414,5,16,0,5,16,2337,0.0,0.99,0.0,-0.0,16,0,5,16,2337,0.0,0.99,0.0,-0.0
PF11626,PF08914,11,24,11,0,13,2334,0.46,0.99,1.0,0.68,24,11,0,13,2334,0.46,0.99,1.0,0.68
PF16657,PF09154,2,5,2,0,3,2353,0.4,1.0,1.0,0.63,5,2,0,3,2353,0.4,1.0,1.0,0.63
PF03367,PF03074,17,14,2,15,12,2329,0.14,0.99,0.12,0.12,14,2,15,12,2329,0.14,0.99,0.12,0.12
PF03840,PF04237,3,0,0,3,0,2355,0,1.0,0.0,0,0,0,3,0,2355,0,1.0,0.0,0
PF11309,PF01226,0,15,0,0,15,2343,0.0,0.99,0,0,15,0,0,15,2343,0.0,0.99,0,0
PF15859,PF12313,0,7,0,0,7,2351,0.0,1.0,0,0,7,0,0,7,2351,0.0,1.0,0,0
PF02214,PF03520,87,15,10,77,5,2266,0.67,0.97,0.11,0.27,15,10,77,5,2266,0.67,0.97,0.11,0.27
PF16021,PF12829,8,2,0,8,2,2348,0.0,1.0,0.0,-0.0,2,0,8,2,2348,0.0,1.0,0.0,-0.0
PF11630,PF08194,0,0,0,0,0,2358,0,1.0,0,0,0,0,0,0,2358,0,1.0,0,0
PF00840,PF02013,23,7,2,21,5,2330,0.29,0.99,0.09,0.15,7,2,21,5,2330,0.29,0.99,0.09,0.15
PF03704,PF13464,4,3,0,4,3,2351,0.0,1.0,0.0,-0.0,3,0,4,3,2351,0.0,1.0,0.0,-0.0
PF14436,PF17206,0,1,0,0,1,2357,0.0,1.0,0,0,1,0,0,1,2357,0.0,1.0,0,0
PF08331,PF15052,0,4,0,0,4,2354,0.0,1.0,0,0,4,0,0,4,2354,0.0,1.0,0,0
PF09462,PF10407,10,0,0,10,0,2348,0,1.0,0.0,0,0,0,10,0,2348,0,1.0,0.0,0
PF16338,PF17137,2,11,2,0,9,2347,0.18,1.0,1.0,0.43,11,2,0,9,2347,0.18,1.0,1.0,0.43
PF10145,PF15186,0,1,0,0,1,2357,0.0,1.0,0,0,1,0,0,1,2357,0.0,1.0,0,0
PF04775,PF08840,7,7,5,2,2,2349,0.71,1.0,0.71,0.71,7,5,2,2,2349,0.71,1.0,0.71,0.71
PF07411,PF03090,0,0,0,0,0,2358,0,1.0,0,0,0,0,0,0,2358,0,1.0,0,0
PF10963,PF04960,0,9,0,0,9,2349,0.0,1.0,0,0,9,0,0,9,2349,0.0,1.0,0,0
PF08242,PF00109,63,99,44,19,55,2240,0.44,0.97,0.7,0.54,99,44,19,55,2240,0.44,0.97,0.7,0.54
PF08579,PF15491,4,1,0,4,1,2353,0.0,1.0,0.0,-0.0,1,0,4,1,2353,0.0,1.0,0.0,-0.0
PF12854,PF13041,110,233,107,3,126,2122,0.46,0.95,0.97,0.65,233,107,3,126,2122,0.46,0.95,0.97,0.65
PF00464,PF02284,47,9,5,42,4,2307,0.56,0.98,0.11,0.24,9,5,42,4,2307,0.56,0.98,0.11,0.24
PF07488,PF07477,9,9,9,0,0,2349,1.0,1.0,1.0,1.0,9,9,0,0,2349,1.0,1.0,1.0,1.0
PF06113,PF15008,7,1,0,7,1,2350,0.0,1.0,0.0,-0.0,1,0,7,1,2350,0.0,1.0,0.0,-0.0
PF14606,PF14607,4,0,0,4,0,2354,0,1.0,0.0,0,0,0,4,0,2354,0,1.0,0.0,0
PF13796,PF08260,0,0,0,0,0,2358,0,1.0,0,0,0,0,0,0,2358,0,1.0,0,0
PF10173,PF10217,9,4,0,9,4,2345,0.0,0.99,0.0,-0.0,4,0,9,4,2345,0.0,0.99,0.0,-0.0
PF14065,PF11743,0,0,0,0,0,2358,0,1.0,0,0,0,0,0,0,2358,0,1.0,0,0
PF09332,PF15539,10,0,0,10,0,2348,0,1.0,0.0,0,0,0,10,0,2348,0,1.0,0.0,0
PF06179,PF01150,23,41,14,9,27,2308,0.34,0.98,0.61,0.45,41,14,9,27,2308,0.34,0.98,0.61,0.45
PF01434,PF09336,71,30,13,58,17,2270,0.43,0.97,0.18,0.27,30,13,58,17,2270,0.43,0.97,0.18,0.27
PF13586,PF08737,0,11,0,0,11,2347,0.0,1.0,0,0,11,0,0,11,2347,0.0,1.0,0,0
PF08758,PF08266,4,11,3,1,8,2346,0.27,1.0,0.75,0.45,11,3,1,8,2346,0.27,1.0,0.75,0.45
PF03870,PF03331,14,2,0,14,2,2342,0.0,0.99,0.0,-0.0,2,0,14,2,2342,0.0,0.99,0.0,-0.0
PF04731,PF10525,7,5,1,6,4,2347,0.2,1.0,0.14,0.17,5,1,6,4,2347,0.2,1.0,0.14,0.17
PF04220,PF15556,1,2,0,1,2,2355,0.0,1.0,0.0,-0.0,2,0,1,2,2355,0.0,1.0,0.0,-0.0
PF15084,PF15292,5,0,0,5,0,2353,0,1.0,0.0,0,0,0,5,0,2353,0,1.0,0.0,0
PF05605,PF14571,21,5,5,16,0,2337,1.0,0.99,0.24,0.49,5,5,16,0,2337,1.0,0.99,0.24,0.49
PF05144,PF16888,1,0,0,1,0,2357,0,1.0,0.0,0,0,0,1,0,2357,0,1.0,0.0,0
PF02701,PF09816,18,16,2,16,14,2326,0.12,0.99,0.11,0.11,16,2,16,14,2326,0.12,0.99,0.11,0.11
PF02084,PF02420,1,0,0,1,0,2357,0,1.0,0.0,0,0,0,1,0,2357,0,1.0,0.0,0
PF16204,PF08072,12,12,12,0,0,2346,1.0,1.0,1.0,1.0,12,12,0,0,2346,1.0,1.0,1.0,1.0
PF01124,PF00210,30,29,6,24,23,2305,0.21,0.98,0.2,0.19,29,6,24,23,2305,0.21,0.98,0.2,0.19
PF09917,PF12628,0,0,0,0,0,2358,0,1.0,0,0,0,0,0,0,2358,0,1.0,0,0
PF05186,PF00334,37,57,14,23,43,2278,0.25,0.97,0.38,0.29,57,14,23,43,2278,0.25,0.97,0.38,0.29
PF06679,PF04736,1,3,0,1,3,2354,0.0,1.0,0.0,-0.0,3,0,1,3,2354,0.0,1.0,0.0,-0.0
PF13374,PF01048,101,51,33,68,18,2239,0.65,0.96,0.33,0.44,51,33,68,18,2239,0.65,0.96,0.33,0.44
PF06969,PF13597,2,8,2,0,6,2350,0.25,1.0,1.0,0.5,8,2,0,6,2350,0.25,1.0,1.0,0.5
PF09750,PF12230,38,23,7,31,16,2304,0.3,0.98,0.18,0.23,23,7,31,16,2304,0.3,0.98,0.18,0.23
PF05383,PF14327,47,21,5,42,16,2295,0.24,0.98,0.11,0.15,21,5,42,16,2295,0.24,0.98,0.11,0.15
PF12900,PF12716,6,0,0,6,0,2352,0,1.0,0.0,0,0,0,6,0,2352,0,1.0,0.0,0
PF03509,PF16791,3,0,0,3,0,2355,0,1.0,0.0,0,0,0,3,0,2355,0,1.0,0.0,0
PF17021,PF10380,0,2,0,0,2,2356,0.0,1.0,0,0,2,0,0,2,2356,0.0,1.0,0,0
PF06244,PF06127,15,6,2,13,4,2339,0.33,0.99,0.13,0.21,6,2,13,4,2339,0.33,0.99,0.13,0.21
PF02434,PF05679,53,28,19,34,9,2296,0.68,0.98,0.36,0.49,28,19,34,9,2296,0.68,0.98,0.36,0.49
PF05987,PF08766,2,55,0,2,55,2301,0.0,0.98,0.0,-0.0,55,0,2,55,2301,0.0,0.98,0.0,-0.0
PF14512,PF06403,0,2,0,0,2,2356,0.0,1.0,0,0,2,0,0,2,2356,0.0,1.0,0,0
PF04814,PF04812,6,5,5,1,0,2352,1.0,1.0,0.83,0.91,5,5,1,0,2352,1.0,1.0,0.83,0.91
PF08391,PF03954,4,1,0,4,1,2353,0.0,1.0,0.0,-0.0,1,0,4,1,2353,0.0,1.0,0.0,-0.0
PF07159,PF05994,12,20,10,2,10,2336,0.5,0.99,0.83,0.64,20,10,2,10,2336,0.5,0.99,0.83,0.64
PF11746,PF08518,0,16,0,0,16,2342,0.0,0.99,0,0,16,0,0,16,2342,0.0,0.99,0,0
PF11332,PF11268,0,0,0,0,0,2358,0,1.0,0,0,0,0,0,0,2358,0,1.0,0,0
PF14805,PF04764,6,0,0,6,0,2352,0,1.0,0.0,0,0,0,6,0,2352,0,1.0,0.0,0
PF12109,PF09193,4,3,3,1,0,2354,1.0,1.0,0.75,0.87,3,3,1,0,2354,1.0,1.0,0.75,0.87
PF07993,PF03015,86,40,38,48,2,2270,0.95,0.98,0.44,0.64,40,38,48,2,2270,0.95,0.98,0.44,0.64
PF01712,PF04176,11,16,3,8,13,2334,0.19,0.99,0.27,0.22,16,3,8,13,2334,0.19,0.99,0.27,0.22
PF04752,PF05910,18,16,2,16,14,2326,0.12,0.99,0.11,0.11,16,2,16,14,2326,0.12,0.99,0.11,0.11
PF14659,PF05666,4,0,0,4,0,2354,0,1.0,0.0,0,0,0,4,0,2354,0,1.0,0.0,0
PF15113,PF02888,2,15,0,2,15,2341,0.0,0.99,0.0,-0.0,15,0,2,15,2341,0.0,0.99,0.0,-0.0
PF14970,PF05111,5,2,0,5,2,2351,0.0,1.0,0.0,-0.0,2,0,5,2,2351,0.0,1.0,0.0,-0.0
PF01733,PF03194,28,26,4,24,22,2308,0.15,0.98,0.14,0.14,26,4,24,22,2308,0.15,0.98,0.14,0.14
PF16991,PF17007,0,0,0,0,0,2358,0,1.0,0,0,0,0,0,0,2358,0,1.0,0,0
PF00504,PF00810,29,25,5,24,20,2309,0.2,0.98,0.17,0.18,25,5,24,20,2309,0.2,0.98,0.17,0.18
PF10212,PF16704,7,3,1,6,2,2349,0.33,1.0,0.14,0.22,3,1,6,2,2349,0.33,1.0,0.14,0.22
PF07364,PF07171,7,7,7,0,0,2351,1.0,1.0,1.0,1.0,7,7,0,0,2351,1.0,1.0,1.0,1.0
PF02297,PF16953,35,27,8,27,19,2304,0.3,0.98,0.23,0.25,27,8,27,19,2304,0.3,0.98,0.23,0.25
PF03048,PF12014,1,2,1,0,1,2356,0.5,1.0,1.0,0.71,2,1,0,1,2356,0.5,1.0,1.0,0.71
PF01609,PF04865,5,0,0,5,0,2353,0,1.0,0.0,0,0,0,5,0,2353,0,1.0,0.0,0
PF08105,PF14200,0,8,0,0,8,2350,0.0,1.0,0,0,8,0,0,8,2350,0.0,1.0,0,0
PF03632,PF03636,14,8,8,6,0,2344,1.0,1.0,0.57,0.75,8,8,6,0,2344,1.0,1.0,0.57,0.75
PF11291,PF10375,0,1,0,0,1,2357,0.0,1.0,0,0,1,0,0,1,2357,0.0,1.0,0,0
PF00281,PF00673,39,41,33,6,8,2311,0.8,0.99,0.85,0.82,41,33,6,8,2311,0.8,0.99,0.85,0.82
PF07676,PF02897,43,27,7,36,20,2295,0.26,0.98,0.16,0.19,27,7,36,20,2295,0.26,0.98,0.16,0.19
PF06428,PF15266,14,7,2,12,5,2339,0.29,0.99,0.14,0.2,7,2,12,5,2339,0.29,0.99,0.14,0.2
PF04325,PF00524,4,5,1,3,4,2350,0.2,1.0,0.25,0.22,5,1,3,4,2350,0.2,1.0,0.25,0.22
PF00523,PF02611,1,3,0,1,3,2354,0.0,1.0,0.0,-0.0,3,0,1,3,2354,0.0,1.0,0.0,-0.0
PF03256,PF11515,34,16,13,21,3,2321,0.81,0.99,0.38,0.55,16,13,21,3,2321,0.81,0.99,0.38,0.55
PF00296,PF06609,29,18,11,18,7,2322,0.61,0.99,0.38,0.48,18,11,18,7,2322,0.61,0.99,0.38,0.48
PF11259,PF08708,0,0,0,0,0,2358,0,1.0,0,0,0,0,0,0,2358,0,1.0,0,0
PF04385,PF03302,4,6,0,4,6,2348,0.0,1.0,0.0,-0.0,6,0,4,6,2348,0.0,1.0,0.0,-0.0
PF15548,PF04610,3,10,0,3,10,2345,0.0,0.99,0.0,-0.0,10,0,3,10,2345,0.0,0.99,0.0,-0.0
PF00333,PF03719,41,48,37,4,11,2306,0.77,0.99,0.9,0.83,48,37,4,11,2306,0.77,0.99,0.9,0.83
PF01430,PF09967,3,3,0,3,3,2352,0.0,1.0,0.0,-0.0,3,0,3,3,2352,0.0,1.0,0.0,-0.0
PF05965,PF05964,32,31,29,3,2,2324,0.94,1.0,0.91,0.92,31,29,3,2,2324,0.94,1.0,0.91,0.92
PF03959,PF12368,41,8,2,39,6,2311,0.25,0.98,0.05,0.1,8,2,39,6,2311,0.25,0.98,0.05,0.1
PF16839,PF05912,1,7,0,1,7,2350,0.0,1.0,0.0,-0.0,7,0,1,7,2350,0.0,1.0,0.0,-0.0
PF01624,PF05188,55,57,52,3,5,2298,0.91,1.0,0.95,0.93,57,52,3,5,2298,0.91,1.0,0.95,0.93
PF10354,PF03147,19,31,8,11,23,2316,0.26,0.99,0.42,0.32,31,8,11,23,2316,0.26,0.99,0.42,0.32
PF02413,PF06798,1,0,0,1,0,2357,0,1.0,0.0,0,0,0,1,0,2357,0,1.0,0.0,0
PF17017,PF05939,0,0,0,0,0,2358,0,1.0,0,0,0,0,0,0,2358,0,1.0,0,0
PF06296,PF15763,0,0,0,0,0,2358,0,1.0,0,0,0,0,0,0,2358,0,1.0,0,0
PF10283,PF10228,32,12,5,27,7,2319,0.42,0.99,0.16,0.25,12,5,27,7,2319,0.42,0.99,0.16,0.25
PF00825,PF08795,3,0,0,3,0,2355,0,1.0,0.0,0,0,0,3,0,2355,0,1.0,0.0,0
PF13023,PF00831,17,21,5,12,16,2325,0.24,0.99,0.29,0.26,21,5,12,16,2325,0.24,0.99,0.29,0.26
PF11152,PF06549,2,1,1,1,0,2356,1.0,1.0,0.5,0.71,1,1,1,0,2356,1.0,1.0,0.5,0.71
PF06306,PF15876,0,0,0,0,0,2358,0,1.0,0,0,0,0,0,0,2358,0,1.0,0,0
PF16171,PF05604,0,1,0,0,1,2357,0.0,1.0,0,0,1,0,0,1,2357,0.0,1.0,0,0
PF05636,PF07499,0,5,0,0,5,2353,0.0,1.0,0,0,5,0,0,5,2353,0.0,1.0,0,0
PF09796,PF04229,14,12,2,12,10,2334,0.17,0.99,0.14,0.15,12,2,12,10,2334,0.17,0.99,0.14,0.15
PF12180,PF13851,3,7,0,3,7,2348,0.0,1.0,0.0,-0.0,7,0,3,7,2348,0.0,1.0,0.0,-0.0
PF07117,PF15976,0,0,0,0,0,2358,0,1.0,0,0,0,0,0,0,2358,0,1.0,0,0
PF07645,PF07679,126,181,69,57,112,2120,0.38,0.93,0.55,0.42,181,69,57,112,2120,0.38,0.93,0.55,0.42
PF00439,PF12157,163,18,14,149,4,2191,0.78,0.94,0.09,0.25,18,14,149,4,2191,0.78,0.94,0.09,0.25
PF03553,PF11214,4,0,0,4,0,2354,0,1.0,0.0,0,0,0,4,0,2354,0,1.0,0.0,0
PF05843,PF08492,44,14,5,39,9,2305,0.36,0.98,0.11,0.19,14,5,39,9,2305,0.36,0.98,0.11,0.19
PF02961,PF09307,6,10,0,6,10,2342,0.0,0.99,0.0,-0.0,10,0,6,10,2342,0.0,0.99,0.0,-0.0
PF02775,PF02776,41,44,35,6,9,2308,0.8,0.99,0.85,0.82,44,35,6,9,2308,0.8,0.99,0.85,0.82
PF09793,PF00159,16,3,1,15,2,2340,0.33,0.99,0.06,0.14,3,1,15,2,2340,0.33,0.99,0.06,0.14
PF06286,PF11642,2,0,0,2,0,2356,0,1.0,0.0,0,0,0,2,0,2356,0,1.0,0.0,0
PF11020,PF14959,0,3,0,0,3,2355,0.0,1.0,0,0,3,0,0,3,2355,0.0,1.0,0,0
PF01448,PF08558,26,14,1,25,13,2319,0.07,0.98,0.04,0.04,14,1,25,13,2319,0.07,0.98,0.04,0.04
PF16218,PF15550,0,3,0,0,3,2355,0.0,1.0,0,0,3,0,0,3,2355,0.0,1.0,0,0
PF10960,PF13948,0,7,0,0,7,2351,0.0,1.0,0,0,7,0,0,7,2351,0.0,1.0,0,0
PF17083,PF03038,0,0,0,0,0,2358,0,1.0,0,0,0,0,0,0,2358,0,1.0,0,0
PF04138,PF14322,3,0,0,3,0,2355,0,1.0,0.0,0,0,0,3,0,2355,0,1.0,0.0,0
PF11793,PF09765,11,8,8,3,0,2347,1.0,1.0,0.73,0.85,8,8,3,0,2347,1.0,1.0,0.73,0.85
PF00805,PF13599,32,10,4,28,6,2320,0.4,0.99,0.12,0.22,10,4,28,6,2320,0.4,0.99,0.12,0.22
PF11604,PF11019,0,0,0,0,0,2358,0,1.0,0,0,0,0,0,0,2358,0,1.0,0,0
PF15379,PF11652,0,1,0,0,1,2357,0.0,1.0,0,0,1,0,0,1,2357,0.0,1.0,0,0
PF07707,PF00016,115,10,6,109,4,2239,0.6,0.95,0.05,0.17,10,6,109,4,2239,0.6,0.95,0.05,0.17
PF03973,PF12238,1,0,0,1,0,2357,0,1.0,0.0,0,0,0,1,0,2357,0,1.0,0.0,0
PF01465,PF10377,27,8,5,22,3,2328,0.62,0.99,0.19,0.34,8,5,22,3,2328,0.62,0.99,0.19,0.34
PF07940,PF04428,10,7,0,10,7,2341,0.0,0.99,0.0,-0.0,7,0,10,7,2341,0.0,0.99,0.0,-0.0
PF05285,PF08158,26,17,13,13,4,2328,0.76,0.99,0.5,0.62,17,13,13,4,2328,0.76,0.99,0.5,0.62
PF14786,PF08917,3,6,3,0,3,2352,0.5,1.0,1.0,0.71,6,3,0,3,2352,0.5,1.0,1.0,0.71
PF02481,PF02729,12,37,10,2,27,2319,0.27,0.99,0.83,0.47,37,10,2,27,2319,0.27,0.99,0.83,0.47
PF10252,PF01632,3,10,0,3,10,2345,0.0,0.99,0.0,-0.0,10,0,3,10,2345,0.0,0.99,0.0,-0.0
PF00114,PF01580,2,7,0,2,7,2349,0.0,1.0,0.0,-0.0,7,0,2,7,2349,0.0,1.0,0.0,-0.0
PF16005,PF00714,2,3,0,2,3,2353,0.0,1.0,0.0,-0.0,3,0,2,3,2353,0.0,1.0,0.0,-0.0
PF00348,PF03834,77,27,16,61,11,2270,0.59,0.97,0.21,0.34,27,16,61,11,2270,0.59,0.97,0.21,0.34
PF00582,PF12202,58,20,11,47,9,2291,0.55,0.98,0.19,0.31,20,11,47,9,2291,0.55,0.98,0.19,0.31
PF13901,PF08399,46,20,12,34,8,2304,0.6,0.98,0.26,0.39,20,12,34,8,2304,0.6,0.98,0.26,0.39
PF11409,PF11979,1,9,1,0,8,2349,0.11,1.0,1.0,0.33,9,1,0,8,2349,0.11,1.0,1.0,0.33
PF14677,PF14680,2,2,2,0,0,2356,1.0,1.0,1.0,1.0,2,2,0,0,2356,1.0,1.0,1.0,1.0
PF00732,PF05199,101,110,97,4,13,2244,0.88,0.99,0.96,0.92,110,97,4,13,2244,0.88,0.99,0.96,0.92
PF08516,PF00200,38,49,37,1,12,2308,0.76,0.99,0.97,0.85,49,37,1,12,2308,0.76,0.99,0.97,0.85
PF08760,PF16335,9,6,6,3,0,2349,1.0,1.0,0.67,0.82,6,6,3,0,2349,1.0,1.0,0.67,0.82
PF01588,PF16714,58,8,8,50,0,2300,1.0,0.98,0.14,0.37,8,8,50,0,2300,1.0,0.98,0.14,0.37
PF14643,PF14644,12,7,7,5,0,2346,1.0,1.0,0.58,0.76,7,7,5,0,2346,1.0,1.0,0.58,0.76
PF04333,PF08249,1,0,0,1,0,2357,0,1.0,0.0,0,0,0,1,0,2357,0,1.0,0.0,0
PF15492,PF08314,2,9,2,0,7,2349,0.22,1.0,1.0,0.47,9,2,0,7,2349,0.22,1.0,1.0,0.47
PF09354,PF16675,5,4,3,2,1,2352,0.75,1.0,0.6,0.67,4,3,2,1,2352,0.75,1.0,0.6,0.67
PF02283,PF16586,4,0,0,4,0,2354,0,1.0,0.0,0,0,0,4,0,2354,0,1.0,0.0,0
PF16709,PF16711,6,3,3,3,0,2352,1.0,1.0,0.5,0.71,3,3,3,0,2352,1.0,1.0,0.5,0.71
PF10108,PF08496,3,6,2,1,4,2351,0.33,1.0,0.67,0.47,6,2,1,4,2351,0.33,1.0,0.67,0.47
PF02581,PF02110,12,11,8,4,3,2343,0.73,1.0,0.67,0.69,11,8,4,3,2343,0.73,1.0,0.67,0.69
PF12600,PF15073,0,3,0,0,3,2355,0.0,1.0,0,0,3,0,0,3,2355,0.0,1.0,0,0
PF02755,PF04589,14,4,2,12,2,2342,0.5,0.99,0.14,0.27,4,2,12,2,2342,0.5,0.99,0.14,0.27
PF08632,PF16051,6,0,0,6,0,2352,0,1.0,0.0,0,0,0,6,0,2352,0,1.0,0.0,0
PF15849,PF07259,0,2,0,0,2,2356,0.0,1.0,0,0,2,0,0,2,2356,0.0,1.0,0,0
PF07670,PF07662,12,28,6,6,22,2324,0.21,0.99,0.5,0.32,28,6,6,22,2324,0.21,0.99,0.5,0.32
PF06406,PF13876,0,1,0,0,1,2357,0.0,1.0,0,0,1,0,0,1,2357,0.0,1.0,0,0
PF11354,PF05613,0,0,0,0,0,2358,0,1.0,0,0,0,0,0,0,2358,0,1.0,0,0
PF15192,PF15680,0,0,0,0,0,2358,0,1.0,0,0,0,0,0,0,2358,0,1.0,0,0
PF01595,PF00654,25,72,6,19,66,2267,0.08,0.96,0.24,0.13,72,6,19,66,2267,0.08,0.96,0.24,0.13
PF15249,PF12516,17,0,0,17,0,2341,0,0.99,0.0,0,0,0,17,0,2341,0,0.99,0.0,0
PF00171,PF00465,198,42,33,165,9,2151,0.79,0.93,0.17,0.34,42,33,165,9,2151,0.79,0.93,0.17,0.34
PF02325,PF14610,3,7,0,3,7,2348,0.0,1.0,0.0,-0.0,7,0,3,7,2348,0.0,1.0,0.0,-0.0
PF04760,PF14578,15,1,1,14,0,2343,1.0,0.99,0.07,0.26,1,1,14,0,2343,1.0,0.99,0.07,0.26
PF12090,PF08729,4,8,0,4,8,2346,0.0,0.99,0.0,-0.0,8,0,4,8,2346,0.0,0.99,0.0,-0.0
PF11742,PF08651,0,4,0,0,4,2354,0.0,1.0,0,0,4,0,0,4,2354,0.0,1.0,0,0
PF14576,PF14577,0,2,0,0,2,2356,0.0,1.0,0,0,2,0,0,2,2356,0.0,1.0,0,0
PF06761,PF03241,0,0,0,0,0,2358,0,1.0,0,0,0,0,0,0,2358,0,1.0,0,0
PF00517,PF12600,10,0,0,10,0,2348,0,1.0,0.0,0,0,0,10,0,2348,0,1.0,0.0,0
PF01923,PF16053,16,22,4,12,18,2324,0.18,0.99,0.25,0.21,22,4,12,18,2324,0.18,0.99,0.25,0.21
PF01047,PF06804,29,8,6,23,2,2327,0.75,0.99,0.21,0.39,8,6,23,2,2327,0.75,0.99,0.21,0.39
PF16981,PF16839,0,1,0,0,1,2357,0.0,1.0,0,0,1,0,0,1,2357,0.0,1.0,0,0
PF00542,PF16320,24,22,22,2,0,2334,1.0,1.0,0.92,0.96,22,22,2,0,2334,1.0,1.0,0.92,0.96
PF16717,PF08558,17,14,2,15,12,2329,0.14,0.99,0.12,0.12,14,2,15,12,2329,0.14,0.99,0.12,0.12
PF15910,PF01279,0,5,0,0,5,2353,0.0,1.0,0,0,5,0,0,5,2353,0.0,1.0,0,0
PF17220,PF03914,0,36,0,0,36,2322,0.0,0.98,0,0,36,0,0,36,2322,0.0,0.98,0,0
PF08956,PF10933,2,0,0,2,0,2356,0,1.0,0.0,0,0,0,2,0,2356,0,1.0,0.0,0
PF00016,PF02788,10,7,3,7,4,2344,0.43,1.0,0.3,0.36,7,3,7,4,2344,0.43,1.0,0.3,0.36
PF03298,PF15003,6,5,0,6,5,2347,0.0,1.0,0.0,-0.0,5,0,6,5,2347,0.0,1.0,0.0,-0.0
PF07524,PF04139,32,25,4,28,21,2305,0.16,0.98,0.12,0.13,25,4,28,21,2305,0.16,0.98,0.12,0.13
PF03442,PF03425,12,4,2,10,2,2344,0.5,0.99,0.17,0.29,4,2,10,2,2344,0.5,0.99,0.17,0.29
PF02089,PF02284,18,9,1,17,8,2332,0.11,0.99,0.06,0.07,9,1,17,8,2332,0.11,0.99,0.06,0.07
PF03359,PF15279,21,3,1,20,2,2335,0.33,0.99,0.05,0.12,3,1,20,2,2335,0.33,0.99,0.05,0.12
PF16093,PF10181,15,4,1,14,3,2340,0.25,0.99,0.07,0.13,4,1,14,3,2340,0.25,0.99,0.07,0.13
PF01518,PF03422,2,25,0,2,25,2331,0.0,0.99,0.0,-0.0,25,0,2,25,2331,0.0,0.99,0.0,-0.0
PF03254,PF02309,10,37,3,7,34,2314,0.08,0.98,0.3,0.15,37,3,7,34,2314,0.08,0.98,0.3,0.15
PF06594,PF10554,1,0,0,1,0,2357,0,1.0,0.0,0,0,0,1,0,2357,0,1.0,0.0,0
PF12169,PF15862,1,3,0,1,3,2354,0.0,1.0,0.0,-0.0,3,0,1,3,2354,0.0,1.0,0.0,-0.0
PF15170,PF14251,1,4,0,1,4,2353,0.0,1.0,0.0,-0.0,4,0,1,4,2353,0.0,1.0,0.0,-0.0
PF03957,PF12498,5,3,3,2,0,2353,1.0,1.0,0.6,0.77,3,3,2,0,2353,1.0,1.0,0.6,0.77
PF09261,PF07748,47,45,42,5,3,2308,0.93,1.0,0.89,0.91,45,42,5,3,2308,0.93,1.0,0.89,0.91
PF00505,PF09011,135,40,37,98,3,2220,0.93,0.96,0.27,0.49,40,37,98,3,2220,0.93,0.96,0.27,0.49
PF15047,PF08792,0,1,0,0,1,2357,0.0,1.0,0,0,1,0,0,1,2357,0.0,1.0,0,0
PF04094,PF04195,6,11,2,4,9,2343,0.18,0.99,0.33,0.24,11,2,4,9,2343,0.18,0.99,0.33,0.24
PF16658,PF09173,1,7,1,0,6,2351,0.14,1.0,1.0,0.38,7,1,0,6,2351,0.14,1.0,1.0,0.38
PF00368,PF13323,29,6,6,23,0,2329,1.0,0.99,0.21,0.45,6,6,23,0,2329,1.0,0.99,0.21,0.45
PF11092,PF15482,0,0,0,0,0,2358,0,1.0,0,0,0,0,0,0,2358,0,1.0,0,0
PF14671,PF09192,10,5,2,8,3,2345,0.4,1.0,0.2,0.28,5,2,8,3,2345,0.4,1.0,0.2,0.28
PF11018,PF15955,1,3,0,1,3,2354,0.0,1.0,0.0,-0.0,3,0,1,3,2354,0.0,1.0,0.0,-0.0
PF03087,PF04674,9,7,1,8,6,2343,0.14,0.99,0.11,0.12,7,1,8,6,2343,0.14,0.99,0.11,0.12
PF01681,PF05986,0,28,0,0,28,2330,0.0,0.99,0,0,28,0,0,28,2330,0.0,0.99,0,0
PF00821,PF08925,5,12,0,5,12,2341,0.0,0.99,0.0,-0.0,12,0,5,12,2341,0.0,0.99,0.0,-0.0
PF10555,PF02719,10,6,2,8,4,2344,0.33,0.99,0.2,0.26,6,2,8,4,2344,0.33,0.99,0.2,0.26
PF05624,PF14909,1,8,0,1,8,2349,0.0,1.0,0.0,-0.0,8,0,1,8,2349,0.0,1.0,0.0,-0.0
PF15233,PF11291,8,0,0,8,0,2350,0,1.0,0.0,0,0,0,8,0,2350,0,1.0,0.0,0
PF09060,PF09007,1,2,1,0,1,2356,0.5,1.0,1.0,0.71,2,1,0,1,2356,0.5,1.0,1.0,0.71
PF03891,PF15052,0,4,0,0,4,2354,0.0,1.0,0,0,4,0,0,4,2354,0.0,1.0,0,0
PF09166,PF08635,5,5,1,4,4,2349,0.2,1.0,0.2,0.2,5,1,4,4,2349,0.2,1.0,0.2,0.2
PF04725,PF05479,7,4,1,6,3,2348,0.25,1.0,0.14,0.19,4,1,6,3,2348,0.25,1.0,0.14,0.19
PF08936,PF04222,0,0,0,0,0,2358,0,1.0,0,0,0,0,0,0,2358,0,1.0,0,0
PF09013,PF07334,5,4,0,5,4,2349,0.0,1.0,0.0,-0.0,4,0,5,4,2349,0.0,1.0,0.0,-0.0
PF08668,PF13098,7,12,0,7,12,2339,0.0,0.99,0.0,-0.0,12,0,7,12,2339,0.0,0.99,0.0,-0.0
PF03861,PF08093,2,3,0,2,3,2353,0.0,1.0,0.0,-0.0,3,0,2,3,2353,0.0,1.0,0.0,-0.0
PF10259,PF03980,18,9,3,15,6,2334,0.33,0.99,0.17,0.23,9,3,15,6,2334,0.33,0.99,0.17,0.23
PF01579,PF15002,6,18,0,6,18,2334,0.0,0.99,0.0,-0.0,18,0,6,18,2334,0.0,0.99,0.0,-0.0
PF06886,PF12214,10,13,7,3,6,2342,0.54,1.0,0.7,0.61,13,7,3,6,2342,0.54,1.0,0.7,0.61
PF07596,PF07960,0,2,0,0,2,2356,0.0,1.0,0,0,2,0,0,2,2356,0.0,1.0,0,0
PF04988,PF15696,8,0,0,8,0,2350,0,1.0,0.0,0,0,0,8,0,2350,0,1.0,0.0,0
PF07385,PF05536,0,6,0,0,6,2352,0.0,1.0,0,0,6,0,0,6,2352,0.0,1.0,0,0
PF14903,PF10554,0,0,0,0,0,2358,0,1.0,0,0,0,0,0,0,2358,0,1.0,0,0
PF13750,PF02413,0,1,0,0,1,2357,0.0,1.0,0,0,1,0,0,1,2357,0.0,1.0,0,0
PF04650,PF13876,3,1,0,3,1,2354,0.0,1.0,0.0,-0.0,1,0,3,1,2354,0.0,1.0,0.0,-0.0
PF04433,PF08558,40,14,1,39,13,2305,0.07,0.98,0.03,0.03,14,1,39,13,2305,0.07,0.98,0.03,0.03
PF02748,PF03135,3,12,0,3,12,2343,0.0,0.99,0.0,-0.0,12,0,3,12,2343,0.0,0.99,0.0,-0.0
PF00708,PF15013,15,4,1,14,3,2340,0.25,0.99,0.07,0.13,4,1,14,3,2340,0.25,0.99,0.07,0.13
PF09200,PF01419,0,24,0,0,24,2334,0.0,0.99,0,0,24,0,0,24,2334,0.0,0.99,0,0
PF14616,PF03918,10,3,3,7,0,2348,1.0,1.0,0.3,0.55,3,3,7,0,2348,1.0,1.0,0.3,0.55
PF17209,PF00856,2,187,2,0,185,2171,0.01,0.92,1.0,0.1,187,2,0,185,2171,0.01,0.92,1.0,0.1
PF01454,PF12440,26,4,4,22,0,2332,1.0,0.99,0.15,0.39,4,4,22,0,2332,1.0,0.99,0.15,0.39
PF10110,PF03925,2,1,0,2,1,2355,0.0,1.0,0.0,-0.0,1,0,2,1,2355,0.0,1.0,0.0,-0.0
PF07894,PF08313,8,25,2,6,23,2327,0.08,0.99,0.25,0.14,25,2,6,23,2327,0.08,0.99,0.25,0.14
PF00976,PF16102,0,0,0,0,0,2358,0,1.0,0,0,0,0,0,0,2358,0,1.0,0,0
PF08693,PF17056,2,1,0,2,1,2355,0.0,1.0,0.0,-0.0,1,0,2,1,2355,0.0,1.0,0.0,-0.0
PF01436,PF01082,64,28,22,42,6,2288,0.79,0.98,0.34,0.51,28,22,42,6,2288,0.79,0.98,0.34,0.51
PF16040,PF03359,10,21,1,9,20,2328,0.05,0.99,0.1,0.06,21,1,9,20,2328,0.05,0.99,0.1,0.06
PF08316,PF04090,13,3,1,12,2,2343,0.33,0.99,0.08,0.16,3,1,12,2,2343,0.33,0.99,0.08,0.16
PF15163,PF06798,5,0,0,5,0,2353,0,1.0,0.0,0,0,0,5,0,2353,0,1.0,0.0,0
PF04096,PF12110,25,33,24,1,9,2324,0.73,1.0,0.96,0.83,33,24,1,9,2324,0.73,1.0,0.96,0.83
PF05974,PF03090,0,0,0,0,0,2358,0,1.0,0,0,0,0,0,0,2358,0,1.0,0,0
PF10631,PF04363,0,2,0,0,2,2356,0.0,1.0,0,0,2,0,0,2,2356,0.0,1.0,0,0
PF03769,PF03768,4,1,1,3,0,2354,1.0,1.0,0.25,0.5,1,1,3,0,2354,1.0,1.0,0.25,0.5
PF10437,PF02237,3,5,2,1,3,2352,0.4,1.0,0.67,0.52,5,2,1,3,2352,0.4,1.0,0.67,0.52
PF12588,PF02666,5,33,5,0,28,2325,0.15,0.99,1.0,0.39,33,5,0,28,2325,0.15,0.99,1.0,0.39
PF02561,PF13722,3,2,0,3,2,2353,0.0,1.0,0.0,-0.0,2,0,3,2,2353,0.0,1.0,0.0,-0.0
PF05704,PF10329,11,7,1,10,6,2341,0.14,0.99,0.09,0.11,7,1,10,6,2341,0.14,0.99,0.09,0.11
PF13581,PF02329,0,2,0,0,2,2356,0.0,1.0,0,0,2,0,0,2,2356,0.0,1.0,0,0
PF08369,PF00148,4,4,4,0,0,2354,1.0,1.0,1.0,1.0,4,4,0,0,2354,1.0,1.0,1.0,1.0
PF00964,PF00758,3,8,1,2,7,2348,0.12,1.0,0.33,0.2,8,1,2,7,2348,0.12,1.0,0.33,0.2
PF15471,PF04965,0,0,0,0,0,2358,0,1.0,0,0,0,0,0,0,2358,0,1.0,0,0
PF02118,PF10323,8,20,3,5,17,2333,0.15,0.99,0.38,0.23,20,3,5,17,2333,0.15,0.99,0.38,0.23
PF02335,PF00079,4,57,1,3,56,2298,0.02,0.97,0.25,0.06,57,1,3,56,2298,0.02,0.97,0.25,0.06
PF06984,PF09793,24,16,1,23,15,2319,0.06,0.98,0.04,0.04,16,1,23,15,2319,0.06,0.98,0.04,0.04
PF14377,PF16727,16,4,4,12,0,2342,1.0,0.99,0.25,0.5,4,4,12,0,2342,1.0,0.99,0.25,0.5
PF10991,PF17056,0,1,0,0,1,2357,0.0,1.0,0,0,1,0,0,1,2357,0.0,1.0,0,0
PF12232,PF01586,10,10,10,0,0,2348,1.0,1.0,1.0,1.0,10,10,0,0,2348,1.0,1.0,1.0,1.0
PF04666,PF05191,19,23,6,13,17,2322,0.26,0.99,0.32,0.28,23,6,13,17,2322,0.26,0.99,0.32,0.28
PF11503,PF00954,0,43,0,0,43,2315,0.0,0.98,0,0,43,0,0,43,2315,0.0,0.98,0,0
PF06069,PF05164,0,0,0,0,0,2358,0,1.0,0,0,0,0,0,0,2358,0,1.0,0,0
PF04879,PF01568,9,10,6,3,4,2345,0.6,1.0,0.67,0.63,10,6,3,4,2345,0.6,1.0,0.67,0.63
PF03730,PF02735,29,41,29,0,12,2317,0.71,0.99,1.0,0.84,41,29,0,12,2317,0.71,0.99,1.0,0.84
PF11601,PF11879,8,9,8,0,1,2349,0.89,1.0,1.0,0.94,9,8,0,1,2349,0.89,1.0,1.0,0.94
PF13575,PF15097,0,1,0,0,1,2357,0.0,1.0,0,0,1,0,0,1,2357,0.0,1.0,0,0
PF13952,PF13960,5,9,4,1,5,2348,0.44,1.0,0.8,0.6,9,4,1,5,2348,0.44,1.0,0.8,0.6
PF04776,PF06271,14,3,0,14,3,2341,0.0,0.99,0.0,-0.0,3,0,14,3,2341,0.0,0.99,0.0,-0.0
PF09631,PF08641,16,8,5,11,3,2339,0.62,0.99,0.31,0.44,8,5,11,3,2339,0.62,0.99,0.31,0.44
PF08532,PF07117,17,0,0,17,0,2341,0,0.99,0.0,0,0,0,17,0,2341,0,0.99,0.0,0
PF10168,PF16840,6,0,0,6,0,2352,0,1.0,0.0,0,0,0,6,0,2352,0,1.0,0.0,0
PF00270,PF16783,353,5,5,348,0,2005,1.0,0.85,0.01,0.11,5,5,348,0,2005,1.0,0.85,0.01,0.11
PF10350,PF12612,15,27,3,12,24,2319,0.11,0.98,0.2,0.14,27,3,12,24,2319,0.11,0.98,0.2,0.14
PF07546,PF00147,7,107,4,3,103,2248,0.04,0.96,0.57,0.14,107,4,3,103,2248,0.04,0.96,0.57,0.14
PF12373,PF09991,0,0,0,0,0,2358,0,1.0,0,0,0,0,0,0,2358,0,1.0,0,0
PF05390,PF12243,6,6,1,5,5,2347,0.17,1.0,0.17,0.16,6,1,5,5,2347,0.17,1.0,0.17,0.16
PF13813,PF04646,28,9,2,26,7,2323,0.22,0.99,0.07,0.12,9,2,26,7,2323,0.22,0.99,0.07,0.12
PF16003,PF16032,3,0,0,3,0,2355,0,1.0,0.0,0,0,0,3,0,2355,0,1.0,0.0,0
PF16830,PF16574,0,3,0,0,3,2355,0.0,1.0,0,0,3,0,0,3,2355,0.0,1.0,0,0
PF09280,PF09055,20,5,2,18,3,2335,0.4,0.99,0.1,0.2,5,2,18,3,2335,0.4,0.99,0.1,0.2
PF12606,PF11831,3,22,0,3,22,2333,0.0,0.99,0.0,-0.0,22,0,3,22,2333,0.0,0.99,0.0,-0.0
PF04632,PF16967,2,0,0,2,0,2356,0,1.0,0.0,0,0,0,2,0,2356,0,1.0,0.0,0
PF13470,PF11057,0,1,0,0,1,2357,0.0,1.0,0,0,1,0,0,1,2357,0.0,1.0,0,0
PF10249,PF06342,13,3,1,12,2,2343,0.33,0.99,0.08,0.16,3,1,12,2,2343,0.33,0.99,0.08,0.16
PF13505,PF17164,0,0,0,0,0,2358,0,1.0,0,0,0,0,0,0,2358,0,1.0,0,0
PF01765,PF12483,16,6,0,16,6,2336,0.0,0.99,0.0,-0.0,6,0,16,6,2336,0.0,0.99,0.0,-0.0
PF00631,PF08833,44,4,0,44,4,2310,0.0,0.98,0.0,-0.01,4,0,44,4,2310,0.0,0.98,0.0,-0.01
PF04916,PF08661,17,18,4,13,14,2327,0.22,0.99,0.24,0.22,18,4,13,14,2327,0.22,0.99,0.24,0.22
PF05568,PF05881,0,8,0,0,8,2350,0.0,1.0,0,0,8,0,0,8,2350,0.0,1.0,0,0
PF00311,PF04802,10,12,0,10,12,2336,0.0,0.99,0.0,-0.0,12,0,10,12,2336,0.0,0.99,0.0,-0.0
PF04120,PF05953,1,1,0,1,1,2356,0.0,1.0,0.0,-0.0,1,0,1,1,2356,0.0,1.0,0.0,-0.0
PF02728,PF02727,28,27,21,7,6,2324,0.78,0.99,0.75,0.76,27,21,7,6,2324,0.78,0.99,0.75,0.76
PF04747,PF15818,0,2,0,0,2,2356,0.0,1.0,0,0,2,0,0,2,2356,0.0,1.0,0,0
PF16529,PF15246,11,1,0,11,1,2346,0.0,0.99,0.0,-0.0,1,0,11,1,2346,0.0,0.99,0.0,-0.0
PF03865,PF13722,0,2,0,0,2,2356,0.0,1.0,0,0,2,0,0,2,2356,0.0,1.0,0,0
PF06638,PF16954,6,5,0,6,5,2347,0.0,1.0,0.0,-0.0,5,0,6,5,2347,0.0,1.0,0.0,-0.0
PF13687,PF04466,4,1,0,4,1,2353,0.0,1.0,0.0,-0.0,1,0,4,1,2353,0.0,1.0,0.0,-0.0
PF16906,PF00159,24,3,2,22,1,2333,0.67,0.99,0.08,0.23,3,2,22,1,2333,0.67,0.99,0.08,0.23
PF01000,PF03118,16,12,7,9,5,2337,0.58,0.99,0.44,0.5,12,7,9,5,2337,0.58,0.99,0.44,0.5
PF01855,PF17147,20,11,11,9,0,2338,1.0,1.0,0.55,0.74,11,11,9,0,2338,1.0,1.0,0.55,0.74
PF02636,PF07896,22,10,3,19,7,2329,0.3,0.99,0.14,0.2,10,3,19,7,2329,0.3,0.99,0.14,0.2
PF01729,PF02749,22,22,22,0,0,2336,1.0,1.0,1.0,1.0,22,22,0,0,2336,1.0,1.0,1.0,1.0
PF02698,PF10224,12,8,1,11,7,2339,0.12,0.99,0.08,0.1,8,1,11,7,2339,0.12,0.99,0.08,0.1
PF05346,PF04139,30,25,6,24,19,2309,0.24,0.98,0.2,0.21,25,6,24,19,2309,0.24,0.98,0.2,0.21
PF04358,PF16205,0,27,0,0,27,2331,0.0,0.99,0,0,27,0,0,27,2331,0.0,0.99,0,0
PF03803,PF05602,25,23,6,19,17,2316,0.26,0.98,0.24,0.24,23,6,19,17,2316,0.26,0.98,0.24,0.24
PF02011,PF15143,3,0,0,3,0,2355,0,1.0,0.0,0,0,0,3,0,2355,0,1.0,0.0,0
PF00469,PF11697,1,0,0,1,0,2357,0,1.0,0.0,0,0,0,1,0,2357,0,1.0,0.0,0
PF09553,PF02863,3,5,0,3,5,2350,0.0,1.0,0.0,-0.0,5,0,3,5,2350,0.0,1.0,0.0,-0.0
PF06963,PF07063,27,9,4,23,5,2326,0.44,0.99,0.15,0.25,9,4,23,5,2326,0.44,0.99,0.15,0.25
PF06232,PF07333,5,1,0,5,1,2352,0.0,1.0,0.0,-0.0,1,0,5,1,2352,0.0,1.0,0.0,-0.0
PF01146,PF14802,17,6,1,16,5,2336,0.17,0.99,0.06,0.1,6,1,16,5,2336,0.17,0.99,0.06,0.1
PF08102,PF13737,1,0,0,1,0,2357,0,1.0,0.0,0,0,0,1,0,2357,0,1.0,0.0,0
PF03404,PF00174,34,34,34,0,0,2324,1.0,1.0,1.0,1.0,34,34,0,0,2324,1.0,1.0,1.0,1.0
PF09748,PF05254,26,15,4,22,11,2321,0.27,0.99,0.15,0.2,15,4,22,11,2321,0.27,0.99,0.15,0.2
PF10293,PF10305,9,5,5,4,0,2349,1.0,1.0,0.56,0.74,5,5,4,0,2349,1.0,1.0,0.56,0.74
PF03345,PF04756,25,19,9,16,10,2323,0.47,0.99,0.36,0.41,19,9,16,10,2323,0.47,0.99,0.36,0.41
PF15734,PF10500,8,7,0,8,7,2343,0.0,0.99,0.0,-0.0,7,0,8,7,2343,0.0,0.99,0.0,-0.0
PF04160,PF13471,0,8,0,0,8,2350,0.0,1.0,0,0,8,0,0,8,2350,0.0,1.0,0,0
PF16576,PF02074,4,3,0,4,3,2351,0.0,1.0,0.0,-0.0,3,0,4,3,2351,0.0,1.0,0.0,-0.0
PF03118,PF01333,12,10,0,12,10,2336,0.0,0.99,0.0,-0.0,10,0,12,10,2336,0.0,0.99,0.0,-0.0
PF00232,PF14498,64,18,16,48,2,2292,0.89,0.98,0.25,0.47,18,16,48,2,2292,0.89,0.98,0.25,0.47
PF09803,PF11093,18,3,1,17,2,2338,0.33,0.99,0.06,0.13,3,1,17,2,2338,0.33,0.99,0.06,0.13
PF16019,PF15279,2,3,0,2,3,2353,0.0,1.0,0.0,-0.0,3,0,2,3,2353,0.0,1.0,0.0,-0.0
PF09498,PF03406,0,0,0,0,0,2358,0,1.0,0,0,0,0,0,0,2358,0,1.0,0,0
PF01342,PF03172,13,8,8,5,0,2345,1.0,1.0,0.62,0.78,8,8,5,0,2345,1.0,1.0,0.62,0.78
PF10164,PF15071,5,0,0,5,0,2353,0,1.0,0.0,0,0,0,5,0,2353,0,1.0,0.0,0
PF07736,PF08364,0,10,0,0,10,2348,0.0,1.0,0,0,10,0,0,10,2348,0.0,1.0,0,0
PF04997,PF04983,57,60,57,0,3,2298,0.95,1.0,1.0,0.97,60,57,0,3,2298,0.95,1.0,1.0,0.97
PF00946,PF14318,8,7,7,1,0,2350,1.0,1.0,0.88,0.94,7,7,1,0,2350,1.0,1.0,0.88,0.94
PF00688,PF04709,25,2,1,24,1,2332,0.5,0.99,0.04,0.14,2,1,24,1,2332,0.5,0.99,0.04,0.14
PF14852,PF14853,8,10,8,0,2,2348,0.8,1.0,1.0,0.89,10,8,0,2,2348,0.8,1.0,1.0,0.89
PF08305,PF16403,8,16,3,5,13,2337,0.19,0.99,0.38,0.26,16,3,5,13,2337,0.19,0.99,0.38,0.26
PF04976,PF05018,2,26,1,1,25,2331,0.04,0.99,0.5,0.14,26,1,1,25,2331,0.04,0.99,0.5,0.14
PF03159,PF01107,36,11,4,32,7,2315,0.36,0.98,0.11,0.19,11,4,32,7,2315,0.36,0.98,0.11,0.19
PF08029,PF01634,11,11,11,0,0,2347,1.0,1.0,1.0,1.0,11,11,0,0,2347,1.0,1.0,1.0,1.0
PF02018,PF00331,13,24,9,4,15,2330,0.38,0.99,0.69,0.51,24,9,4,15,2330,0.38,0.99,0.69,0.51
PF03544,PF05874,6,3,0,6,3,2349,0.0,1.0,0.0,-0.0,3,0,6,3,2349,0.0,1.0,0.0,-0.0
PF10471,PF02044,12,1,0,12,1,2345,0.0,0.99,0.0,-0.0,1,0,12,1,2345,0.0,0.99,0.0,-0.0
PF03883,PF15849,4,0,0,4,0,2354,0,1.0,0.0,0,0,0,4,0,2354,0,1.0,0.0,0
PF04489,PF07445,0,0,0,0,0,2358,0,1.0,0,0,0,0,0,0,2358,0,1.0,0,0
PF03157,PF13402,1,7,0,1,7,2350,0.0,1.0,0.0,-0.0,7,0,1,7,2350,0.0,1.0,0.0,-0.0
PF06751,PF08708,2,0,0,2,0,2356,0,1.0,0.0,0,0,0,2,0,2356,0,1.0,0.0,0
PF11938,PF02221,30,27,6,24,21,2307,0.22,0.98,0.2,0.2,27,6,24,21,2307,0.22,0.98,0.2,0.2
PF11573,PF02403,7,40,5,2,35,2316,0.12,0.98,0.71,0.29,40,5,2,35,2316,0.12,0.98,0.71,0.29
PF08023,PF16047,2,1,0,2,1,2355,0.0,1.0,0.0,-0.0,1,0,2,1,2355,0.0,1.0,0.0,-0.0
PF09278,PF00376,3,3,3,0,0,2355,1.0,1.0,1.0,1.0,3,3,0,0,2355,1.0,1.0,1.0,1.0
PF16740,PF11703,9,0,0,9,0,2349,0,1.0,0.0,0,0,0,9,0,2349,0,1.0,0.0,0
PF14579,PF07733,26,26,26,0,0,2332,1.0,1.0,1.0,1.0,26,26,0,0,2332,1.0,1.0,1.0,1.0
PF00643,PF03915,105,11,6,99,5,2248,0.55,0.96,0.06,0.17,11,6,99,5,2248,0.55,0.96,0.06,0.17
PF06404,PF06206,3,2,0,3,2,2353,0.0,1.0,0.0,-0.0,2,0,3,2,2353,0.0,1.0,0.0,-0.0
PF01230,PF01177,44,15,8,36,7,2307,0.53,0.98,0.18,0.3,15,8,36,7,2307,0.53,0.98,0.18,0.3
PF12499,PF11765,2,2,0,2,2,2354,0.0,1.0,0.0,-0.0,2,0,2,2,2354,0.0,1.0,0.0,-0.0
PF02127,PF14388,16,21,6,10,15,2327,0.29,0.99,0.38,0.32,21,6,10,15,2327,0.29,0.99,0.38,0.32
PF13907,PF08074,25,22,8,17,14,2319,0.36,0.99,0.32,0.33,22,8,17,14,2319,0.36,0.99,0.32,0.33
PF00555,PF15529,3,0,0,3,0,2355,0,1.0,0.0,0,0,0,3,0,2355,0,1.0,0.0,0
PF12503,PF12467,7,7,7,0,0,2351,1.0,1.0,1.0,1.0,7,7,0,0,2351,1.0,1.0,1.0,1.0
PF12236,PF06122,0,0,0,0,0,2358,0,1.0,0,0,0,0,0,0,2358,0,1.0,0,0
PF12719,PF13890,14,5,0,14,5,2339,0.0,0.99,0.0,-0.0,5,0,14,5,2339,0.0,0.99,0.0,-0.0
PF15974,PF08374,4,3,3,1,0,2354,1.0,1.0,0.75,0.87,3,3,1,0,2354,1.0,1.0,0.75,0.87
PF15810,PF14610,5,7,4,1,3,2350,0.57,1.0,0.8,0.68,7,4,1,3,2350,0.57,1.0,0.8,0.68
PF07105,PF05926,0,1,0,0,1,2357,0.0,1.0,0,0,1,0,0,1,2357,0.0,1.0,0,0
PF07782,PF13890,22,5,1,21,4,2332,0.2,0.99,0.05,0.09,5,1,21,4,2332,0.2,0.99,0.05,0.09
PF00829,PF07798,19,14,4,15,10,2329,0.29,0.99,0.21,0.24,14,4,15,10,2329,0.29,0.99,0.21,0.24
PF15057,PF13757,22,0,0,22,0,2336,0,0.99,0.0,0,0,0,22,0,2336,0,0.99,0.0,0
PF16700,PF15808,3,6,0,3,6,2349,0.0,1.0,0.0,-0.0,6,0,3,6,2349,0.0,1.0,0.0,-0.0
PF04677,PF04676,41,43,41,0,2,2315,0.95,1.0,1.0,0.98,43,41,0,2,2315,0.95,1.0,1.0,0.98
PF00425,PF04715,35,27,26,9,1,2322,0.96,1.0,0.74,0.84,27,26,9,1,2322,0.96,1.0,0.74,0.84
PF03299,PF15929,20,0,0,20,0,2338,0,0.99,0.0,0,0,0,20,0,2338,0,0.99,0.0,0
PF16874,PF16875,5,5,5,0,0,2353,1.0,1.0,1.0,1.0,5,5,0,0,2353,1.0,1.0,1.0,1.0
PF00819,PF09990,1,0,0,1,0,2357,0,1.0,0.0,0,0,0,1,0,2357,0,1.0,0.0,0
PF00176,PF08797,212,30,25,187,5,2141,0.83,0.92,0.12,0.3,30,25,187,5,2141,0.83,0.92,0.12,0.3
PF00510,PF00146,19,33,14,5,19,2320,0.42,0.99,0.74,0.55,33,14,5,19,2320,0.42,0.99,0.74,0.55
PF13443,PF03238,3,0,0,3,0,2355,0,1.0,0.0,0,0,0,3,0,2355,0,1.0,0.0,0
PF14413,PF04446,17,18,17,0,1,2340,0.94,1.0,1.0,0.97,18,17,0,1,2340,0.94,1.0,1.0,0.97
PF07994,PF01327,14,19,1,13,18,2326,0.05,0.99,0.07,0.05,19,1,13,18,2326,0.05,0.99,0.07,0.05
PF09220,PF07409,0,0,0,0,0,2358,0,1.0,0,0,0,0,0,0,2358,0,1.0,0,0
PF07918,PF10295,0,8,0,0,8,2350,0.0,1.0,0,0,8,0,0,8,2350,0.0,1.0,0,0
PF02361,PF06695,7,0,0,7,0,2351,0,1.0,0.0,0,0,0,7,0,2351,0,1.0,0.0,0
PF03723,PF03722,16,14,14,2,0,2342,1.0,1.0,0.88,0.94,14,14,2,0,2342,1.0,1.0,0.88,0.94
PF10324,PF10413,52,8,5,47,3,2303,0.62,0.98,0.1,0.24,8,5,47,3,2303,0.62,0.98,0.1,0.24
PF01809,PF15550,0,3,0,0,3,2355,0.0,1.0,0,0,3,0,0,3,2355,0.0,1.0,0,0
PF01909,PF03828,43,58,33,10,25,2290,0.57,0.99,0.77,0.65,58,33,10,25,2290,0.57,0.99,0.77,0.65
PF10734,PF03735,0,15,0,0,15,2343,0.0,0.99,0,0,15,0,0,15,2343,0.0,0.99,0,0
PF10638,PF17084,0,0,0,0,0,2358,0,1.0,0,0,0,0,0,0,2358,0,1.0,0,0
PF05164,PF02108,0,0,0,0,0,2358,0,1.0,0,0,0,0,0,0,2358,0,1.0,0,0
PF01903,PF00489,4,3,0,4,3,2351,0.0,1.0,0.0,-0.0,3,0,4,3,2351,0.0,1.0,0.0,-0.0
PF00160,PF13879,144,15,12,132,3,2211,0.8,0.94,0.08,0.25,15,12,132,3,2211,0.8,0.94,0.08,0.25
PF00641,PF08604,83,9,9,74,0,2275,1.0,0.97,0.11,0.32,9,9,74,0,2275,1.0,0.97,0.11,0.32
PF01846,PF16512,37,6,6,31,0,2321,1.0,0.99,0.16,0.4,6,6,31,0,2321,1.0,0.99,0.16,0.4
PF02095,PF09049,3,0,0,3,0,2355,0,1.0,0.0,0,0,0,3,0,2355,0,1.0,0.0,0
PF13419,PF01687,94,23,11,83,12,2252,0.48,0.96,0.12,0.22,23,11,83,12,2252,0.48,0.96,0.12,0.22
PF07576,PF13436,14,2,2,12,0,2344,1.0,0.99,0.14,0.38,2,2,12,0,2344,1.0,0.99,0.14,0.38
PF10721,PF16178,0,20,0,0,20,2338,0.0,0.99,0,0,20,0,0,20,2338,0.0,0.99,0,0
PF12572,PF09350,25,8,0,25,8,2325,0.0,0.99,0.0,-0.01,8,0,25,8,2325,0.0,0.99,0.0,-0.01
PF04386,PF09772,0,11,0,0,11,2347,0.0,1.0,0,0,11,0,0,11,2347,0.0,1.0,0,0
PF04687,PF04285,6,0,0,6,0,2352,0,1.0,0.0,0,0,0,6,0,2352,0,1.0,0.0,0
PF10480,PF03306,0,9,0,0,9,2349,0.0,1.0,0,0,9,0,0,9,2349,0.0,1.0,0,0
PF00784,PF16735,42,6,6,36,0,2316,1.0,0.98,0.14,0.38,6,6,36,0,2316,1.0,0.98,0.14,0.38
PF09206,PF05270,7,14,5,2,9,2342,0.36,1.0,0.71,0.5,14,5,2,9,2342,0.36,1.0,0.71,0.5
PF03354,PF06346,0,6,0,0,6,2352,0.0,1.0,0,0,6,0,0,6,2352,0.0,1.0,0,0
PF12612,PF10350,27,15,3,24,12,2319,0.2,0.98,0.11,0.14,15,3,24,12,2319,0.2,0.98,0.11,0.14
PF05431,PF11975,1,15,0,1,15,2342,0.0,0.99,0.0,-0.0,15,0,1,15,2342,0.0,0.99,0.0,-0.0
PF15339,PF14866,4,0,0,4,0,2354,0,1.0,0.0,0,0,0,4,0,2354,0,1.0,0.0,0
PF07408,PF04999,3,4,2,1,2,2353,0.5,1.0,0.67,0.58,4,2,1,2,2353,0.5,1.0,0.67,0.58
PF12134,PF10596,28,29,28,0,1,2329,0.97,1.0,1.0,0.98,29,28,0,1,2329,0.97,1.0,1.0,0.98
PF10009,PF06890,0,0,0,0,0,2358,0,1.0,0,0,0,0,0,0,2358,0,1.0,0,0
PF08073,PF06465,22,20,18,4,2,2334,0.9,1.0,0.82,0.86,20,18,4,2,2334,0.9,1.0,0.82,0.86
PF06729,PF15119,2,4,0,2,4,2352,0.0,1.0,0.0,-0.0,4,0,2,4,2352,0.0,1.0,0.0,-0.0
PF01172,PF09377,21,15,13,8,2,2335,0.87,1.0,0.62,0.73,15,13,8,2,2335,0.87,1.0,0.62,0.73
PF12590,PF01643,2,2,2,0,0,2356,1.0,1.0,1.0,1.0,2,2,0,0,2356,1.0,1.0,1.0,1.0
PF10461,PF09034,4,4,2,2,2,2352,0.5,1.0,0.5,0.5,4,2,2,2,2352,0.5,1.0,0.5,0.5
PF09396,PF09272,5,8,2,3,6,2347,0.25,1.0,0.4,0.31,8,2,3,6,2347,0.25,1.0,0.4,0.31
PF10626,PF02059,0,4,0,0,4,2354,0.0,1.0,0,0,4,0,0,4,2354,0.0,1.0,0,0
PF02037,PF14443,106,5,4,102,1,2251,0.8,0.96,0.04,0.17,5,4,102,1,2251,0.8,0.96,0.04,0.17
PF08546,PF02558,41,52,41,0,11,2306,0.79,1.0,1.0,0.89,52,41,0,11,2306,0.79,1.0,1.0,0.89
PF16588,PF10490,3,7,0,3,7,2348,0.0,1.0,0.0,-0.0,7,0,3,7,2348,0.0,1.0,0.0,-0.0
PF17025,PF07472,0,0,0,0,0,2358,0,1.0,0,0,0,0,0,0,2358,0,1.0,0,0
PF08205,PF07686,59,107,39,20,68,2231,0.36,0.96,0.66,0.47,107,39,20,68,2231,0.36,0.96,0.66,0.47
PF09049,PF09051,0,0,0,0,0,2358,0,1.0,0,0,0,0,0,0,2358,0,1.0,0,0
PF02603,PF05036,6,13,6,0,7,2345,0.46,1.0,1.0,0.68,13,6,0,7,2345,0.46,1.0,1.0,0.68
PF04598,PF15718,7,5,1,6,4,2347,0.2,1.0,0.14,0.17,5,1,6,4,2347,0.2,1.0,0.14,0.17
PF07412,PF10276,11,4,0,11,4,2343,0.0,0.99,0.0,-0.0,4,0,11,4,2343,0.0,0.99,0.0,-0.0
PF09772,PF15390,11,0,0,11,0,2347,0,1.0,0.0,0,0,0,11,0,2347,0,1.0,0.0,0
PF09923,PF16416,3,0,0,3,0,2355,0,1.0,0.0,0,0,0,3,0,2355,0,1.0,0.0,0
PF04832,PF10184,17,24,6,11,18,2323,0.25,0.99,0.35,0.29,24,6,11,18,2323,0.25,0.99,0.35,0.29
PF09826,PF07409,2,0,0,2,0,2356,0,1.0,0.0,0,0,0,2,0,2356,0,1.0,0.0,0
PF15193,PF15107,0,2,0,0,2,2356,0.0,1.0,0,0,2,0,0,2,2356,0.0,1.0,0,0
PF00483,PF00132,57,105,39,18,66,2235,0.37,0.96,0.68,0.49,105,39,18,66,2235,0.37,0.96,0.68,0.49
PF00358,PF06780,15,1,1,14,0,2343,1.0,0.99,0.07,0.26,1,1,14,0,2343,1.0,0.99,0.07,0.26
PF10058,PF10217,17,4,0,17,4,2337,0.0,0.99,0.0,-0.0,4,0,17,4,2337,0.0,0.99,0.0,-0.0
PF00457,PF10503,10,18,7,3,11,2337,0.39,0.99,0.7,0.52,18,7,3,11,2337,0.39,0.99,0.7,0.52
PF17079,PF04966,1,3,0,1,3,2354,0.0,1.0,0.0,-0.0,3,0,1,3,2354,0.0,1.0,0.0,-0.0
PF15320,PF11029,9,5,0,9,5,2344,0.0,0.99,0.0,-0.0,5,0,9,5,2344,0.0,0.99,0.0,-0.0
PF02202,PF15829,1,1,0,1,1,2356,0.0,1.0,0.0,-0.0,1,0,1,1,2356,0.0,1.0,0.0,-0.0
PF16368,PF16366,6,22,6,0,16,2336,0.27,0.99,1.0,0.52,22,6,0,16,2336,0.27,0.99,1.0,0.52
PF01581,PF08257,11,1,1,10,0,2347,1.0,1.0,0.09,0.3,1,1,10,0,2347,1.0,1.0,0.09,0.3
PF12801,PF02074,5,3,0,5,3,2350,0.0,1.0,0.0,-0.0,3,0,5,3,2350,0.0,1.0,0.0,-0.0
PF13863,PF04880,18,8,2,16,6,2334,0.25,0.99,0.11,0.16,8,2,16,6,2334,0.25,0.99,0.11,0.16
PF10213,PF10260,19,3,1,18,2,2337,0.33,0.99,0.05,0.13,3,1,18,2,2337,0.33,0.99,0.05,0.13
PF02649,PF07143,9,2,1,8,1,2348,0.5,1.0,0.11,0.23,2,1,8,1,2348,0.5,1.0,0.11,0.23
PF03349,PF05736,0,0,0,0,0,2358,0,1.0,0,0,0,0,0,0,2358,0,1.0,0,0
PF04835,PF04848,0,5,0,0,5,2353,0.0,1.0,0,0,5,0,0,5,2353,0.0,1.0,0,0
PF02813,PF14216,7,2,0,7,2,2349,0.0,1.0,0.0,-0.0,2,0,7,2,2349,0.0,1.0,0.0,-0.0
PF03964,PF03050,2,0,0,2,0,2356,0,1.0,0.0,0,0,0,2,0,2356,0,1.0,0.0,0
PF15884,PF11029,3,5,1,2,4,2351,0.2,1.0,0.33,0.26,5,1,2,4,2351,0.2,1.0,0.33,0.26
PF10198,PF10307,5,3,0,5,3,2350,0.0,1.0,0.0,-0.0,3,0,5,3,2350,0.0,1.0,0.0,-0.0
PF00487,PF01070,69,74,20,49,54,2235,0.27,0.96,0.29,0.26,74,20,49,54,2235,0.27,0.96,0.29,0.26
PF00497,PF10613,46,62,22,24,40,2272,0.35,0.97,0.48,0.4,62,22,24,40,2272,0.35,0.97,0.48,0.4
PF06495,PF12196,7,1,1,6,0,2351,1.0,1.0,0.14,0.38,1,1,6,0,2351,1.0,1.0,0.14,0.38
PF05680,PF14542,12,6,1,11,5,2341,0.17,0.99,0.08,0.11,6,1,11,5,2341,0.17,0.99,0.08,0.11
PF05453,PF08093,3,3,2,1,1,2354,0.67,1.0,0.67,0.67,3,2,1,1,2354,0.67,1.0,0.67,0.67
PF00075,PF12259,93,8,6,87,2,2263,0.75,0.96,0.06,0.21,8,6,87,2,2263,0.75,0.96,0.06,0.21
PF13811,PF08610,0,18,0,0,18,2340,0.0,0.99,0,0,18,0,0,18,2340,0.0,0.99,0,0
PF11876,PF07495,0,3,0,0,3,2355,0.0,1.0,0,0,3,0,0,3,2355,0.0,1.0,0,0
PF15361,PF10357,5,17,1,4,16,2337,0.06,0.99,0.2,0.11,17,1,4,16,2337,0.06,0.99,0.2,0.11
PF05842,PF07679,3,181,1,2,180,2175,0.01,0.92,0.33,0.03,181,1,2,180,2175,0.01,0.92,0.33,0.03
PF08068,PF16198,10,23,10,0,13,2335,0.43,0.99,1.0,0.66,23,10,0,13,2335,0.43,0.99,1.0,0.66
PF10100,PF01108,0,5,0,0,5,2353,0.0,1.0,0,0,5,0,0,5,2353,0.0,1.0,0,0
PF04051,PF10247,43,7,4,39,3,2312,0.57,0.98,0.09,0.23,7,4,39,3,2312,0.57,0.98,0.09,0.23
PF16639,PF01333,19,10,10,9,0,2339,1.0,1.0,0.53,0.72,10,10,9,0,2339,1.0,1.0,0.53,0.72
PF15694,PF15693,1,1,1,0,0,2357,1.0,1.0,1.0,1.0,1,1,0,0,2357,1.0,1.0,1.0,1.0
PF06677,PF10234,8,6,0,8,6,2344,0.0,0.99,0.0,-0.0,6,0,8,6,2344,0.0,0.99,0.0,-0.0
PF01238,PF01775,38,17,11,27,6,2314,0.65,0.99,0.29,0.43,17,11,27,6,2314,0.65,0.99,0.29,0.43
PF05741,PF07939,20,2,1,19,1,2337,0.5,0.99,0.05,0.16,2,1,19,1,2337,0.5,0.99,0.05,0.16
PF02257,PF12031,42,13,7,35,6,2310,0.54,0.98,0.17,0.29,13,7,35,6,2310,0.54,0.98,0.17,0.29
PF15475,PF04736,2,3,0,2,3,2353,0.0,1.0,0.0,-0.0,3,0,2,3,2353,0.0,1.0,0.0,-0.0
PF09776,PF09837,2,1,0,2,1,2355,0.0,1.0,0.0,-0.0,1,0,2,1,2355,0.0,1.0,0.0,-0.0
PF04987,PF01663,31,69,22,9,47,2280,0.32,0.98,0.71,0.47,69,22,9,47,2280,0.32,0.98,0.71,0.47
PF03993,PF00073,3,18,0,3,18,2337,0.0,0.99,0.0,-0.0,18,0,3,18,2337,0.0,0.99,0.0,-0.0
PF10645,PF16861,2,4,0,2,4,2352,0.0,1.0,0.0,-0.0,4,0,2,4,2352,0.0,1.0,0.0,-0.0
PF03437,PF14931,4,3,0,4,3,2351,0.0,1.0,0.0,-0.0,3,0,4,3,2351,0.0,1.0,0.0,-0.0
PF01307,PF13186,0,18,0,0,18,2340,0.0,0.99,0,0,18,0,0,18,2340,0.0,0.99,0,0
PF01242,PF02566,12,11,1,11,10,2336,0.09,0.99,0.08,0.08,11,1,11,10,2336,0.09,0.99,0.08,0.08
PF08384,PF08035,0,0,0,0,0,2358,0,1.0,0,0,0,0,0,0,2358,0,1.0,0,0
PF15813,PF02200,6,3,1,5,2,2350,0.33,1.0,0.17,0.23,3,1,5,2,2350,0.33,1.0,0.17,0.23
PF05603,PF15165,12,0,0,12,0,2346,0,0.99,0.0,0,0,0,12,0,2346,0,0.99,0.0,0
PF00395,PF15066,22,1,0,22,1,2335,0.0,0.99,0.0,-0.0,1,0,22,1,2335,0.0,0.99,0.0,-0.0
PF11593,PF01913,4,2,0,4,2,2352,0.0,1.0,0.0,-0.0,2,0,4,2,2352,0.0,1.0,0.0,-0.0
PF00762,PF02104,34,16,6,28,10,2314,0.38,0.98,0.18,0.25,16,6,28,10,2314,0.38,0.98,0.18,0.25
PF11028,PF15627,4,4,0,4,4,2350,0.0,1.0,0.0,-0.0,4,0,4,4,2350,0.0,1.0,0.0,-0.0
PF12783,PF16213,47,42,32,15,10,2301,0.76,0.99,0.68,0.71,42,32,15,10,2301,0.76,0.99,0.68,0.71
PF01435,PF16491,51,31,28,23,3,2304,0.9,0.99,0.55,0.7,31,28,23,3,2304,0.9,0.99,0.55,0.7
PF07671,PF16485,2,1,0,2,1,2355,0.0,1.0,0.0,-0.0,1,0,2,1,2355,0.0,1.0,0.0,-0.0
PF06123,PF02014,0,25,0,0,25,2333,0.0,0.99,0,0,25,0,0,25,2333,0.0,0.99,0,0
PF13145,PF17193,13,0,0,13,0,2345,0,0.99,0.0,0,0,0,13,0,2345,0,0.99,0.0,0
PF05761,PF15388,19,3,1,18,2,2337,0.33,0.99,0.05,0.13,3,1,18,2,2337,0.33,0.99,0.05,0.13
PF00089,PF12032,231,17,16,215,1,2126,0.94,0.91,0.07,0.24,17,16,215,1,2126,0.94,0.91,0.07,0.24
PF03591,PF14903,0,0,0,0,0,2358,0,1.0,0,0,0,0,0,0,2358,0,1.0,0,0
PF06589,PF16979,0,23,0,0,23,2335,0.0,0.99,0,0,23,0,0,23,2335,0.0,0.99,0,0
PF06439,PF03422,2,25,2,0,23,2333,0.08,0.99,1.0,0.28,25,2,0,23,2333,0.08,0.99,1.0,0.28
PF12403,PF12360,2,4,2,0,2,2354,0.5,1.0,1.0,0.71,4,2,0,2,2354,0.5,1.0,1.0,0.71
PF10554,PF11751,0,0,0,0,0,2358,0,1.0,0,0,0,0,0,0,2358,0,1.0,0,0
PF02174,PF08174,29,14,4,25,10,2319,0.29,0.99,0.14,0.19,14,4,25,10,2319,0.29,0.99,0.14,0.19
PF14674,PF14677,0,2,0,0,2,2356,0.0,1.0,0,0,2,0,0,2,2356,0.0,1.0,0,0
PF09743,PF08638,8,15,1,7,14,2336,0.07,0.99,0.12,0.09,15,1,7,14,2336,0.07,0.99,0.12,0.09
PF08241,PF13847,133,79,39,94,40,2185,0.49,0.94,0.29,0.35,79,39,94,40,2185,0.49,0.94,0.29,0.35
PF03583,PF13092,4,13,0,4,13,2341,0.0,0.99,0.0,-0.0,13,0,4,13,2341,0.0,0.99,0.0,-0.0
PF00266,PF03476,96,22,14,82,8,2254,0.64,0.96,0.15,0.29,22,14,82,8,2254,0.64,0.96,0.15,0.29
PF04819,PF01896,10,18,3,7,15,2333,0.17,0.99,0.3,0.22,18,3,7,15,2333,0.17,0.99,0.3,0.22
PF03242,PF03386,2,0,0,2,0,2356,0,1.0,0.0,0,0,0,2,0,2356,0,1.0,0.0,0
PF14901,PF14308,5,17,0,5,17,2336,0.0,0.99,0.0,-0.0,17,0,5,17,2336,0.0,0.99,0.0,-0.0
PF11584,PF15809,0,0,0,0,0,2358,0,1.0,0,0,0,0,0,0,2358,0,1.0,0,0
PF09006,PF08391,0,4,0,0,4,2354,0.0,1.0,0,0,4,0,0,4,2354,0.0,1.0,0,0
PF10517,PF03351,10,37,10,0,27,2321,0.27,0.99,1.0,0.52,37,10,0,27,2321,0.27,0.99,1.0,0.52
PF14571,PF05605,5,21,5,0,16,2337,0.24,0.99,1.0,0.49,21,5,0,16,2337,0.24,0.99,1.0,0.49
PF11651,PF10460,0,0,0,0,0,2358,0,1.0,0,0,0,0,0,0,2358,0,1.0,0,0
PF11235,PF11244,2,0,0,2,0,2356,0,1.0,0.0,0,0,0,2,0,2356,0,1.0,0.0,0
PF10287,PF10290,6,4,4,2,0,2352,1.0,1.0,0.67,0.82,4,4,2,0,2352,1.0,1.0,0.67,0.82
PF01022,PF01710,6,1,0,6,1,2351,0.0,1.0,0.0,-0.0,1,0,6,1,2351,0.0,1.0,0.0,-0.0
PF14842,PF14841,0,1,0,0,1,2357,0.0,1.0,0,0,1,0,0,1,2357,0.0,1.0,0,0
PF15070,PF10226,9,6,0,9,6,2343,0.0,0.99,0.0,-0.0,6,0,9,6,2343,0.0,0.99,0.0,-0.0
PF16925,PF13750,1,0,0,1,0,2357,0,1.0,0.0,0,0,0,1,0,2357,0,1.0,0.0,0
PF04579,PF15750,8,1,0,8,1,2349,0.0,1.0,0.0,-0.0,1,0,8,1,2349,0.0,1.0,0.0,-0.0
PF08558,PF07988,14,4,1,13,3,2341,0.25,0.99,0.07,0.13,4,1,13,3,2341,0.25,0.99,0.07,0.13
PF02517,PF09335,25,46,5,20,41,2292,0.11,0.97,0.2,0.14,46,5,20,41,2292,0.11,0.97,0.2,0.14
PF13427,PF01934,1,1,1,0,0,2357,1.0,1.0,1.0,1.0,1,1,0,0,2357,1.0,1.0,1.0,1.0
PF16205,PF14853,27,10,1,26,9,2322,0.1,0.99,0.04,0.05,10,1,26,9,2322,0.1,0.99,0.04,0.05
PF15445,PF15447,3,3,3,0,0,2355,1.0,1.0,1.0,1.0,3,3,0,0,2355,1.0,1.0,1.0,1.0
PF14739,PF13931,4,12,4,0,8,2346,0.33,1.0,1.0,0.58,12,4,0,8,2346,0.33,1.0,1.0,0.58
PF10853,PF10244,6,9,2,4,7,2345,0.22,1.0,0.33,0.27,9,2,4,7,2345,0.22,1.0,0.33,0.27
PF15792,PF14049,1,0,0,1,0,2357,0,1.0,0.0,0,0,0,1,0,2357,0,1.0,0.0,0
PF14750,PF09797,14,20,5,9,15,2329,0.25,0.99,0.36,0.29,20,5,9,15,2329,0.25,0.99,0.36,0.29
PF02949,PF07035,67,10,2,65,8,2283,0.2,0.97,0.03,0.07,10,2,65,8,2283,0.2,0.97,0.03,0.07
PF16201,PF11707,6,5,5,1,0,2352,1.0,1.0,0.83,0.91,5,5,1,0,2352,1.0,1.0,0.83,0.91
PF00052,PF15002,31,18,1,30,17,2310,0.06,0.98,0.03,0.03,18,1,30,17,2310,0.06,0.98,0.03,0.03
PF15327,PF16051,4,0,0,4,0,2354,0,1.0,0.0,0,0,0,4,0,2354,0,1.0,0.0,0
PF03323,PF02554,16,2,1,15,1,2341,0.5,0.99,0.06,0.18,2,1,15,1,2341,0.5,0.99,0.06,0.18
PF12567,PF12453,4,4,4,0,0,2354,1.0,1.0,1.0,1.0,4,4,0,0,2354,1.0,1.0,1.0,1.0
PF05879,PF04091,23,23,6,17,17,2318,0.26,0.99,0.26,0.25,23,6,17,17,2318,0.26,0.99,0.26,0.25
PF15689,PF15690,0,1,0,0,1,2357,0.0,1.0,0,0,1,0,0,1,2357,0.0,1.0,0,0
PF01228,PF02901,3,9,3,0,6,2349,0.33,1.0,1.0,0.58,9,3,0,6,2349,0.33,1.0,1.0,0.58
PF02939,PF01975,27,23,4,23,19,2312,0.17,0.98,0.15,0.15,23,4,23,19,2312,0.17,0.98,0.15,0.15
PF05685,PF11291,3,0,0,3,0,2355,0,1.0,0.0,0,0,0,3,0,2355,0,1.0,0.0,0
PF16504,PF04958,0,4,0,0,4,2354,0.0,1.0,0,0,4,0,0,4,2354,0.0,1.0,0,0
PF04228,PF05509,0,4,0,0,4,2354,0.0,1.0,0,0,4,0,0,4,2354,0.0,1.0,0,0
PF01752,PF08453,4,4,4,0,0,2354,1.0,1.0,1.0,1.0,4,4,0,0,2354,1.0,1.0,1.0,1.0
PF11476,PF15751,0,1,0,0,1,2357,0.0,1.0,0,0,1,0,0,1,2357,0.0,1.0,0,0
PF15188,PF15556,0,2,0,0,2,2356,0.0,1.0,0,0,2,0,0,2,2356,0.0,1.0,0,0
PF03422,PF06439,25,2,2,23,0,2333,1.0,0.99,0.08,0.28,2,2,23,0,2333,1.0,0.99,0.08,0.28
PF14273,PF10681,16,7,0,16,7,2335,0.0,0.99,0.0,-0.0,7,0,16,7,2335,0.0,0.99,0.0,-0.0
PF05678,PF07939,14,2,1,13,1,2343,0.5,0.99,0.07,0.19,2,1,13,1,2343,0.5,0.99,0.07,0.19
PF12381,PF08762,6,6,6,0,0,2352,1.0,1.0,1.0,1.0,6,6,0,0,2352,1.0,1.0,1.0,1.0
PF04479,PF12296,48,11,10,38,1,2309,0.91,0.98,0.21,0.43,11,10,38,1,2309,0.91,0.98,0.21,0.43
PF04904,PF04902,5,2,2,3,0,2353,1.0,1.0,0.4,0.63,2,2,3,0,2353,1.0,1.0,0.4,0.63
PF15029,PF11902,0,0,0,0,0,2358,0,1.0,0,0,0,0,0,0,2358,0,1.0,0,0
PF04380,PF10782,0,0,0,0,0,2358,0,1.0,0,0,0,0,0,0,2358,0,1.0,0,0
PF03272,PF05034,1,0,0,1,0,2357,0,1.0,0.0,0,0,0,1,0,2357,0,1.0,0.0,0
PF03358,PF06244,30,15,4,26,11,2317,0.27,0.98,0.13,0.18,15,4,26,11,2317,0.27,0.98,0.13,0.18
PF12001,PF05837,4,7,0,4,7,2347,0.0,1.0,0.0,-0.0,7,0,4,7,2347,0.0,1.0,0.0,-0.0
PF05476,PF15186,4,1,0,4,1,2353,0.0,1.0,0.0,-0.0,1,0,4,1,2353,0.0,1.0,0.0,-0.0
PF01988,PF01386,30,4,0,30,4,2324,0.0,0.99,0.0,-0.0,4,0,30,4,2324,0.0,0.99,0.0,-0.0
PF07308,PF03090,0,0,0,0,0,2358,0,1.0,0,0,0,0,0,0,2358,0,1.0,0,0
PF14621,PF11522,3,4,1,2,3,2352,0.25,1.0,0.33,0.29,4,1,2,3,2352,0.25,1.0,0.33,0.29
PF02992,PF13960,18,9,7,11,2,2338,0.78,0.99,0.39,0.55,9,7,11,2,2338,0.78,0.99,0.39,0.55
PF02806,PF02922,37,31,25,12,6,2315,0.81,0.99,0.68,0.73,31,25,12,6,2315,0.81,0.99,0.68,0.73
PF16558,PF04699,17,21,3,14,18,2323,0.14,0.99,0.18,0.15,21,3,14,18,2323,0.14,0.99,0.18,0.15
PF07434,PF15976,0,0,0,0,0,2358,0,1.0,0,0,0,0,0,0,2358,0,1.0,0,0
PF08202,PF13230,17,7,0,17,7,2334,0.0,0.99,0.0,-0.0,7,0,17,7,2334,0.0,0.99,0.0,-0.0
PF08854,PF05939,0,0,0,0,0,2358,0,1.0,0,0,0,0,0,0,2358,0,1.0,0,0
PF15393,PF15478,10,3,0,10,3,2345,0.0,0.99,0.0,-0.0,3,0,10,3,2345,0.0,0.99,0.0,-0.0
PF01204,PF07492,45,19,19,26,0,2313,1.0,0.99,0.42,0.65,19,19,26,0,2313,1.0,0.99,0.42,0.65
PF02102,PF14866,6,0,0,6,0,2352,0,1.0,0.0,0,0,0,6,0,2352,0,1.0,0.0,0
PF10405,PF10403,22,22,22,0,0,2336,1.0,1.0,1.0,1.0,22,22,0,0,2336,1.0,1.0,1.0,1.0
PF04234,PF03389,3,0,0,3,0,2355,0,1.0,0.0,0,0,0,3,0,2355,0,1.0,0.0,0
PF07024,PF11026,0,0,0,0,0,2358,0,1.0,0,0,0,0,0,0,2358,0,1.0,0,0
PF00766,PF01012,18,38,16,2,22,2318,0.42,0.99,0.89,0.61,38,16,2,22,2318,0.42,0.99,0.89,0.61
PF01094,PF00211,114,117,62,52,55,2189,0.53,0.95,0.54,0.51,117,62,52,55,2189,0.53,0.95,0.54,0.51
PF03455,PF03456,31,53,23,8,30,2297,0.43,0.98,0.74,0.56,53,23,8,30,2297,0.43,0.98,0.74,0.56
PF16980,PF05944,0,3,0,0,3,2355,0.0,1.0,0,0,3,0,0,3,2355,0.0,1.0,0,0
PF08111,PF16041,3,10,0,3,10,2345,0.0,0.99,0.0,-0.0,10,0,3,10,2345,0.0,0.99,0.0,-0.0
PF01384,PF01597,32,43,6,26,37,2289,0.14,0.97,0.19,0.15,43,6,26,37,2289,0.14,0.97,0.19,0.15
PF07166,PF05453,0,3,0,0,3,2355,0.0,1.0,0,0,3,0,0,3,2355,0.0,1.0,0,0
PF02281,PF08558,0,14,0,0,14,2344,0.0,0.99,0,0,14,0,0,14,2344,0.0,0.99,0,0
PF02678,PF16912,31,1,1,30,0,2327,1.0,0.99,0.03,0.18,1,1,30,0,2327,1.0,0.99,0.03,0.18
PF01680,PF11779,16,10,1,15,9,2333,0.1,0.99,0.06,0.07,10,1,15,9,2333,0.1,0.99,0.06,0.07
PF05681,PF05683,4,9,4,0,5,2349,0.44,1.0,1.0,0.67,9,4,0,5,2349,0.44,1.0,1.0,0.67
PF04844,PF03479,7,10,2,5,8,2343,0.2,0.99,0.29,0.24,10,2,5,8,2343,0.2,0.99,0.29,0.24
PF07225,PF04736,10,3,0,10,3,2345,0.0,0.99,0.0,-0.0,3,0,10,3,2345,0.0,0.99,0.0,-0.0
PF10014,PF02950,2,3,0,2,3,2353,0.0,1.0,0.0,-0.0,3,0,2,3,2353,0.0,1.0,0.0,-0.0
PF04485,PF15212,0,0,0,0,0,2358,0,1.0,0,0,0,0,0,0,2358,0,1.0,0,0
PF00503,PF03332,73,26,17,56,9,2276,0.65,0.97,0.23,0.38,26,17,56,9,2276,0.65,0.97,0.23,0.38
PF15721,PF01303,1,1,0,1,1,2356,0.0,1.0,0.0,-0.0,1,0,1,1,2356,0.0,1.0,0.0,-0.0
PF07428,PF03553,0,4,0,0,4,2354,0.0,1.0,0,0,4,0,0,4,2354,0.0,1.0,0,0
PF10152,PF02181,18,87,12,6,75,2265,0.14,0.97,0.67,0.29,87,12,6,75,2265,0.14,0.97,0.67,0.29
PF14237,PF11926,8,4,0,8,4,2346,0.0,0.99,0.0,-0.0,4,0,8,4,2346,0.0,0.99,0.0,-0.0
PF11654,PF03379,6,4,0,6,4,2348,0.0,1.0,0.0,-0.0,4,0,6,4,2348,0.0,1.0,0.0,-0.0
PF14850,PF06433,10,7,3,7,4,2344,0.43,1.0,0.3,0.36,7,3,7,4,2344,0.43,1.0,0.3,0.36
PF05939,PF06805,0,0,0,0,0,2358,0,1.0,0,0,0,0,0,0,2358,0,1.0,0,0
PF15818,PF14926,2,7,0,2,7,2349,0.0,1.0,0.0,-0.0,7,0,2,7,2349,0.0,1.0,0.0,-0.0
PF12042,PF11260,0,0,0,0,0,2358,0,1.0,0,0,0,0,0,0,2358,0,1.0,0,0
PF04008,PF06239,0,7,0,0,7,2351,0.0,1.0,0,0,7,0,0,7,2351,0.0,1.0,0,0
PF00238,PF02284,27,9,1,26,8,2323,0.11,0.99,0.04,0.06,9,1,26,8,2323,0.11,0.99,0.04,0.06
PF08772,PF15017,11,1,1,10,0,2347,1.0,1.0,0.09,0.3,1,1,10,0,2347,1.0,1.0,0.09,0.3
PF11379,PF14328,2,0,0,2,0,2356,0,1.0,0.0,0,0,0,2,0,2356,0,1.0,0.0,0
PF05109,PF03729,2,0,0,2,0,2356,0,1.0,0.0,0,0,0,2,0,2356,0,1.0,0.0,0
PF09531,PF07574,21,27,5,16,22,2315,0.19,0.98,0.24,0.2,27,5,16,22,2315,0.19,0.98,0.24,0.2
PF15579,PF09726,0,10,0,0,10,2348,0.0,1.0,0,0,10,0,0,10,2348,0.0,1.0,0,0
PF05652,PF06414,26,16,1,25,15,2317,0.06,0.98,0.04,0.04,16,1,25,15,2317,0.06,0.98,0.04,0.04
PF08659,PF14765,67,64,57,10,7,2284,0.89,0.99,0.85,0.87,64,57,10,7,2284,0.89,0.99,0.85,0.87
PF07107,PF11016,1,0,0,1,0,2357,0,1.0,0.0,0,0,0,1,0,2357,0,1.0,0.0,0
PF13284,PF06406,0,0,0,0,0,2358,0,1.0,0,0,0,0,0,0,2358,0,1.0,0,0
PF17086,PF11227,0,0,0,0,0,2358,0,1.0,0,0,0,0,0,0,2358,0,1.0,0,0
PF00338,PF10259,41,18,7,34,11,2306,0.39,0.98,0.17,0.25,18,7,34,11,2306,0.39,0.98,0.17,0.25
PF06980,PF01514,0,3,0,0,3,2355,0.0,1.0,0,0,3,0,0,3,2355,0.0,1.0,0,0
PF09932,PF14433,0,0,0,0,0,2358,0,1.0,0,0,0,0,0,0,2358,0,1.0,0,0
PF12510,PF15147,1,1,1,0,0,2357,1.0,1.0,1.0,1.0,1,1,0,0,2357,1.0,1.0,1.0,1.0
PF13859,PF16692,0,6,0,0,6,2352,0.0,1.0,0,0,6,0,0,6,2352,0.0,1.0,0,0
PF09447,PF10490,2,7,0,2,7,2349,0.0,1.0,0.0,-0.0,7,0,2,7,2349,0.0,1.0,0.0,-0.0
PF05724,PF05995,12,19,4,8,15,2331,0.21,0.99,0.33,0.26,19,4,8,15,2331,0.21,0.99,0.33,0.26
PF08366,PF09453,19,24,4,15,20,2319,0.17,0.99,0.21,0.18,24,4,15,20,2319,0.17,0.99,0.21,0.18
PF15486,PF04296,1,0,0,1,0,2357,0,1.0,0.0,0,0,0,1,0,2357,0,1.0,0.0,0
PF01745,PF16958,4,0,0,4,0,2354,0,1.0,0.0,0,0,0,4,0,2354,0,1.0,0.0,0
PF16754,PF12034,0,0,0,0,0,2358,0,1.0,0,0,0,0,0,0,2358,0,1.0,0,0
PF16135,PF07897,29,3,3,26,0,2329,1.0,0.99,0.1,0.32,3,3,26,0,2329,1.0,0.99,0.1,0.32
PF17177,PF16953,67,27,12,55,15,2276,0.44,0.97,0.18,0.27,27,12,55,15,2276,0.44,0.97,0.18,0.27
PF14056,PF00519,0,7,0,0,7,2351,0.0,1.0,0,0,7,0,0,7,2351,0.0,1.0,0,0
PF08765,PF11421,0,10,0,0,10,2348,0.0,1.0,0,0,10,0,0,10,2348,0.0,1.0,0,0
PF17164,PF17206,0,1,0,0,1,2357,0.0,1.0,0,0,1,0,0,1,2357,0.0,1.0,0,0
PF04484,PF12023,16,7,0,16,7,2335,0.0,0.99,0.0,-0.0,7,0,16,7,2335,0.0,0.99,0.0,-0.0
PF04910,PF15929,18,0,0,18,0,2340,0,0.99,0.0,0,0,0,18,0,2340,0,0.99,0.0,0
PF10191,PF15964,18,2,0,18,2,2338,0.0,0.99,0.0,-0.0,2,0,18,2,2338,0.0,0.99,0.0,-0.0
PF03385,PF02219,4,19,1,3,18,2336,0.05,0.99,0.25,0.11,19,1,3,18,2336,0.05,0.99,0.25,0.11
PF08132,PF01536,5,20,3,2,17,2336,0.15,0.99,0.6,0.3,20,3,2,17,2336,0.15,0.99,0.6,0.3
PF04523,PF06450,1,3,0,1,3,2354,0.0,1.0,0.0,-0.0,3,0,1,3,2354,0.0,1.0,0.0,-0.0
PF07809,PF15298,2,0,0,2,0,2356,0,1.0,0.0,0,0,0,2,0,2356,0,1.0,0.0,0
PF15664,PF15119,0,4,0,0,4,2354,0.0,1.0,0,0,4,0,0,4,2354,0.0,1.0,0,0
PF04156,PF12362,0,1,0,0,1,2357,0.0,1.0,0,0,1,0,0,1,2357,0.0,1.0,0,0
PF12657,PF09453,16,24,2,14,22,2320,0.08,0.98,0.12,0.09,24,2,14,22,2320,0.08,0.98,0.12,0.09
PF13860,PF12461,4,0,0,4,0,2354,0,1.0,0.0,0,0,0,4,0,2354,0,1.0,0.0,0
PF06160,PF01446,3,3,0,3,3,2352,0.0,1.0,0.0,-0.0,3,0,3,3,2352,0.0,1.0,0.0,-0.0
PF09469,PF12516,3,0,0,3,0,2355,0,1.0,0.0,0,0,0,3,0,2355,0,1.0,0.0,0
PF13006,PF05671,4,3,0,4,3,2351,0.0,1.0,0.0,-0.0,3,0,4,3,2351,0.0,1.0,0.0,-0.0
PF07173,PF12422,18,3,2,16,1,2339,0.67,0.99,0.11,0.27,3,2,16,1,2339,0.67,0.99,0.11,0.27
PF07085,PF01515,10,15,8,2,7,2341,0.53,1.0,0.8,0.65,15,8,2,7,2341,0.53,1.0,0.8,0.65
PF15443,PF15460,4,2,0,4,2,2352,0.0,1.0,0.0,-0.0,2,0,4,2,2352,0.0,1.0,0.0,-0.0
PF04355,PF02565,3,3,3,0,0,2355,1.0,1.0,1.0,1.0,3,3,0,0,2355,1.0,1.0,1.0,1.0
PF03778,PF10285,0,0,0,0,0,2358,0,1.0,0,0,0,0,0,0,2358,0,1.0,0,0
PF15434,PF03745,1,0,0,1,0,2357,0,1.0,0.0,0,0,0,1,0,2357,0,1.0,0.0,0
PF04181,PF08733,17,5,1,16,4,2337,0.2,0.99,0.06,0.11,5,1,16,4,2337,0.2,0.99,0.06,0.11
PF00827,PF08449,39,53,20,19,33,2286,0.38,0.98,0.51,0.43,53,20,19,33,2286,0.38,0.98,0.51,0.43
PF14656,PF14655,9,20,9,0,11,2338,0.45,1.0,1.0,0.67,20,9,0,11,2338,0.45,1.0,1.0,0.67
PF11264,PF07333,3,1,0,3,1,2354,0.0,1.0,0.0,-0.0,1,0,3,1,2354,0.0,1.0,0.0,-0.0
PF12631,PF10396,12,22,12,0,10,2336,0.55,1.0,1.0,0.74,22,12,0,10,2336,0.55,1.0,1.0,0.74
PF07545,PF10332,3,0,0,3,0,2355,0,1.0,0.0,0,0,0,3,0,2355,0,1.0,0.0,0
PF11468,PF07980,1,0,0,1,0,2357,0,1.0,0.0,0,0,0,1,0,2357,0,1.0,0.0,0
PF07406,PF15038,6,1,0,6,1,2351,0.0,1.0,0.0,-0.0,1,0,6,1,2351,0.0,1.0,0.0,-0.0
PF07716,PF00170,72,70,25,47,45,2241,0.36,0.96,0.35,0.33,70,25,47,45,2241,0.36,0.96,0.35,0.33
PF03707,PF16415,17,27,4,13,23,2318,0.15,0.98,0.24,0.18,27,4,13,23,2318,0.15,0.98,0.24,0.18
PF07744,PF07533,28,29,10,18,19,2311,0.34,0.98,0.36,0.34,29,10,18,19,2311,0.34,0.98,0.36,0.34
PF16898,PF00986,17,21,4,13,17,2324,0.19,0.99,0.24,0.21,21,4,13,17,2324,0.19,0.99,0.24,0.21
PF06743,PF08368,11,9,8,3,1,2346,0.89,1.0,0.73,0.8,9,8,3,1,2346,0.89,1.0,0.73,0.8
PF16278,PF04592,15,4,1,14,3,2340,0.25,0.99,0.07,0.13,4,1,14,3,2340,0.25,0.99,0.07,0.13
PF09969,PF15107,1,2,0,1,2,2355,0.0,1.0,0.0,-0.0,2,0,1,2,2355,0.0,1.0,0.0,-0.0
PF04493,PF03155,12,37,5,7,32,2314,0.14,0.98,0.42,0.23,37,5,7,32,2314,0.14,0.98,0.42,0.23
PF03131,PF08209,31,22,5,26,17,2310,0.23,0.98,0.16,0.18,22,5,26,17,2310,0.23,0.98,0.16,0.18
PF11202,PF04671,0,3,0,0,3,2355,0.0,1.0,0,0,3,0,0,3,2355,0.0,1.0,0,0
PF08151,PF16165,10,14,6,4,8,2340,0.43,0.99,0.6,0.5,14,6,4,8,2340,0.43,0.99,0.6,0.5
PF06280,PF05922,6,49,5,1,44,2308,0.1,0.98,0.83,0.29,49,5,1,44,2308,0.1,0.98,0.83,0.29
PF11926,PF00684,4,2,0,4,2,2352,0.0,1.0,0.0,-0.0,2,0,4,2,2352,0.0,1.0,0.0,-0.0
PF01127,PF15013,14,4,0,14,4,2340,0.0,0.99,0.0,-0.0,4,0,14,4,2340,0.0,0.99,0.0,-0.0
PF08340,PF04222,1,0,0,1,0,2357,0,1.0,0.0,0,0,0,1,0,2357,0,1.0,0.0,0
PF15627,PF14959,4,3,0,4,3,2351,0.0,1.0,0.0,-0.0,3,0,4,3,2351,0.0,1.0,0.0,-0.0
PF03659,PF13472,25,76,14,11,62,2271,0.18,0.97,0.56,0.31,76,14,11,62,2271,0.18,0.97,0.56,0.31
PF15111,PF07520,2,0,0,2,0,2356,0,1.0,0.0,0,0,0,2,0,2356,0,1.0,0.0,0
PF06875,PF14653,0,0,0,0,0,2358,0,1.0,0,0,0,0,0,0,2358,0,1.0,0,0
PF04905,PF04902,7,2,2,5,0,2351,1.0,1.0,0.29,0.53,2,2,5,0,2351,1.0,1.0,0.29,0.53
PF15071,PF15370,0,7,0,0,7,2351,0.0,1.0,0,0,7,0,0,7,2351,0.0,1.0,0,0
PF13810,PF05841,5,3,0,5,3,2350,0.0,1.0,0.0,-0.0,3,0,5,3,2350,0.0,1.0,0.0,-0.0
PF09851,PF05488,9,0,0,9,0,2349,0,1.0,0.0,0,0,0,9,0,2349,0,1.0,0.0,0
PF15856,PF14251,1,4,0,1,4,2353,0.0,1.0,0.0,-0.0,4,0,1,4,2353,0.0,1.0,0.0,-0.0
PF02093,PF00607,9,20,6,3,14,2335,0.3,0.99,0.67,0.44,20,6,3,14,2335,0.3,0.99,0.67,0.44
PF14990,PF04816,0,1,0,0,1,2357,0.0,1.0,0,0,1,0,0,1,2357,0.0,1.0,0,0
PF06146,PF04892,3,0,0,3,0,2355,0,1.0,0.0,0,0,0,3,0,2355,0,1.0,0.0,0
PF01554,PF14667,51,5,5,46,0,2307,1.0,0.98,0.1,0.31,5,5,46,0,2307,1.0,0.98,0.1,0.31
PF08486,PF10279,0,0,0,0,0,2358,0,1.0,0,0,0,0,0,0,2358,0,1.0,0,0
PF01549,PF08768,80,3,3,77,0,2278,1.0,0.97,0.04,0.19,3,3,77,0,2278,1.0,0.97,0.04,0.19
PF14703,PF02714,43,42,41,2,1,2314,0.98,1.0,0.95,0.96,42,41,2,1,2314,0.98,1.0,0.95,0.96
PF12420,PF10218,2,0,0,2,0,2356,0,1.0,0.0,0,0,0,2,0,2356,0,1.0,0.0,0
PF02015,PF03664,11,12,4,7,8,2339,0.33,0.99,0.36,0.34,12,4,7,8,2339,0.33,0.99,0.36,0.34
PF02470,PF07039,8,18,3,5,15,2335,0.17,0.99,0.38,0.25,18,3,5,15,2335,0.17,0.99,0.38,0.25
PF12681,PF11124,0,1,0,0,1,2357,0.0,1.0,0,0,1,0,0,1,2357,0.0,1.0,0,0
PF03648,PF07477,8,9,8,0,1,2349,0.89,1.0,1.0,0.94,9,8,0,1,2349,0.89,1.0,1.0,0.94
PF12340,PF12359,14,14,14,0,0,2344,1.0,1.0,1.0,1.0,14,14,0,0,2344,1.0,1.0,1.0,1.0
PF05995,PF02284,19,9,4,15,5,2334,0.44,0.99,0.21,0.3,9,4,15,5,2334,0.44,0.99,0.21,0.3
PF04425,PF04426,0,6,0,0,6,2352,0.0,1.0,0,0,6,0,0,6,2352,0.0,1.0,0,0
PF16032,PF16003,0,3,0,0,3,2355,0.0,1.0,0,0,3,0,0,3,2355,0.0,1.0,0,0
PF02731,PF10188,18,0,0,18,0,2340,0,0.99,0.0,0,0,0,18,0,2340,0,0.99,0.0,0
PF15727,PF09669,0,1,0,0,1,2357,0.0,1.0,0,0,1,0,0,1,2357,0.0,1.0,0,0
PF00878,PF00040,9,35,6,3,29,2320,0.17,0.99,0.67,0.33,35,6,3,29,2320,0.17,0.99,0.67,0.33
PF14906,PF13910,4,3,1,3,2,2352,0.33,1.0,0.25,0.29,3,1,3,2,2352,0.33,1.0,0.25,0.29
PF17027,PF10618,0,0,0,0,0,2358,0,1.0,0,0,0,0,0,0,2358,0,1.0,0,0
PF06021,PF08444,10,6,6,4,0,2348,1.0,1.0,0.6,0.77,6,6,4,0,2348,1.0,1.0,0.6,0.77
PF05297,PF11981,2,0,0,2,0,2356,0,1.0,0.0,0,0,0,2,0,2356,0,1.0,0.0,0
PF00842,PF14031,4,13,1,3,12,2342,0.08,0.99,0.25,0.14,13,1,3,12,2342,0.08,0.99,0.25,0.14
PF11250,PF02234,3,18,1,2,17,2338,0.06,0.99,0.33,0.13,18,1,2,17,2338,0.06,0.99,0.33,0.13
PF14679,PF14676,1,2,1,0,1,2356,0.5,1.0,1.0,0.71,2,1,0,1,2356,0.5,1.0,1.0,0.71
PF00474,PF01545,73,79,29,44,50,2235,0.37,0.96,0.4,0.36,79,29,44,50,2235,0.37,0.96,0.4,0.36
PF03782,PF00094,30,71,26,4,45,2283,0.37,0.98,0.87,0.56,71,26,4,45,2283,0.37,0.98,0.87,0.56
PF15135,PF15207,3,3,0,3,3,2352,0.0,1.0,0.0,-0.0,3,0,3,3,2352,0.0,1.0,0.0,-0.0
PF13749,PF11614,6,7,0,6,7,2345,0.0,0.99,0.0,-0.0,7,0,6,7,2345,0.0,0.99,0.0,-0.0
PF00651,PF12313,251,7,7,244,0,2107,1.0,0.9,0.03,0.16,7,7,244,0,2107,1.0,0.9,0.03,0.16
PF15141,PF15212,0,0,0,0,0,2358,0,1.0,0,0,0,0,0,0,2358,0,1.0,0,0
PF14982,PF15207,0,3,0,0,3,2355,0.0,1.0,0,0,3,0,0,3,2355,0.0,1.0,0,0
PF01391,PF01410,134,22,16,118,6,2218,0.73,0.95,0.12,0.28,22,16,118,6,2218,0.73,0.95,0.12,0.28
PF11980,PF00629,1,72,1,0,71,2286,0.01,0.97,1.0,0.12,72,1,0,71,2286,0.01,0.97,1.0,0.12
PF16116,PF16173,0,0,0,0,0,2358,0,1.0,0,0,0,0,0,0,2358,0,1.0,0,0
PF01352,PF02023,78,25,18,60,7,2273,0.72,0.97,0.23,0.4,25,18,60,7,2273,0.72,0.97,0.23,0.4
PF12842,PF16415,23,27,23,0,4,2331,0.85,1.0,1.0,0.92,27,23,0,4,2331,0.85,1.0,1.0,0.92
PF10523,PF03131,16,31,5,11,26,2316,0.16,0.98,0.31,0.22,31,5,11,26,2316,0.16,0.98,0.31,0.22
PF08417,PF04305,18,16,4,14,12,2328,0.25,0.99,0.22,0.23,16,4,14,12,2328,0.25,0.99,0.22,0.23
PF03836,PF15780,16,18,4,12,14,2328,0.22,0.99,0.25,0.23,18,4,12,14,2328,0.22,0.99,0.25,0.23
PF15683,PF06729,1,2,0,1,2,2355,0.0,1.0,0.0,-0.0,2,0,1,2,2355,0.0,1.0,0.0,-0.0
PF14338,PF11332,0,0,0,0,0,2358,0,1.0,0,0,0,0,0,0,2358,0,1.0,0,0
PF08711,PF07500,49,28,23,26,5,2304,0.82,0.99,0.47,0.62,28,23,26,5,2304,0.82,0.99,0.47,0.62
PF08358,PF03498,2,2,0,2,2,2354,0.0,1.0,0.0,-0.0,2,0,2,2,2354,0.0,1.0,0.0,-0.0
PF08444,PF06021,6,10,6,0,4,2348,0.6,1.0,1.0,0.77,10,6,0,4,2348,0.6,1.0,1.0,0.77
PF03011,PF15447,4,3,3,1,0,2354,1.0,1.0,0.75,0.87,3,3,1,0,2354,1.0,1.0,0.75,0.87
PF02040,PF13945,15,3,0,15,3,2340,0.0,0.99,0.0,-0.0,3,0,15,3,2340,0.0,0.99,0.0,-0.0
PF09479,PF01436,1,64,1,0,63,2294,0.02,0.97,1.0,0.12,64,1,0,63,2294,0.02,0.97,1.0,0.12
PF17152,PF01752,3,4,0,3,4,2351,0.0,1.0,0.0,-0.0,4,0,3,4,2351,0.0,1.0,0.0,-0.0
PF05347,PF04281,55,8,6,49,2,2301,0.75,0.98,0.11,0.28,8,6,49,2,2301,0.75,0.98,0.11,0.28
PF13961,PF13976,30,96,22,8,74,2254,0.23,0.97,0.73,0.4,96,22,8,74,2254,0.23,0.97,0.73,0.4
PF00529,PF04984,7,0,0,7,0,2351,0,1.0,0.0,0,0,0,7,0,2351,0,1.0,0.0,0
PF00879,PF00323,3,2,2,1,0,2355,1.0,1.0,0.67,0.82,2,2,1,0,2355,1.0,1.0,0.67,0.82
PF01077,PF03460,23,23,23,0,0,2335,1.0,1.0,1.0,1.0,23,23,0,0,2335,1.0,1.0,1.0,1.0
PF01833,PF08337,79,32,30,49,2,2277,0.94,0.98,0.38,0.59,32,30,49,2,2277,0.94,0.98,0.38,0.59
PF01726,PF16965,2,5,0,2,5,2351,0.0,1.0,0.0,-0.0,5,0,2,5,2351,0.0,1.0,0.0,-0.0
PF12248,PF11901,29,32,11,18,21,2308,0.34,0.98,0.38,0.35,32,11,18,21,2308,0.34,0.98,0.38,0.35
PF10309,PF12516,15,0,0,15,0,2343,0,0.99,0.0,0,0,0,15,0,2343,0,0.99,0.0,0
PF06703,PF03298,20,6,0,20,6,2332,0.0,0.99,0.0,-0.0,6,0,20,6,2332,0.0,0.99,0.0,-0.0
PF01970,PF14690,0,0,0,0,0,2358,0,1.0,0,0,0,0,0,0,2358,0,1.0,0,0
PF13805,PF03760,25,3,0,25,3,2330,0.0,0.99,0.0,-0.0,3,0,25,3,2330,0.0,0.99,0.0,-0.0
PF10839,PF00537,0,2,0,0,2,2356,0.0,1.0,0,0,2,0,0,2,2356,0.0,1.0,0,0
PF00357,PF00882,3,0,0,3,0,2355,0,1.0,0.0,0,0,0,3,0,2355,0,1.0,0.0,0
PF05114,PF17010,0,0,0,0,0,2358,0,1.0,0,0,0,0,0,0,2358,0,1.0,0,0
PF16553,PF15898,4,3,0,4,3,2351,0.0,1.0,0.0,-0.0,3,0,4,3,2351,0.0,1.0,0.0,-0.0
PF12078,PF07735,10,22,4,6,18,2330,0.18,0.99,0.4,0.27,22,4,6,18,2330,0.18,0.99,0.4,0.27
PF05013,PF03841,1,1,1,0,0,2357,1.0,1.0,1.0,1.0,1,1,0,0,2357,1.0,1.0,1.0,1.0
PF04196,PF15518,3,3,3,0,0,2355,1.0,1.0,1.0,1.0,3,3,0,0,2355,1.0,1.0,1.0,1.0
PF12357,PF16165,8,14,4,4,10,2340,0.29,0.99,0.5,0.38,14,4,4,10,2340,0.29,0.99,0.5,0.38
PF11709,PF01226,10,15,5,5,10,2338,0.33,0.99,0.5,0.41,15,5,5,10,2338,0.33,0.99,0.5,0.41
PF12281,PF09341,0,14,0,0,14,2344,0.0,0.99,0,0,14,0,0,14,2344,0.0,0.99,0,0
PF05428,PF04452,1,4,0,1,4,2353,0.0,1.0,0.0,-0.0,4,0,1,4,2353,0.0,1.0,0.0,-0.0
PF12833,PF02311,44,15,15,29,0,2314,1.0,0.99,0.34,0.58,15,15,29,0,2314,1.0,0.99,0.34,0.58
PF11719,PF16783,19,5,4,15,1,2338,0.8,0.99,0.21,0.41,5,4,15,1,2338,0.8,0.99,0.21,0.41
PF00650,PF03765,119,47,47,72,0,2239,1.0,0.97,0.39,0.62,47,47,72,0,2239,1.0,0.97,0.39,0.62
PF05459,PF12240,1,2,0,1,2,2355,0.0,1.0,0.0,-0.0,2,0,1,2,2355,0.0,1.0,0.0,-0.0
PF05602,PF10236,23,15,5,18,10,2325,0.33,0.99,0.22,0.26,15,5,18,10,2325,0.33,0.99,0.22,0.26
PF00360,PF01590,29,63,28,1,35,2294,0.44,0.98,0.97,0.65,63,28,1,35,2294,0.44,0.98,0.97,0.65
PF00236,PF05039,4,2,1,3,1,2353,0.5,1.0,0.25,0.35,2,1,3,1,2353,0.5,1.0,0.25,0.35
PF03023,PF08343,16,4,2,14,2,2340,0.5,0.99,0.12,0.25,4,2,14,2,2340,0.5,0.99,0.12,0.25
PF13643,PF15861,1,6,1,0,5,2352,0.17,1.0,1.0,0.41,6,1,0,5,2352,0.17,1.0,1.0,0.41
PF12309,PF04981,11,10,2,9,8,2339,0.2,0.99,0.18,0.19,10,2,9,8,2339,0.2,0.99,0.18,0.19
PF01499,PF03354,2,0,0,2,0,2356,0,1.0,0.0,0,0,0,2,0,2356,0,1.0,0.0,0
PF00169,PF00620,257,163,104,153,59,2042,0.64,0.91,0.4,0.46,163,104,153,59,2042,0.64,0.91,0.4,0.46
PF10382,PF14383,8,4,1,7,3,2347,0.25,1.0,0.12,0.17,4,1,7,3,2347,0.25,1.0,0.12,0.17
PF12870,PF15712,0,0,0,0,0,2358,0,1.0,0,0,0,0,0,0,2358,0,1.0,0,0
PF12716,PF06912,0,7,0,0,7,2351,0.0,1.0,0,0,7,0,0,7,2351,0.0,1.0,0,0
PF07779,PF03385,22,4,1,21,3,2333,0.25,0.99,0.05,0.1,4,1,21,3,2333,0.25,0.99,0.05,0.1
PF14215,PF09427,12,6,1,11,5,2341,0.17,0.99,0.08,0.11,6,1,11,5,2341,0.17,0.99,0.08,0.11
PF11443,PF03059,6,9,1,5,8,2344,0.11,0.99,0.17,0.13,9,1,5,8,2344,0.11,0.99,0.17,0.13
PF15040,PF11351,0,0,0,0,0,2358,0,1.0,0,0,0,0,0,0,2358,0,1.0,0,0
PF17106,PF12200,4,4,2,2,2,2352,0.5,1.0,0.5,0.5,4,2,2,2,2352,0.5,1.0,0.5,0.5
PF15935,PF16449,0,0,0,0,0,2358,0,1.0,0,0,0,0,0,0,2358,0,1.0,0,0
PF05736,PF16325,0,2,0,0,2,2356,0.0,1.0,0,0,2,0,0,2,2356,0.0,1.0,0,0
PF02572,PF06798,3,0,0,3,0,2355,0,1.0,0.0,0,0,0,3,0,2355,0,1.0,0.0,0
PF11710,PF04910,29,18,3,26,15,2314,0.17,0.98,0.1,0.12,18,3,26,15,2314,0.17,0.98,0.1,0.12
PF10393,PF16754,6,0,0,6,0,2352,0,1.0,0.0,0,0,0,6,0,2352,0,1.0,0.0,0
PF02099,PF08059,20,24,9,11,15,2323,0.38,0.99,0.45,0.41,24,9,11,15,2323,0.38,0.99,0.45,0.41
PF13017,PF00505,2,135,1,1,134,2222,0.01,0.94,0.5,0.06,135,1,1,134,2222,0.01,0.94,0.5,0.06
PF03378,PF08767,23,16,4,19,12,2323,0.25,0.99,0.17,0.2,16,4,19,12,2323,0.25,0.99,0.17,0.2
PF02714,PF13967,42,42,40,2,2,2314,0.95,1.0,0.95,0.95,42,40,2,2,2314,0.95,1.0,0.95,0.95
PF01371,PF08414,3,18,1,2,17,2338,0.06,0.99,0.33,0.13,18,1,2,17,2338,0.06,0.99,0.33,0.13
PF14613,PF13320,1,0,0,1,0,2357,0,1.0,0.0,0,0,0,1,0,2357,0,1.0,0.0,0
PF05786,PF02055,7,31,3,4,28,2323,0.1,0.99,0.43,0.2,31,3,4,28,2323,0.1,0.99,0.43,0.2
PF12010,PF01339,3,13,2,1,11,2344,0.15,0.99,0.67,0.32,13,2,1,11,2344,0.15,0.99,0.67,0.32
PF12856,PF09109,2,0,0,2,0,2356,0,1.0,0.0,0,0,0,2,0,2356,0,1.0,0.0,0
PF03952,PF00113,26,29,24,2,5,2327,0.83,1.0,0.92,0.87,29,24,2,5,2327,0.83,1.0,0.92,0.87
PF12425,PF08093,0,3,0,0,3,2355,0.0,1.0,0,0,3,0,0,3,2355,0.0,1.0,0,0
PF04499,PF04109,32,16,7,25,9,2317,0.44,0.99,0.22,0.3,16,7,25,9,2317,0.44,0.99,0.22,0.3
PF03332,PF01775,26,17,4,22,13,2319,0.24,0.99,0.15,0.18,17,4,22,13,2319,0.24,0.99,0.15,0.18
PF09606,PF06401,14,5,0,14,5,2339,0.0,0.99,0.0,-0.0,5,0,14,5,2339,0.0,0.99,0.0,-0.0
PF03268,PF15556,0,2,0,0,2,2356,0.0,1.0,0,0,2,0,0,2,2356,0.0,1.0,0,0
PF10318,PF10319,27,3,1,26,2,2329,0.33,0.99,0.04,0.11,3,1,26,2,2329,0.33,0.99,0.04,0.11
PF10359,PF10305,4,5,4,0,1,2353,0.8,1.0,1.0,0.89,5,4,0,1,2353,0.8,1.0,1.0,0.89
PF02264,PF00367,6,14,5,1,9,2343,0.36,1.0,0.83,0.54,14,5,1,9,2343,0.36,1.0,0.83,0.54
PF01496,PF05742,32,10,3,29,7,2319,0.3,0.98,0.09,0.16,10,3,29,7,2319,0.3,0.98,0.09,0.16
PF02879,PF02880,58,61,56,2,5,2295,0.92,1.0,0.97,0.94,61,56,2,5,2295,0.92,1.0,0.97,0.94
PF08423,PF04005,67,20,8,59,12,2279,0.4,0.97,0.12,0.21,20,8,59,12,2279,0.4,0.97,0.12,0.21
PF12121,PF08023,0,2,0,0,2,2356,0.0,1.0,0,0,2,0,0,2,2356,0.0,1.0,0,0
PF05278,PF10226,2,6,1,1,5,2351,0.17,1.0,0.5,0.29,6,1,1,5,2351,0.17,1.0,0.5,0.29
PF04637,PF17164,0,0,0,0,0,2358,0,1.0,0,0,0,0,0,0,2358,0,1.0,0,0
PF07763,PF06083,5,5,0,5,5,2348,0.0,1.0,0.0,-0.0,5,0,5,5,2348,0.0,1.0,0.0,-0.0
PF09860,PF02217,0,4,0,0,4,2354,0.0,1.0,0,0,4,0,0,4,2354,0.0,1.0,0,0
PF08168,PF15027,1,0,0,1,0,2357,0,1.0,0.0,0,0,0,1,0,2357,0,1.0,0.0,0
PF14768,PF14766,0,4,0,0,4,2354,0.0,1.0,0,0,4,0,0,4,2354,0.0,1.0,0,0
PF06031,PF07545,8,3,0,8,3,2347,0.0,1.0,0.0,-0.0,3,0,8,3,2347,0.0,1.0,0.0,-0.0
PF10530,PF01234,0,7,0,0,7,2351,0.0,1.0,0,0,7,0,0,7,2351,0.0,1.0,0,0
PF14967,PF15467,3,0,0,3,0,2355,0,1.0,0.0,0,0,0,3,0,2355,0,1.0,0.0,0
PF04576,PF15275,19,9,2,17,7,2332,0.22,0.99,0.11,0.15,9,2,17,7,2332,0.22,0.99,0.11,0.15
PF07753,PF02955,0,7,0,0,7,2351,0.0,1.0,0,0,7,0,0,7,2351,0.0,1.0,0,0
PF11260,PF12042,0,0,0,0,0,2358,0,1.0,0,0,0,0,0,0,2358,0,1.0,0,0
PF03634,PF09335,9,46,2,7,44,2305,0.04,0.98,0.22,0.09,46,2,7,44,2305,0.04,0.98,0.22,0.09
PF15474,PF07833,2,10,0,2,10,2346,0.0,0.99,0.0,-0.0,10,0,2,10,2346,0.0,0.99,0.0,-0.0
PF00004,PF12037,328,4,4,324,0,2030,1.0,0.86,0.01,0.1,4,4,324,0,2030,1.0,0.86,0.01,0.1
PF16126,PF14307,2,0,0,2,0,2356,0,1.0,0.0,0,0,0,2,0,2356,0,1.0,0.0,0
PF11792,PF13403,0,0,0,0,0,2358,0,1.0,0,0,0,0,0,0,2358,0,1.0,0,0
PF07719,PF00515,70,111,45,25,66,2222,0.41,0.96,0.64,0.49,111,45,25,66,2222,0.41,0.96,0.64,0.49
PF06012,PF06025,14,17,11,3,6,2338,0.65,1.0,0.79,0.71,17,11,3,6,2338,0.65,1.0,0.79,0.71
PF03389,PF04740,0,0,0,0,0,2358,0,1.0,0,0,0,0,0,0,2358,0,1.0,0,0
PF02275,PF15985,12,22,4,8,18,2328,0.18,0.99,0.33,0.24,22,4,8,18,2328,0.18,0.99,0.33,0.24
PF09856,PF02561,0,3,0,0,3,2355,0.0,1.0,0,0,3,0,0,3,2355,0.0,1.0,0,0
PF12849,PF13458,23,15,10,13,5,2330,0.67,0.99,0.43,0.53,15,10,13,5,2330,0.67,0.99,0.43,0.53
PF01464,PF13462,14,15,1,13,14,2330,0.07,0.99,0.07,0.06,15,1,13,14,2330,0.07,0.99,0.07,0.06
PF07978,PF09766,32,18,6,26,12,2314,0.33,0.98,0.19,0.24,18,6,26,12,2314,0.33,0.98,0.19,0.24
PF08450,PF07350,42,3,2,40,1,2315,0.67,0.98,0.05,0.18,3,2,40,1,2315,0.67,0.98,0.05,0.18
PF10562,PF10565,8,3,3,5,0,2350,1.0,1.0,0.38,0.61,3,3,5,0,2350,1.0,1.0,0.38,0.61
PF04750,PF03972,11,12,1,10,11,2336,0.08,0.99,0.09,0.08,12,1,10,11,2336,0.08,0.99,0.09,0.08
PF00881,PF00902,22,14,3,19,11,2325,0.21,0.99,0.14,0.16,14,3,19,11,2325,0.21,0.99,0.14,0.16
PF15707,PF05418,0,3,0,0,3,2355,0.0,1.0,0,0,3,0,0,3,2355,0.0,1.0,0,0
PF01869,PF10294,25,81,12,13,69,2264,0.15,0.97,0.48,0.25,81,12,13,69,2264,0.15,0.97,0.48,0.25
PF11539,PF01312,0,3,0,0,3,2355,0.0,1.0,0,0,3,0,0,3,2355,0.0,1.0,0,0
PF00190,PF04859,32,6,4,28,2,2324,0.67,0.99,0.12,0.29,6,4,28,2,2324,0.67,0.99,0.12,0.29
PF08209,PF02234,22,18,2,20,16,2320,0.11,0.98,0.09,0.09,18,2,20,16,2320,0.11,0.98,0.09,0.09
PF00580,PF13361,32,38,29,3,9,2317,0.76,0.99,0.91,0.83,38,29,3,9,2317,0.76,0.99,0.91,0.83
PF15623,PF06890,0,0,0,0,0,2358,0,1.0,0,0,0,0,0,0,2358,0,1.0,0,0
PF00140,PF08281,10,10,5,5,5,2343,0.5,1.0,0.5,0.5,10,5,5,5,2343,0.5,1.0,0.5,0.5
PF14475,PF08528,0,11,0,0,11,2347,0.0,1.0,0,0,11,0,0,11,2347,0.0,1.0,0,0
PF14228,PF14222,9,9,9,0,0,2349,1.0,1.0,1.0,1.0,9,9,0,0,2349,1.0,1.0,1.0,1.0
PF05430,PF08245,2,50,1,1,49,2307,0.02,0.98,0.5,0.1,50,1,1,49,2307,0.02,0.98,0.5,0.1
PF08833,PF16646,4,0,0,4,0,2354,0,1.0,0.0,0,0,0,4,0,2354,0,1.0,0.0,0
PF07934,PF10576,28,5,3,25,2,2328,0.6,0.99,0.11,0.25,5,3,25,2,2328,0.6,0.99,0.11,0.25
PF08218,PF15815,1,1,0,1,1,2356,0.0,1.0,0.0,-0.0,1,0,1,1,2356,0.0,1.0,0.0,-0.0
PF04989,PF02595,5,2,0,5,2,2351,0.0,1.0,0.0,-0.0,2,0,5,2,2351,0.0,1.0,0.0,-0.0
PF01278,PF08411,3,2,0,3,2,2353,0.0,1.0,0.0,-0.0,2,0,3,2,2353,0.0,1.0,0.0,-0.0
PF04559,PF03865,2,0,0,2,0,2356,0,1.0,0.0,0,0,0,2,0,2356,0,1.0,0.0,0
PF12417,PF02023,10,25,7,3,18,2330,0.28,0.99,0.7,0.44,25,7,3,18,2330,0.28,0.99,0.7,0.44
PF11841,PF16457,16,31,15,1,16,2326,0.48,0.99,0.94,0.67,31,15,1,16,2326,0.48,0.99,0.94,0.67
PF08887,PF03525,0,1,0,0,1,2357,0.0,1.0,0,0,1,0,0,1,2357,0.0,1.0,0,0
PF13036,PF13946,1,2,0,1,2,2355,0.0,1.0,0.0,-0.0,2,0,1,2,2355,0.0,1.0,0.0,-0.0
PF09173,PF16658,7,1,1,6,0,2351,1.0,1.0,0.14,0.38,1,1,6,0,2351,1.0,1.0,0.14,0.38
PF11815,PF11856,21,1,1,20,0,2337,1.0,0.99,0.05,0.22,1,1,20,0,2337,1.0,0.99,0.05,0.22
PF01951,PF09174,9,3,3,6,0,2349,1.0,1.0,0.33,0.58,3,3,6,0,2349,1.0,1.0,0.33,0.58
PF09360,PF10660,31,3,3,28,0,2327,1.0,0.99,0.1,0.31,3,3,28,0,2327,1.0,0.99,0.1,0.31
PF04978,PF02873,9,9,4,5,5,2344,0.44,1.0,0.44,0.44,9,4,5,5,2344,0.44,1.0,0.44,0.44
PF05676,PF01279,11,5,0,11,5,2342,0.0,0.99,0.0,-0.0,5,0,11,5,2342,0.0,0.99,0.0,-0.0
PF02951,PF15976,6,0,0,6,0,2352,0,1.0,0.0,0,0,0,6,0,2352,0,1.0,0.0,0
PF01817,PF01958,13,17,1,12,16,2329,0.06,0.99,0.08,0.06,17,1,12,16,2329,0.06,0.99,0.08,0.06
PF15667,PF03244,0,3,0,0,3,2355,0.0,1.0,0,0,3,0,0,3,2355,0.0,1.0,0,0
PF12419,PF10532,2,4,1,1,3,2353,0.25,1.0,0.5,0.35,4,1,1,3,2353,0.25,1.0,0.5,0.35
PF12935,PF08579,0,4,0,0,4,2354,0.0,1.0,0,0,4,0,0,4,2354,0.0,1.0,0,0
PF01299,PF04145,39,42,20,19,22,2297,0.48,0.98,0.51,0.49,42,20,19,22,2297,0.48,0.98,0.51,0.49
PF13553,PF02760,15,1,0,15,1,2342,0.0,0.99,0.0,-0.0,1,0,15,1,2342,0.0,0.99,0.0,-0.0
PF03264,PF02217,0,4,0,0,4,2354,0.0,1.0,0,0,4,0,0,4,2354,0.0,1.0,0,0
PF12015,PF15082,2,3,0,2,3,2353,0.0,1.0,0.0,-0.0,3,0,2,3,2353,0.0,1.0,0.0,-0.0
PF01754,PF01428,14,47,6,8,41,2303,0.13,0.98,0.43,0.23,47,6,8,41,2303,0.13,0.98,0.43,0.23
PF02126,PF14931,13,3,1,12,2,2343,0.33,0.99,0.08,0.16,3,1,12,2,2343,0.33,0.99,0.08,0.16
PF03784,PF16720,1,3,1,0,2,2355,0.33,1.0,1.0,0.58,3,1,0,2,2355,0.33,1.0,1.0,0.58
PF02615,PF03962,18,14,5,13,9,2331,0.36,0.99,0.28,0.31,14,5,13,9,2331,0.36,0.99,0.28,0.31
PF02365,PF04577,52,36,14,38,22,2284,0.39,0.97,0.27,0.31,36,14,38,22,2284,0.39,0.97,0.27,0.31
PF04431,PF02789,5,34,2,3,32,2321,0.06,0.99,0.4,0.15,34,2,3,32,2321,0.06,0.99,0.4,0.15
PF03989,PF00521,19,35,16,3,19,2320,0.46,0.99,0.84,0.62,35,16,3,19,2320,0.46,0.99,0.84,0.62
PF16711,PF16709,3,6,3,0,3,2352,0.5,1.0,1.0,0.71,6,3,0,3,2352,0.5,1.0,1.0,0.71
PF14796,PF09066,17,14,4,13,10,2331,0.29,0.99,0.24,0.25,14,4,13,10,2331,0.29,0.99,0.24,0.25
PF01036,PF01987,16,14,1,15,13,2329,0.07,0.99,0.06,0.06,14,1,15,13,2329,0.07,0.99,0.06,0.06
PF13554,PF14508,0,0,0,0,0,2358,0,1.0,0,0,0,0,0,0,2358,0,1.0,0,0
PF08114,PF06934,3,0,0,3,0,2355,0,1.0,0.0,0,0,0,3,0,2355,0,1.0,0.0,0
PF16815,PF17003,10,0,0,10,0,2348,0,1.0,0.0,0,0,0,10,0,2348,0,1.0,0.0,0
PF17009,PF11068,0,0,0,0,0,2358,0,1.0,0,0,0,0,0,0,2358,0,1.0,0,0
PF03122,PF05643,2,0,0,2,0,2356,0,1.0,0.0,0,0,0,2,0,2356,0,1.0,0.0,0
PF05547,PF15553,2,0,0,2,0,2356,0,1.0,0.0,0,0,0,2,0,2356,0,1.0,0.0,0
PF14760,PF01706,2,1,0,2,1,2355,0.0,1.0,0.0,-0.0,1,0,2,1,2355,0.0,1.0,0.0,-0.0
PF03464,PF03463,18,17,16,2,1,2339,0.94,1.0,0.89,0.91,17,16,2,1,2339,0.94,1.0,0.89,0.91
PF16669,PF07721,11,10,2,9,8,2339,0.2,0.99,0.18,0.19,10,2,9,8,2339,0.2,0.99,0.18,0.19
PF06470,PF12455,26,13,1,25,12,2320,0.08,0.98,0.04,0.05,13,1,25,12,2320,0.08,0.98,0.04,0.05
PF05001,PF04990,13,4,3,10,1,2344,0.75,1.0,0.23,0.41,4,3,10,1,2344,0.75,1.0,0.23,0.41
PF03492,PF03087,12,9,4,8,5,2341,0.44,0.99,0.33,0.38,9,4,8,5,2341,0.44,0.99,0.33,0.38
PF04683,PF03299,11,20,2,9,18,2329,0.1,0.99,0.18,0.13,20,2,9,18,2329,0.1,0.99,0.18,0.13
PF04926,PF04928,26,29,22,4,7,2325,0.76,1.0,0.85,0.8,29,22,4,7,2325,0.76,1.0,0.85,0.8
PF06695,PF15062,0,0,0,0,0,2358,0,1.0,0,0,0,0,0,0,2358,0,1.0,0,0
PF01502,PF01503,22,24,17,5,7,2329,0.71,0.99,0.77,0.74,24,17,5,7,2329,0.71,0.99,0.77,0.74
PF00180,PF00255,69,33,12,57,21,2268,0.36,0.97,0.17,0.24,33,12,57,21,2268,0.36,0.97,0.17,0.24
PF02180,PF02731,3,18,0,3,18,2337,0.0,0.99,0.0,-0.0,18,0,3,18,2337,0.0,0.99,0.0,-0.0
PF15702,PF08570,3,5,0,3,5,2350,0.0,1.0,0.0,-0.0,5,0,3,5,2350,0.0,1.0,0.0,-0.0
PF15147,PF12510,1,1,1,0,0,2357,1.0,1.0,1.0,1.0,1,1,0,0,2357,1.0,1.0,1.0,1.0
PF08120,PF05284,3,0,0,3,0,2355,0,1.0,0.0,0,0,0,3,0,2355,0,1.0,0.0,0
PF17050,PF15556,5,2,0,5,2,2351,0.0,1.0,0.0,-0.0,2,0,5,2,2351,0.0,1.0,0.0,-0.0
PF04696,PF12511,19,15,6,13,9,2330,0.4,0.99,0.32,0.35,15,6,13,9,2330,0.4,0.99,0.32,0.35
PF07177,PF12610,21,1,1,20,0,2337,1.0,0.99,0.05,0.22,1,1,20,0,2337,1.0,0.99,0.05,0.22
PF07479,PF02317,43,9,6,37,3,2312,0.67,0.98,0.14,0.3,9,6,37,3,2312,0.67,0.98,0.14,0.3
PF11175,PF03553,1,4,0,1,4,2353,0.0,1.0,0.0,-0.0,4,0,1,4,2353,0.0,1.0,0.0,-0.0
PF17104,PF17062,2,0,0,2,0,2356,0,1.0,0.0,0,0,0,2,0,2356,0,1.0,0.0,0
PF14214,PF05970,46,78,36,10,42,2270,0.46,0.98,0.78,0.59,78,36,10,42,2270,0.46,0.98,0.78,0.59
PF14343,PF15771,0,0,0,0,0,2358,0,1.0,0,0,0,0,0,0,2358,0,1.0,0,0
PF01924,PF02119,3,6,0,3,6,2349,0.0,1.0,0.0,-0.0,6,0,3,6,2349,0.0,1.0,0.0,-0.0
PF02311,PF06249,15,4,0,15,4,2339,0.0,0.99,0.0,-0.0,4,0,15,4,2339,0.0,0.99,0.0,-0.0
PF12072,PF10470,1,0,0,1,0,2357,0,1.0,0.0,0,0,0,1,0,2357,0,1.0,0.0,0
PF04736,PF11029,3,5,0,3,5,2350,0.0,1.0,0.0,-0.0,5,0,3,5,2350,0.0,1.0,0.0,-0.0
PF05839,PF01428,7,47,2,5,45,2306,0.04,0.98,0.29,0.1,47,2,5,45,2306,0.04,0.98,0.29,0.1
PF11142,PF10241,0,11,0,0,11,2347,0.0,1.0,0,0,11,0,0,11,2347,0.0,1.0,0,0
PF17112,PF15207,2,3,0,2,3,2353,0.0,1.0,0.0,-0.0,3,0,2,3,2353,0.0,1.0,0.0,-0.0
PF14378,PF08643,11,9,1,10,8,2339,0.11,0.99,0.09,0.1,9,1,10,8,2339,0.11,0.99,0.09,0.1
PF06873,PF04820,0,11,0,0,11,2347,0.0,1.0,0,0,11,0,0,11,2347,0.0,1.0,0,0
PF02308,PF07392,3,3,0,3,3,2352,0.0,1.0,0.0,-0.0,3,0,3,3,2352,0.0,1.0,0.0,-0.0
PF10297,PF12498,9,3,3,6,0,2349,1.0,1.0,0.33,0.58,3,3,6,0,2349,1.0,1.0,0.33,0.58
PF04034,PF12800,30,2,1,29,1,2327,0.5,0.99,0.03,0.13,2,1,29,1,2327,0.5,0.99,0.03,0.13
PF09109,PF12856,0,2,0,0,2,2356,0.0,1.0,0,0,2,0,0,2,2356,0.0,1.0,0,0
PF11880,PF04932,4,1,0,4,1,2353,0.0,1.0,0.0,-0.0,1,0,4,1,2353,0.0,1.0,0.0,-0.0
PF08517,PF13775,10,5,1,9,4,2344,0.2,0.99,0.1,0.14,5,1,9,4,2344,0.2,0.99,0.1,0.14
PF09074,PF01706,2,1,0,2,1,2355,0.0,1.0,0.0,-0.0,1,0,2,1,2355,0.0,1.0,0.0,-0.0
PF00082,PF05922,108,49,43,65,6,2244,0.88,0.97,0.4,0.58,49,43,65,6,2244,0.88,0.97,0.4,0.58
PF16563,PF13919,11,17,4,7,13,2334,0.24,0.99,0.36,0.29,17,4,7,13,2334,0.24,0.99,0.36,0.29
PF03916,PF13689,0,0,0,0,0,2358,0,1.0,0,0,0,0,0,0,2358,0,1.0,0,0
PF00021,PF02988,13,2,2,11,0,2345,1.0,1.0,0.15,0.39,2,2,11,0,2345,1.0,1.0,0.15,0.39
PF08695,PF08641,8,8,1,7,7,2343,0.12,0.99,0.12,0.12,8,1,7,7,2343,0.12,0.99,0.12,0.12
PF04255,PF05736,0,0,0,0,0,2358,0,1.0,0,0,0,0,0,0,2358,0,1.0,0,0
PF08786,PF11691,0,0,0,0,0,2358,0,1.0,0,0,0,0,0,0,2358,0,1.0,0,0
PF03237,PF13103,9,8,2,7,6,2343,0.25,0.99,0.22,0.23,8,2,7,6,2343,0.25,0.99,0.22,0.23
PF00993,PF16196,4,4,4,0,0,2354,1.0,1.0,1.0,1.0,4,4,0,0,2354,1.0,1.0,1.0,1.0
PF03823,PF15829,5,1,1,4,0,2353,1.0,1.0,0.2,0.45,1,1,4,0,2353,1.0,1.0,0.2,0.45
PF06201,PF15928,34,3,2,32,1,2323,0.67,0.99,0.06,0.2,3,2,32,1,2323,0.67,0.99,0.06,0.2
PF08563,PF07710,3,3,3,0,0,2355,1.0,1.0,1.0,1.0,3,3,0,0,2355,1.0,1.0,1.0,1.0
PF08258,PF02277,0,4,0,0,4,2354,0.0,1.0,0,0,4,0,0,4,2354,0.0,1.0,0,0
PF15292,PF15090,0,2,0,0,2,2356,0.0,1.0,0,0,2,0,0,2,2356,0.0,1.0,0,0
PF05151,PF09252,4,1,0,4,1,2353,0.0,1.0,0.0,-0.0,1,0,4,1,2353,0.0,1.0,0.0,-0.0
PF13468,PF07961,13,2,0,13,2,2343,0.0,0.99,0.0,-0.0,2,0,13,2,2343,0.0,0.99,0.0,-0.0
PF01731,PF10420,8,1,1,7,0,2350,1.0,1.0,0.12,0.35,1,1,7,0,2350,1.0,1.0,0.12,0.35
PF13396,PF10295,0,8,0,0,8,2350,0.0,1.0,0,0,8,0,0,8,2350,0.0,1.0,0,0
PF10101,PF07442,0,1,0,0,1,2357,0.0,1.0,0,0,1,0,0,1,2357,0.0,1.0,0,0
PF05857,PF13247,0,0,0,0,0,2358,0,1.0,0,0,0,0,0,0,2358,0,1.0,0,0
PF03133,PF01975,66,23,12,54,11,2281,0.52,0.97,0.18,0.3,23,12,54,11,2281,0.52,0.97,0.18,0.3
PF07936,PF14866,3,0,0,3,0,2355,0,1.0,0.0,0,0,0,3,0,2355,0,1.0,0.0,0
PF12455,PF07989,13,29,2,11,27,2318,0.07,0.98,0.15,0.1,29,2,11,27,2318,0.07,0.98,0.15,0.1
PF04538,PF14473,7,0,0,7,0,2351,0,1.0,0.0,0,0,0,7,0,2351,0,1.0,0.0,0
PF16517,PF09235,18,3,3,15,0,2340,1.0,0.99,0.17,0.41,3,3,15,0,2340,1.0,0.99,0.17,0.41
PF08116,PF15844,2,0,0,2,0,2356,0,1.0,0.0,0,0,0,2,0,2356,0,1.0,0.0,0
PF12192,PF08404,0,1,0,0,1,2357,0.0,1.0,0,0,1,0,0,1,2357,0.0,1.0,0,0
PF04982,PF02033,10,17,2,8,15,2333,0.12,0.99,0.2,0.15,17,2,8,15,2333,0.12,0.99,0.2,0.15
PF08528,PF04090,11,3,0,11,3,2344,0.0,0.99,0.0,-0.0,3,0,11,3,2344,0.0,0.99,0.0,-0.0
PF06814,PF03195,27,15,5,22,10,2321,0.33,0.99,0.19,0.24,15,5,22,10,2321,0.33,0.99,0.19,0.24
PF17064,PF02448,10,0,0,10,0,2348,0,1.0,0.0,0,0,0,10,0,2348,0,1.0,0.0,0
PF15112,PF09432,7,3,0,7,3,2348,0.0,1.0,0.0,-0.0,3,0,7,3,2348,0.0,1.0,0.0,-0.0
PF04222,PF17206,0,1,0,0,1,2357,0.0,1.0,0,0,1,0,0,1,2357,0.0,1.0,0,0
PF08491,PF12831,7,17,7,0,10,2341,0.41,1.0,1.0,0.64,17,7,0,10,2341,0.41,1.0,1.0,0.64
PF06552,PF03842,8,1,0,8,1,2349,0.0,1.0,0.0,-0.0,1,0,8,1,2349,0.0,1.0,0.0,-0.0
PF08399,PF08473,20,10,8,12,2,2336,0.8,0.99,0.4,0.56,10,8,12,2,2336,0.8,0.99,0.4,0.56
PF08920,PF05672,14,13,1,13,12,2332,0.08,0.99,0.07,0.07,13,1,13,12,2332,0.08,0.99,0.07,0.07
PF03226,PF05362,34,37,13,21,24,2300,0.35,0.98,0.38,0.36,37,13,21,24,2300,0.35,0.98,0.38,0.36
PF04363,PF03869,2,3,2,0,1,2355,0.67,1.0,1.0,0.82,3,2,0,1,2355,0.67,1.0,1.0,0.82
PF07277,PF07367,0,5,0,0,5,2353,0.0,1.0,0,0,5,0,0,5,2353,0.0,1.0,0,0
PF14374,PF00573,21,32,19,2,13,2324,0.59,0.99,0.9,0.73,32,19,2,13,2324,0.59,0.99,0.9,0.73
PF02254,PF08619,28,7,5,23,2,2328,0.71,0.99,0.18,0.35,7,5,23,2,2328,0.71,0.99,0.18,0.35
PF12838,PF10371,35,6,6,29,0,2323,1.0,0.99,0.17,0.41,6,6,29,0,2323,1.0,0.99,0.17,0.41
PF03824,PF08228,15,4,0,15,4,2339,0.0,0.99,0.0,-0.0,4,0,15,4,2339,0.0,0.99,0.0,-0.0
PF10796,PF10146,1,5,0,1,5,2352,0.0,1.0,0.0,-0.0,5,0,1,5,2352,0.0,1.0,0.0,-0.0
PF02845,PF01735,55,30,11,44,19,2284,0.37,0.97,0.2,0.26,30,11,44,19,2284,0.37,0.97,0.2,0.26
PF15371,PF02200,6,3,0,6,3,2349,0.0,1.0,0.0,-0.0,3,0,6,3,2349,0.0,1.0,0.0,-0.0
PF10381,PF03986,18,19,18,0,1,2339,0.95,1.0,1.0,0.97,19,18,0,1,2339,0.95,1.0,1.0,0.97
PF07149,PF03963,0,3,0,0,3,2355,0.0,1.0,0,0,3,0,0,3,2355,0.0,1.0,0,0
PF16652,PF12763,12,77,10,2,67,2279,0.13,0.97,0.83,0.32,77,10,2,67,2279,0.13,0.97,0.83,0.32
PF07443,PF13892,8,28,4,4,24,2326,0.14,0.99,0.5,0.26,28,4,4,24,2326,0.14,0.99,0.5,0.26
PF15773,PF15744,5,0,0,5,0,2353,0,1.0,0.0,0,0,0,5,0,2353,0,1.0,0.0,0
PF03095,PF04729,24,18,5,19,13,2321,0.28,0.99,0.21,0.23,18,5,19,13,2321,0.28,0.99,0.21,0.23
PF16043,PF06637,3,1,0,3,1,2354,0.0,1.0,0.0,-0.0,1,0,3,1,2354,0.0,1.0,0.0,-0.0
PF01937,PF03630,32,40,12,20,28,2298,0.3,0.98,0.38,0.33,40,12,20,28,2298,0.3,0.98,0.38,0.33
PF00316,PF04666,47,19,10,37,9,2302,0.53,0.98,0.21,0.33,19,10,37,9,2302,0.53,0.98,0.21,0.33
PF16053,PF01097,22,7,0,22,7,2329,0.0,0.99,0.0,-0.01,7,0,22,7,2329,0.0,0.99,0.0,-0.01
PF11223,PF10933,2,0,0,2,0,2356,0,1.0,0.0,0,0,0,2,0,2356,0,1.0,0.0,0
PF04712,PF04064,9,7,0,9,7,2342,0.0,0.99,0.0,-0.0,7,0,9,7,2342,0.0,0.99,0.0,-0.0
PF00415,PF08005,115,9,9,106,0,2243,1.0,0.96,0.08,0.27,9,9,106,0,2243,1.0,0.96,0.08,0.27
PF08803,PF10460,0,0,0,0,0,2358,0,1.0,0,0,0,0,0,0,2358,0,1.0,0,0
PF08939,PF10161,12,6,0,12,6,2340,0.0,0.99,0.0,-0.0,6,0,12,6,2340,0.0,0.99,0.0,-0.0
PF15282,PF15090,10,2,0,10,2,2346,0.0,0.99,0.0,-0.0,2,0,10,2,2346,0.0,0.99,0.0,-0.0
PF01294,PF00048,11,23,5,6,18,2329,0.22,0.99,0.45,0.31,23,5,6,18,2329,0.22,0.99,0.45,0.31
PF00043,PF14497,91,64,41,50,23,2244,0.64,0.97,0.45,0.52,64,41,50,23,2244,0.64,0.97,0.45,0.52
PF08442,PF02629,25,29,11,14,18,2315,0.38,0.99,0.44,0.4,29,11,14,18,2315,0.38,0.99,0.44,0.4
PF08682,PF01721,0,2,0,0,2,2356,0.0,1.0,0,0,2,0,0,2,2356,0.0,1.0,0,0
PF15806,PF16027,4,0,0,4,0,2354,0,1.0,0.0,0,0,0,4,0,2354,0,1.0,0.0,0
PF08731,PF13810,2,5,0,2,5,2351,0.0,1.0,0.0,-0.0,5,0,2,5,2351,0.0,1.0,0.0,-0.0
PF05908,PF15052,0,4,0,0,4,2354,0.0,1.0,0,0,4,0,0,4,2354,0.0,1.0,0,0
PF08297,PF07282,4,2,0,4,2,2352,0.0,1.0,0.0,-0.0,2,0,4,2,2352,0.0,1.0,0.0,-0.0
PF09068,PF09069,15,13,13,2,0,2343,1.0,1.0,0.87,0.93,13,13,2,0,2343,1.0,1.0,0.87,0.93
PF15067,PF12527,8,0,0,8,0,2350,0,1.0,0.0,0,0,0,8,0,2350,0,1.0,0.0,0
PF06331,PF12806,24,5,5,19,0,2334,1.0,0.99,0.21,0.45,5,5,19,0,2334,1.0,0.99,0.21,0.45
PF06789,PF14251,5,4,0,5,4,2349,0.0,1.0,0.0,-0.0,4,0,5,4,2349,0.0,1.0,0.0,-0.0
PF05295,PF10285,0,0,0,0,0,2358,0,1.0,0,0,0,0,0,0,2358,0,1.0,0,0
PF16875,PF16874,5,5,5,0,0,2353,1.0,1.0,1.0,1.0,5,5,0,0,2353,1.0,1.0,1.0,1.0
PF01323,PF06288,32,1,1,31,0,2326,1.0,0.99,0.03,0.18,1,1,31,0,2326,1.0,0.99,0.03,0.18
PF13632,PF08174,28,14,5,23,9,2321,0.36,0.99,0.18,0.25,14,5,23,9,2321,0.36,0.99,0.18,0.25
PF10342,PF12243,25,6,1,24,5,2328,0.17,0.99,0.04,0.08,6,1,24,5,2328,0.17,0.99,0.04,0.08
PF05754,PF02972,0,1,0,0,1,2357,0.0,1.0,0,0,1,0,0,1,2357,0.0,1.0,0,0
PF05988,PF16011,5,3,0,5,3,2350,0.0,1.0,0.0,-0.0,3,0,5,3,2350,0.0,1.0,0.0,-0.0
PF05932,PF05939,3,0,0,3,0,2355,0,1.0,0.0,0,0,0,3,0,2355,0,1.0,0.0,0
PF00757,PF01030,21,26,18,3,8,2329,0.69,1.0,0.86,0.77,26,18,3,8,2329,0.69,1.0,0.86,0.77
PF16573,PF06807,14,15,13,1,2,2342,0.87,1.0,0.93,0.9,15,13,1,2,2342,0.87,1.0,0.93,0.9
PF07823,PF08189,11,0,0,11,0,2347,0,1.0,0.0,0,0,0,11,0,2347,0,1.0,0.0,0
PF12032,PF16030,17,15,3,14,12,2329,0.2,0.99,0.18,0.18,15,3,14,12,2329,0.2,0.99,0.18,0.18
PF07569,PF15512,25,2,2,23,0,2333,1.0,0.99,0.08,0.28,2,2,23,0,2333,1.0,0.99,0.08,0.28
PF05057,PF12394,52,3,3,49,0,2306,1.0,0.98,0.06,0.24,3,3,49,0,2306,1.0,0.98,0.06,0.24
PF11069,PF16972,5,5,0,5,5,2348,0.0,1.0,0.0,-0.0,5,0,5,5,2348,0.0,1.0,0.0,-0.0
PF10604,PF06749,26,10,3,23,7,2325,0.3,0.99,0.12,0.18,10,3,23,7,2325,0.3,0.99,0.12,0.18
PF16322,PF01167,2,24,2,0,22,2334,0.08,0.99,1.0,0.29,24,2,0,22,2334,0.08,0.99,1.0,0.29
PF02769,PF00586,33,22,21,12,1,2324,0.95,0.99,0.64,0.78,22,21,12,1,2324,0.95,0.99,0.64,0.78
PF08849,PF12805,0,0,0,0,0,2358,0,1.0,0,0,0,0,0,0,2358,0,1.0,0,0
PF13701,PF08813,0,0,0,0,0,2358,0,1.0,0,0,0,0,0,0,2358,0,1.0,0,0
PF04179,PF17184,5,7,5,0,2,2351,0.71,1.0,1.0,0.84,7,5,0,2,2351,0.71,1.0,1.0,0.84
PF15430,PF02098,15,5,0,15,5,2338,0.0,0.99,0.0,-0.0,5,0,15,5,2338,0.0,0.99,0.0,-0.0
PF01079,PF01085,25,17,15,10,2,2331,0.88,0.99,0.6,0.73,17,15,10,2,2331,0.88,0.99,0.6,0.73
PF11161,PF04559,0,2,0,0,2,2356,0.0,1.0,0,0,2,0,0,2,2356,0.0,1.0,0,0
PF00223,PF00421,21,30,8,13,22,2315,0.27,0.99,0.38,0.31,30,8,13,22,2315,0.27,0.99,0.38,0.31
PF03458,PF16829,1,0,0,1,0,2357,0,1.0,0.0,0,0,0,1,0,2357,0,1.0,0.0,0
PF00429,PF03708,10,4,4,6,0,2348,1.0,1.0,0.4,0.63,4,4,6,0,2348,1.0,1.0,0.4,0.63
PF12926,PF08228,2,4,0,2,4,2352,0.0,1.0,0.0,-0.0,4,0,2,4,2352,0.0,1.0,0.0,-0.0
PF02098,PF02284,5,9,1,4,8,2345,0.11,0.99,0.2,0.15,9,1,4,8,2345,0.11,0.99,0.2,0.15
PF04928,PF04926,29,26,22,7,4,2325,0.85,1.0,0.76,0.8,26,22,7,4,2325,0.85,1.0,0.76,0.8
PF06670,PF01254,0,4,0,0,4,2354,0.0,1.0,0,0,4,0,0,4,2354,0.0,1.0,0,0
PF13667,PF16838,2,0,0,2,0,2356,0,1.0,0.0,0,0,0,2,0,2356,0,1.0,0.0,0
PF00625,PF02828,66,23,18,48,5,2287,0.78,0.98,0.27,0.45,23,18,48,5,2287,0.78,0.98,0.27,0.45
PF14969,PF15062,5,0,0,5,0,2353,0,1.0,0.0,0,0,0,5,0,2353,0,1.0,0.0,0
PF05797,PF01752,1,4,0,1,4,2353,0.0,1.0,0.0,-0.0,4,0,1,4,2353,0.0,1.0,0.0,-0.0
PF00430,PF00124,14,12,0,14,12,2332,0.0,0.99,0.0,-0.01,12,0,14,12,2332,0.0,0.99,0.0,-0.01
PF11466,PF11587,2,2,2,0,0,2356,1.0,1.0,1.0,1.0,2,2,0,0,2356,1.0,1.0,1.0,1.0
PF03209,PF05336,2,6,2,0,4,2352,0.33,1.0,1.0,0.58,6,2,0,4,2352,0.33,1.0,1.0,0.58
PF03511,PF15865,0,2,0,0,2,2356,0.0,1.0,0,0,2,0,0,2,2356,0.0,1.0,0,0
PF12449,PF12935,11,0,0,11,0,2347,0,1.0,0.0,0,0,0,11,0,2347,0,1.0,0.0,0
PF07393,PF05278,18,2,2,16,0,2340,1.0,0.99,0.11,0.33,2,2,16,0,2340,1.0,0.99,0.11,0.33
PF06746,PF12470,0,6,0,0,6,2352,0.0,1.0,0,0,6,0,0,6,2352,0.0,1.0,0,0
PF08514,PF04048,27,25,5,22,20,2311,0.2,0.98,0.19,0.18,25,5,22,20,2311,0.2,0.98,0.19,0.18
PF10410,PF01807,6,8,6,0,2,2350,0.75,1.0,1.0,0.87,8,6,0,2,2350,0.75,1.0,1.0,0.87
PF06762,PF16027,3,0,0,3,0,2355,0,1.0,0.0,0,0,0,3,0,2355,0,1.0,0.0,0
PF07924,PF08287,0,8,0,0,8,2350,0.0,1.0,0,0,8,0,0,8,2350,0.0,1.0,0,0
PF16495,PF16498,11,8,6,5,2,2345,0.75,1.0,0.55,0.64,8,6,5,2,2345,0.75,1.0,0.55,0.64
PF10758,PF07617,0,0,0,0,0,2358,0,1.0,0,0,0,0,0,0,2358,0,1.0,0,0
PF02213,PF14738,24,9,3,21,6,2328,0.33,0.99,0.12,0.2,9,3,21,6,2328,0.33,0.99,0.12,0.2
PF05690,PF02589,10,8,2,8,6,2342,0.25,0.99,0.2,0.22,8,2,8,6,2342,0.25,0.99,0.2,0.22
PF03626,PF07726,3,7,2,1,5,2350,0.29,1.0,0.67,0.44,7,2,1,5,2350,0.29,1.0,0.67,0.44
PF11365,PF04880,16,8,2,14,6,2336,0.25,0.99,0.12,0.17,8,2,14,6,2336,0.25,0.99,0.12,0.17
PF14925,PF13995,3,0,0,3,0,2355,0,1.0,0.0,0,0,0,3,0,2355,0,1.0,0.0,0
PF09769,PF04667,8,14,0,8,14,2336,0.0,0.99,0.0,-0.0,14,0,8,14,2336,0.0,0.99,0.0,-0.0
PF15347,PF15703,4,2,0,4,2,2352,0.0,1.0,0.0,-0.0,2,0,4,2,2352,0.0,1.0,0.0,-0.0
PF03947,PF07985,37,24,14,23,10,2311,0.58,0.99,0.38,0.46,24,14,23,10,2311,0.58,0.99,0.38,0.46
PF02945,PF03175,9,22,7,2,15,2334,0.32,0.99,0.78,0.49,22,7,2,15,2334,0.32,0.99,0.78,0.49
PF05265,PF02557,0,3,0,0,3,2355,0.0,1.0,0,0,3,0,0,3,2355,0.0,1.0,0,0
PF12659,PF12461,2,0,0,2,0,2356,0,1.0,0.0,0,0,0,2,0,2356,0,1.0,0.0,0
PF10114,PF05939,0,0,0,0,0,2358,0,1.0,0,0,0,0,0,0,2358,0,1.0,0,0
PF01197,PF15724,8,1,0,8,1,2349,0.0,1.0,0.0,-0.0,1,0,8,1,2349,0.0,1.0,0.0,-0.0
PF03647,PF00301,25,2,0,25,2,2331,0.0,0.99,0.0,-0.0,2,0,25,2,2331,0.0,0.99,0.0,-0.0
PF15308,PF13325,12,11,4,8,7,2339,0.36,0.99,0.33,0.34,11,4,8,7,2339,0.36,0.99,0.33,0.34
PF14047,PF14049,0,0,0,0,0,2358,0,1.0,0,0,0,0,0,0,2358,0,1.0,0,0
PF12733,PF06662,2,6,0,2,6,2350,0.0,1.0,0.0,-0.0,6,0,2,6,2350,0.0,1.0,0.0,-0.0
PF02576,PF11255,2,0,0,2,0,2356,0,1.0,0.0,0,0,0,2,0,2356,0,1.0,0.0,0
PF08672,PF10557,25,50,7,18,43,2290,0.14,0.97,0.28,0.19,50,7,18,43,2290,0.14,0.97,0.28,0.19
PF09420,PF16954,8,5,0,8,5,2345,0.0,0.99,0.0,-0.0,5,0,8,5,2345,0.0,0.99,0.0,-0.0
PF09461,PF11124,0,1,0,0,1,2357,0.0,1.0,0,0,1,0,0,1,2357,0.0,1.0,0,0
PF16352,PF16346,0,0,0,0,0,2358,0,1.0,0,0,0,0,0,0,2358,0,1.0,0,0
PF02167,PF10259,17,18,7,10,11,2330,0.39,0.99,0.41,0.4,18,7,10,11,2330,0.39,0.99,0.41,0.4
PF06521,PF11264,2,3,0,2,3,2353,0.0,1.0,0.0,-0.0,3,0,2,3,2353,0.0,1.0,0.0,-0.0
PF11666,PF02931,0,138,0,0,138,2220,0.0,0.94,0,0,138,0,0,138,2220,0.0,0.94,0,0
PF06148,PF08314,19,9,2,17,7,2332,0.22,0.99,0.11,0.15,9,2,17,7,2332,0.22,0.99,0.11,0.15
PF08212,PF00061,16,41,4,12,37,2305,0.1,0.98,0.25,0.15,41,4,12,37,2305,0.1,0.98,0.25,0.15
PF15866,PF15248,12,9,5,7,4,2342,0.56,1.0,0.42,0.48,9,5,7,4,2342,0.56,1.0,0.42,0.48
PF08691,PF06681,0,0,0,0,0,2358,0,1.0,0,0,0,0,0,0,2358,0,1.0,0,0
PF15972,PF16649,2,3,0,2,3,2353,0.0,1.0,0.0,-0.0,3,0,2,3,2353,0.0,1.0,0.0,-0.0
PF03843,PF01673,1,1,0,1,1,2356,0.0,1.0,0.0,-0.0,1,0,1,1,2356,0.0,1.0,0.0,-0.0
PF04062,PF07219,24,3,1,23,2,2332,0.33,0.99,0.04,0.11,3,1,23,2,2332,0.33,0.99,0.04,0.11
PF16685,PF15273,5,1,0,5,1,2352,0.0,1.0,0.0,-0.0,1,0,5,1,2352,0.0,1.0,0.0,-0.0
PF00374,PF17188,1,0,0,1,0,2357,0,1.0,0.0,0,0,0,1,0,2357,0,1.0,0.0,0
PF10667,PF15207,1,3,0,1,3,2354,0.0,1.0,0.0,-0.0,3,0,1,3,2354,0.0,1.0,0.0,-0.0
PF15157,PF10206,4,10,1,3,9,2345,0.1,0.99,0.25,0.16,10,1,3,9,2345,0.1,0.99,0.25,0.16
PF01091,PF05196,3,1,1,2,0,2355,1.0,1.0,0.33,0.58,1,1,2,0,2355,1.0,1.0,0.33,0.58
PF13435,PF10567,0,1,0,0,1,2357,0.0,1.0,0,0,1,0,0,1,2357,0.0,1.0,0,0
PF06032,PF05378,18,43,16,2,27,2313,0.37,0.99,0.89,0.57,43,16,2,27,2313,0.37,0.99,0.89,0.57
PF01116,PF07005,37,10,8,29,2,2319,0.8,0.99,0.22,0.41,10,8,29,2,2319,0.8,0.99,0.22,0.41
PF14638,PF14636,10,11,10,0,1,2347,0.91,1.0,1.0,0.95,11,10,0,1,2347,0.91,1.0,1.0,0.95
PF02482,PF16829,7,0,0,7,0,2351,0,1.0,0.0,0,0,0,7,0,2351,0,1.0,0.0,0
PF13895,PF00047,57,71,42,15,29,2272,0.59,0.98,0.74,0.65,71,42,15,29,2272,0.59,0.98,0.74,0.65
PF12335,PF02141,17,68,12,5,56,2285,0.18,0.97,0.71,0.34,68,12,5,56,2285,0.18,0.97,0.71,0.34
PF01507,PF00994,35,58,16,19,42,2281,0.28,0.97,0.46,0.34,58,16,19,42,2281,0.28,0.97,0.46,0.34
PF04573,PF09297,21,8,4,17,4,2333,0.5,0.99,0.19,0.3,8,4,17,4,2333,0.5,0.99,0.19,0.3
PF02886,PF01273,22,18,18,4,0,2336,1.0,1.0,0.82,0.9,18,18,4,0,2336,1.0,1.0,0.82,0.9
PF14021,PF08591,2,1,0,2,1,2355,0.0,1.0,0.0,-0.0,1,0,2,1,2355,0.0,1.0,0.0,-0.0
PF08336,PF13640,20,77,17,3,60,2278,0.22,0.97,0.85,0.43,77,17,3,60,2278,0.22,0.97,0.85,0.43
PF15020,PF14961,13,3,1,12,2,2343,0.33,0.99,0.08,0.16,3,1,12,2,2343,0.33,0.99,0.08,0.16
PF14766,PF14768,4,0,0,4,0,2354,0,1.0,0.0,0,0,0,4,0,2354,0,1.0,0.0,0
PF05366,PF05541,2,0,0,2,0,2356,0,1.0,0.0,0,0,0,2,0,2356,0,1.0,0.0,0
PF15903,PF15917,8,2,0,8,2,2348,0.0,1.0,0.0,-0.0,2,0,8,2,2348,0.0,1.0,0.0,-0.0
PF09648,PF07435,1,1,1,0,0,2357,1.0,1.0,1.0,1.0,1,1,0,0,2357,1.0,1.0,1.0,1.0
PF04888,PF09688,1,0,0,1,0,2357,0,1.0,0.0,0,0,0,1,0,2357,0,1.0,0.0,0
PF03814,PF02669,4,4,4,0,0,2354,1.0,1.0,1.0,1.0,4,4,0,0,2354,1.0,1.0,1.0,1.0
PF06078,PF05100,2,0,0,2,0,2356,0,1.0,0.0,0,0,0,2,0,2356,0,1.0,0.0,0
PF06082,PF03090,0,0,0,0,0,2358,0,1.0,0,0,0,0,0,0,2358,0,1.0,0,0
PF01034,PF06365,12,13,1,11,12,2334,0.08,0.99,0.08,0.08,13,1,11,12,2334,0.08,0.99,0.08,0.08
PF04520,PF06376,0,3,0,0,3,2355,0.0,1.0,0,0,3,0,0,3,2355,0.0,1.0,0,0
PF01676,PF06415,31,6,6,25,0,2327,1.0,0.99,0.19,0.44,6,6,25,0,2327,1.0,0.99,0.19,0.44
PF06472,PF01061,27,103,16,11,87,2244,0.16,0.96,0.59,0.29,103,16,11,87,2244,0.16,0.96,0.59,0.29
PF03567,PF01896,34,18,5,29,13,2311,0.28,0.98,0.15,0.19,18,5,29,13,2311,0.28,0.98,0.15,0.19
PF01679,PF04729,21,18,4,17,14,2323,0.22,0.99,0.19,0.2,18,4,17,14,2323,0.22,0.99,0.19,0.2
PF08171,PF14465,4,2,0,4,2,2352,0.0,1.0,0.0,-0.0,2,0,4,2,2352,0.0,1.0,0.0,-0.0
PF13869,PF01680,29,16,2,27,14,2315,0.12,0.98,0.07,0.08,16,2,27,14,2315,0.12,0.98,0.07,0.08
PF14294,PF05509,3,4,1,2,3,2352,0.25,1.0,0.33,0.29,4,1,2,3,2352,0.25,1.0,0.33,0.29
PF10119,PF17192,0,3,0,0,3,2355,0.0,1.0,0,0,3,0,0,3,2355,0.0,1.0,0,0
PF04178,PF03208,29,15,4,25,11,2318,0.27,0.98,0.14,0.18,15,4,25,11,2318,0.27,0.98,0.14,0.18
PF07017,PF04465,0,0,0,0,0,2358,0,1.0,0,0,0,0,0,0,2358,0,1.0,0,0
PF09979,PF05164,1,0,0,1,0,2357,0,1.0,0.0,0,0,0,1,0,2357,0,1.0,0.0,0
PF00906,PF08453,3,4,0,3,4,2351,0.0,1.0,0.0,-0.0,4,0,3,4,2351,0.0,1.0,0.0,-0.0
PF01844,PF08388,19,9,9,10,0,2339,1.0,1.0,0.47,0.69,9,9,10,0,2339,1.0,1.0,0.47,0.69
PF17206,PF03592,1,1,0,1,1,2356,0.0,1.0,0.0,-0.0,1,0,1,1,2356,0.0,1.0,0.0,-0.0
PF14986,PF15055,0,0,0,0,0,2358,0,1.0,0,0,0,0,0,0,2358,0,1.0,0,0
PF02618,PF03831,1,0,0,1,0,2357,0,1.0,0.0,0,0,0,1,0,2357,0,1.0,0.0,0
PF05794,PF09138,21,19,3,18,16,2321,0.16,0.99,0.14,0.14,19,3,18,16,2321,0.16,0.99,0.14,0.14
PF15059,PF15622,5,0,0,5,0,2353,0,1.0,0.0,0,0,0,5,0,2353,0,1.0,0.0,0
PF12296,PF04667,11,14,2,9,12,2335,0.14,0.99,0.18,0.16,14,2,9,12,2335,0.14,0.99,0.18,0.16
PF12853,PF03769,7,4,0,7,4,2347,0.0,1.0,0.0,-0.0,4,0,7,4,2347,0.0,1.0,0.0,-0.0
PF14443,PF14444,5,5,1,4,4,2349,0.2,1.0,0.2,0.2,5,1,4,4,2349,0.2,1.0,0.2,0.2
PF01663,PF04987,69,31,22,47,9,2280,0.71,0.98,0.32,0.47,31,22,47,9,2280,0.71,0.98,0.32,0.47
PF15745,PF15053,11,2,1,10,1,2346,0.5,1.0,0.09,0.21,2,1,10,1,2346,0.5,1.0,0.09,0.21
PF15030,PF03344,1,1,0,1,1,2356,0.0,1.0,0.0,-0.0,1,0,1,1,2356,0.0,1.0,0.0,-0.0
PF05699,PF14291,122,45,30,92,15,2221,0.67,0.95,0.25,0.39,45,30,92,15,2221,0.67,0.95,0.25,0.39
PF13684,PF14052,2,0,0,2,0,2356,0,1.0,0.0,0,0,0,2,0,2356,0,1.0,0.0,0
PF07139,PF07223,8,1,0,8,1,2349,0.0,1.0,0.0,-0.0,1,0,8,1,2349,0.0,1.0,0.0,-0.0
PF04836,PF05004,10,12,10,0,2,2346,0.83,1.0,1.0,0.91,12,10,0,2,2346,0.83,1.0,1.0,0.91
PF12283,PF05901,0,0,0,0,0,2358,0,1.0,0,0,0,0,0,0,2358,0,1.0,0,0
PF03044,PF05445,0,2,0,0,2,2356,0.0,1.0,0,0,2,0,0,2,2356,0.0,1.0,0,0
PF13724,PF14364,1,4,0,1,4,2353,0.0,1.0,0.0,-0.0,4,0,1,4,2353,0.0,1.0,0.0,-0.0
PF08326,PF00289,28,67,26,2,41,2289,0.39,0.98,0.93,0.59,67,26,2,41,2289,0.39,0.98,0.93,0.59
PF15104,PF07327,0,3,0,0,3,2355,0.0,1.0,0,0,3,0,0,3,2355,0.0,1.0,0,0
PF15254,PF03306,2,9,0,2,9,2347,0.0,1.0,0.0,-0.0,9,0,2,9,2347,0.0,1.0,0.0,-0.0
PF10369,PF00351,18,41,5,13,36,2304,0.12,0.98,0.28,0.17,41,5,13,36,2304,0.12,0.98,0.28,0.17
PF09664,PF09983,5,5,5,0,0,2353,1.0,1.0,1.0,1.0,5,5,0,0,2353,1.0,1.0,1.0,1.0
PF09677,PF12477,0,0,0,0,0,2358,0,1.0,0,0,0,0,0,0,2358,0,1.0,0,0
PF04734,PF17048,15,13,13,2,0,2343,1.0,1.0,0.87,0.93,13,13,2,0,2343,1.0,1.0,0.87,0.93
PF12812,PF13180,1,60,1,0,59,2298,0.02,0.97,1.0,0.13,60,1,0,59,2298,0.02,0.97,1.0,0.13
PF15898,PF09310,3,0,0,3,0,2355,0,1.0,0.0,0,0,0,3,0,2355,0,1.0,0.0,0
PF01420,PF11751,4,0,0,4,0,2354,0,1.0,0.0,0,0,0,4,0,2354,0,1.0,0.0,0
PF16656,PF14008,47,52,43,4,9,2302,0.83,0.99,0.91,0.87,52,43,4,9,2302,0.83,0.99,0.91,0.87
PF04281,PF05347,8,55,6,2,49,2301,0.11,0.98,0.75,0.28,55,6,2,49,2301,0.11,0.98,0.75,0.28
PF16533,PF14847,2,9,1,1,8,2348,0.11,1.0,0.5,0.23,9,1,1,8,2348,0.11,1.0,0.5,0.23
PF12341,PF08953,24,17,4,20,13,2321,0.24,0.99,0.17,0.19,17,4,20,13,2321,0.24,0.99,0.17,0.19
PF07426,PF10173,12,9,1,11,8,2338,0.11,0.99,0.08,0.09,9,1,11,8,2338,0.11,0.99,0.08,0.09
PF11249,PF14092,0,0,0,0,0,2358,0,1.0,0,0,0,0,0,0,2358,0,1.0,0,0
PF14542,PF04402,6,10,1,5,9,2343,0.1,0.99,0.17,0.13,10,1,5,9,2343,0.1,0.99,0.17,0.13
PF11023,PF02635,1,0,0,1,0,2357,0,1.0,0.0,0,0,0,1,0,2357,0,1.0,0.0,0
PF14392,PF14111,45,93,38,7,55,2258,0.41,0.97,0.84,0.58,93,38,7,55,2258,0.41,0.97,0.84,0.58
PF01967,PF06969,17,2,2,15,0,2341,1.0,0.99,0.12,0.34,2,2,15,0,2341,1.0,0.99,0.12,0.34
PF16744,PF13864,3,16,0,3,16,2339,0.0,0.99,0.0,-0.0,16,0,3,16,2339,0.0,0.99,0.0,-0.0
PF04180,PF07093,19,6,1,18,5,2334,0.17,0.99,0.05,0.09,6,1,18,5,2334,0.17,0.99,0.05,0.09
PF06907,PF15831,3,0,0,3,0,2355,0,1.0,0.0,0,0,0,3,0,2355,0,1.0,0.0,0
PF00859,PF10524,6,11,6,0,5,2347,0.55,1.0,1.0,0.74,11,6,0,5,2347,0.55,1.0,1.0,0.74
PF01092,PF10234,25,6,2,23,4,2329,0.33,0.99,0.08,0.16,6,2,23,4,2329,0.33,0.99,0.08,0.16
PF15549,PF14986,1,0,0,1,0,2357,0,1.0,0.0,0,0,0,1,0,2357,0,1.0,0.0,0
PF00007,PF00219,19,16,6,13,10,2329,0.38,0.99,0.32,0.34,16,6,13,10,2329,0.38,0.99,0.32,0.34
PF16213,PF16206,42,16,14,28,2,2314,0.88,0.99,0.33,0.54,16,14,28,2,2314,0.88,0.99,0.33,0.54
PF01095,PF04043,58,41,28,30,13,2287,0.68,0.98,0.48,0.57,41,28,30,13,2287,0.68,0.98,0.48,0.57
PF15118,PF06056,6,2,1,5,1,2351,0.5,1.0,0.17,0.29,2,1,5,1,2351,0.5,1.0,0.17,0.29
PF05805,PF05296,17,5,1,16,4,2337,0.2,0.99,0.06,0.11,5,1,16,4,2337,0.2,0.99,0.06,0.11
PF14803,PF15916,8,4,3,5,1,2349,0.75,1.0,0.38,0.53,4,3,5,1,2349,0.75,1.0,0.38,0.53
PF10003,PF07584,0,0,0,0,0,2358,0,1.0,0,0,0,0,0,0,2358,0,1.0,0,0
PF16191,PF16190,6,3,3,3,0,2352,1.0,1.0,0.5,0.71,3,3,3,0,2352,1.0,1.0,0.5,0.71
PF03749,PF03601,5,1,0,5,1,2352,0.0,1.0,0.0,-0.0,1,0,5,1,2352,0.0,1.0,0.0,-0.0
PF10343,PF01509,31,41,13,18,28,2299,0.32,0.98,0.42,0.35,41,13,18,28,2299,0.32,0.98,0.42,0.35
PF10158,PF06907,13,3,0,13,3,2342,0.0,0.99,0.0,-0.0,3,0,13,3,2342,0.0,0.99,0.0,-0.0
PF08402,PF08352,11,7,4,7,3,2344,0.57,1.0,0.36,0.45,7,4,7,3,2344,0.57,1.0,0.36,0.45
PF14675,PF14676,2,2,2,0,0,2356,1.0,1.0,1.0,1.0,2,2,0,0,2356,1.0,1.0,1.0,1.0
PF01282,PF00159,11,3,1,10,2,2345,0.33,0.99,0.09,0.17,3,1,10,2,2345,0.33,0.99,0.09,0.17
PF12798,PF12837,0,0,0,0,0,2358,0,1.0,0,0,0,0,0,0,2358,0,1.0,0,0
PF00986,PF00204,21,33,16,5,17,2320,0.48,0.99,0.76,0.6,33,16,5,17,2320,0.48,0.99,0.76,0.6
PF04614,PF02681,18,8,1,17,7,2333,0.12,0.99,0.06,0.08,8,1,17,7,2333,0.12,0.99,0.06,0.08
PF00034,PF08752,32,15,5,27,10,2316,0.33,0.98,0.16,0.22,15,5,27,10,2316,0.33,0.98,0.16,0.22
PF00925,PF00926,22,17,12,10,5,2331,0.71,0.99,0.55,0.62,17,12,10,5,2331,0.71,0.99,0.55,0.62
PF04541,PF15091,0,2,0,0,2,2356,0.0,1.0,0,0,2,0,0,2,2356,0.0,1.0,0,0
PF05433,PF08881,8,17,1,7,16,2334,0.06,0.99,0.12,0.08,17,1,7,16,2334,0.06,0.99,0.12,0.08
PF00858,PF02320,109,24,9,100,15,2234,0.38,0.95,0.08,0.16,24,9,100,15,2234,0.38,0.95,0.08,0.16
PF14726,PF15914,8,3,0,8,3,2347,0.0,1.0,0.0,-0.0,3,0,8,3,2347,0.0,1.0,0.0,-0.0
PF14541,PF14543,53,54,45,8,9,2296,0.83,0.99,0.85,0.84,54,45,8,9,2296,0.83,0.99,0.85,0.84
PF01171,PF00266,37,96,19,18,77,2244,0.2,0.96,0.51,0.3,96,19,18,77,2244,0.2,0.96,0.51,0.3
PF13442,PF04736,15,3,0,15,3,2340,0.0,0.99,0.0,-0.0,3,0,15,3,2340,0.0,0.99,0.0,-0.0
PF03851,PF10361,29,0,0,29,0,2329,0,0.99,0.0,0,0,0,29,0,2329,0,0.99,0.0,0
PF03761,PF03703,7,1,1,6,0,2351,1.0,1.0,0.14,0.38,1,1,6,0,2351,1.0,1.0,0.14,0.38
PF10134,PF10554,0,0,0,0,0,2358,0,1.0,0,0,0,0,0,0,2358,0,1.0,0,0
PF13401,PF14630,28,22,8,20,14,2316,0.36,0.99,0.29,0.32,22,8,20,14,2316,0.36,0.99,0.29,0.32
PF03988,PF00865,0,3,0,0,3,2355,0.0,1.0,0,0,3,0,0,3,2355,0.0,1.0,0,0
PF00644,PF12174,79,11,7,72,4,2275,0.64,0.97,0.09,0.23,11,7,72,4,2275,0.64,0.97,0.09,0.23
PF02060,PF15370,6,7,0,6,7,2345,0.0,0.99,0.0,-0.0,7,0,6,7,2345,0.0,0.99,0.0,-0.0
PF07210,PF08768,0,3,0,0,3,2355,0.0,1.0,0,0,3,0,0,3,2355,0.0,1.0,0,0
PF04902,PF04904,2,5,2,0,3,2353,0.4,1.0,1.0,0.63,5,2,0,3,2353,0.4,1.0,1.0,0.63
PF08061,PF03880,2,8,2,0,6,2350,0.25,1.0,1.0,0.5,8,2,0,6,2350,0.25,1.0,1.0,0.5
PF10267,PF13865,14,16,4,10,12,2332,0.25,0.99,0.29,0.26,16,4,10,12,2332,0.25,0.99,0.29,0.26
PF14793,PF11892,0,0,0,0,0,2358,0,1.0,0,0,0,0,0,0,2358,0,1.0,0,0
PF02358,PF00982,49,41,38,11,3,2306,0.93,0.99,0.78,0.84,41,38,11,3,2306,0.93,0.99,0.78,0.84
PF02074,PF10856,3,0,0,3,0,2355,0,1.0,0.0,0,0,0,3,0,2355,0,1.0,0.0,0
PF14252,PF06395,6,11,3,3,8,2344,0.27,1.0,0.5,0.37,11,3,3,8,2344,0.27,1.0,0.5,0.37
PF10321,PF02118,13,8,3,10,5,2340,0.38,0.99,0.23,0.29,8,3,10,5,2340,0.38,0.99,0.23,0.29
PF11833,PF10218,6,0,0,6,0,2352,0,1.0,0.0,0,0,0,6,0,2352,0,1.0,0.0,0
PF17123,PF14624,31,11,8,23,3,2324,0.73,0.99,0.26,0.43,11,8,23,3,2324,0.73,0.99,0.26,0.43
PF13426,PF08447,59,51,28,31,23,2276,0.55,0.98,0.47,0.5,51,28,31,23,2276,0.55,0.98,0.47,0.5
PF00090,PF15913,103,18,13,90,5,2250,0.72,0.96,0.13,0.29,18,13,90,5,2250,0.72,0.96,0.13,0.29
PF08918,PF02768,9,12,1,8,11,2338,0.08,0.99,0.11,0.09,12,1,8,11,2338,0.08,0.99,0.11,0.09
PF04316,PF08404,0,1,0,0,1,2357,0.0,1.0,0,0,1,0,0,1,2357,0.0,1.0,0,0
PF01728,PF07780,80,23,20,60,3,2275,0.87,0.97,0.25,0.46,23,20,60,3,2275,0.87,0.97,0.25,0.46
PF11891,PF03479,8,10,0,8,10,2340,0.0,0.99,0.0,-0.0,10,0,8,10,2340,0.0,0.99,0.0,-0.0
PF12166,PF15917,14,2,2,12,0,2344,1.0,0.99,0.14,0.38,2,2,12,0,2344,1.0,0.99,0.14,0.38
PF07851,PF07767,15,23,4,11,19,2324,0.17,0.99,0.27,0.21,23,4,11,19,2324,0.17,0.99,0.27,0.21
PF17122,PF12451,10,16,10,0,6,2342,0.62,1.0,1.0,0.79,16,10,0,6,2342,0.62,1.0,1.0,0.79
PF01169,PF01980,12,5,1,11,4,2342,0.2,0.99,0.08,0.13,5,1,11,4,2342,0.2,0.99,0.08,0.13
PF02211,PF03090,4,0,0,4,0,2354,0,1.0,0.0,0,0,0,4,0,2354,0,1.0,0.0,0
PF14604,PF00018,132,203,98,34,105,2121,0.48,0.94,0.74,0.57,203,98,34,105,2121,0.48,0.94,0.74,0.57
PF03912,PF02427,4,3,1,3,2,2352,0.33,1.0,0.25,0.29,3,1,3,2,2352,0.33,1.0,0.25,0.29
PF12384,PF05869,3,7,1,2,6,2349,0.14,1.0,0.33,0.22,7,1,2,6,2349,0.14,1.0,0.33,0.22
PF10683,PF14372,3,38,2,1,36,2319,0.05,0.98,0.67,0.18,38,2,1,36,2319,0.05,0.98,0.67,0.18
PF11325,PF14877,0,8,0,0,8,2350,0.0,1.0,0,0,8,0,0,8,2350,0.0,1.0,0,0
PF13457,PF08461,1,0,0,1,0,2357,0,1.0,0.0,0,0,0,1,0,2357,0,1.0,0.0,0
PF03925,PF07157,1,0,0,1,0,2357,0,1.0,0.0,0,0,0,1,0,2357,0,1.0,0.0,0
PF10355,PF10348,11,16,11,0,5,2342,0.69,1.0,1.0,0.83,16,11,0,5,2342,0.69,1.0,1.0,0.83
PF09117,PF11630,2,0,0,2,0,2356,0,1.0,0.0,0,0,0,2,0,2356,0,1.0,0.0,0
PF16274,PF16544,4,6,1,3,5,2349,0.17,1.0,0.25,0.2,6,1,3,5,2349,0.17,1.0,0.25,0.2
PF00149,PF02872,240,27,27,213,0,2118,1.0,0.91,0.11,0.32,27,27,213,0,2118,1.0,0.91,0.11,0.32
PF09041,PF15557,5,0,0,5,0,2353,0,1.0,0.0,0,0,0,5,0,2353,0,1.0,0.0,0
PF01103,PF07244,44,11,11,33,0,2314,1.0,0.99,0.25,0.5,11,11,33,0,2314,1.0,0.99,0.25,0.5
PF01850,PF12604,0,0,0,0,0,2358,0,1.0,0,0,0,0,0,0,2358,0,1.0,0,0
PF08518,PF16559,16,2,2,14,0,2342,1.0,0.99,0.12,0.35,2,2,14,0,2342,1.0,0.99,0.12,0.35
PF04121,PF10226,22,6,4,18,2,2334,0.67,0.99,0.18,0.35,6,4,18,2,2334,0.67,0.99,0.18,0.35
PF16600,PF16632,1,1,1,0,0,2357,1.0,1.0,1.0,1.0,1,1,0,0,2357,1.0,1.0,1.0,1.0
PF02867,PF00317,25,21,21,4,0,2333,1.0,1.0,0.84,0.92,21,21,4,0,2333,1.0,1.0,0.84,0.92
PF11544,PF06586,0,4,0,0,4,2354,0.0,1.0,0,0,4,0,0,4,2354,0.0,1.0,0,0
PF12739,PF08626,16,25,3,13,22,2320,0.12,0.99,0.19,0.14,25,3,13,22,2320,0.12,0.99,0.19,0.14
PF10962,PF12608,0,0,0,0,0,2358,0,1.0,0,0,0,0,0,0,2358,0,1.0,0,0
PF04245,PF11832,1,0,0,1,0,2357,0,1.0,0.0,0,0,0,1,0,2357,0,1.0,0.0,0
PF11038,PF12385,0,0,0,0,0,2358,0,1.0,0,0,0,0,0,0,2358,0,1.0,0,0
PF08510,PF05128,25,1,1,24,0,2333,1.0,0.99,0.04,0.2,1,1,24,0,2333,1.0,0.99,0.04,0.2
PF02973,PF11697,2,0,0,2,0,2356,0,1.0,0.0,0,0,0,2,0,2356,0,1.0,0.0,0
PF07755,PF17083,0,0,0,0,0,2358,0,1.0,0,0,0,0,0,0,2358,0,1.0,0,0
PF09757,PF08997,7,11,1,6,10,2341,0.09,0.99,0.14,0.11,11,1,6,10,2341,0.09,0.99,0.14,0.11
PF08542,PF14629,38,15,7,31,8,2312,0.47,0.98,0.18,0.29,15,7,31,8,2312,0.47,0.98,0.18,0.29
PF10917,PF07411,3,0,0,3,0,2355,0,1.0,0.0,0,0,0,3,0,2355,0,1.0,0.0,0
PF03475,PF11591,7,2,2,5,0,2351,1.0,1.0,0.29,0.53,2,2,5,0,2351,1.0,1.0,0.29,0.53
PF02024,PF00727,3,6,1,2,5,2350,0.17,1.0,0.33,0.23,6,1,2,5,2350,0.17,1.0,0.33,0.23
PF00381,PF12477,1,0,0,1,0,2357,0,1.0,0.0,0,0,0,1,0,2357,0,1.0,0.0,0
PF12130,PF15949,17,9,2,15,7,2334,0.22,0.99,0.12,0.16,9,2,15,7,2334,0.22,0.99,0.12,0.16
PF15636,PF05593,3,10,2,1,8,2347,0.2,1.0,0.67,0.36,10,2,1,8,2347,0.2,1.0,0.67,0.36
PF00346,PF01731,24,8,1,23,7,2327,0.12,0.99,0.04,0.07,8,1,23,7,2327,0.12,0.99,0.04,0.07
PF12580,PF12583,11,6,6,5,0,2347,1.0,1.0,0.55,0.74,6,6,5,0,2347,1.0,1.0,0.55,0.74
PF03640,PF15709,0,0,0,0,0,2358,0,1.0,0,0,0,0,0,0,2358,0,1.0,0,0
PF08719,PF01872,40,25,9,31,16,2302,0.36,0.98,0.23,0.27,25,9,31,16,2302,0.36,0.98,0.23,0.27
PF15062,PF06695,0,0,0,0,0,2358,0,1.0,0,0,0,0,0,0,2358,0,1.0,0,0
PF04592,PF07561,4,4,4,0,0,2354,1.0,1.0,1.0,1.0,4,4,0,0,2354,1.0,1.0,1.0,1.0
PF14612,PF04148,9,8,1,8,7,2342,0.12,0.99,0.11,0.11,8,1,8,7,2342,0.12,0.99,0.11,0.11
PF13326,PF09252,3,1,0,3,1,2354,0.0,1.0,0.0,-0.0,1,0,3,1,2354,0.0,1.0,0.0,-0.0
PF13947,PF08488,31,8,8,23,0,2327,1.0,0.99,0.26,0.51,8,8,23,0,2327,1.0,0.99,0.26,0.51
PF12924,PF02177,11,12,11,0,1,2346,0.92,1.0,1.0,0.96,12,11,0,1,2346,0.92,1.0,1.0,0.96
PF12209,PF07243,0,3,0,0,3,2355,0.0,1.0,0,0,3,0,0,3,2355,0.0,1.0,0,0
PF08084,PF12134,22,28,22,0,6,2330,0.79,1.0,1.0,0.89,28,22,0,6,2330,0.79,1.0,1.0,0.89
PF16594,PF08656,1,6,0,1,6,2351,0.0,1.0,0.0,-0.0,6,0,1,6,2351,0.0,1.0,0.0,-0.0
PF05051,PF01115,15,14,4,11,10,2333,0.29,0.99,0.27,0.27,14,4,11,10,2333,0.29,0.99,0.27,0.27
PF11977,PF05030,18,13,1,17,12,2328,0.08,0.99,0.06,0.06,13,1,17,12,2328,0.08,0.99,0.06,0.06
PF00239,PF13408,6,3,3,3,0,2352,1.0,1.0,0.5,0.71,3,3,3,0,2352,1.0,1.0,0.5,0.71
PF11712,PF07412,16,11,3,13,8,2334,0.27,0.99,0.19,0.22,11,3,13,8,2334,0.27,0.99,0.19,0.22
PF13188,PF08448,13,20,11,2,9,2336,0.55,1.0,0.85,0.68,20,11,2,9,2336,0.55,1.0,0.85,0.68
PF00758,PF15129,8,1,1,7,0,2350,1.0,1.0,0.12,0.35,1,1,7,0,2350,1.0,1.0,0.12,0.35
PF13599,PF00805,10,32,4,6,28,2320,0.12,0.99,0.4,0.22,32,4,6,28,2320,0.12,0.99,0.4,0.22
PF03935,PF14240,14,9,4,10,5,2339,0.44,0.99,0.29,0.35,9,4,10,5,2339,0.44,0.99,0.29,0.35
PF05294,PF08093,2,3,2,0,1,2355,0.67,1.0,1.0,0.82,3,2,0,1,2355,0.67,1.0,1.0,0.82
PF06532,PF13793,0,50,0,0,50,2308,0.0,0.98,0,0,50,0,0,50,2308,0.0,0.98,0,0
PF00581,PF06617,115,8,8,107,0,2243,1.0,0.95,0.07,0.26,8,8,107,0,2243,1.0,0.95,0.07,0.26
PF12850,PF01470,19,17,4,15,13,2326,0.24,0.99,0.21,0.22,17,4,15,13,2326,0.24,0.99,0.21,0.22
PF07991,PF01450,13,16,13,0,3,2342,0.81,1.0,1.0,0.9,16,13,0,3,2342,0.81,1.0,1.0,0.9
PF13423,PF15870,36,16,5,31,11,2311,0.31,0.98,0.14,0.2,16,5,31,11,2311,0.31,0.98,0.14,0.2
PF01472,PF01509,29,41,12,17,29,2300,0.29,0.98,0.41,0.34,41,12,17,29,2300,0.29,0.98,0.41,0.34
PF11578,PF14612,20,9,3,17,6,2332,0.33,0.99,0.15,0.22,9,3,17,6,2332,0.33,0.99,0.15,0.22
PF08473,PF06668,10,8,1,9,7,2341,0.12,0.99,0.1,0.11,8,1,9,7,2341,0.12,0.99,0.1,0.11
PF03279,PF11138,4,0,0,4,0,2354,0,1.0,0.0,0,0,0,4,0,2354,0,1.0,0.0,0
PF03448,PF00893,8,3,3,5,0,2350,1.0,1.0,0.38,0.61,3,3,5,0,2350,1.0,1.0,0.38,0.61
PF02537,PF08622,15,4,0,15,4,2339,0.0,0.99,0.0,-0.0,4,0,15,4,2339,0.0,0.99,0.0,-0.0
PF10473,PF12795,9,9,0,9,9,2340,0.0,0.99,0.0,-0.0,9,0,9,9,2340,0.0,0.99,0.0,-0.0
PF03119,PF01653,8,19,8,0,11,2339,0.42,1.0,1.0,0.65,19,8,0,11,2339,0.42,1.0,1.0,0.65
PF14290,PF03745,0,0,0,0,0,2358,0,1.0,0,0,0,0,0,0,2358,0,1.0,0,0
PF10546,PF00970,0,66,0,0,66,2292,0.0,0.97,0,0,66,0,0,66,2292,0.0,0.97,0,0
PF01249,PF09803,24,18,5,19,13,2321,0.28,0.99,0.21,0.23,18,5,19,13,2321,0.28,0.99,0.21,0.23
PF02605,PF09057,3,3,0,3,3,2352,0.0,1.0,0.0,-0.0,3,0,3,3,2352,0.0,1.0,0.0,-0.0
PF12547,PF15923,2,2,0,2,2,2354,0.0,1.0,0.0,-0.0,2,0,2,2,2354,0.0,1.0,0.0,-0.0
PF05587,PF05586,11,6,6,5,0,2347,1.0,1.0,0.55,0.74,6,6,5,0,2347,1.0,1.0,0.55,0.74
PF09528,PF04954,0,0,0,0,0,2358,0,1.0,0,0,0,0,0,0,2358,0,1.0,0,0
PF00763,PF01268,37,20,17,20,3,2318,0.85,0.99,0.46,0.62,20,17,20,3,2318,0.85,0.99,0.46,0.62
PF08748,PF04848,0,5,0,0,5,2353,0.0,1.0,0,0,5,0,0,5,2353,0.0,1.0,0,0
PF00771,PF04717,3,0,0,3,0,2355,0,1.0,0.0,0,0,0,3,0,2355,0,1.0,0.0,0
PF01551,PF01476,23,73,11,12,62,2273,0.15,0.97,0.48,0.26,73,11,12,62,2273,0.15,0.97,0.48,0.26
PF06941,PF07298,14,4,0,14,4,2340,0.0,0.99,0.0,-0.0,4,0,14,4,2340,0.0,0.99,0.0,-0.0
PF07806,PF01114,0,4,0,0,4,2354,0.0,1.0,0,0,4,0,0,4,2354,0.0,1.0,0,0
PF07778,PF16061,12,7,0,12,7,2339,0.0,0.99,0.0,-0.0,7,0,12,7,2339,0.0,0.99,0.0,-0.0
PF00349,PF03727,35,38,34,1,4,2319,0.89,1.0,0.97,0.93,38,34,1,4,2319,0.89,1.0,0.97,0.93
PF04818,PF01805,60,61,24,36,37,2261,0.39,0.97,0.4,0.38,61,24,36,37,2261,0.39,0.97,0.4,0.38
PF00328,PF00201,87,119,40,47,79,2192,0.34,0.95,0.46,0.37,119,40,47,79,2192,0.34,0.95,0.46,0.37
PF15779,PF14914,8,4,1,7,3,2347,0.25,1.0,0.12,0.17,4,1,7,3,2347,0.25,1.0,0.12,0.17
PF15588,PF05448,0,5,0,0,5,2353,0.0,1.0,0,0,5,0,0,5,2353,0.0,1.0,0,0
PF16575,PF06807,42,15,15,27,0,2316,1.0,0.99,0.36,0.59,15,15,27,0,2316,1.0,0.99,0.36,0.59
PF05426,PF09424,8,8,0,8,8,2342,0.0,0.99,0.0,-0.0,8,0,8,8,2342,0.0,0.99,0.0,-0.0
PF01619,PF14748,41,11,8,33,3,2314,0.73,0.98,0.2,0.37,11,8,33,3,2314,0.73,0.98,0.2,0.37
PF10735,PF08262,0,0,0,0,0,2358,0,1.0,0,0,0,0,0,0,2358,0,1.0,0,0
PF10371,PF01558,6,9,6,0,3,2349,0.67,1.0,1.0,0.82,9,6,0,3,2349,0.67,1.0,1.0,0.82
PF10036,PF15374,16,0,0,16,0,2342,0,0.99,0.0,0,0,0,16,0,2342,0,0.99,0.0,0
PF01910,PF15744,4,0,0,4,0,2354,0,1.0,0.0,0,0,0,4,0,2354,0,1.0,0.0,0
PF04430,PF06388,41,2,0,41,2,2315,0.0,0.98,0.0,-0.0,2,0,41,2,2315,0.0,0.98,0.0,-0.0
PF08634,PF16944,8,7,0,8,7,2343,0.0,0.99,0.0,-0.0,7,0,8,7,2343,0.0,0.99,0.0,-0.0
PF11312,PF13013,3,1,0,3,1,2354,0.0,1.0,0.0,-0.0,1,0,3,1,2354,0.0,1.0,0.0,-0.0
PF01936,PF14418,17,2,1,16,1,2340,0.5,0.99,0.06,0.17,2,1,16,1,2340,0.5,0.99,0.06,0.17
PF08383,PF00473,6,8,1,5,7,2345,0.12,0.99,0.17,0.14,8,1,5,7,2345,0.12,0.99,0.17,0.14
PF14976,PF07021,2,1,0,2,1,2355,0.0,1.0,0.0,-0.0,1,0,2,1,2355,0.0,1.0,0.0,-0.0
PF02196,PF09128,23,11,5,18,6,2329,0.45,0.99,0.22,0.31,11,5,18,6,2329,0.45,0.99,0.22,0.31
PF03214,PF06219,7,4,0,7,4,2347,0.0,1.0,0.0,-0.0,4,0,7,4,2347,0.0,1.0,0.0,-0.0
PF03416,PF04831,43,6,2,41,4,2311,0.33,0.98,0.05,0.12,6,2,41,4,2311,0.33,0.98,0.05,0.12
PF03914,PF00924,36,31,9,27,22,2300,0.29,0.98,0.25,0.26,31,9,27,22,2300,0.29,0.98,0.25,0.26
PF01991,PF16454,19,12,5,14,7,2332,0.42,0.99,0.26,0.33,12,5,14,7,2332,0.42,0.99,0.26,0.33
PF11591,PF03475,2,7,2,0,5,2351,0.29,1.0,1.0,0.53,7,2,0,5,2351,0.29,1.0,1.0,0.53
PF11623,PF11282,1,2,0,1,2,2355,0.0,1.0,0.0,-0.0,2,0,1,2,2355,0.0,1.0,0.0,-0.0
PF04428,PF16967,7,0,0,7,0,2351,0,1.0,0.0,0,0,0,7,0,2351,0,1.0,0.0,0
PF06869,PF01666,0,0,0,0,0,2358,0,1.0,0,0,0,0,0,0,2358,0,1.0,0,0
PF06134,PF08117,3,3,0,3,3,2352,0.0,1.0,0.0,-0.0,3,0,3,3,2352,0.0,1.0,0.0,-0.0
PF05523,PF01865,0,0,0,0,0,2358,0,1.0,0,0,0,0,0,0,2358,0,1.0,0,0
PF15145,PF05115,0,6,0,0,6,2352,0.0,1.0,0,0,6,0,0,6,2352,0.0,1.0,0,0
PF00170,PF07716,70,72,25,45,47,2241,0.35,0.96,0.36,0.33,72,25,45,47,2241,0.35,0.96,0.36,0.33
PF02393,PF02427,1,3,0,1,3,2354,0.0,1.0,0.0,-0.0,3,0,1,3,2354,0.0,1.0,0.0,-0.0
PF04800,PF07896,16,10,2,14,8,2334,0.2,0.99,0.12,0.15,10,2,14,8,2334,0.2,0.99,0.12,0.15
PF16211,PF00125,50,92,44,6,48,2260,0.48,0.98,0.88,0.64,92,44,6,48,2260,0.48,0.98,0.88,0.64
PF11527,PF10501,8,6,0,8,6,2344,0.0,0.99,0.0,-0.0,6,0,8,6,2344,0.0,0.99,0.0,-0.0
PF07856,PF12824,16,11,3,13,8,2334,0.27,0.99,0.19,0.22,11,3,13,8,2334,0.27,0.99,0.19,0.22
PF11688,PF05757,0,7,0,0,7,2351,0.0,1.0,0,0,7,0,0,7,2351,0.0,1.0,0,0
PF03930,PF15518,1,3,0,1,3,2354,0.0,1.0,0.0,-0.0,3,0,1,3,2354,0.0,1.0,0.0,-0.0
PF02895,PF08707,5,1,0,5,1,2352,0.0,1.0,0.0,-0.0,1,0,5,1,2352,0.0,1.0,0.0,-0.0
PF01753,PF09273,113,28,14,99,14,2231,0.5,0.95,0.12,0.23,28,14,99,14,2231,0.5,0.95,0.12,0.23
PF15388,PF03298,3,6,0,3,6,2349,0.0,1.0,0.0,-0.0,6,0,3,6,2349,0.0,1.0,0.0,-0.0
PF12544,PF05707,0,0,0,0,0,2358,0,1.0,0,0,0,0,0,0,2358,0,1.0,0,0
PF03073,PF13741,9,3,0,9,3,2346,0.0,0.99,0.0,-0.0,3,0,9,3,2346,0.0,0.99,0.0,-0.0
PF14778,PF05719,5,10,2,3,8,2345,0.2,1.0,0.4,0.28,10,2,3,8,2345,0.2,1.0,0.4,0.28
PF02742,PF02277,3,4,0,3,4,2351,0.0,1.0,0.0,-0.0,4,0,3,4,2351,0.0,1.0,0.0,-0.0
PF14864,PF14863,6,6,6,0,0,2352,1.0,1.0,1.0,1.0,6,6,0,0,2352,1.0,1.0,1.0,1.0
PF08728,PF00649,10,11,2,8,9,2339,0.18,0.99,0.2,0.19,11,2,8,9,2339,0.18,0.99,0.2,0.19
PF16921,PF09371,3,3,3,0,0,2355,1.0,1.0,1.0,1.0,3,3,0,0,2355,1.0,1.0,1.0,1.0
PF04870,PF10179,25,5,0,25,5,2328,0.0,0.99,0.0,-0.0,5,0,25,5,2328,0.0,0.99,0.0,-0.0
PF09430,PF08315,18,27,4,14,23,2317,0.15,0.98,0.22,0.17,27,4,14,23,2317,0.15,0.98,0.22,0.17
PF00579,PF16714,71,8,8,63,0,2287,1.0,0.97,0.11,0.33,8,8,63,0,2287,1.0,0.97,0.11,0.33
PF04086,PF00448,18,62,16,2,46,2294,0.26,0.98,0.89,0.47,62,16,2,46,2294,0.26,0.98,0.89,0.47
PF10516,PF06428,10,14,3,7,11,2337,0.21,0.99,0.3,0.25,14,3,7,11,2337,0.21,0.99,0.3,0.25
PF02341,PF16974,7,2,0,7,2,2349,0.0,1.0,0.0,-0.0,2,0,7,2,2349,0.0,1.0,0.0,-0.0
PF00728,PF14845,68,39,39,29,0,2290,1.0,0.99,0.57,0.75,39,39,29,0,2290,1.0,0.99,0.57,0.75
PF14944,PF09303,7,5,1,6,4,2347,0.2,1.0,0.14,0.17,5,1,6,4,2347,0.2,1.0,0.14,0.17
PF05110,PF14763,6,0,0,6,0,2352,0,1.0,0.0,0,0,0,6,0,2352,0,1.0,0.0,0
PF12807,PF13236,18,20,12,6,8,2332,0.6,0.99,0.67,0.63,20,12,6,8,2332,0.6,0.99,0.67,0.63
PF08014,PF05841,4,3,0,4,3,2351,0.0,1.0,0.0,-0.0,3,0,4,3,2351,0.0,1.0,0.0,-0.0
PF06143,PF00752,0,57,0,0,57,2301,0.0,0.98,0,0,57,0,0,57,2301,0.0,0.98,0,0
PF00040,PF00039,35,7,5,30,2,2321,0.71,0.99,0.14,0.32,7,5,30,2,2321,0.71,0.99,0.14,0.32
PF03079,PF05995,30,19,4,26,15,2313,0.21,0.98,0.13,0.16,19,4,26,15,2313,0.21,0.98,0.13,0.16
PF07222,PF15093,5,2,0,5,2,2351,0.0,1.0,0.0,-0.0,2,0,5,2,2351,0.0,1.0,0.0,-0.0
PF04821,PF09743,10,8,0,10,8,2340,0.0,0.99,0.0,-0.0,8,0,10,8,2340,0.0,0.99,0.0,-0.0
PF10209,PF17053,1,1,0,1,1,2356,0.0,1.0,0.0,-0.0,1,0,1,1,2356,0.0,1.0,0.0,-0.0
PF04697,PF04783,2,11,0,2,11,2345,0.0,0.99,0.0,-0.0,11,0,2,11,2345,0.0,0.99,0.0,-0.0
PF11571,PF10496,12,21,2,10,19,2327,0.1,0.99,0.17,0.12,21,2,10,19,2327,0.1,0.99,0.17,0.12
PF03184,PF03221,101,92,63,38,29,2228,0.68,0.97,0.62,0.64,92,63,38,29,2228,0.68,0.97,0.62,0.64
PF01960,PF01680,18,16,1,17,15,2325,0.06,0.99,0.06,0.05,16,1,17,15,2325,0.06,0.99,0.06,0.05
PF12104,PF09191,2,2,2,0,0,2356,1.0,1.0,1.0,1.0,2,2,0,0,2356,1.0,1.0,1.0,1.0
PF07217,PF16019,10,2,0,10,2,2346,0.0,0.99,0.0,-0.0,2,0,10,2,2346,0.0,0.99,0.0,-0.0
PF15718,PF15302,5,0,0,5,0,2353,0,1.0,0.0,0,0,0,5,0,2353,0,1.0,0.0,0
PF07082,PF05055,2,5,0,2,5,2351,0.0,1.0,0.0,-0.0,5,0,2,5,2351,0.0,1.0,0.0,-0.0
PF07413,PF17031,0,0,0,0,0,2358,0,1.0,0,0,0,0,0,0,2358,0,1.0,0,0
PF06452,PF08792,16,1,0,16,1,2341,0.0,0.99,0.0,-0.0,1,0,16,1,2341,0.0,0.99,0.0,-0.0
PF01237,PF08174,81,14,7,74,7,2270,0.5,0.97,0.09,0.2,14,7,74,7,2270,0.5,0.97,0.09,0.2
PF04909,PF16952,64,4,4,60,0,2294,1.0,0.97,0.06,0.25,4,4,60,0,2294,1.0,0.97,0.06,0.25
PF00792,PF00613,40,53,40,0,13,2305,0.75,0.99,1.0,0.87,53,40,0,13,2305,0.75,0.99,1.0,0.87
PF14945,PF00770,1,2,0,1,2,2355,0.0,1.0,0.0,-0.0,2,0,1,2,2355,0.0,1.0,0.0,-0.0
PF16825,PF10924,0,0,0,0,0,2358,0,1.0,0,0,0,0,0,0,2358,0,1.0,0,0
PF09673,PF03238,0,0,0,0,0,2358,0,1.0,0,0,0,0,0,0,2358,0,1.0,0,0
PF15676,PF15134,0,3,0,0,3,2355,0.0,1.0,0,0,3,0,0,3,2355,0.0,1.0,0,0
PF03461,PF03880,6,8,2,4,6,2346,0.25,1.0,0.33,0.29,8,2,4,6,2346,0.25,1.0,0.33,0.29
PF00053,PF00028,76,97,43,33,54,2228,0.44,0.96,0.57,0.48,97,43,33,54,2228,0.44,0.96,0.57,0.48
PF10017,PF12867,11,12,5,6,7,2340,0.42,0.99,0.45,0.43,12,5,6,7,2340,0.42,0.99,0.45,0.43
PF15943,PF00967,0,6,0,0,6,2352,0.0,1.0,0,0,6,0,0,6,2352,0.0,1.0,0,0
PF04209,PF03386,23,0,0,23,0,2335,0,0.99,0.0,0,0,0,23,0,2335,0,0.99,0.0,0
PF15801,PF05195,16,34,9,7,25,2317,0.26,0.99,0.56,0.38,34,9,7,25,2317,0.26,0.99,0.56,0.38
PF00017,PF00779,146,14,10,136,4,2208,0.71,0.94,0.07,0.21,14,10,136,4,2208,0.71,0.94,0.07,0.21
PF15463,PF17206,2,1,0,2,1,2355,0.0,1.0,0.0,-0.0,1,0,2,1,2355,0.0,1.0,0.0,-0.0
PF10143,PF06415,4,6,2,2,4,2350,0.33,1.0,0.5,0.41,6,2,2,4,2350,0.33,1.0,0.5,0.41
PF05157,PF03922,2,2,0,2,2,2354,0.0,1.0,0.0,-0.0,2,0,2,2,2354,0.0,1.0,0.0,-0.0
PF01636,PF13419,99,94,40,59,54,2205,0.43,0.95,0.4,0.39,94,40,59,54,2205,0.43,0.95,0.4,0.39
PF12533,PF01586,6,10,3,3,7,2345,0.3,1.0,0.5,0.39,10,3,3,7,2345,0.3,1.0,0.5,0.39
PF14880,PF15055,12,0,0,12,0,2346,0,0.99,0.0,0,0,0,12,0,2346,0,0.99,0.0,0
PF00701,PF04479,45,48,21,24,27,2286,0.44,0.98,0.47,0.44,48,21,24,27,2286,0.44,0.98,0.47,0.44
PF11403,PF08546,4,41,1,3,40,2314,0.02,0.98,0.25,0.07,41,1,3,40,2314,0.02,0.98,0.25,0.07
PF02709,PF13733,47,32,32,15,0,2311,1.0,0.99,0.68,0.82,32,32,15,0,2311,1.0,0.99,0.68,0.82
PF00042,PF00175,45,115,27,18,88,2225,0.23,0.96,0.6,0.36,115,27,18,88,2225,0.23,0.96,0.6,0.36
PF16531,PF07989,6,29,0,6,29,2323,0.0,0.99,0.0,-0.01,29,0,6,29,2323,0.0,0.99,0.0,-0.01
PF15072,PF16002,12,8,3,9,5,2341,0.38,0.99,0.25,0.3,8,3,9,5,2341,0.38,0.99,0.25,0.3
PF08508,PF06485,3,5,0,3,5,2350,0.0,1.0,0.0,-0.0,5,0,3,5,2350,0.0,1.0,0.0,-0.0
PF04553,PF13451,3,2,1,2,1,2354,0.5,1.0,0.33,0.41,2,1,2,1,2354,0.5,1.0,0.33,0.41
PF02545,PF16864,31,18,8,23,10,2317,0.44,0.99,0.26,0.33,18,8,23,10,2317,0.44,0.99,0.26,0.33
PF03311,PF05051,24,15,3,21,12,2322,0.2,0.99,0.12,0.15,15,3,21,12,2322,0.2,0.99,0.12,0.15
PF08934,PF01857,2,5,2,0,3,2353,0.4,1.0,1.0,0.63,5,2,0,3,2353,0.4,1.0,1.0,0.63
PF06672,PF06832,0,1,0,0,1,2357,0.0,1.0,0,0,1,0,0,1,2357,0.0,1.0,0,0
PF13296,PF01580,1,7,0,1,7,2350,0.0,1.0,0.0,-0.0,7,0,1,7,2350,0.0,1.0,0.0,-0.0
PF17135,PF01268,19,20,8,11,12,2327,0.4,0.99,0.42,0.41,20,8,11,12,2327,0.4,0.99,0.42,0.41
PF07846,PF12904,1,0,0,1,0,2357,0,1.0,0.0,0,0,0,1,0,2357,0,1.0,0.0,0
PF02135,PF08214,40,40,31,9,9,2309,0.78,0.99,0.78,0.77,40,31,9,9,2309,0.78,0.99,0.78,0.77
PF04074,PF09785,0,11,0,0,11,2347,0.0,1.0,0,0,11,0,0,11,2347,0.0,1.0,0,0
PF10413,PF09193,8,3,3,5,0,2350,1.0,1.0,0.38,0.61,3,3,5,0,2350,1.0,1.0,0.38,0.61
PF09835,PF12046,4,0,0,4,0,2354,0,1.0,0.0,0,0,0,4,0,2354,0,1.0,0.0,0
PF02149,PF08332,27,12,8,19,4,2327,0.67,0.99,0.3,0.44,12,8,19,4,2327,0.67,0.99,0.3,0.44
PF08373,PF08368,31,9,9,22,0,2327,1.0,0.99,0.29,0.54,9,9,22,0,2327,1.0,0.99,0.29,0.54
PF10580,PF06614,2,2,2,0,0,2356,1.0,1.0,1.0,1.0,2,2,0,0,2356,1.0,1.0,1.0,1.0
PF09311,PF03528,7,6,6,1,0,2351,1.0,1.0,0.86,0.93,6,6,1,0,2351,1.0,1.0,0.86,0.93
PF09831,PF00854,0,55,0,0,55,2303,0.0,0.98,0,0,55,0,0,55,2303,0.0,0.98,0,0
PF15502,PF14021,0,2,0,0,2,2356,0.0,1.0,0,0,2,0,0,2,2356,0.0,1.0,0,0
PF10426,PF12940,5,5,5,0,0,2353,1.0,1.0,1.0,1.0,5,5,0,0,2353,1.0,1.0,1.0,1.0
PF14225,PF14222,9,9,8,1,1,2348,0.89,1.0,0.89,0.89,9,8,1,1,2348,0.89,1.0,0.89,0.89
PF05824,PF06875,3,0,0,3,0,2355,0,1.0,0.0,0,0,0,3,0,2355,0,1.0,0.0,0
PF00322,PF02394,5,5,0,5,5,2348,0.0,1.0,0.0,-0.0,5,0,5,5,2348,0.0,1.0,0.0,-0.0
PF00352,PF13259,38,11,7,31,4,2316,0.64,0.99,0.18,0.34,11,7,31,4,2316,0.64,0.99,0.18,0.34
PF03247,PF17014,12,0,0,12,0,2346,0,0.99,0.0,0,0,0,12,0,2346,0,0.99,0.0,0
PF00237,PF00902,51,14,5,46,9,2298,0.36,0.98,0.1,0.18,14,5,46,9,2298,0.36,0.98,0.1,0.18
PF01546,PF07687,68,21,13,55,8,2282,0.62,0.97,0.19,0.33,21,13,55,8,2282,0.62,0.97,0.19,0.33
PF03880,PF03461,8,6,2,6,4,2346,0.33,1.0,0.25,0.29,6,2,6,4,2346,0.33,1.0,0.25,0.29
PF15855,PF16590,0,2,0,0,2,2356,0.0,1.0,0,0,2,0,0,2,2356,0.0,1.0,0,0
PF03459,PF03412,6,8,3,3,5,2347,0.38,1.0,0.5,0.43,8,3,3,5,2347,0.38,1.0,0.5,0.43
PF15153,PF13421,0,0,0,0,0,2358,0,1.0,0,0,0,0,0,0,2358,0,1.0,0,0
PF03985,PF00074,19,3,0,19,3,2336,0.0,0.99,0.0,-0.0,3,0,19,3,2336,0.0,0.99,0.0,-0.0
PF16216,PF15272,1,0,0,1,0,2357,0,1.0,0.0,0,0,0,1,0,2357,0,1.0,0.0,0
PF14727,PF14728,11,8,8,3,0,2347,1.0,1.0,0.73,0.85,8,8,3,0,2347,1.0,1.0,0.73,0.85
PF11799,PF00817,41,47,41,0,6,2311,0.87,1.0,1.0,0.93,47,41,0,6,2311,0.87,1.0,1.0,0.93
PF11054,PF07276,3,0,0,3,0,2355,0,1.0,0.0,0,0,0,3,0,2355,0,1.0,0.0,0
PF01997,PF01680,18,16,3,15,13,2327,0.19,0.99,0.17,0.17,16,3,15,13,2327,0.19,0.99,0.17,0.17
PF15202,PF15895,1,0,0,1,0,2357,0,1.0,0.0,0,0,0,1,0,2357,0,1.0,0.0,0
PF03607,PF05517,30,16,5,25,11,2317,0.31,0.98,0.17,0.22,16,5,25,11,2317,0.31,0.98,0.17,0.22
PF15211,PF07400,0,1,0,0,1,2357,0.0,1.0,0,0,1,0,0,1,2357,0.0,1.0,0,0
PF03091,PF02284,35,9,4,31,5,2318,0.44,0.98,0.11,0.22,9,4,31,5,2318,0.44,0.98,0.11,0.22
PF08401,PF01913,0,2,0,0,2,2356,0.0,1.0,0,0,2,0,0,2,2356,0.0,1.0,0,0
PF05132,PF15311,30,11,7,23,4,2324,0.64,0.99,0.23,0.38,11,7,23,4,2324,0.64,0.99,0.23,0.38
PF10941,PF11351,0,0,0,0,0,2358,0,1.0,0,0,0,0,0,0,2358,0,1.0,0,0
PF14452,PF03069,0,17,0,0,17,2341,0.0,0.99,0,0,17,0,0,17,2341,0.0,0.99,0,0
PF01168,PF14031,38,13,13,25,0,2320,1.0,0.99,0.34,0.58,13,13,25,0,2320,1.0,0.99,0.34,0.58
PF01234,PF05497,7,9,2,5,7,2344,0.22,0.99,0.29,0.25,9,2,5,7,2344,0.22,0.99,0.29,0.25
PF06484,PF05593,6,10,2,4,8,2344,0.2,0.99,0.33,0.26,10,2,4,8,2344,0.2,0.99,0.33,0.26
PF05045,PF04196,0,3,0,0,3,2355,0.0,1.0,0,0,3,0,0,3,2355,0.0,1.0,0,0
PF07638,PF15870,0,16,0,0,16,2342,0.0,0.99,0,0,16,0,0,16,2342,0.0,0.99,0,0
PF04738,PF07409,0,0,0,0,0,2358,0,1.0,0,0,0,0,0,0,2358,0,1.0,0,0
PF10232,PF07406,18,6,0,18,6,2334,0.0,0.99,0.0,-0.0,6,0,18,6,2334,0.0,0.99,0.0,-0.0
PF09724,PF10282,22,24,9,13,15,2321,0.38,0.99,0.41,0.39,24,9,13,15,2321,0.38,0.99,0.41,0.39
PF16742,PF16556,0,4,0,0,4,2354,0.0,1.0,0,0,4,0,0,4,2354,0.0,1.0,0,0
PF10598,PF08082,22,23,22,0,1,2335,0.96,1.0,1.0,0.98,23,22,0,1,2335,0.96,1.0,1.0,0.98
PF14611,PF11331,10,5,0,10,5,2343,0.0,0.99,0.0,-0.0,5,0,10,5,2343,0.0,0.99,0.0,-0.0
PF01256,PF01652,23,60,8,15,52,2283,0.13,0.97,0.35,0.2,60,8,15,52,2283,0.13,0.97,0.35,0.2
PF03150,PF00950,12,8,2,10,6,2340,0.25,0.99,0.17,0.2,8,2,10,6,2340,0.25,0.99,0.17,0.2
PF06167,PF13986,3,3,3,0,0,2355,1.0,1.0,1.0,1.0,3,3,0,0,2355,1.0,1.0,1.0,1.0
PF00386,PF00229,43,17,9,34,8,2307,0.53,0.98,0.21,0.33,17,9,34,8,2307,0.53,0.98,0.21,0.33
PF09537,PF15776,0,4,0,0,4,2354,0.0,1.0,0,0,4,0,0,4,2354,0.0,1.0,0,0
PF14887,PF13775,13,5,0,13,5,2340,0.0,0.99,0.0,-0.0,5,0,13,5,2340,0.0,0.99,0.0,-0.0
PF02594,PF12716,18,0,0,18,0,2340,0,0.99,0.0,0,0,0,18,0,2340,0,0.99,0.0,0
PF15013,PF10244,4,9,0,4,9,2345,0.0,0.99,0.0,-0.0,9,0,4,9,2345,0.0,0.99,0.0,-0.0
PF07142,PF09462,5,10,1,4,9,2344,0.1,0.99,0.2,0.14,10,1,4,9,2344,0.1,0.99,0.2,0.14
PF03867,PF10525,1,5,1,0,4,2353,0.2,1.0,1.0,0.45,5,1,0,4,2353,0.2,1.0,1.0,0.45
PF08890,PF00383,0,96,0,0,96,2262,0.0,0.96,0,0,96,0,0,96,2262,0.0,0.96,0,0
PF00104,PF00105,84,86,75,9,11,2263,0.87,0.99,0.89,0.88,86,75,9,11,2263,0.87,0.99,0.89,0.88
PF00022,PF10357,131,17,11,120,6,2221,0.65,0.95,0.08,0.22,17,11,120,6,2221,0.65,0.95,0.08,0.22
PF00293,PF00828,143,47,21,122,26,2189,0.45,0.94,0.15,0.23,47,21,122,26,2189,0.45,0.94,0.15,0.23
PF02457,PF15212,0,0,0,0,0,2358,0,1.0,0,0,0,0,0,0,2358,0,1.0,0,0
PF08302,PF09511,7,17,7,0,10,2341,0.41,1.0,1.0,0.64,17,7,0,10,2341,0.41,1.0,1.0,0.64
PF14449,PF04740,0,0,0,0,0,2358,0,1.0,0,0,0,0,0,0,2358,0,1.0,0,0
PF14255,PF03244,0,3,0,0,3,2355,0.0,1.0,0,0,3,0,0,3,2355,0.0,1.0,0,0
PF02616,PF07409,0,0,0,0,0,2358,0,1.0,0,0,0,0,0,0,2358,0,1.0,0,0
PF16528,PF10699,24,3,0,24,3,2331,0.0,0.99,0.0,-0.0,3,0,24,3,2331,0.0,0.99,0.0,-0.0
PF00100,PF00530,91,72,40,51,32,2235,0.56,0.96,0.44,0.48,72,40,51,32,2235,0.56,0.96,0.44,0.48
PF02313,PF07755,2,0,0,2,0,2356,0,1.0,0.0,0,0,0,2,0,2356,0,1.0,0.0,0
PF07535,PF08630,9,5,5,4,0,2349,1.0,1.0,0.56,0.74,5,5,4,0,2349,1.0,1.0,0.56,0.74
PF06899,PF14340,2,5,1,1,4,2352,0.2,1.0,0.5,0.32,5,1,1,4,2352,0.2,1.0,0.5,0.32
PF05100,PF06805,0,0,0,0,0,2358,0,1.0,0,0,0,0,0,0,2358,0,1.0,0,0
PF06861,PF06821,3,2,0,3,2,2353,0.0,1.0,0.0,-0.0,2,0,3,2,2353,0.0,1.0,0.0,-0.0
PF12126,PF15451,9,2,2,7,0,2349,1.0,1.0,0.22,0.47,2,2,7,0,2349,1.0,1.0,0.22,0.47
PF11160,PF03428,0,0,0,0,0,2358,0,1.0,0,0,0,0,0,0,2358,0,1.0,0,0
PF08670,PF02563,9,9,0,9,9,2340,0.0,0.99,0.0,-0.0,9,0,9,9,2340,0.0,0.99,0.0,-0.0
PF15499,PF15255,5,0,0,5,0,2353,0,1.0,0.0,0,0,0,5,0,2353,0,1.0,0.0,0
PF15041,PF15119,1,4,0,1,4,2353,0.0,1.0,0.0,-0.0,4,0,1,4,2353,0.0,1.0,0.0,-0.0
PF00564,PF13240,73,7,6,67,1,2284,0.86,0.97,0.08,0.26,7,6,67,1,2284,0.86,0.97,0.08,0.26
PF12221,PF09611,0,0,0,0,0,2358,0,1.0,0,0,0,0,0,0,2358,0,1.0,0,0
PF12840,PF08093,0,3,0,0,3,2355,0.0,1.0,0,0,3,0,0,3,2355,0.0,1.0,0,0
PF12465,PF10584,9,61,5,4,56,2293,0.08,0.97,0.56,0.21,61,5,4,56,2293,0.08,0.97,0.56,0.21
PF11318,PF10782,0,0,0,0,0,2358,0,1.0,0,0,0,0,0,0,2358,0,1.0,0,0
PF07292,PF07334,5,4,4,1,0,2353,1.0,1.0,0.8,0.89,4,4,1,0,2353,1.0,1.0,0.8,0.89
PF06197,PF09699,0,0,0,0,0,2358,0,1.0,0,0,0,0,0,0,2358,0,1.0,0,0
PF03427,PF08329,5,3,2,3,1,2352,0.67,1.0,0.4,0.52,3,2,3,1,2352,0.67,1.0,0.4,0.52
PF04337,PF08345,1,4,0,1,4,2353,0.0,1.0,0.0,-0.0,4,0,1,4,2353,0.0,1.0,0.0,-0.0
PF10161,PF15884,6,3,0,6,3,2349,0.0,1.0,0.0,-0.0,3,0,6,3,2349,0.0,1.0,0.0,-0.0
PF04285,PF14841,0,1,0,0,1,2357,0.0,1.0,0,0,1,0,0,1,2357,0.0,1.0,0,0
PF02185,PF03097,42,63,23,19,40,2276,0.37,0.97,0.55,0.44,63,23,19,40,2276,0.37,0.97,0.55,0.44
PF06114,PF08805,3,3,1,2,2,2353,0.33,1.0,0.33,0.33,3,1,2,2,2353,0.33,1.0,0.33,0.33
PF14956,PF00272,3,1,0,3,1,2354,0.0,1.0,0.0,-0.0,1,0,3,1,2354,0.0,1.0,0.0,-0.0
PF03343,PF03386,15,0,0,15,0,2343,0,0.99,0.0,0,0,0,15,0,2343,0,0.99,0.0,0
PF05477,PF15552,10,1,1,9,0,2348,1.0,1.0,0.1,0.32,1,1,9,0,2348,1.0,1.0,0.1,0.32
PF03746,PF05860,1,0,0,1,0,2357,0,1.0,0.0,0,0,0,1,0,2357,0,1.0,0.0,0
PF16726,PF16776,2,3,1,1,2,2354,0.33,1.0,0.5,0.41,3,1,1,2,2354,0.33,1.0,0.5,0.41
PF06455,PF01010,7,6,1,6,5,2346,0.17,1.0,0.14,0.15,6,1,6,5,2346,0.17,1.0,0.14,0.15
PF05391,PF07807,6,13,1,5,12,2340,0.08,0.99,0.17,0.11,13,1,5,12,2340,0.08,0.99,0.17,0.11
PF13570,PF13360,11,55,6,5,49,2298,0.11,0.98,0.55,0.24,55,6,5,49,2298,0.11,0.98,0.55,0.24
PF09020,PF08843,1,0,0,1,0,2357,0,1.0,0.0,0,0,0,1,0,2357,0,1.0,0.0,0
PF14076,PF04991,0,16,0,0,16,2342,0.0,0.99,0,0,16,0,0,16,2342,0.0,0.99,0,0
PF02661,PF02430,20,3,1,19,2,2336,0.33,0.99,0.05,0.13,3,1,19,2,2336,0.33,0.99,0.05,0.13
PF15671,PF04232,3,3,0,3,3,2352,0.0,1.0,0.0,-0.0,3,0,3,3,2352,0.0,1.0,0.0,-0.0
PF12481,PF04690,16,3,0,16,3,2339,0.0,0.99,0.0,-0.0,3,0,16,3,2339,0.0,0.99,0.0,-0.0
PF00534,PF08472,82,3,0,82,3,2273,0.0,0.96,0.0,-0.01,3,0,82,3,2273,0.0,0.96,0.0,-0.01
PF02267,PF12301,7,1,0,7,1,2350,0.0,1.0,0.0,-0.0,1,0,7,1,2350,0.0,1.0,0.0,-0.0
PF07923,PF11882,11,10,10,1,0,2347,1.0,1.0,0.91,0.95,10,10,1,0,2347,1.0,1.0,0.91,0.95
PF03484,PF03483,26,35,26,0,9,2323,0.74,1.0,1.0,0.86,35,26,0,9,2323,0.74,1.0,1.0,0.86
PF06079,PF02290,20,25,13,7,12,2326,0.52,0.99,0.65,0.58,25,13,7,12,2326,0.52,0.99,0.65,0.58
PF08768,PF01549,3,80,3,0,77,2278,0.04,0.97,1.0,0.19,80,3,0,77,2278,0.04,0.97,1.0,0.19
PF01261,PF12296,39,11,3,36,8,2311,0.27,0.98,0.08,0.14,11,3,36,8,2311,0.27,0.98,0.08,0.14
PF05716,PF10522,6,8,2,4,6,2346,0.25,1.0,0.33,0.29,8,2,4,6,2346,0.25,1.0,0.33,0.29
PF02113,PF02277,2,4,0,2,4,2352,0.0,1.0,0.0,-0.0,4,0,2,4,2352,0.0,1.0,0.0,-0.0
PF05608,PF10559,5,20,3,2,17,2336,0.15,0.99,0.6,0.3,20,3,2,17,2336,0.15,0.99,0.6,0.3
PF00153,PF13833,235,100,60,175,40,2083,0.6,0.91,0.26,0.35,100,60,175,40,2083,0.6,0.91,0.26,0.35
PF02336,PF02277,7,4,0,7,4,2347,0.0,1.0,0.0,-0.0,4,0,7,4,2347,0.0,1.0,0.0,-0.0
PF09055,PF16843,5,1,1,4,0,2353,1.0,1.0,0.2,0.45,1,1,4,0,2353,1.0,1.0,0.2,0.45
PF15350,PF14022,0,3,0,0,3,2355,0.0,1.0,0,0,3,0,0,3,2355,0.0,1.0,0,0
PF05768,PF01796,14,2,2,12,0,2344,1.0,0.99,0.14,0.38,2,2,12,0,2344,1.0,0.99,0.14,0.38
PF15219,PF03243,2,7,1,1,6,2350,0.14,1.0,0.5,0.27,7,1,1,6,2350,0.14,1.0,0.5,0.27
PF01367,PF06959,9,2,1,8,1,2348,0.5,1.0,0.11,0.23,2,1,8,1,2348,0.5,1.0,0.11,0.23
PF01216,PF02267,6,7,1,5,6,2346,0.14,1.0,0.17,0.15,7,1,5,6,2346,0.14,1.0,0.17,0.15
PF15460,PF09715,2,0,0,2,0,2356,0,1.0,0.0,0,0,0,2,0,2356,0,1.0,0.0,0
PF02244,PF00246,38,89,38,0,51,2269,0.43,0.98,1.0,0.65,89,38,0,51,2269,0.43,0.98,1.0,0.65
PF00167,PF14798,15,3,1,14,2,2341,0.33,0.99,0.07,0.15,3,1,14,2,2341,0.33,0.99,0.07,0.15
PF04032,PF04640,13,10,3,10,7,2338,0.3,0.99,0.23,0.26,10,3,10,7,2338,0.3,0.99,0.23,0.26
PF05831,PF12764,2,7,2,0,5,2351,0.29,1.0,1.0,0.53,7,2,0,5,2351,0.29,1.0,1.0,0.53
PF08662,PF08159,30,21,4,26,17,2311,0.19,0.98,0.13,0.15,21,4,26,17,2311,0.19,0.98,0.13,0.15
PF04202,PF16469,0,2,0,0,2,2356,0.0,1.0,0,0,2,0,0,2,2356,0.0,1.0,0,0
PF07515,PF04941,0,3,0,0,3,2355,0.0,1.0,0,0,3,0,0,3,2355,0.0,1.0,0,0
PF07914,PF16088,19,1,1,18,0,2339,1.0,0.99,0.05,0.23,1,1,18,0,2339,1.0,0.99,0.05,0.23
PF13877,PF15867,18,8,5,13,3,2337,0.62,0.99,0.28,0.41,8,5,13,3,2337,0.62,0.99,0.28,0.41
PF14573,PF08093,0,3,0,0,3,2355,0.0,1.0,0,0,3,0,0,3,2355,0.0,1.0,0,0
PF00557,PF14826,110,17,17,93,0,2248,1.0,0.96,0.15,0.39,17,17,93,0,2248,1.0,0.96,0.15,0.39
PF00408,PF02878,49,65,48,1,17,2292,0.74,0.99,0.98,0.85,65,48,1,17,2292,0.74,0.99,0.98,0.85
PF15481,PF02200,5,3,0,5,3,2350,0.0,1.0,0.0,-0.0,3,0,5,3,2350,0.0,1.0,0.0,-0.0
PF04219,PF15835,0,0,0,0,0,2358,0,1.0,0,0,0,0,0,0,2358,0,1.0,0,0
PF00162,PF02390,42,29,16,26,13,2303,0.55,0.98,0.38,0.45,29,16,26,13,2303,0.55,0.98,0.38,0.45
PF04862,PF14365,16,4,1,15,3,2339,0.25,0.99,0.06,0.12,4,1,15,3,2339,0.25,0.99,0.06,0.12
PF03065,PF06355,2,4,0,2,4,2352,0.0,1.0,0.0,-0.0,4,0,2,4,2352,0.0,1.0,0.0,-0.0
PF12605,PF08332,9,12,3,6,9,2340,0.25,0.99,0.33,0.29,12,3,6,9,2340,0.25,0.99,0.33,0.29
PF00926,PF12471,17,5,3,14,2,2339,0.6,0.99,0.18,0.32,5,3,14,2,2339,0.6,0.99,0.18,0.32
PF05558,PF15125,5,4,0,5,4,2349,0.0,1.0,0.0,-0.0,4,0,5,4,2349,0.0,1.0,0.0,-0.0
PF06530,PF05947,2,0,0,2,0,2356,0,1.0,0.0,0,0,0,2,0,2356,0,1.0,0.0,0
PF12550,PF16787,8,28,7,1,21,2329,0.25,0.99,0.88,0.46,28,7,1,21,2329,0.25,0.99,0.88,0.46
PF05266,PF16097,0,1,0,0,1,2357,0.0,1.0,0,0,1,0,0,1,2357,0.0,1.0,0,0
PF12745,PF12063,9,17,3,6,14,2335,0.18,0.99,0.33,0.24,17,3,6,14,2335,0.18,0.99,0.33,0.24
PF08692,PF11016,1,0,0,1,0,2357,0,1.0,0.0,0,0,0,1,0,2357,0,1.0,0.0,0
PF05960,PF15377,5,1,0,5,1,2352,0.0,1.0,0.0,-0.0,1,0,5,1,2352,0.0,1.0,0.0,-0.0
PF09598,PF16174,2,1,0,2,1,2355,0.0,1.0,0.0,-0.0,1,0,2,1,2355,0.0,1.0,0.0,-0.0
PF08917,PF14786,6,3,3,3,0,2352,1.0,1.0,0.5,0.71,3,3,3,0,2352,1.0,1.0,0.5,0.71
PF15732,PF04370,0,0,0,0,0,2358,0,1.0,0,0,0,0,0,0,2358,0,1.0,0,0
PF12689,PF09778,19,2,1,18,1,2338,0.5,0.99,0.05,0.16,2,1,18,1,2338,0.5,0.99,0.05,0.16
PF12129,PF07001,11,7,0,11,7,2340,0.0,0.99,0.0,-0.0,7,0,11,7,2340,0.0,0.99,0.0,-0.0
PF03403,PF07470,38,33,10,28,23,2297,0.3,0.98,0.26,0.27,33,10,28,23,2297,0.3,0.98,0.26,0.27
PF16731,PF00770,0,2,0,0,2,2356,0.0,1.0,0,0,2,0,0,2,2356,0.0,1.0,0,0
PF03465,PF03464,18,18,17,1,1,2339,0.94,1.0,0.94,0.94,18,17,1,1,2339,0.94,1.0,0.94,0.94
PF10806,PF00816,5,3,0,5,3,2350,0.0,1.0,0.0,-0.0,3,0,5,3,2350,0.0,1.0,0.0,-0.0
PF08520,PF07382,2,6,1,1,5,2351,0.17,1.0,0.5,0.29,6,1,1,5,2351,0.17,1.0,0.5,0.29
PF16577,PF12744,4,1,1,3,0,2354,1.0,1.0,0.25,0.5,1,1,3,0,2354,1.0,1.0,0.25,0.5
PF13102,PF08037,0,3,0,0,3,2355,0.0,1.0,0,0,3,0,0,3,2355,0.0,1.0,0,0
PF04699,PF03152,21,33,7,14,26,2311,0.21,0.98,0.33,0.26,33,7,14,26,2311,0.21,0.98,0.33,0.26
PF04145,PF12406,42,3,3,39,0,2316,1.0,0.98,0.07,0.27,3,3,39,0,2316,1.0,0.98,0.07,0.27
PF10159,PF04090,18,3,2,16,1,2339,0.67,0.99,0.11,0.27,3,2,16,1,2339,0.67,0.99,0.11,0.27
PF17026,PF11057,0,1,0,0,1,2357,0.0,1.0,0,0,1,0,0,1,2357,0.0,1.0,0,0
PF09365,PF08093,3,3,0,3,3,2352,0.0,1.0,0.0,-0.0,3,0,3,3,2352,0.0,1.0,0.0,-0.0
PF04780,PF04781,7,3,3,4,0,2351,1.0,1.0,0.43,0.65,3,3,4,0,2351,1.0,1.0,0.43,0.65
PF14841,PF14842,1,0,0,1,0,2357,0,1.0,0.0,0,0,0,1,0,2357,0,1.0,0.0,0
PF10982,PF06995,1,0,0,1,0,2357,0,1.0,0.0,0,0,0,1,0,2357,0,1.0,0.0,0
PF15715,PF15109,3,0,0,3,0,2355,0,1.0,0.0,0,0,0,3,0,2355,0,1.0,0.0,0
PF08630,PF12927,5,4,0,5,4,2349,0.0,1.0,0.0,-0.0,4,0,5,4,2349,0.0,1.0,0.0,-0.0
PF12474,PF16797,14,4,3,11,1,2343,0.75,0.99,0.21,0.4,4,3,11,1,2343,0.75,0.99,0.21,0.4
PF08381,PF13713,20,14,14,6,0,2338,1.0,1.0,0.7,0.84,14,14,6,0,2338,1.0,1.0,0.7,0.84
PF01927,PF08066,7,23,4,3,19,2332,0.17,0.99,0.57,0.31,23,4,3,19,2332,0.17,0.99,0.57,0.31
PF12135,PF07430,0,1,0,0,1,2357,0.0,1.0,0,0,1,0,0,1,2357,0.0,1.0,0,0
PF12727,PF02522,0,2,0,0,2,2356,0.0,1.0,0,0,2,0,0,2,2356,0.0,1.0,0,0
PF14382,PF14875,19,3,3,16,0,2339,1.0,0.99,0.16,0.4,3,3,16,0,2339,1.0,0.99,0.16,0.4
PF00390,PF03949,35,27,23,12,4,2319,0.85,0.99,0.66,0.74,27,23,12,4,2319,0.85,0.99,0.66,0.74
PF01376,PF04366,2,18,0,2,18,2338,0.0,0.99,0.0,-0.0,18,0,2,18,2338,0.0,0.99,0.0,-0.0
PF10445,PF15776,2,4,0,2,4,2352,0.0,1.0,0.0,-0.0,4,0,2,4,2352,0.0,1.0,0.0,-0.0
PF01043,PF07516,5,5,5,0,0,2353,1.0,1.0,1.0,1.0,5,5,0,0,2353,1.0,1.0,1.0,1.0
PF08523,PF09363,10,6,0,10,6,2342,0.0,0.99,0.0,-0.0,6,0,10,6,2342,0.0,0.99,0.0,-0.0
PF06412,PF06134,1,3,0,1,3,2354,0.0,1.0,0.0,-0.0,3,0,1,3,2354,0.0,1.0,0.0,-0.0
PF12326,PF13334,12,7,3,9,4,2342,0.43,0.99,0.25,0.32,7,3,9,4,2342,0.43,0.99,0.25,0.32
PF05434,PF04756,10,19,4,6,15,2333,0.21,0.99,0.4,0.29,19,4,6,15,2333,0.21,0.99,0.4,0.29
PF05772,PF05925,0,3,0,0,3,2355,0.0,1.0,0,0,3,0,0,3,2355,0.0,1.0,0,0
PF02500,PF13505,1,0,0,1,0,2357,0,1.0,0.0,0,0,0,1,0,2357,0,1.0,0.0,0
PF00199,PF06628,35,30,28,7,2,2321,0.93,1.0,0.8,0.86,30,28,7,2,2321,0.93,1.0,0.8,0.86
PF16297,PF07962,4,13,3,1,10,2344,0.23,1.0,0.75,0.41,13,3,1,10,2344,0.23,1.0,0.75,0.41
PF01428,PF01754,47,14,6,41,8,2303,0.43,0.98,0.13,0.23,14,6,41,8,2303,0.43,0.98,0.13,0.23
PF10370,PF05913,2,2,0,2,2,2354,0.0,1.0,0.0,-0.0,2,0,2,2,2354,0.0,1.0,0.0,-0.0
PF06424,PF08163,6,15,2,4,13,2339,0.13,0.99,0.33,0.21,15,2,4,13,2339,0.13,0.99,0.33,0.21
PF04005,PF08423,20,67,8,12,59,2279,0.12,0.97,0.4,0.21,67,8,12,59,2279,0.12,0.97,0.4,0.21
PF01813,PF16054,12,8,1,11,7,2339,0.12,0.99,0.08,0.1,8,1,11,7,2339,0.12,0.99,0.08,0.1
PF15051,PF06702,3,22,2,1,20,2335,0.09,0.99,0.67,0.24,22,2,1,20,2335,0.09,0.99,0.67,0.24
PF06586,PF05309,4,4,4,0,0,2354,1.0,1.0,1.0,1.0,4,4,0,0,2354,1.0,1.0,1.0,1.0
PF02195,PF04736,12,3,0,12,3,2343,0.0,0.99,0.0,-0.0,3,0,12,3,2343,0.0,0.99,0.0,-0.0
PF09922,PF11306,0,0,0,0,0,2358,0,1.0,0,0,0,0,0,0,2358,0,1.0,0,0
PF01857,PF11934,5,8,5,0,3,2350,0.62,1.0,1.0,0.79,8,5,0,3,2350,0.62,1.0,1.0,0.79
PF07287,PF14330,18,5,5,13,0,2340,1.0,0.99,0.28,0.53,5,5,13,0,2340,1.0,0.99,0.28,0.53
PF06057,PF12191,0,0,0,0,0,2358,0,1.0,0,0,0,0,0,0,2358,0,1.0,0,0
PF08495,PF04300,5,11,1,4,10,2343,0.09,0.99,0.2,0.13,11,1,4,10,2343,0.09,0.99,0.2,0.13
PF16727,PF11626,4,11,0,4,11,2343,0.0,0.99,0.0,-0.0,11,0,4,11,2343,0.0,0.99,0.0,-0.0
PF10181,PF01632,4,10,0,4,10,2344,0.0,0.99,0.0,-0.0,10,0,4,10,2344,0.0,0.99,0.0,-0.0
PF15159,PF01316,3,5,0,3,5,2350,0.0,1.0,0.0,-0.0,5,0,3,5,2350,0.0,1.0,0.0,-0.0
PF06691,PF11130,2,0,0,2,0,2356,0,1.0,0.0,0,0,0,2,0,2356,0,1.0,0.0,0
PF04459,PF02217,0,4,0,0,4,2354,0.0,1.0,0,0,4,0,0,4,2354,0.0,1.0,0,0
PF01419,PF12044,24,9,0,24,9,2325,0.0,0.99,0.0,-0.01,9,0,24,9,2325,0.0,0.99,0.0,-0.01
PF07902,PF09365,4,3,0,4,3,2351,0.0,1.0,0.0,-0.0,3,0,4,3,2351,0.0,1.0,0.0,-0.0
PF00444,PF10244,16,9,2,14,7,2335,0.22,0.99,0.12,0.16,9,2,14,7,2335,0.22,0.99,0.12,0.16
PF13801,PF11316,0,0,0,0,0,2358,0,1.0,0,0,0,0,0,0,2358,0,1.0,0,0
PF10084,PF12608,0,0,0,0,0,2358,0,1.0,0,0,0,0,0,0,2358,0,1.0,0,0
PF16358,PF10554,2,0,0,2,0,2356,0,1.0,0.0,0,0,0,2,0,2356,0,1.0,0.0,0
PF04321,PF11803,27,3,2,25,1,2330,0.67,0.99,0.07,0.22,3,2,25,1,2330,0.67,0.99,0.07,0.22
PF02516,PF04516,31,16,8,23,8,2319,0.5,0.99,0.26,0.35,16,8,23,8,2319,0.5,0.99,0.26,0.35
PF03980,PF08561,9,13,1,8,12,2337,0.08,0.99,0.11,0.09,13,1,8,12,2337,0.08,0.99,0.11,0.09
PF08562,PF00188,0,96,0,0,96,2262,0.0,0.96,0,0,96,0,0,96,2262,0.0,0.96,0,0
PF11052,PF15622,4,0,0,4,0,2354,0,1.0,0.0,0,0,0,4,0,2354,0,1.0,0.0,0
PF08260,PF12276,0,0,0,0,0,2358,0,1.0,0,0,0,0,0,0,2358,0,1.0,0,0
PF14629,PF08740,15,28,4,11,24,2319,0.14,0.99,0.27,0.19,28,4,11,24,2319,0.14,0.99,0.27,0.19
PF06211,PF13096,4,2,0,4,2,2352,0.0,1.0,0.0,-0.0,2,0,4,2,2352,0.0,1.0,0.0,-0.0
PF14769,PF00212,6,4,0,6,4,2348,0.0,1.0,0.0,-0.0,4,0,6,4,2348,0.0,1.0,0.0,-0.0
PF04842,PF17034,6,12,0,6,12,2340,0.0,0.99,0.0,-0.0,12,0,6,12,2340,0.0,0.99,0.0,-0.0
PF12231,PF14952,8,4,0,8,4,2346,0.0,0.99,0.0,-0.0,4,0,8,4,2346,0.0,0.99,0.0,-0.0
PF15032,PF09108,0,0,0,0,0,2358,0,1.0,0,0,0,0,0,0,2358,0,1.0,0,0
PF07819,PF12612,20,27,6,14,21,2317,0.22,0.99,0.3,0.25,27,6,14,21,2317,0.22,0.99,0.3,0.25
PF01071,PF02843,25,21,21,4,0,2333,1.0,1.0,0.84,0.92,21,21,4,0,2333,1.0,1.0,0.84,0.92
PF16327,PF01578,2,9,2,0,7,2349,0.22,1.0,1.0,0.47,9,2,0,7,2349,0.22,1.0,1.0,0.47
PF06961,PF17017,0,0,0,0,0,2358,0,1.0,0,0,0,0,0,0,2358,0,1.0,0,0
PF14866,PF15085,0,2,0,0,2,2356,0.0,1.0,0,0,2,0,0,2,2356,0.0,1.0,0,0
PF04346,PF03244,5,3,0,5,3,2350,0.0,1.0,0.0,-0.0,3,0,5,3,2350,0.0,1.0,0.0,-0.0
PF14432,PF03178,77,40,21,56,19,2262,0.53,0.97,0.27,0.36,40,21,56,19,2262,0.53,0.97,0.27,0.36
PF02063,PF02399,3,3,0,3,3,2352,0.0,1.0,0.0,-0.0,3,0,3,3,2352,0.0,1.0,0.0,-0.0
PF00743,PF13434,103,32,24,79,8,2247,0.75,0.96,0.23,0.41,32,24,79,8,2247,0.75,0.96,0.23,0.41
PF14435,PF07954,0,3,0,0,3,2355,0.0,1.0,0,0,3,0,0,3,2355,0.0,1.0,0,0
PF10238,PF07139,10,8,1,9,7,2341,0.12,0.99,0.1,0.11,8,1,9,7,2341,0.12,0.99,0.1,0.11
PF01759,PF07703,27,21,13,14,8,2323,0.62,0.99,0.48,0.54,21,13,14,8,2323,0.62,0.99,0.48,0.54
PF00400,PF14077,519,5,5,514,0,1839,1.0,0.78,0.01,0.09,5,5,514,0,1839,1.0,0.78,0.01,0.09
PF12398,PF11883,7,9,7,0,2,2349,0.78,1.0,1.0,0.88,9,7,0,2,2349,0.78,1.0,1.0,0.88
PF05368,PF11807,81,23,17,64,6,2271,0.74,0.97,0.21,0.38,23,17,64,6,2271,0.74,0.97,0.21,0.38
PF04646,PF06830,9,0,0,9,0,2349,0,1.0,0.0,0,0,0,9,0,2349,0,1.0,0.0,0
PF08783,PF13696,9,13,9,0,4,2345,0.69,1.0,1.0,0.83,13,9,0,4,2345,0.69,1.0,1.0,0.83
PF16193,PF12002,27,27,27,0,0,2331,1.0,1.0,1.0,1.0,27,27,0,0,2331,1.0,1.0,1.0,1.0
PF13362,PF02108,0,0,0,0,0,2358,0,1.0,0,0,0,0,0,0,2358,0,1.0,0,0
PF05916,PF00484,39,35,16,23,19,2300,0.46,0.98,0.41,0.42,35,16,23,19,2300,0.46,0.98,0.41,0.42
PF07986,PF05334,43,6,1,42,5,2310,0.17,0.98,0.02,0.06,6,1,42,5,2310,0.17,0.98,0.02,0.06
PF02551,PF06798,0,0,0,0,0,2358,0,1.0,0,0,0,0,0,0,2358,0,1.0,0,0
PF05830,PF02654,3,4,0,3,4,2351,0.0,1.0,0.0,-0.0,4,0,3,4,2351,0.0,1.0,0.0,-0.0
PF15875,PF03033,0,40,0,0,40,2318,0.0,0.98,0,0,40,0,0,40,2318,0.0,0.98,0,0
PF14641,PF14632,14,15,13,1,2,2342,0.87,1.0,0.93,0.9,15,13,1,2,2342,0.87,1.0,0.93,0.9
PF13180,PF12812,60,1,1,59,0,2298,1.0,0.97,0.02,0.13,1,1,59,0,2298,1.0,0.97,0.02,0.13
PF09092,PF03971,2,4,0,2,4,2352,0.0,1.0,0.0,-0.0,4,0,2,4,2352,0.0,1.0,0.0,-0.0
PF07800,PF02186,7,24,0,7,24,2327,0.0,0.99,0.0,-0.01,24,0,7,24,2327,0.0,0.99,0.0,-0.01
PF10459,PF14871,2,2,0,2,2,2354,0.0,1.0,0.0,-0.0,2,0,2,2,2354,0.0,1.0,0.0,-0.0
PF06798,PF07499,0,5,0,0,5,2353,0.0,1.0,0,0,5,0,0,5,2353,0.0,1.0,0,0
PF08217,PF02765,20,17,2,18,15,2323,0.12,0.99,0.1,0.1,17,2,18,15,2323,0.12,0.99,0.1,0.1
PF16273,PF09032,0,3,0,0,3,2355,0.0,1.0,0,0,3,0,0,3,2355,0.0,1.0,0,0
PF01536,PF08132,20,5,3,17,2,2336,0.6,0.99,0.15,0.3,5,3,17,2,2336,0.6,0.99,0.15,0.3
PF07884,PF07896,12,10,1,11,9,2337,0.1,0.99,0.08,0.09,10,1,11,9,2337,0.1,0.99,0.08,0.09
PF02634,PF12931,1,25,0,1,25,2332,0.0,0.99,0.0,-0.0,25,0,1,25,2332,0.0,0.99,0.0,-0.0
PF02865,PF01017,6,6,4,2,2,2350,0.67,1.0,0.67,0.67,6,4,2,2,2350,0.67,1.0,0.67,0.67
PF11650,PF14322,0,0,0,0,0,2358,0,1.0,0,0,0,0,0,0,2358,0,1.0,0,0
PF04791,PF04859,36,6,2,34,4,2318,0.33,0.98,0.06,0.13,6,2,34,4,2318,0.33,0.98,0.06,0.13
PF08195,PF05811,0,8,0,0,8,2350,0.0,1.0,0,0,8,0,0,8,2350,0.0,1.0,0,0
PF17193,PF01312,0,3,0,0,3,2355,0.0,1.0,0,0,3,0,0,3,2355,0.0,1.0,0,0
PF08658,PF13892,21,28,7,14,21,2316,0.25,0.99,0.33,0.28,28,7,14,21,2316,0.25,0.99,0.33,0.28
PF04378,PF09611,4,0,0,4,0,2354,0,1.0,0.0,0,0,0,4,0,2354,0,1.0,0.0,0
PF13640,PF08336,77,20,17,60,3,2278,0.85,0.97,0.22,0.43,20,17,60,3,2278,0.85,0.97,0.22,0.43
PF07248,PF10340,2,2,2,0,0,2356,1.0,1.0,1.0,1.0,2,2,0,0,2356,1.0,1.0,1.0,1.0
PF08549,PF09775,9,3,0,9,3,2346,0.0,0.99,0.0,-0.0,3,0,9,3,2346,0.0,0.99,0.0,-0.0
PF11577,PF16574,12,3,0,12,3,2343,0.0,0.99,0.0,-0.0,3,0,12,3,2343,0.0,0.99,0.0,-0.0
PF01296,PF06540,2,2,2,0,0,2356,1.0,1.0,1.0,1.0,2,2,0,0,2356,1.0,1.0,1.0,1.0
PF06476,PF10118,4,6,0,4,6,2348,0.0,1.0,0.0,-0.0,6,0,4,6,2348,0.0,1.0,0.0,-0.0
PF01311,PF01752,3,4,0,3,4,2351,0.0,1.0,0.0,-0.0,4,0,3,4,2351,0.0,1.0,0.0,-0.0
PF12100,PF11214,0,0,0,0,0,2358,0,1.0,0,0,0,0,0,0,2358,0,1.0,0,0
PF15659,PF16804,0,0,0,0,0,2358,0,1.0,0,0,0,0,0,0,2358,0,1.0,0,0
PF02057,PF10285,2,0,0,2,0,2356,0,1.0,0.0,0,0,0,2,0,2356,0,1.0,0.0,0
PF07492,PF01204,19,45,19,0,26,2313,0.42,0.99,1.0,0.65,45,19,0,26,2313,0.42,0.99,1.0,0.65
PF15441,PF15720,3,2,2,1,0,2355,1.0,1.0,0.67,0.82,2,2,1,0,2355,1.0,1.0,0.67,0.82
PF08596,PF12490,13,9,2,11,7,2338,0.22,0.99,0.15,0.18,9,2,11,7,2338,0.22,0.99,0.15,0.18
PF05028,PF10257,31,23,7,24,16,2311,0.3,0.98,0.23,0.25,23,7,24,16,2311,0.3,0.98,0.23,0.25
PF02922,PF02806,31,37,25,6,12,2315,0.68,0.99,0.81,0.73,37,25,6,12,2315,0.68,0.99,0.81,0.73
PF04572,PF04488,7,52,7,0,45,2306,0.13,0.98,1.0,0.36,52,7,0,45,2306,0.13,0.98,1.0,0.36
PF12539,PF06887,14,0,0,14,0,2344,0,0.99,0.0,0,0,0,14,0,2344,0,0.99,0.0,0
PF11543,PF05020,13,18,10,3,8,2337,0.56,1.0,0.77,0.65,18,10,3,8,2337,0.56,1.0,0.77,0.65
PF05964,PF05965,31,32,29,2,3,2324,0.91,1.0,0.94,0.92,32,29,2,3,2324,0.91,1.0,0.94,0.92
PF00507,PF00499,10,6,3,7,3,2345,0.5,1.0,0.3,0.39,6,3,7,3,2345,0.5,1.0,0.3,0.39
PF06676,PF01750,0,2,0,0,2,2356,0.0,1.0,0,0,2,0,0,2,2356,0.0,1.0,0,0
PF05612,PF04901,2,6,0,2,6,2350,0.0,1.0,0.0,-0.0,6,0,2,6,2350,0.0,1.0,0.0,-0.0
PF06384,PF13096,8,2,0,8,2,2348,0.0,1.0,0.0,-0.0,2,0,8,2,2348,0.0,1.0,0.0,-0.0
PF14050,PF04968,2,21,0,2,21,2335,0.0,0.99,0.0,-0.0,21,0,2,21,2335,0.0,0.99,0.0,-0.0
PF13405,PF00036,65,66,33,32,33,2260,0.5,0.97,0.51,0.49,66,33,32,33,2260,0.5,0.97,0.51,0.49
PF12516,PF11822,0,13,0,0,13,2345,0.0,0.99,0,0,13,0,0,13,2345,0.0,0.99,0,0
PF08996,PF12254,20,17,16,4,1,2337,0.94,1.0,0.8,0.87,17,16,4,1,2337,0.94,1.0,0.8,0.87
PF09678,PF08274,2,0,0,2,0,2356,0,1.0,0.0,0,0,0,2,0,2356,0,1.0,0.0,0
PF06445,PF09397,8,7,1,7,6,2344,0.14,0.99,0.12,0.13,7,1,7,6,2344,0.14,0.99,0.12,0.13
PF03383,PF11581,0,0,0,0,0,2358,0,1.0,0,0,0,0,0,0,2358,0,1.0,0,0
PF08388,PF13655,9,9,9,0,0,2349,1.0,1.0,1.0,1.0,9,9,0,0,2349,1.0,1.0,1.0,1.0
PF06711,PF05336,2,6,2,0,4,2352,0.33,1.0,1.0,0.58,6,2,0,4,2352,0.33,1.0,1.0,0.58
PF16282,PF14958,16,0,0,16,0,2342,0,0.99,0.0,0,0,0,16,0,2342,0,0.99,0.0,0
PF08813,PF05125,0,1,0,0,1,2357,0.0,1.0,0,0,1,0,0,1,2357,0.0,1.0,0,0
PF15085,PF14866,2,0,0,2,0,2356,0,1.0,0.0,0,0,0,2,0,2356,0,1.0,0.0,0
PF14981,PF08334,0,5,0,0,5,2353,0.0,1.0,0,0,5,0,0,5,2353,0.0,1.0,0,0
PF08499,PF08629,3,3,2,1,1,2354,0.67,1.0,0.67,0.67,3,2,1,1,2354,0.67,1.0,0.67,0.67
PF13054,PF03748,0,3,0,0,3,2355,0.0,1.0,0,0,3,0,0,3,2355,0.0,1.0,0,0
PF13166,PF10375,0,1,0,0,1,2357,0.0,1.0,0,0,1,0,0,1,2357,0.0,1.0,0,0
PF15709,PF06890,0,0,0,0,0,2358,0,1.0,0,0,0,0,0,0,2358,0,1.0,0,0
PF04625,PF06890,4,0,0,4,0,2354,0,1.0,0.0,0,0,0,4,0,2354,0,1.0,0.0,0
PF07882,PF02952,3,3,3,0,0,2355,1.0,1.0,1.0,1.0,3,3,0,0,2355,1.0,1.0,1.0,1.0
PF08385,PF08393,52,80,48,4,32,2274,0.6,0.98,0.92,0.74,80,48,4,32,2274,0.6,0.98,0.92,0.74
PF15964,PF16704,2,3,0,2,3,2353,0.0,1.0,0.0,-0.0,3,0,2,3,2353,0.0,1.0,0.0,-0.0
PF00669,PF01752,2,4,0,2,4,2352,0.0,1.0,0.0,-0.0,4,0,2,4,2352,0.0,1.0,0.0,-0.0
PF06328,PF09067,7,5,1,6,4,2347,0.2,1.0,0.14,0.17,5,1,6,4,2347,0.2,1.0,0.14,0.17
PF06390,PF15708,4,0,0,4,0,2354,0,1.0,0.0,0,0,0,4,0,2354,0,1.0,0.0,0
PF02927,PF00942,3,3,2,1,1,2354,0.67,1.0,0.67,0.67,3,2,1,1,2354,0.67,1.0,0.67,0.67
PF15472,PF15175,0,0,0,0,0,2358,0,1.0,0,0,0,0,0,0,2358,0,1.0,0,0
PF04418,PF15003,11,5,1,10,4,2343,0.2,0.99,0.09,0.13,5,1,10,4,2343,0.2,0.99,0.09,0.13
PF08530,PF02129,27,33,27,0,6,2325,0.82,1.0,1.0,0.9,33,27,0,6,2325,0.82,1.0,1.0,0.9
PF08919,PF09027,13,4,3,10,1,2344,0.75,1.0,0.23,0.41,4,3,10,1,2344,0.75,1.0,0.23,0.41
PF01883,PF10609,27,38,3,24,35,2296,0.08,0.97,0.11,0.08,38,3,24,35,2296,0.08,0.97,0.11,0.08
PF11429,PF05316,1,4,0,1,4,2353,0.0,1.0,0.0,-0.0,4,0,1,4,2353,0.0,1.0,0.0,-0.0
PF17065,PF08991,18,11,5,13,6,2334,0.45,0.99,0.28,0.35,11,5,13,6,2334,0.45,0.99,0.28,0.35
PF00246,PF02244,89,38,38,51,0,2269,1.0,0.98,0.43,0.65,38,38,51,0,2269,1.0,0.98,0.43,0.65
PF04676,PF04677,43,41,41,2,0,2315,1.0,1.0,0.95,0.98,41,41,2,0,2315,1.0,1.0,0.95,0.98
PF01798,PF08156,49,49,38,11,11,2298,0.78,0.99,0.78,0.77,49,38,11,11,2298,0.78,0.99,0.78,0.77
PF02789,PF00883,34,46,32,2,14,2310,0.7,0.99,0.94,0.81,46,32,2,14,2310,0.7,0.99,0.94,0.81
PF08400,PF15068,0,3,0,0,3,2355,0.0,1.0,0,0,3,0,0,3,2355,0.0,1.0,0,0
PF04960,PF16553,9,4,1,8,3,2346,0.25,1.0,0.11,0.16,4,1,8,3,2346,0.25,1.0,0.11,0.16
PF03670,PF03488,10,2,0,10,2,2346,0.0,0.99,0.0,-0.0,2,0,10,2,2346,0.0,0.99,0.0,-0.0
PF09040,PF12515,9,11,3,6,8,2341,0.27,0.99,0.33,0.3,11,3,6,8,2341,0.27,0.99,0.33,0.3
PF02200,PF15997,3,0,0,3,0,2355,0,1.0,0.0,0,0,0,3,0,2355,0,1.0,0.0,0
PF08824,PF12026,1,5,1,0,4,2353,0.2,1.0,1.0,0.45,5,1,0,4,2353,0.2,1.0,1.0,0.45
PF01758,PF07542,20,22,6,14,16,2322,0.27,0.99,0.3,0.28,22,6,14,16,2322,0.27,0.99,0.3,0.28
PF07705,PF00419,0,7,0,0,7,2351,0.0,1.0,0,0,7,0,0,7,2351,0.0,1.0,0,0
PF12353,PF12220,28,6,4,24,2,2328,0.67,0.99,0.14,0.31,6,4,24,2,2328,0.67,0.99,0.14,0.31
PF15669,PF06989,0,1,0,0,1,2357,0.0,1.0,0,0,1,0,0,1,2357,0.0,1.0,0,0
PF13876,PF07505,1,0,0,1,0,2357,0,1.0,0.0,0,0,0,1,0,2357,0,1.0,0.0,0
PF11603,PF04428,2,7,0,2,7,2349,0.0,1.0,0.0,-0.0,7,0,2,7,2349,0.0,1.0,0.0,-0.0
PF16556,PF16742,4,0,0,4,0,2354,0,1.0,0.0,0,0,0,4,0,2354,0,1.0,0.0,0
PF01112,PF00755,43,56,17,26,39,2276,0.3,0.97,0.4,0.33,56,17,26,39,2276,0.3,0.97,0.4,0.33
PF07539,PF17034,17,12,2,15,10,2331,0.17,0.99,0.12,0.13,12,2,15,10,2331,0.17,0.99,0.12,0.13
PF07405,PF01913,0,2,0,0,2,2356,0.0,1.0,0,0,2,0,0,2,2356,0.0,1.0,0,0
PF13584,PF14479,0,22,0,0,22,2336,0.0,0.99,0,0,22,0,0,22,2336,0.0,0.99,0,0
PF13618,PF08848,0,0,0,0,0,2358,0,1.0,0,0,0,0,0,0,2358,0,1.0,0,0
PF10223,PF06910,6,2,1,5,1,2351,0.5,1.0,0.17,0.29,2,1,5,1,2351,0.5,1.0,0.17,0.29
PF15045,PF10104,0,13,0,0,13,2345,0.0,0.99,0,0,13,0,0,13,2345,0.0,0.99,0,0
PF07004,PF04693,28,0,0,28,0,2330,0,0.99,0.0,0,0,0,28,0,2330,0,0.99,0.0,0
PF15412,PF11116,10,1,0,10,1,2347,0.0,1.0,0.0,-0.0,1,0,10,1,2347,0.0,1.0,0.0,-0.0
PF07891,PF15235,4,1,0,4,1,2353,0.0,1.0,0.0,-0.0,1,0,4,1,2353,0.0,1.0,0.0,-0.0
PF15814,PF06729,0,2,0,0,2,2356,0.0,1.0,0,0,2,0,0,2,2356,0.0,1.0,0,0
PF15182,PF15680,1,0,0,1,0,2357,0,1.0,0.0,0,0,0,1,0,2357,0,1.0,0.0,0
PF06009,PF06008,6,8,6,0,2,2350,0.75,1.0,1.0,0.87,8,6,0,2,2350,0.75,1.0,1.0,0.87
PF02632,PF01668,10,5,0,10,5,2343,0.0,0.99,0.0,-0.0,5,0,10,5,2343,0.0,0.99,0.0,-0.0
PF03776,PF02427,11,3,0,11,3,2344,0.0,0.99,0.0,-0.0,3,0,11,3,2344,0.0,0.99,0.0,-0.0
PF07915,PF05672,30,13,6,24,7,2321,0.46,0.99,0.2,0.3,13,6,24,7,2321,0.46,0.99,0.2,0.3
PF00610,PF00618,69,77,26,43,51,2238,0.34,0.96,0.38,0.34,77,26,43,51,2238,0.34,0.96,0.38,0.34
PF06247,PF14911,2,2,0,2,2,2354,0.0,1.0,0.0,-0.0,2,0,2,2,2354,0.0,1.0,0.0,-0.0
PF08661,PF05912,18,7,3,15,4,2336,0.43,0.99,0.17,0.26,7,3,15,4,2336,0.43,0.99,0.17,0.26
PF01067,PF00648,72,91,65,7,26,2260,0.71,0.99,0.9,0.8,91,65,7,26,2260,0.71,0.99,0.9,0.8
PF05443,PF11862,4,3,0,4,3,2351,0.0,1.0,0.0,-0.0,3,0,4,3,2351,0.0,1.0,0.0,-0.0
PF08267,PF01717,6,24,6,0,18,2334,0.25,0.99,1.0,0.5,24,6,0,18,2334,0.25,0.99,1.0,0.5
PF15077,PF08601,4,7,3,1,4,2350,0.43,1.0,0.75,0.57,7,3,1,4,2350,0.43,1.0,0.75,0.57
PF17066,PF09428,3,4,0,3,4,2351,0.0,1.0,0.0,-0.0,4,0,3,4,2351,0.0,1.0,0.0,-0.0
PF13116,PF00116,14,29,13,1,16,2328,0.45,0.99,0.93,0.64,29,13,1,16,2328,0.45,0.99,0.93,0.64
PF01075,PF10446,4,1,0,4,1,2353,0.0,1.0,0.0,-0.0,1,0,4,1,2353,0.0,1.0,0.0,-0.0
PF00164,PF00177,21,50,10,11,40,2297,0.2,0.98,0.48,0.3,50,10,11,40,2297,0.2,0.98,0.48,0.3
PF03923,PF16210,4,2,0,4,2,2352,0.0,1.0,0.0,-0.0,2,0,4,2,2352,0.0,1.0,0.0,-0.0
PF10291,PF08683,15,13,1,14,12,2331,0.08,0.99,0.07,0.07,13,1,14,12,2331,0.08,0.99,0.07,0.07
PF17110,PF15664,0,0,0,0,0,2358,0,1.0,0,0,0,0,0,0,2358,0,1.0,0,0
PF12388,PF15207,0,3,0,0,3,2355,0.0,1.0,0,0,3,0,0,3,2355,0.0,1.0,0,0
PF10912,PF15847,1,4,0,1,4,2353,0.0,1.0,0.0,-0.0,4,0,1,4,2353,0.0,1.0,0.0,-0.0
PF14714,PF15086,4,3,1,3,2,2352,0.33,1.0,0.25,0.29,3,1,3,2,2352,0.33,1.0,0.25,0.29
PF07657,PF01414,11,28,11,0,17,2330,0.39,0.99,1.0,0.62,28,11,0,17,2330,0.39,0.99,1.0,0.62
PF12424,PF12409,18,26,6,12,20,2320,0.23,0.99,0.33,0.27,26,6,12,20,2320,0.23,0.99,0.33,0.27
PF12407,PF10525,1,5,1,0,4,2353,0.2,1.0,1.0,0.45,5,1,0,4,2353,0.2,1.0,1.0,0.45
PF01076,PF10979,3,0,0,3,0,2355,0,1.0,0.0,0,0,0,3,0,2355,0,1.0,0.0,0
PF16562,PF15625,10,5,1,9,4,2344,0.2,0.99,0.1,0.14,5,1,9,4,2344,0.2,0.99,0.1,0.14
PF01610,PF14690,3,0,0,3,0,2355,0,1.0,0.0,0,0,0,3,0,2355,0,1.0,0.0,0
PF13276,PF02022,14,10,1,13,9,2335,0.1,0.99,0.07,0.08,10,1,13,9,2335,0.1,0.99,0.07,0.08
PF05973,PF00695,0,1,0,0,1,2357,0.0,1.0,0,0,1,0,0,1,2357,0.0,1.0,0,0
PF02547,PF03401,15,2,0,15,2,2341,0.0,0.99,0.0,-0.0,2,0,15,2,2341,0.0,0.99,0.0,-0.0
PF11946,PF00114,0,2,0,0,2,2356,0.0,1.0,0,0,2,0,0,2,2356,0.0,1.0,0,0
PF10348,PF10355,16,11,11,5,0,2342,1.0,1.0,0.69,0.83,11,11,5,0,2342,1.0,1.0,0.69,0.83
PF13411,PF07739,7,2,2,5,0,2351,1.0,1.0,0.29,0.53,2,2,5,0,2351,1.0,1.0,0.29,0.53
PF17121,PF14824,7,16,0,7,16,2335,0.0,0.99,0.0,-0.0,16,0,7,16,2335,0.0,0.99,0.0,-0.0
PF15862,PF08578,3,8,1,2,7,2348,0.12,1.0,0.33,0.2,8,1,2,7,2348,0.12,1.0,0.33,0.2
PF08623,PF04048,15,25,0,15,25,2318,0.0,0.98,0.0,-0.01,25,0,15,25,2318,0.0,0.98,0.0,-0.01
PF15119,PF14866,4,0,0,4,0,2354,0,1.0,0.0,0,0,0,4,0,2354,0,1.0,0.0,0
PF09445,PF12237,31,8,2,29,6,2321,0.25,0.99,0.06,0.12,8,2,29,6,2321,0.25,0.99,0.06,0.12
PF08698,PF10173,32,9,4,28,5,2321,0.44,0.99,0.12,0.23,9,4,28,5,2321,0.44,0.99,0.12,0.23
PF09986,PF05124,0,0,0,0,0,2358,0,1.0,0,0,0,0,0,0,2358,0,1.0,0,0
PF07347,PF11029,13,5,0,13,5,2340,0.0,0.99,0.0,-0.0,5,0,13,5,2340,0.0,0.99,0.0,-0.0
PF02145,PF03542,27,9,9,18,0,2331,1.0,0.99,0.33,0.58,9,9,18,0,2331,1.0,0.99,0.33,0.58
PF11265,PF11232,8,6,4,4,2,2348,0.67,1.0,0.5,0.58,6,4,4,2,2348,0.67,1.0,0.5,0.58
PF00902,PF00159,14,3,0,14,3,2341,0.0,0.99,0.0,-0.0,3,0,14,3,2341,0.0,0.99,0.0,-0.0
PF15231,PF10856,0,0,0,0,0,2358,0,1.0,0,0,0,0,0,0,2358,0,1.0,0,0
PF11736,PF03922,8,2,1,7,1,2349,0.5,1.0,0.12,0.25,2,1,7,1,2349,0.5,1.0,0.12,0.25
PF12633,PF16449,6,0,0,6,0,2352,0,1.0,0.0,0,0,0,6,0,2352,0,1.0,0.0,0
PF09202,PF12169,24,1,0,24,1,2333,0.0,0.99,0.0,-0.0,1,0,24,1,2333,0.0,0.99,0.0,-0.0
PF15165,PF15302,0,0,0,0,0,2358,0,1.0,0,0,0,0,0,0,2358,0,1.0,0,0
PF02750,PF10581,0,0,0,0,0,2358,0,1.0,0,0,0,0,0,0,2358,0,1.0,0,0
PF07368,PF15055,0,0,0,0,0,2358,0,1.0,0,0,0,0,0,0,2358,0,1.0,0,0
PF12411,PF16347,3,16,3,0,13,2342,0.19,0.99,1.0,0.43,16,3,0,13,2342,0.19,0.99,1.0,0.43
PF02028,PF04380,3,0,0,3,0,2355,0,1.0,0.0,0,0,0,3,0,2355,0,1.0,0.0,0
PF08757,PF10042,6,4,0,6,4,2348,0.0,1.0,0.0,-0.0,4,0,6,4,2348,0.0,1.0,0.0,-0.0
PF13689,PF12019,0,4,0,0,4,2354,0.0,1.0,0,0,4,0,0,4,2354,0.0,1.0,0,0
PF06701,PF11515,31,16,9,22,7,2320,0.56,0.99,0.29,0.4,16,9,22,7,2320,0.56,0.99,0.29,0.4
PF08257,PF02951,1,6,0,1,6,2351,0.0,1.0,0.0,-0.0,6,0,1,6,2351,0.0,1.0,0.0,-0.0
PF15387,PF05838,3,0,0,3,0,2355,0,1.0,0.0,0,0,0,3,0,2355,0,1.0,0.0,0
PF08639,PF02116,6,6,1,5,5,2347,0.17,1.0,0.17,0.16,6,1,5,5,2347,0.17,1.0,0.17,0.16
PF04906,PF15396,8,4,1,7,3,2347,0.25,1.0,0.12,0.17,4,1,7,3,2347,0.25,1.0,0.12,0.17
PF06971,PF00549,4,45,2,2,43,2311,0.04,0.98,0.5,0.14,45,2,2,43,2311,0.04,0.98,0.5,0.14
PF07584,PF01208,0,22,0,0,22,2336,0.0,0.99,0,0,22,0,0,22,2336,0.0,0.99,0,0
PF07919,PF12742,9,6,5,4,1,2348,0.83,1.0,0.56,0.68,6,5,4,1,2348,0.83,1.0,0.56,0.68
PF09510,PF08795,4,0,0,4,0,2354,0,1.0,0.0,0,0,0,4,0,2354,0,1.0,0.0,0
PF02101,PF08228,9,4,0,9,4,2345,0.0,0.99,0.0,-0.0,4,0,9,4,2345,0.0,0.99,0.0,-0.0
PF00868,PF00927,10,14,10,0,4,2344,0.71,1.0,1.0,0.84,14,10,0,4,2344,0.71,1.0,1.0,0.84
PF15470,PF00936,0,0,0,0,0,2358,0,1.0,0,0,0,0,0,0,2358,0,1.0,0,0
PF06373,PF06446,7,2,0,7,2,2349,0.0,1.0,0.0,-0.0,2,0,7,2,2349,0.0,1.0,0.0,-0.0
PF04515,PF01757,25,56,11,14,45,2288,0.2,0.97,0.44,0.28,56,11,14,45,2288,0.2,0.97,0.44,0.28
PF14547,PF14159,3,0,0,3,0,2355,0,1.0,0.0,0,0,0,3,0,2355,0,1.0,0.0,0
PF11794,PF03241,0,0,0,0,0,2358,0,1.0,0,0,0,0,0,0,2358,0,1.0,0,0
PF07746,PF11800,1,0,0,1,0,2357,0,1.0,0.0,0,0,0,1,0,2357,0,1.0,0.0,0
PF16621,PF08944,2,2,2,0,0,2356,1.0,1.0,1.0,1.0,2,2,0,0,2356,1.0,1.0,1.0,1.0
PF06911,PF10505,34,16,4,30,12,2312,0.25,0.98,0.12,0.16,16,4,30,12,2312,0.25,0.98,0.12,0.16
PF12108,PF11931,11,11,9,2,2,2345,0.82,1.0,0.82,0.82,11,9,2,2,2345,0.82,1.0,0.82,0.82
PF16472,PF00058,10,49,10,0,39,2309,0.2,0.98,1.0,0.45,49,10,0,39,2309,0.2,0.98,1.0,0.45
PF04417,PF05100,4,0,0,4,0,2354,0,1.0,0.0,0,0,0,4,0,2354,0,1.0,0.0,0
PF02952,PF07881,3,3,3,0,0,2355,1.0,1.0,1.0,1.0,3,3,0,0,2355,1.0,1.0,1.0,1.0
PF05060,PF04088,7,7,2,5,5,2346,0.29,1.0,0.29,0.28,7,2,5,5,2346,0.29,1.0,0.29,0.28
PF03529,PF12284,4,1,1,3,0,2354,1.0,1.0,0.25,0.5,1,1,3,0,2354,1.0,1.0,0.25,0.5
PF02173,PF12498,9,3,3,6,0,2349,1.0,1.0,0.33,0.58,3,3,6,0,2349,1.0,1.0,0.33,0.58
PF15651,PF14858,0,1,0,0,1,2357,0.0,1.0,0,0,1,0,0,1,2357,0.0,1.0,0,0
PF03141,PF05097,31,9,2,29,7,2320,0.22,0.98,0.06,0.11,9,2,29,7,2320,0.22,0.98,0.06,0.11
PF01366,PF05343,1,16,0,1,16,2341,0.0,0.99,0.0,-0.0,16,0,1,16,2341,0.0,0.99,0.0,-0.0
PF12744,PF16577,1,4,1,0,3,2354,0.25,1.0,1.0,0.5,4,1,0,3,2354,0.25,1.0,1.0,0.5
PF15808,PF16700,6,3,0,6,3,2349,0.0,1.0,0.0,-0.0,3,0,6,3,2349,0.0,1.0,0.0,-0.0
PF08687,PF08688,7,2,2,5,0,2351,1.0,1.0,0.29,0.53,2,2,5,0,2351,1.0,1.0,0.29,0.53
PF16004,PF14492,18,72,10,8,62,2278,0.14,0.97,0.56,0.27,72,10,8,62,2278,0.14,0.97,0.56,0.27
PF02834,PF14573,0,0,0,0,0,2358,0,1.0,0,0,0,0,0,0,2358,0,1.0,0,0
PF09421,PF14474,10,6,0,10,6,2342,0.0,0.99,0.0,-0.0,6,0,10,6,2342,0.0,0.99,0.0,-0.0
PF06203,PF00320,26,75,13,13,62,2270,0.17,0.97,0.5,0.28,75,13,13,62,2270,0.17,0.97,0.5,0.28
PF06505,PF06070,0,1,0,0,1,2357,0.0,1.0,0,0,1,0,0,1,2357,0.0,1.0,0,0
PF04941,PF12477,3,0,0,3,0,2355,0,1.0,0.0,0,0,0,3,0,2355,0,1.0,0.0,0
PF07909,PF05295,0,0,0,0,0,2358,0,1.0,0,0,0,0,0,0,2358,0,1.0,0,0
PF06737,PF02557,0,3,0,0,3,2355,0.0,1.0,0,0,3,0,0,3,2355,0.0,1.0,0,0
PF05473,PF12453,7,4,1,6,3,2348,0.25,1.0,0.14,0.19,4,1,6,3,2348,0.25,1.0,0.14,0.19
PF10974,PF01514,0,3,0,0,3,2355,0.0,1.0,0,0,3,0,0,3,2355,0.0,1.0,0,0
PF08347,PF13775,1,5,0,1,5,2352,0.0,1.0,0.0,-0.0,5,0,1,5,2352,0.0,1.0,0.0,-0.0
PF01790,PF11751,5,0,0,5,0,2353,0,1.0,0.0,0,0,0,5,0,2353,0,1.0,0.0,0
PF09412,PF00889,21,18,5,16,13,2324,0.28,0.99,0.24,0.25,18,5,16,13,2324,0.28,0.99,0.24,0.25
PF14862,PF15754,2,3,0,2,3,2353,0.0,1.0,0.0,-0.0,3,0,2,3,2353,0.0,1.0,0.0,-0.0
PF15133,PF17076,4,1,0,4,1,2353,0.0,1.0,0.0,-0.0,1,0,4,1,2353,0.0,1.0,0.0,-0.0
PF12490,PF08159,9,21,4,5,17,2332,0.19,0.99,0.44,0.29,21,4,5,17,2332,0.19,0.99,0.44,0.29
PF02425,PF17078,0,3,0,0,3,2355,0.0,1.0,0,0,3,0,0,3,2355,0.0,1.0,0,0
PF12422,PF05041,3,11,0,3,11,2344,0.0,0.99,0.0,-0.0,11,0,3,11,2344,0.0,0.99,0.0,-0.0
PF09441,PF15624,1,5,0,1,5,2352,0.0,1.0,0.0,-0.0,5,0,1,5,2352,0.0,1.0,0.0,-0.0
PF09343,PF15175,3,0,0,3,0,2355,0,1.0,0.0,0,0,0,3,0,2355,0,1.0,0.0,0
PF03979,PF04546,9,6,6,3,0,2349,1.0,1.0,0.67,0.82,6,6,3,0,2349,1.0,1.0,0.67,0.82
PF00431,PF01382,131,4,4,127,0,2227,1.0,0.95,0.03,0.17,4,4,127,0,2227,1.0,0.95,0.03,0.17
PF15776,PF15343,4,0,0,4,0,2354,0,1.0,0.0,0,0,0,4,0,2354,0,1.0,0.0,0
PF04237,PF03840,0,3,0,0,3,2355,0.0,1.0,0,0,3,0,0,3,2355,0.0,1.0,0,0
PF11789,PF05191,13,23,5,8,18,2327,0.22,0.99,0.38,0.28,23,5,8,18,2327,0.22,0.99,0.38,0.28
PF02883,PF09066,35,14,7,28,7,2316,0.5,0.99,0.2,0.31,14,7,28,7,2316,0.5,0.99,0.2,0.31
PF04755,PF14547,28,3,0,28,3,2327,0.0,0.99,0.0,-0.0,3,0,28,3,2327,0.0,0.99,0.0,-0.0
PF12845,PF13870,13,5,1,12,4,2341,0.2,0.99,0.08,0.12,5,1,12,4,2341,0.2,0.99,0.08,0.12
PF13280,PF09012,2,5,0,2,5,2351,0.0,1.0,0.0,-0.0,5,0,2,5,2351,0.0,1.0,0.0,-0.0
PF16018,PF10193,1,23,0,1,23,2334,0.0,0.99,0.0,-0.0,23,0,1,23,2334,0.0,0.99,0.0,-0.0
PF10632,PF09072,2,16,2,0,14,2342,0.12,0.99,1.0,0.35,16,2,0,14,2342,0.12,0.99,1.0,0.35
PF03938,PF03090,11,0,0,11,0,2347,0,1.0,0.0,0,0,0,11,0,2347,0,1.0,0.0,0
PF01863,PF06114,10,3,3,7,0,2348,1.0,1.0,0.3,0.55,3,3,7,0,2348,1.0,1.0,0.3,0.55
PF00161,PF00652,19,84,9,10,75,2264,0.11,0.96,0.47,0.21,84,9,10,75,2264,0.11,0.96,0.47,0.21
PF14645,PF05399,9,1,1,8,0,2349,1.0,1.0,0.11,0.33,1,1,8,0,2349,1.0,1.0,0.11,0.33
PF12746,PF08186,0,1,0,0,1,2357,0.0,1.0,0,0,1,0,0,1,2357,0.0,1.0,0,0
PF16582,PF02776,2,44,2,0,42,2314,0.05,0.98,1.0,0.21,44,2,0,42,2314,0.05,0.98,1.0,0.21
PF01661,PF13716,64,52,24,40,28,2266,0.46,0.97,0.38,0.4,52,24,40,28,2266,0.46,0.97,0.38,0.4
PF16679,PF08839,12,18,10,2,8,2338,0.56,1.0,0.83,0.68,18,10,2,8,2338,0.56,1.0,0.83,0.68
PF04133,PF03071,9,21,3,6,18,2331,0.14,0.99,0.33,0.21,21,3,6,18,2331,0.14,0.99,0.33,0.21
PF13371,PF08755,1,20,1,0,19,2338,0.05,0.99,1.0,0.22,20,1,0,19,2338,0.05,0.99,1.0,0.22
PF13537,PF00733,28,39,22,6,17,2313,0.56,0.99,0.79,0.66,39,22,6,17,2313,0.56,0.99,0.79,0.66
PF09058,PF10600,5,3,1,4,2,2351,0.33,1.0,0.2,0.26,3,1,4,2,2351,0.33,1.0,0.2,0.26
PF02380,PF12729,0,3,0,0,3,2355,0.0,1.0,0,0,3,0,0,3,2355,0.0,1.0,0,0
PF10351,PF10344,16,3,3,13,0,2342,1.0,0.99,0.19,0.43,3,3,13,0,2342,1.0,0.99,0.19,0.43
PF01183,PF09631,16,16,2,14,14,2328,0.12,0.99,0.12,0.12,16,2,14,14,2328,0.12,0.99,0.12,0.12
PF07223,PF12049,1,0,0,1,0,2357,0,1.0,0.0,0,0,0,1,0,2357,0,1.0,0.0,0
PF05231,PF04917,5,2,0,5,2,2351,0.0,1.0,0.0,-0.0,2,0,5,2,2351,0.0,1.0,0.0,-0.0
PF10634,PF10080,1,1,1,0,0,2357,1.0,1.0,1.0,1.0,1,1,0,0,2357,1.0,1.0,1.0,1.0
PF06360,PF15091,0,2,0,0,2,2356,0.0,1.0,0,0,2,0,0,2,2356,0.0,1.0,0,0
PF08370,PF06422,12,27,7,5,20,2326,0.26,0.99,0.58,0.38,27,7,5,20,2326,0.26,0.99,0.58,0.38
PF01031,PF00350,86,126,76,10,50,2222,0.6,0.97,0.88,0.72,126,76,10,50,2222,0.6,0.97,0.88,0.72
PF07896,PF07816,10,0,0,10,0,2348,0,1.0,0.0,0,0,0,10,0,2348,0,1.0,0.0,0
PF04783,PF14818,11,12,5,6,7,2340,0.42,0.99,0.45,0.43,12,5,6,7,2340,0.42,0.99,0.45,0.43
PF15246,PF10377,1,8,0,1,8,2349,0.0,1.0,0.0,-0.0,8,0,1,8,2349,0.0,1.0,0.0,-0.0
PF03478,PF07734,54,26,11,43,15,2289,0.42,0.98,0.2,0.28,26,11,43,15,2289,0.42,0.98,0.2,0.28
PF06516,PF06108,8,12,0,8,12,2338,0.0,0.99,0.0,-0.0,12,0,8,12,2338,0.0,0.99,0.0,-0.0
PF10529,PF14920,1,0,0,1,0,2357,0,1.0,0.0,0,0,0,1,0,2357,0,1.0,0.0,0
PF08346,PF06745,0,0,0,0,0,2358,0,1.0,0,0,0,0,0,0,2358,0,1.0,0,0
PF01643,PF12590,2,2,2,0,0,2356,1.0,1.0,1.0,1.0,2,2,0,0,2356,1.0,1.0,1.0,1.0
PF11493,PF09252,0,1,0,0,1,2357,0.0,1.0,0,0,1,0,0,1,2357,0.0,1.0,0,0
PF01422,PF13902,25,15,6,19,9,2324,0.4,0.99,0.24,0.3,15,6,19,9,2324,0.4,0.99,0.24,0.3
PF01264,PF01680,7,16,1,6,15,2336,0.06,0.99,0.14,0.09,16,1,6,15,2336,0.06,0.99,0.14,0.09
PF13400,PF06305,0,6,0,0,6,2352,0.0,1.0,0,0,6,0,0,6,2352,0.0,1.0,0,0
PF11708,PF09282,22,2,1,21,1,2335,0.5,0.99,0.05,0.15,2,1,21,1,2335,0.5,0.99,0.05,0.15
PF00108,PF02803,78,73,71,7,2,2278,0.97,1.0,0.91,0.94,73,71,7,2,2278,0.97,1.0,0.91,0.94
PF04305,PF08802,16,5,3,13,2,2340,0.6,0.99,0.19,0.33,5,3,13,2,2340,0.6,0.99,0.19,0.33
PF14688,PF14687,12,10,10,2,0,2346,1.0,1.0,0.83,0.91,10,10,2,0,2346,1.0,1.0,0.83,0.91
PF11061,PF10690,0,0,0,0,0,2358,0,1.0,0,0,0,0,0,0,2358,0,1.0,0,0
PF07106,PF00159,11,3,0,11,3,2344,0.0,0.99,0.0,-0.0,3,0,11,3,2344,0.0,0.99,0.0,-0.0
PF08504,PF15827,3,1,0,3,1,2354,0.0,1.0,0.0,-0.0,1,0,3,1,2354,0.0,1.0,0.0,-0.0
PF08038,PF15475,5,2,0,5,2,2351,0.0,1.0,0.0,-0.0,2,0,5,2,2351,0.0,1.0,0.0,-0.0
PF03476,PF03473,22,26,22,0,4,2332,0.85,1.0,1.0,0.92,26,22,0,4,2332,0.85,1.0,1.0,0.92
PF12597,PF06232,14,5,1,13,4,2340,0.2,0.99,0.07,0.12,5,1,13,4,2340,0.2,0.99,0.07,0.12
PF00330,PF00694,61,51,47,14,4,2293,0.92,0.99,0.77,0.84,51,47,14,4,2293,0.92,0.99,0.77,0.84
PF02023,PF12417,25,10,7,18,3,2330,0.7,0.99,0.28,0.44,10,7,18,3,2330,0.7,0.99,0.28,0.44
PF06623,PF00195,4,34,1,3,33,2321,0.03,0.98,0.25,0.08,34,1,3,33,2321,0.03,0.98,0.25,0.08
PF02837,PF02929,31,10,10,21,0,2327,1.0,0.99,0.32,0.57,10,10,21,0,2327,1.0,0.99,0.32,0.57
PF15208,PF16590,2,2,0,2,2,2354,0.0,1.0,0.0,-0.0,2,0,2,2,2354,0.0,1.0,0.0,-0.0
PF03020,PF08198,12,2,2,10,0,2346,1.0,1.0,0.17,0.41,2,2,10,0,2346,1.0,1.0,0.17,0.41
PF11707,PF16201,5,6,5,0,1,2352,0.83,1.0,1.0,0.91,6,5,0,1,2352,0.83,1.0,1.0,0.91
PF02289,PF09551,2,0,0,2,0,2356,0,1.0,0.0,0,0,0,2,0,2356,0,1.0,0.0,0
PF09078,PF08437,2,3,0,2,3,2353,0.0,1.0,0.0,-0.0,3,0,2,3,2353,0.0,1.0,0.0,-0.0
PF04899,PF10056,0,2,0,0,2,2356,0.0,1.0,0,0,2,0,0,2,2356,0.0,1.0,0,0
PF16837,PF11931,11,11,9,2,2,2345,0.82,1.0,0.82,0.82,11,9,2,2,2345,0.82,1.0,0.82,0.82
PF10718,PF01303,0,1,0,0,1,2357,0.0,1.0,0,0,1,0,0,1,2357,0.0,1.0,0,0
PF03587,PF05915,13,2,1,12,1,2344,0.5,0.99,0.08,0.19,2,1,12,1,2344,0.5,0.99,0.08,0.19
PF04882,PF06384,19,8,0,19,8,2331,0.0,0.99,0.0,-0.01,8,0,19,8,2331,0.0,0.99,0.0,-0.01
PF14200,PF03762,8,6,1,7,5,2345,0.17,0.99,0.12,0.14,6,1,7,5,2345,0.17,0.99,0.12,0.14
PF14978,PF04307,15,2,2,13,0,2343,1.0,0.99,0.13,0.36,2,2,13,0,2343,1.0,0.99,0.13,0.36
PF05525,PF00240,3,169,1,2,168,2187,0.01,0.93,0.33,0.04,169,1,2,168,2187,0.01,0.93,0.33,0.04
PF04231,PF09962,5,5,0,5,5,2348,0.0,1.0,0.0,-0.0,5,0,5,5,2348,0.0,1.0,0.0,-0.0
PF11172,PF08026,0,2,0,0,2,2356,0.0,1.0,0,0,2,0,0,2,2356,0.0,1.0,0,0
PF08635,PF09166,5,5,1,4,4,2349,0.2,1.0,0.2,0.2,5,1,4,4,2349,0.2,1.0,0.2,0.2
PF02929,PF16353,10,10,10,0,0,2348,1.0,1.0,1.0,1.0,10,10,0,0,2348,1.0,1.0,1.0,1.0
PF15066,PF10506,1,8,0,1,8,2349,0.0,1.0,0.0,-0.0,8,0,1,8,2349,0.0,1.0,0.0,-0.0
PF10178,PF06127,10,6,0,10,6,2342,0.0,0.99,0.0,-0.0,6,0,10,6,2342,0.0,0.99,0.0,-0.0
PF02627,PF12311,29,4,1,28,3,2326,0.25,0.99,0.03,0.09,4,1,28,3,2326,0.25,0.99,0.03,0.09
PF04640,PF04032,10,13,3,7,10,2338,0.23,0.99,0.3,0.26,13,3,7,10,2338,0.23,0.99,0.3,0.26
PF06850,PF07209,0,3,0,0,3,2355,0.0,1.0,0,0,3,0,0,3,2355,0.0,1.0,0,0
PF02604,PF03831,0,0,0,0,0,2358,0,1.0,0,0,0,0,0,0,2358,0,1.0,0,0
PF12241,PF02277,2,4,0,2,4,2352,0.0,1.0,0.0,-0.0,4,0,2,4,2352,0.0,1.0,0.0,-0.0
PF14145,PF11035,0,3,0,0,3,2355,0.0,1.0,0,0,3,0,0,3,2355,0.0,1.0,0,0
PF12237,PF09445,8,31,2,6,29,2321,0.06,0.99,0.25,0.12,31,2,6,29,2321,0.06,0.99,0.25,0.12
PF01683,PF14625,38,23,11,27,12,2308,0.48,0.98,0.29,0.36,23,11,27,12,2308,0.48,0.98,0.29,0.36
PF07503,PF00267,1,3,0,1,3,2354,0.0,1.0,0.0,-0.0,3,0,1,3,2354,0.0,1.0,0.0,-0.0
PF00048,PF13841,23,2,1,22,1,2334,0.5,0.99,0.04,0.15,2,1,22,1,2334,0.5,0.99,0.04,0.15
PF12368,PF06617,8,8,0,8,8,2342,0.0,0.99,0.0,-0.0,8,0,8,8,2342,0.0,0.99,0.0,-0.0
PF04426,PF04425,6,0,0,6,0,2352,0,1.0,0.0,0,0,0,6,0,2352,0,1.0,0.0,0
PF09349,PF02394,14,5,0,14,5,2339,0.0,0.99,0.0,-0.0,5,0,14,5,2339,0.0,0.99,0.0,-0.0
PF00182,PF00187,29,26,12,17,14,2315,0.46,0.99,0.41,0.43,26,12,17,14,2315,0.46,0.99,0.41,0.43
PF14493,PF09382,10,37,9,1,28,2320,0.24,0.99,0.9,0.46,37,9,1,28,2320,0.24,0.99,0.9,0.46
PF03208,PF00430,15,14,2,13,12,2331,0.14,0.99,0.13,0.13,14,2,13,12,2331,0.14,0.99,0.13,0.13
PF12037,PF14363,4,19,1,3,18,2336,0.05,0.99,0.25,0.11,19,1,3,18,2336,0.05,0.99,0.25,0.11
PF07956,PF15302,10,0,0,10,0,2348,0,1.0,0.0,0,0,0,10,0,2348,0,1.0,0.0,0
PF14603,PF15442,9,4,1,8,3,2346,0.25,1.0,0.11,0.16,4,1,8,3,2346,0.25,1.0,0.11,0.16
PF04854,PF16784,4,0,0,4,0,2354,0,1.0,0.0,0,0,0,4,0,2354,0,1.0,0.0,0
PF16689,PF05956,4,4,4,0,0,2354,1.0,1.0,1.0,1.0,4,4,0,0,2354,1.0,1.0,1.0,1.0
PF08573,PF07557,8,14,0,8,14,2336,0.0,0.99,0.0,-0.0,14,0,8,14,2336,0.0,0.99,0.0,-0.0
PF11336,PF09648,0,1,0,0,1,2357,0.0,1.0,0,0,1,0,0,1,2357,0.0,1.0,0,0
PF15920,PF16704,1,3,0,1,3,2354,0.0,1.0,0.0,-0.0,3,0,1,3,2354,0.0,1.0,0.0,-0.0
PF13888,PF13887,10,10,10,0,0,2348,1.0,1.0,1.0,1.0,10,10,0,0,2348,1.0,1.0,1.0,1.0
PF13325,PF15276,11,1,1,10,0,2347,1.0,1.0,0.09,0.3,1,1,10,0,2347,1.0,1.0,0.09,0.3
PF11734,PF09179,5,5,5,0,0,2353,1.0,1.0,1.0,1.0,5,5,0,0,2353,1.0,1.0,1.0,1.0
PF05264,PF11529,0,0,0,0,0,2358,0,1.0,0,0,0,0,0,0,2358,0,1.0,0,0
PF11900,PF12313,5,7,5,0,2,2351,0.71,1.0,1.0,0.84,7,5,0,2,2351,0.71,1.0,1.0,0.84
PF03731,PF02735,37,41,37,0,4,2317,0.9,1.0,1.0,0.95,41,37,0,4,2317,0.9,1.0,1.0,0.95
PF00815,PF01502,26,22,14,12,8,2324,0.64,0.99,0.54,0.58,22,14,12,8,2324,0.64,0.99,0.54,0.58
PF01087,PF02744,14,14,13,1,1,2343,0.93,1.0,0.93,0.93,14,13,1,1,2343,0.93,1.0,0.93,0.93
PF14518,PF08297,4,4,0,4,4,2350,0.0,1.0,0.0,-0.0,4,0,4,4,2350,0.0,1.0,0.0,-0.0
PF02056,PF11975,15,15,15,0,0,2343,1.0,1.0,1.0,1.0,15,15,0,0,2343,1.0,1.0,1.0,1.0
PF00662,PF06455,8,7,3,5,4,2346,0.43,1.0,0.38,0.4,7,3,5,4,2346,0.43,1.0,0.38,0.4
PF17188,PF03888,0,0,0,0,0,2358,0,1.0,0,0,0,0,0,0,2358,0,1.0,0,0
PF11214,PF05939,0,0,0,0,0,2358,0,1.0,0,0,0,0,0,0,2358,0,1.0,0,0
PF05030,PF08624,13,8,0,13,8,2337,0.0,0.99,0.0,-0.0,8,0,13,8,2337,0.0,0.99,0.0,-0.0
PF07534,PF12068,37,18,4,33,14,2307,0.22,0.98,0.11,0.15,18,4,33,14,2307,0.22,0.98,0.11,0.15
PF00814,PF03091,53,35,10,43,25,2280,0.29,0.97,0.19,0.22,35,10,43,25,2280,0.29,0.97,0.19,0.22
PF00003,PF00497,57,46,27,30,19,2282,0.59,0.98,0.47,0.52,46,27,30,19,2282,0.59,0.98,0.47,0.52
PF05777,PF07385,2,0,0,2,0,2356,0,1.0,0.0,0,0,0,2,0,2356,0,1.0,0.0,0
PF09820,PF07444,6,0,0,6,0,2352,0,1.0,0.0,0,0,0,6,0,2352,0,1.0,0.0,0
PF03944,PF04349,3,2,0,3,2,2353,0.0,1.0,0.0,-0.0,2,0,3,2,2353,0.0,1.0,0.0,-0.0
PF04381,PF00887,3,81,2,1,79,2276,0.02,0.97,0.67,0.12,81,2,1,79,2276,0.02,0.97,0.67,0.12
PF01884,PF04488,1,52,0,1,52,2305,0.0,0.98,0.0,-0.0,52,0,1,52,2305,0.0,0.98,0.0,-0.0
PF10077,PF14983,6,6,0,6,6,2346,0.0,0.99,0.0,-0.0,6,0,6,6,2346,0.0,0.99,0.0,-0.0
PF02038,PF04831,15,6,2,13,4,2339,0.33,0.99,0.13,0.21,6,2,13,4,2339,0.33,0.99,0.13,0.21
PF07478,PF01820,17,2,2,15,0,2341,1.0,0.99,0.12,0.34,2,2,15,0,2341,1.0,0.99,0.12,0.34
PF03978,PF13618,0,0,0,0,0,2358,0,1.0,0,0,0,0,0,0,2358,0,1.0,0,0
PF12074,PF13251,10,12,1,9,11,2337,0.08,0.99,0.1,0.09,12,1,9,11,2337,0.08,0.99,0.1,0.09
PF15127,PF10616,1,0,0,1,0,2357,0,1.0,0.0,0,0,0,1,0,2357,0,1.0,0.0,0
PF03170,PF07243,3,3,0,3,3,2352,0.0,1.0,0.0,-0.0,3,0,3,3,2352,0.0,1.0,0.0,-0.0
PF08702,PF12160,7,7,7,0,0,2351,1.0,1.0,1.0,1.0,7,7,0,0,2351,1.0,1.0,1.0,1.0
PF02532,PF10856,4,0,0,4,0,2354,0,1.0,0.0,0,0,0,4,0,2354,0,1.0,0.0,0
PF04642,PF15553,2,0,0,2,0,2356,0,1.0,0.0,0,0,0,2,0,2356,0,1.0,0.0,0
PF09685,PF04714,0,5,0,0,5,2353,0.0,1.0,0,0,5,0,0,5,2353,0.0,1.0,0,0
PF11628,PF16680,7,8,3,4,5,2346,0.38,1.0,0.43,0.4,8,3,4,5,2346,0.38,1.0,0.43,0.4
PF16763,PF11260,0,0,0,0,0,2358,0,1.0,0,0,0,0,0,0,2358,0,1.0,0,0
PF10162,PF13330,18,25,5,13,20,2320,0.2,0.99,0.28,0.23,25,5,13,20,2320,0.2,0.99,0.28,0.23
PF16794,PF12884,14,3,0,14,3,2341,0.0,0.99,0.0,-0.0,3,0,14,3,2341,0.0,0.99,0.0,-0.0
PF10416,PF11581,0,0,0,0,0,2358,0,1.0,0,0,0,0,0,0,2358,0,1.0,0,0
PF11095,PF05014,13,8,0,13,8,2337,0.0,0.99,0.0,-0.0,8,0,13,8,2337,0.0,0.99,0.0,-0.0
PF03770,PF01513,47,30,15,32,15,2296,0.5,0.98,0.32,0.39,30,15,32,15,2296,0.5,0.98,0.32,0.39
PF13174,PF05279,29,3,3,26,0,2329,1.0,0.99,0.1,0.32,3,3,26,0,2329,1.0,0.99,0.1,0.32
PF01532,PF02225,75,77,35,40,42,2241,0.45,0.97,0.47,0.44,77,35,40,42,2241,0.45,0.97,0.47,0.44
PF01208,PF05562,22,7,1,21,6,2330,0.14,0.99,0.05,0.08,7,1,21,6,2330,0.14,0.99,0.05,0.08
PF00188,PF08562,96,0,0,96,0,2262,0,0.96,0.0,0,0,0,96,0,2262,0,0.96,0.0,0
PF00524,PF05065,5,2,0,5,2,2351,0.0,1.0,0.0,-0.0,2,0,5,2,2351,0.0,1.0,0.0,-0.0
PF16967,PF07434,0,0,0,0,0,2358,0,1.0,0,0,0,0,0,0,2358,0,1.0,0,0
PF10460,PF11651,0,0,0,0,0,2358,0,1.0,0,0,0,0,0,0,2358,0,1.0,0,0
PF06282,PF17100,0,35,0,0,35,2323,0.0,0.99,0,0,35,0,0,35,2323,0.0,0.99,0,0
PF04290,PF12857,9,2,2,7,0,2349,1.0,1.0,0.22,0.47,2,2,7,0,2349,1.0,1.0,0.22,0.47
PF15865,PF03511,2,0,0,2,0,2356,0,1.0,0.0,0,0,0,2,0,2356,0,1.0,0.0,0
PF10099,PF06122,2,0,0,2,0,2356,0,1.0,0.0,0,0,0,2,0,2356,0,1.0,0.0,0
PF05093,PF12589,27,11,3,24,8,2323,0.27,0.99,0.11,0.17,11,3,24,8,2323,0.27,0.99,0.11,0.17
PF00883,PF02789,46,34,32,14,2,2310,0.94,0.99,0.7,0.81,34,32,14,2,2310,0.94,0.99,0.7,0.81
PF02109,PF12006,10,13,1,9,12,2336,0.08,0.99,0.1,0.08,13,1,9,12,2336,0.08,0.99,0.1,0.08
PF08429,PF02928,21,19,17,4,2,2335,0.89,1.0,0.81,0.85,19,17,4,2,2335,0.89,1.0,0.81,0.85
PF01174,PF03102,7,6,0,7,6,2345,0.0,0.99,0.0,-0.0,6,0,7,6,2345,0.0,0.99,0.0,-0.0
PF02513,PF02988,5,2,0,5,2,2351,0.0,1.0,0.0,-0.0,2,0,5,2,2351,0.0,1.0,0.0,-0.0
PF11581,PF13367,0,5,0,0,5,2353,0.0,1.0,0,0,5,0,0,5,2353,0.0,1.0,0,0
PF05053,PF14674,7,0,0,7,0,2351,0,1.0,0.0,0,0,0,7,0,2351,0,1.0,0.0,0
PF13352,PF14922,3,5,0,3,5,2350,0.0,1.0,0.0,-0.0,5,0,3,5,2350,0.0,1.0,0.0,-0.0
PF13430,PF09232,8,1,0,8,1,2349,0.0,1.0,0.0,-0.0,1,0,8,1,2349,0.0,1.0,0.0,-0.0
PF11594,PF10173,8,9,0,8,9,2341,0.0,0.99,0.0,-0.0,9,0,8,9,2341,0.0,0.99,0.0,-0.0
PF05507,PF08768,10,3,0,10,3,2345,0.0,0.99,0.0,-0.0,3,0,10,3,2345,0.0,0.99,0.0,-0.0
PF03161,PF00831,16,21,3,13,18,2324,0.14,0.99,0.19,0.16,21,3,13,18,2324,0.14,0.99,0.19,0.16
PF10868,PF17032,2,0,0,2,0,2356,0,1.0,0.0,0,0,0,2,0,2356,0,1.0,0.0,0
PF06558,PF14026,1,0,0,1,0,2357,0,1.0,0.0,0,0,0,1,0,2357,0,1.0,0.0,0
PF11899,PF12036,6,3,0,6,3,2349,0.0,1.0,0.0,-0.0,3,0,6,3,2349,0.0,1.0,0.0,-0.0
PF05292,PF06244,17,15,5,12,10,2331,0.33,0.99,0.29,0.31,15,5,12,10,2331,0.33,0.99,0.29,0.31
PF14856,PF03427,17,5,2,15,3,2338,0.4,0.99,0.12,0.21,5,2,15,3,2338,0.4,0.99,0.12,0.21
PF10313,PF08145,6,10,1,5,9,2343,0.1,0.99,0.17,0.13,10,1,5,9,2343,0.1,0.99,0.17,0.13
PF05907,PF01423,18,135,16,2,119,2221,0.12,0.95,0.89,0.31,135,16,2,119,2221,0.12,0.95,0.89,0.31
PF01827,PF07735,23,22,5,18,17,2318,0.23,0.99,0.22,0.21,22,5,18,17,2318,0.23,0.99,0.22,0.21
PF01510,PF15955,18,3,1,17,2,2338,0.33,0.99,0.06,0.13,3,1,17,2,2338,0.33,0.99,0.06,0.13
PF00372,PF03722,10,14,9,1,5,2343,0.64,1.0,0.9,0.76,14,9,1,5,2343,0.64,1.0,0.9,0.76
PF09164,PF00273,1,1,1,0,0,2357,1.0,1.0,1.0,1.0,1,1,0,0,2357,1.0,1.0,1.0,1.0
PF16853,PF04349,4,2,0,4,2,2352,0.0,1.0,0.0,-0.0,2,0,4,2,2352,0.0,1.0,0.0,-0.0
PF00407,PF03032,12,10,2,10,8,2338,0.2,0.99,0.17,0.18,10,2,10,8,2338,0.2,0.99,0.17,0.18
PF10647,PF17005,3,1,1,2,0,2355,1.0,1.0,0.33,0.58,1,1,2,0,2355,1.0,1.0,0.33,0.58
PF09810,PF10303,9,5,1,8,4,2345,0.2,0.99,0.11,0.15,5,1,8,4,2345,0.2,0.99,0.11,0.15
PF15287,PF14049,8,0,0,8,0,2350,0,1.0,0.0,0,0,0,8,0,2350,0,1.0,0.0,0
PF10151,PF01959,8,5,1,7,4,2346,0.2,1.0,0.12,0.16,5,1,7,4,2346,0.2,1.0,0.12,0.16
PF11803,PF04321,3,27,2,1,25,2330,0.07,0.99,0.67,0.22,27,2,1,25,2330,0.07,0.99,0.67,0.22
PF04794,PF00796,3,4,0,3,4,2351,0.0,1.0,0.0,-0.0,4,0,3,4,2351,0.0,1.0,0.0,-0.0
PF05229,PF03241,0,0,0,0,0,2358,0,1.0,0,0,0,0,0,0,2358,0,1.0,0,0
PF01904,PF04370,14,0,0,14,0,2344,0,0.99,0.0,0,0,0,14,0,2344,0,0.99,0.0,0
PF10374,PF13638,16,25,6,10,19,2323,0.24,0.99,0.38,0.29,25,6,10,19,2323,0.24,0.99,0.38,0.29
PF01668,PF17010,5,0,0,5,0,2353,0,1.0,0.0,0,0,0,5,0,2353,0,1.0,0.0,0
PF06918,PF16034,3,2,0,3,2,2353,0.0,1.0,0.0,-0.0,2,0,3,2,2353,0.0,1.0,0.0,-0.0
PF00485,PF01928,41,7,7,34,0,2317,1.0,0.99,0.17,0.41,7,7,34,0,2317,1.0,0.99,0.17,0.41
PF10256,PF04716,31,28,8,23,20,2307,0.29,0.98,0.26,0.26,28,8,23,20,2307,0.29,0.98,0.26,0.26
PF16118,PF15730,1,4,0,1,4,2353,0.0,1.0,0.0,-0.0,4,0,1,4,2353,0.0,1.0,0.0,-0.0
PF00257,PF10222,12,21,0,12,21,2325,0.0,0.99,0.0,-0.01,21,0,12,21,2325,0.0,0.99,0.0,-0.01
PF03801,PF07989,15,29,3,12,26,2317,0.1,0.98,0.2,0.14,29,3,12,26,2317,0.1,0.98,0.2,0.14
PF15961,PF14664,2,21,0,2,21,2335,0.0,0.99,0.0,-0.0,21,0,2,21,2335,0.0,0.99,0.0,-0.0
PF16863,PF00088,35,28,14,21,14,2309,0.5,0.99,0.4,0.44,28,14,21,14,2309,0.5,0.99,0.4,0.44
PF05783,PF14612,16,9,2,14,7,2335,0.22,0.99,0.12,0.16,9,2,14,7,2335,0.22,0.99,0.12,0.16
PF09577,PF10399,0,4,0,0,4,2354,0.0,1.0,0,0,4,0,0,4,2354,0.0,1.0,0,0
PF11979,PF11409,9,1,1,8,0,2349,1.0,1.0,0.11,0.33,1,1,8,0,2349,1.0,1.0,0.11,0.33
PF14467,PF08299,0,4,0,0,4,2354,0.0,1.0,0,0,4,0,0,4,2354,0.0,1.0,0,0
PF08071,PF16121,24,27,21,3,6,2328,0.78,1.0,0.88,0.82,27,21,3,6,2328,0.78,1.0,0.88,0.82
PF03137,PF06342,23,3,3,20,0,2335,1.0,0.99,0.13,0.36,3,3,20,0,2335,1.0,0.99,0.13,0.36
PF04857,PF08675,43,7,7,36,0,2315,1.0,0.98,0.16,0.4,7,7,36,0,2315,1.0,0.98,0.16,0.4
PF14808,PF06951,9,18,1,8,17,2332,0.06,0.99,0.11,0.07,18,1,8,17,2332,0.06,0.99,0.11,0.07
PF14799,PF06232,9,5,0,9,5,2344,0.0,0.99,0.0,-0.0,5,0,9,5,2344,0.0,0.99,0.0,-0.0
PF00695,PF10335,1,4,0,1,4,2353,0.0,1.0,0.0,-0.0,4,0,1,4,2353,0.0,1.0,0.0,-0.0
PF05672,PF14738,13,9,2,11,7,2338,0.22,0.99,0.15,0.18,9,2,11,7,2338,0.22,0.99,0.15,0.18
PF15352,PF11035,5,3,0,5,3,2350,0.0,1.0,0.0,-0.0,3,0,5,3,2350,0.0,1.0,0.0,-0.0
PF06351,PF01241,3,3,0,3,3,2352,0.0,1.0,0.0,-0.0,3,0,3,3,2352,0.0,1.0,0.0,-0.0
PF02119,PF11794,6,0,0,6,0,2352,0,1.0,0.0,0,0,0,6,0,2352,0,1.0,0.0,0
PF05513,PF05509,4,4,4,0,0,2354,1.0,1.0,1.0,1.0,4,4,0,0,2354,1.0,1.0,1.0,1.0
PF06884,PF12296,16,11,7,9,4,2338,0.64,0.99,0.44,0.53,11,7,9,4,2338,0.64,0.99,0.44,0.53
PF14437,PF10175,10,8,0,10,8,2340,0.0,0.99,0.0,-0.0,8,0,10,8,2340,0.0,0.99,0.0,-0.0
PF12889,PF03354,0,0,0,0,0,2358,0,1.0,0,0,0,0,0,0,2358,0,1.0,0,0
PF10497,PF02375,26,38,4,22,34,2298,0.11,0.98,0.15,0.12,38,4,22,34,2298,0.11,0.98,0.15,0.12
PF09666,PF08744,0,0,0,0,0,2358,0,1.0,0,0,0,0,0,0,2358,0,1.0,0,0
PF14342,PF05547,8,2,0,8,2,2348,0.0,1.0,0.0,-0.0,2,0,8,2,2348,0.0,1.0,0.0,-0.0
PF12215,PF04685,19,14,14,5,0,2339,1.0,1.0,0.74,0.86,14,14,5,0,2339,1.0,1.0,0.74,0.86
PF15310,PF05874,5,3,0,5,3,2350,0.0,1.0,0.0,-0.0,3,0,5,3,2350,0.0,1.0,0.0,-0.0
PF02493,PF08154,84,30,11,73,19,2255,0.37,0.96,0.13,0.2,30,11,73,19,2255,0.37,0.96,0.13,0.2
PF01418,PF01380,9,34,9,0,25,2324,0.26,0.99,1.0,0.51,34,9,0,25,2324,0.26,0.99,1.0,0.51
PF06965,PF00524,8,5,1,7,4,2346,0.2,1.0,0.12,0.16,5,1,7,4,2346,0.2,1.0,0.12,0.16
PF14433,PF09932,0,0,0,0,0,2358,0,1.0,0,0,0,0,0,0,2358,0,1.0,0,0
PF16457,PF11841,31,16,15,16,1,2326,0.94,0.99,0.48,0.67,16,15,16,1,2326,0.94,0.99,0.48,0.67
PF04586,PF07016,1,0,0,1,0,2357,0,1.0,0.0,0,0,0,1,0,2357,0,1.0,0.0,0
PF13463,PF07484,2,0,0,2,0,2356,0,1.0,0.0,0,0,0,2,0,2356,0,1.0,0.0,0
PF16008,PF09818,0,2,0,0,2,2356,0.0,1.0,0,0,2,0,0,2,2356,0.0,1.0,0,0
PF01715,PF01745,26,4,4,22,0,2332,1.0,0.99,0.15,0.39,4,4,22,0,2332,1.0,0.99,0.15,0.39
PF00947,PF08727,18,18,18,0,0,2340,1.0,1.0,1.0,1.0,18,18,0,0,2340,1.0,1.0,1.0,1.0
PF04789,PF15134,1,3,0,1,3,2354,0.0,1.0,0.0,-0.0,3,0,1,3,2354,0.0,1.0,0.0,-0.0
PF13451,PF07195,2,4,0,2,4,2352,0.0,1.0,0.0,-0.0,4,0,2,4,2352,0.0,1.0,0.0,-0.0
PF05733,PF02087,2,2,0,2,2,2354,0.0,1.0,0.0,-0.0,2,0,2,2,2354,0.0,1.0,0.0,-0.0
PF14216,PF11223,2,2,0,2,2,2354,0.0,1.0,0.0,-0.0,2,0,2,2,2354,0.0,1.0,0.0,-0.0
PF15680,PF14866,0,0,0,0,0,2358,0,1.0,0,0,0,0,0,0,2358,0,1.0,0,0
PF12036,PF04091,3,23,0,3,23,2332,0.0,0.99,0.0,-0.0,23,0,3,23,2332,0.0,0.99,0.0,-0.0
PF07700,PF16214,27,18,5,22,13,2318,0.28,0.99,0.19,0.22,18,5,22,13,2318,0.28,0.99,0.19,0.22
PF14773,PF09463,11,0,0,11,0,2347,0,1.0,0.0,0,0,0,11,0,2347,0,1.0,0.0,0
PF03664,PF00457,12,10,6,6,4,2342,0.6,1.0,0.5,0.55,10,6,6,4,2342,0.6,1.0,0.5,0.55
PF01794,PF08022,70,72,67,3,5,2283,0.93,1.0,0.96,0.94,72,67,3,5,2283,0.93,1.0,0.96,0.94
PF06580,PF07730,17,12,5,12,7,2334,0.42,0.99,0.29,0.35,12,5,12,7,2334,0.42,0.99,0.29,0.35
PF01723,PF06679,4,1,0,4,1,2353,0.0,1.0,0.0,-0.0,1,0,4,1,2353,0.0,1.0,0.0,-0.0
PF12200,PF17106,4,4,2,2,2,2352,0.5,1.0,0.5,0.5,4,2,2,2,2352,0.5,1.0,0.5,0.5
PF08914,PF11626,24,11,11,13,0,2334,1.0,0.99,0.46,0.68,11,11,13,0,2334,1.0,0.99,0.46,0.68
PF03253,PF03285,9,2,0,9,2,2347,0.0,1.0,0.0,-0.0,2,0,9,2,2347,0.0,1.0,0.0,-0.0
PF12795,PF10473,9,9,0,9,9,2340,0.0,0.99,0.0,-0.0,9,0,9,9,2340,0.0,0.99,0.0,-0.0
PF03460,PF01077,23,23,23,0,0,2335,1.0,1.0,1.0,1.0,23,23,0,0,2335,1.0,1.0,1.0,1.0
PF14972,PF00714,5,3,0,5,3,2350,0.0,1.0,0.0,-0.0,3,0,5,3,2350,0.0,1.0,0.0,-0.0
PF15052,PF02425,4,0,0,4,0,2354,0,1.0,0.0,0,0,0,4,0,2354,0,1.0,0.0,0
PF03974,PF09461,1,0,0,1,0,2357,0,1.0,0.0,0,0,0,1,0,2357,0,1.0,0.0,0
PF04589,PF12031,4,13,1,3,12,2342,0.08,0.99,0.25,0.14,13,1,3,12,2342,0.08,0.99,0.25,0.14
PF11929,PF09372,4,1,1,3,0,2354,1.0,1.0,0.25,0.5,1,1,3,0,2354,1.0,1.0,0.25,0.5
PF06890,PF07157,0,0,0,0,0,2358,0,1.0,0,0,0,0,0,0,2358,0,1.0,0,0
PF08152,PF10175,18,8,3,15,5,2335,0.38,0.99,0.17,0.25,8,3,15,5,2335,0.38,0.99,0.17,0.25
PF08787,PF06108,8,12,2,6,10,2340,0.17,0.99,0.25,0.2,12,2,6,10,2340,0.17,0.99,0.25,0.2
PF08397,PF12026,20,5,2,18,3,2335,0.4,0.99,0.1,0.2,5,2,18,3,2335,0.4,0.99,0.1,0.2
PF09874,PF06007,4,3,0,4,3,2351,0.0,1.0,0.0,-0.0,3,0,4,3,2351,0.0,1.0,0.0,-0.0
PF04126,PF15696,3,0,0,3,0,2355,0,1.0,0.0,0,0,0,3,0,2355,0,1.0,0.0,0
PF09371,PF16921,3,3,3,0,0,2355,1.0,1.0,1.0,1.0,3,3,0,0,2355,1.0,1.0,1.0,1.0
PF02427,PF02448,3,0,0,3,0,2355,0,1.0,0.0,0,0,0,3,0,2355,0,1.0,0.0,0
PF12708,PF06964,23,25,13,10,12,2323,0.52,0.99,0.57,0.54,25,13,10,12,2323,0.52,0.99,0.57,0.54
PF04463,PF06403,3,2,0,3,2,2353,0.0,1.0,0.0,-0.0,2,0,3,2,2353,0.0,1.0,0.0,-0.0
PF14665,PF12129,0,11,0,0,11,2347,0.0,1.0,0,0,11,0,0,11,2347,0.0,1.0,0,0
PF14244,PF13976,48,96,29,19,67,2243,0.3,0.96,0.6,0.41,96,29,19,67,2243,0.3,0.96,0.6,0.41
PF15468,PF05840,4,5,0,4,5,2349,0.0,1.0,0.0,-0.0,5,0,4,5,2349,0.0,1.0,0.0,-0.0
PF08535,PF02305,2,4,0,2,4,2352,0.0,1.0,0.0,-0.0,4,0,2,4,2352,0.0,1.0,0.0,-0.0
PF06314,PF07976,15,29,8,7,21,2322,0.28,0.99,0.53,0.38,29,8,7,21,2322,0.28,0.99,0.53,0.38
PF05924,PF05923,12,13,10,2,3,2343,0.77,1.0,0.83,0.8,13,10,2,3,2343,0.77,1.0,0.83,0.8
PF15226,PF05135,1,0,0,1,0,2357,0,1.0,0.0,0,0,0,1,0,2357,0,1.0,0.0,0
PF14103,PF15756,0,1,0,0,1,2357,0.0,1.0,0,0,1,0,0,1,2357,0.0,1.0,0,0
PF09359,PF03600,32,15,4,28,11,2315,0.27,0.98,0.12,0.18,15,4,28,11,2315,0.27,0.98,0.12,0.18
PF16074,PF13689,1,0,0,1,0,2357,0,1.0,0.0,0,0,0,1,0,2357,0,1.0,0.0,0
PF08031,PF04030,68,36,14,54,22,2268,0.39,0.97,0.21,0.27,36,14,54,22,2268,0.39,0.97,0.21,0.27
PF01614,PF16416,16,0,0,16,0,2342,0,0.99,0.0,0,0,0,16,0,2342,0,0.99,0.0,0
PF07946,PF02186,14,24,5,9,19,2325,0.21,0.99,0.36,0.27,24,5,9,19,2325,0.21,0.99,0.36,0.27
PF05104,PF12297,2,1,0,2,1,2355,0.0,1.0,0.0,-0.0,1,0,2,1,2355,0.0,1.0,0.0,-0.0
PF07681,PF01654,3,10,3,0,7,2348,0.3,1.0,1.0,0.55,10,3,0,7,2348,0.3,1.0,1.0,0.55
PF05291,PF03491,24,5,3,21,2,2332,0.6,0.99,0.12,0.27,5,3,21,2,2332,0.6,0.99,0.12,0.27
PF16860,PF10558,8,6,0,8,6,2344,0.0,0.99,0.0,-0.0,6,0,8,6,2344,0.0,0.99,0.0,-0.0
PF06055,PF05325,7,0,0,7,0,2351,0,1.0,0.0,0,0,0,7,0,2351,0,1.0,0.0,0
PF16870,PF16078,33,12,12,21,0,2325,1.0,0.99,0.36,0.6,12,12,21,0,2325,1.0,0.99,0.36,0.6
PF05216,PF06404,13,3,0,13,3,2342,0.0,0.99,0.0,-0.0,3,0,13,3,2342,0.0,0.99,0.0,-0.0
PF09163,PF13247,0,0,0,0,0,2358,0,1.0,0,0,0,0,0,0,2358,0,1.0,0,0
PF12837,PF00950,0,8,0,0,8,2350,0.0,1.0,0,0,8,0,0,8,2350,0.0,1.0,0,0
PF03477,PF00317,10,21,10,0,11,2337,0.48,1.0,1.0,0.69,21,10,0,11,2337,0.48,1.0,1.0,0.69
PF12879,PF12887,0,1,0,0,1,2357,0.0,1.0,0,0,1,0,0,1,2357,0.0,1.0,0,0
PF01145,PF01066,72,70,31,41,39,2247,0.44,0.97,0.43,0.42,70,31,41,39,2247,0.44,0.97,0.43,0.42
PF16897,PF16360,18,9,1,17,8,2332,0.11,0.99,0.06,0.07,9,1,17,8,2332,0.11,0.99,0.06,0.07
PF13721,PF03428,5,0,0,5,0,2353,0,1.0,0.0,0,0,0,5,0,2353,0,1.0,0.0,0
PF11720,PF09183,1,1,1,0,0,2357,1.0,1.0,1.0,1.0,1,1,0,0,2357,1.0,1.0,1.0,1.0
PF14578,PF04760,1,15,1,0,14,2343,0.07,0.99,1.0,0.26,15,1,0,14,2343,0.07,0.99,1.0,0.26
PF02727,PF02728,27,28,21,6,7,2324,0.75,0.99,0.78,0.76,28,21,6,7,2324,0.75,0.99,0.78,0.76
PF10563,PF03203,1,0,0,1,0,2357,0,1.0,0.0,0,0,0,1,0,2357,0,1.0,0.0,0
PF00890,PF02910,76,27,26,50,1,2281,0.96,0.98,0.34,0.57,27,26,50,1,2281,0.96,0.98,0.34,0.57
PF01070,PF00173,74,146,49,25,97,2187,0.34,0.95,0.66,0.45,146,49,25,97,2187,0.34,0.95,0.66,0.45
PF02926,PF01170,21,25,7,14,18,2319,0.28,0.99,0.33,0.3,25,7,14,18,2319,0.28,0.99,0.33,0.3
PF03846,PF06910,2,2,0,2,2,2354,0.0,1.0,0.0,-0.0,2,0,2,2,2354,0.0,1.0,0.0,-0.0
PF08147,PF03880,16,8,2,14,6,2336,0.25,0.99,0.12,0.17,8,2,14,6,2336,0.25,0.99,0.12,0.17
PF07440,PF12121,1,0,0,1,0,2357,0,1.0,0.0,0,0,0,1,0,2357,0,1.0,0.0,0
PF14593,PF11629,5,7,4,1,3,2350,0.57,1.0,0.8,0.68,7,4,1,3,2350,0.57,1.0,0.8,0.68
PF16861,PF03090,4,0,0,4,0,2354,0,1.0,0.0,0,0,0,4,0,2354,0,1.0,0.0,0
PF01232,PF08125,9,11,9,0,2,2347,0.82,1.0,1.0,0.9,11,9,0,2,2347,0.82,1.0,1.0,0.9
PF01090,PF02285,28,4,0,28,4,2326,0.0,0.99,0.0,-0.0,4,0,28,4,2326,0.0,0.99,0.0,-0.0
PF04868,PF13247,3,0,0,3,0,2355,0,1.0,0.0,0,0,0,3,0,2355,0,1.0,0.0,0
PF16900,PF08646,30,43,29,1,14,2314,0.67,0.99,0.97,0.8,43,29,1,14,2314,0.67,0.99,0.97,0.8
PF14560,PF01302,24,93,18,6,75,2259,0.19,0.97,0.75,0.37,93,18,6,75,2259,0.19,0.97,0.75,0.37
PF09216,PF08642,0,1,0,0,1,2357,0.0,1.0,0,0,1,0,0,1,2357,0.0,1.0,0,0
PF12230,PF09750,23,38,7,16,31,2304,0.18,0.98,0.3,0.23,38,7,16,31,2304,0.18,0.98,0.3,0.23
PF02042,PF04576,16,19,2,14,17,2325,0.11,0.99,0.12,0.11,19,2,14,17,2325,0.11,0.99,0.12,0.11
PF03004,PF03017,31,6,4,27,2,2325,0.67,0.99,0.13,0.29,6,4,27,2,2325,0.67,0.99,0.13,0.29
PF01926,PF01018,139,17,16,123,1,2218,0.94,0.95,0.12,0.32,17,16,123,1,2218,0.94,0.95,0.12,0.32
PF14690,PF02211,0,4,0,0,4,2354,0.0,1.0,0,0,4,0,0,4,2354,0.0,1.0,0,0
PF06644,PF06127,21,6,0,21,6,2331,0.0,0.99,0.0,-0.0,6,0,21,6,2331,0.0,0.99,0.0,-0.0
PF01314,PF15708,5,0,0,5,0,2353,0,1.0,0.0,0,0,0,5,0,2353,0,1.0,0.0,0
PF02124,PF10570,0,1,0,0,1,2357,0.0,1.0,0,0,1,0,0,1,2357,0.0,1.0,0,0
PF05018,PF02586,26,23,4,22,19,2313,0.17,0.98,0.15,0.15,23,4,22,19,2313,0.17,0.98,0.15,0.15
PF03665,PF15872,9,0,0,9,0,2349,0,1.0,0.0,0,0,0,9,0,2349,0,1.0,0.0,0
PF16791,PF03509,0,3,0,0,3,2355,0.0,1.0,0,0,3,0,0,3,2355,0.0,1.0,0,0
PF00229,PF03523,17,3,2,15,1,2340,0.67,0.99,0.12,0.28,3,2,15,1,2340,0.67,0.99,0.12,0.28
PF07475,PF09432,6,3,0,6,3,2349,0.0,1.0,0.0,-0.0,3,0,6,3,2349,0.0,1.0,0.0,-0.0
PF16735,PF10580,6,2,1,5,1,2351,0.5,1.0,0.17,0.29,2,1,5,1,2351,0.5,1.0,0.17,0.29
PF14543,PF14541,54,53,45,9,8,2296,0.85,0.99,0.83,0.84,53,45,9,8,2296,0.85,0.99,0.83,0.84
PF14824,PF13241,16,16,16,0,0,2342,1.0,1.0,1.0,1.0,16,16,0,0,2342,1.0,1.0,1.0,1.0
PF13349,PF06581,2,2,0,2,2,2354,0.0,1.0,0.0,-0.0,2,0,2,2,2354,0.0,1.0,0.0,-0.0
PF01292,PF11794,11,0,0,11,0,2347,0,1.0,0.0,0,0,0,11,0,2347,0,1.0,0.0,0
PF07938,PF12118,5,2,0,5,2,2351,0.0,1.0,0.0,-0.0,2,0,5,2,2351,0.0,1.0,0.0,-0.0
PF07677,PF01835,26,16,16,10,0,2332,1.0,1.0,0.62,0.78,16,16,10,0,2332,1.0,1.0,0.62,0.78
PF02460,PF16414,84,33,31,53,2,2272,0.94,0.98,0.37,0.58,33,31,53,2,2272,0.94,0.98,0.37,0.58
PF08394,PF05100,1,0,0,1,0,2357,0,1.0,0.0,0,0,0,1,0,2357,0,1.0,0.0,0
PF16494,PF03733,6,9,2,4,7,2345,0.22,1.0,0.33,0.27,9,2,4,7,2345,0.22,1.0,0.33,0.27
PF02128,PF07504,6,4,4,2,0,2352,1.0,1.0,0.67,0.82,4,4,2,0,2352,1.0,1.0,0.67,0.82
PF14633,PF14878,18,17,17,1,0,2340,1.0,1.0,0.94,0.97,17,17,1,0,2340,1.0,1.0,0.94,0.97
PF03487,PF13530,0,3,0,0,3,2355,0.0,1.0,0,0,3,0,0,3,2355,0.0,1.0,0,0
PF02445,PF03458,6,1,0,6,1,2351,0.0,1.0,0.0,-0.0,1,0,6,1,2351,0.0,1.0,0.0,-0.0
PF08714,PF02277,4,4,0,4,4,2350,0.0,1.0,0.0,-0.0,4,0,4,4,2350,0.0,1.0,0.0,-0.0
PF15629,PF15628,1,5,1,0,4,2353,0.2,1.0,1.0,0.45,5,1,0,4,2353,0.2,1.0,1.0,0.45
PF07517,PF01043,9,5,5,4,0,2349,1.0,1.0,0.56,0.74,5,5,4,0,2349,1.0,1.0,0.56,0.74
PF09726,PF10491,10,4,1,9,3,2345,0.25,0.99,0.1,0.16,4,1,9,3,2345,0.25,0.99,0.1,0.16
PF14063,PF06143,0,0,0,0,0,2358,0,1.0,0,0,0,0,0,0,2358,0,1.0,0,0
PF15905,PF17045,1,0,0,1,0,2357,0,1.0,0.0,0,0,0,1,0,2357,0,1.0,0.0,0
PF07703,PF00207,21,28,21,0,7,2330,0.75,1.0,1.0,0.86,28,21,0,7,2330,0.75,1.0,1.0,0.86
PF03884,PF02886,1,22,0,1,22,2335,0.0,0.99,0.0,-0.0,22,0,1,22,2335,0.0,0.99,0.0,-0.0
PF12897,PF04350,4,0,0,4,0,2354,0,1.0,0.0,0,0,0,4,0,2354,0,1.0,0.0,0
PF03540,PF12597,10,14,0,10,14,2334,0.0,0.99,0.0,-0.01,14,0,10,14,2334,0.0,0.99,0.0,-0.01
PF10664,PF17062,2,0,0,2,0,2356,0,1.0,0.0,0,0,0,2,0,2356,0,1.0,0.0,0
PF08667,PF01339,1,13,1,0,12,2345,0.08,0.99,1.0,0.28,13,1,0,12,2345,0.08,0.99,1.0,0.28
PF10843,PF13750,1,0,0,1,0,2357,0,1.0,0.0,0,0,0,1,0,2357,0,1.0,0.0,0
PF13306,PF13855,61,293,53,8,240,2057,0.18,0.89,0.87,0.37,293,53,8,240,2057,0.18,0.89,0.87,0.37
PF08722,PF12696,3,3,3,0,0,2355,1.0,1.0,1.0,1.0,3,3,0,0,2355,1.0,1.0,1.0,1.0
PF15762,PF15312,0,0,0,0,0,2358,0,1.0,0,0,0,0,0,0,2358,0,1.0,0,0
PF09906,PF09860,0,0,0,0,0,2358,0,1.0,0,0,0,0,0,0,2358,0,1.0,0,0
PF13462,PF01097,15,7,1,14,6,2337,0.14,0.99,0.07,0.09,7,1,14,6,2337,0.14,0.99,0.07,0.09
PF08656,PF16594,6,1,0,6,1,2351,0.0,1.0,0.0,-0.0,1,0,6,1,2351,0.0,1.0,0.0,-0.0
PF14347,PF15186,0,1,0,0,1,2357,0.0,1.0,0,0,1,0,0,1,2357,0.0,1.0,0,0
PF09439,PF02284,11,9,0,11,9,2338,0.0,0.99,0.0,-0.0,9,0,11,9,2338,0.0,0.99,0.0,-0.0
PF08451,PF00962,8,44,7,1,37,2313,0.16,0.98,0.88,0.37,44,7,1,37,2313,0.16,0.98,0.88,0.37
PF12263,PF00127,3,6,0,3,6,2349,0.0,1.0,0.0,-0.0,6,0,3,6,2349,0.0,1.0,0.0,-0.0
PF01670,PF01083,12,32,5,7,27,2319,0.16,0.99,0.42,0.25,32,5,7,27,2319,0.16,0.99,0.42,0.25
PF00709,PF05212,25,23,4,21,19,2314,0.17,0.98,0.16,0.16,23,4,21,19,2314,0.17,0.98,0.16,0.16
PF08063,PF00645,11,40,8,3,32,2315,0.2,0.99,0.73,0.38,40,8,3,32,2315,0.2,0.99,0.73,0.38
PF01637,PF17008,2,0,0,2,0,2356,0,1.0,0.0,0,0,0,2,0,2356,0,1.0,0.0,0
PF10726,PF01735,0,30,0,0,30,2328,0.0,0.99,0,0,30,0,0,30,2328,0.0,0.99,0,0
PF11267,PF06485,4,5,0,4,5,2349,0.0,1.0,0.0,-0.0,5,0,4,5,2349,0.0,1.0,0.0,-0.0
PF09744,PF04388,17,11,1,16,10,2331,0.09,0.99,0.06,0.07,11,1,16,10,2331,0.09,0.99,0.06,0.07
PF15847,PF08291,4,0,0,4,0,2354,0,1.0,0.0,0,0,0,4,0,2354,0,1.0,0.0,0
PF11272,PF04963,0,3,0,0,3,2355,0.0,1.0,0,0,3,0,0,3,2355,0.0,1.0,0,0
PF08019,PF12411,9,3,3,6,0,2349,1.0,1.0,0.33,0.58,3,3,6,0,2349,1.0,1.0,0.33,0.58
PF14722,PF16043,11,3,0,11,3,2344,0.0,0.99,0.0,-0.0,3,0,11,3,2344,0.0,0.99,0.0,-0.0
PF12385,PF12843,0,0,0,0,0,2358,0,1.0,0,0,0,0,0,0,2358,0,1.0,0,0
PF10785,PF12853,8,7,4,4,3,2347,0.57,1.0,0.5,0.53,7,4,4,3,2347,0.57,1.0,0.5,0.53
PF04990,PF04992,4,7,3,1,4,2350,0.43,1.0,0.75,0.57,7,3,1,4,2350,0.43,1.0,0.75,0.57
PF00079,PF04045,57,40,10,47,30,2271,0.25,0.97,0.18,0.19,40,10,47,30,2271,0.25,0.97,0.18,0.19
PF05841,PF13810,3,5,0,3,5,2350,0.0,1.0,0.0,-0.0,5,0,3,5,2350,0.0,1.0,0.0,-0.0
PF02894,PF09166,31,5,2,29,3,2324,0.4,0.99,0.06,0.16,5,2,29,3,2324,0.4,0.99,0.06,0.16
PF08445,PF06021,19,10,6,13,4,2335,0.6,0.99,0.32,0.43,10,6,13,4,2335,0.6,0.99,0.32,0.43
PF07799,PF15856,0,1,0,0,1,2357,0.0,1.0,0,0,1,0,0,1,2357,0.0,1.0,0,0
PF16046,PF10311,3,6,0,3,6,2349,0.0,1.0,0.0,-0.0,6,0,3,6,2349,0.0,1.0,0.0,-0.0
PF01220,PF06070,4,1,0,4,1,2353,0.0,1.0,0.0,-0.0,1,0,4,1,2353,0.0,1.0,0.0,-0.0
PF09382,PF08072,37,12,12,25,0,2321,1.0,0.99,0.32,0.57,12,12,25,0,2321,1.0,0.99,0.32,0.57
PF05884,PF11703,0,0,0,0,0,2358,0,1.0,0,0,0,0,0,0,2358,0,1.0,0,0
PF04223,PF01289,4,2,0,4,2,2352,0.0,1.0,0.0,-0.0,2,0,4,2,2352,0.0,1.0,0.0,-0.0
PF04104,PF01702,39,32,7,32,25,2294,0.22,0.98,0.18,0.19,32,7,32,25,2294,0.22,0.98,0.18,0.19
PF00258,PF00667,60,62,46,14,16,2282,0.74,0.99,0.77,0.75,62,46,14,16,2282,0.74,0.99,0.77,0.75
PF14078,PF17189,0,25,0,0,25,2333,0.0,0.99,0,0,25,0,0,25,2333,0.0,0.99,0,0
PF11555,PF07815,7,17,3,4,14,2337,0.18,0.99,0.43,0.27,17,3,4,14,2337,0.18,0.99,0.43,0.27
PF15699,PF02427,1,3,0,1,3,2354,0.0,1.0,0.0,-0.0,3,0,1,3,2354,0.0,1.0,0.0,-0.0
PF11542,PF06586,1,4,0,1,4,2353,0.0,1.0,0.0,-0.0,4,0,1,4,2353,0.0,1.0,0.0,-0.0
PF00050,PF09289,42,9,5,37,4,2312,0.56,0.98,0.12,0.25,9,5,37,4,2312,0.56,0.98,0.12,0.25
PF07834,PF15486,3,1,1,2,0,2355,1.0,1.0,0.33,0.58,1,1,2,0,2355,1.0,1.0,0.33,0.58
PF04263,PF04265,35,23,22,13,1,2322,0.96,0.99,0.63,0.77,23,22,13,1,2322,0.96,0.99,0.63,0.77
PF10502,PF13911,9,28,2,7,26,2323,0.07,0.99,0.22,0.12,28,2,7,26,2323,0.07,0.99,0.22,0.12
PF06413,PF15247,13,11,3,10,8,2337,0.27,0.99,0.23,0.25,11,3,10,8,2337,0.27,0.99,0.23,0.25
PF12254,PF08996,17,20,16,1,4,2337,0.8,1.0,0.94,0.87,20,16,1,4,2337,0.8,1.0,0.94,0.87
PF16353,PF02929,10,10,10,0,0,2348,1.0,1.0,1.0,1.0,10,10,0,0,2348,1.0,1.0,1.0,1.0
PF01427,PF07930,7,1,0,7,1,2350,0.0,1.0,0.0,-0.0,1,0,7,1,2350,0.0,1.0,0.0,-0.0
PF01503,PF01502,24,22,17,7,5,2329,0.77,0.99,0.71,0.74,22,17,7,5,2329,0.77,0.99,0.71,0.74
PF07022,PF06934,3,0,0,3,0,2355,0,1.0,0.0,0,0,0,3,0,2355,0,1.0,0.0,0
PF06209,PF10537,7,23,3,4,20,2331,0.13,0.99,0.43,0.23,23,3,4,20,2331,0.13,0.99,0.43,0.23
PF03244,PF06890,3,0,0,3,0,2355,0,1.0,0.0,0,0,0,3,0,2355,0,1.0,0.0,0
PF01738,PF03211,41,21,7,34,14,2303,0.33,0.98,0.17,0.23,21,7,34,14,2303,0.33,0.98,0.17,0.23
PF04927,PF01132,2,12,1,1,11,2345,0.08,0.99,0.5,0.2,12,1,1,11,2345,0.08,0.99,0.5,0.2
PF12068,PF15733,18,1,0,18,1,2339,0.0,0.99,0.0,-0.0,1,0,18,1,2339,0.0,0.99,0.0,-0.0
PF08587,PF13240,16,7,3,13,4,2338,0.43,0.99,0.19,0.28,7,3,13,4,2338,0.43,0.99,0.19,0.28
PF17042,PF07005,10,10,10,0,0,2348,1.0,1.0,1.0,1.0,10,10,0,0,2348,1.0,1.0,1.0,1.0
PF07686,PF08205,107,59,39,68,20,2231,0.66,0.96,0.36,0.47,59,39,68,20,2231,0.66,0.96,0.36,0.47
PF07010,PF17049,0,2,0,0,2,2356,0.0,1.0,0,0,2,0,0,2,2356,0.0,1.0,0,0
PF11229,PF12530,3,6,2,1,4,2351,0.33,1.0,0.67,0.47,6,2,1,4,2351,0.33,1.0,0.67,0.47
PF09867,PF02413,0,1,0,0,1,2357,0.0,1.0,0,0,1,0,0,1,2357,0.0,1.0,0,0
PF03643,PF09751,17,14,2,15,12,2329,0.14,0.99,0.12,0.12,14,2,15,12,2329,0.14,0.99,0.12,0.12
PF00990,PF00563,24,18,11,13,7,2327,0.61,0.99,0.46,0.53,18,11,13,7,2327,0.61,0.99,0.46,0.53
PF03088,PF13506,25,14,1,24,13,2320,0.07,0.98,0.04,0.05,14,1,24,13,2320,0.07,0.98,0.04,0.05
PF10553,PF03943,0,15,0,0,15,2343,0.0,0.99,0,0,15,0,0,15,2343,0.0,0.99,0,0
PF15861,PF13643,6,1,1,5,0,2352,1.0,1.0,0.17,0.41,1,1,5,0,2352,1.0,1.0,0.17,0.41
PF16399,PF15917,29,2,2,27,0,2329,1.0,0.99,0.07,0.26,2,2,27,0,2329,1.0,0.99,0.07,0.26
PF10187,PF00473,13,8,2,11,6,2339,0.25,0.99,0.15,0.19,8,2,11,6,2339,0.25,0.99,0.15,0.19
PF08026,PF15085,2,2,0,2,2,2354,0.0,1.0,0.0,-0.0,2,0,2,2,2354,0.0,1.0,0.0,-0.0
PF14464,PF15160,8,0,0,8,0,2350,0,1.0,0.0,0,0,0,8,0,2350,0,1.0,0.0,0
PF07679,PF07645,181,126,69,112,57,2120,0.55,0.93,0.38,0.42,126,69,112,57,2120,0.55,0.93,0.38,0.42
PF13765,PF00622,41,130,31,10,99,2218,0.24,0.95,0.76,0.41,130,31,10,99,2218,0.24,0.95,0.76,0.41
PF00867,PF12247,74,6,5,69,1,2283,0.83,0.97,0.07,0.23,6,5,69,1,2283,0.83,0.97,0.07,0.23
PF08364,PF16658,10,1,1,9,0,2348,1.0,1.0,0.1,0.32,1,1,9,0,2348,1.0,1.0,0.1,0.32
PF03764,PF14492,48,72,40,8,32,2278,0.56,0.98,0.83,0.67,72,40,8,32,2278,0.56,0.98,0.83,0.67
PF03443,PF02015,57,11,9,48,2,2299,0.82,0.98,0.16,0.35,11,9,48,2,2299,0.82,0.98,0.16,0.35
PF08653,PF06485,6,5,0,6,5,2347,0.0,1.0,0.0,-0.0,5,0,6,5,2347,0.0,1.0,0.0,-0.0
PF00088,PF16863,28,35,14,14,21,2309,0.4,0.99,0.5,0.44,35,14,14,21,2309,0.4,0.99,0.5,0.44
PF15485,PF17206,0,1,0,0,1,2357,0.0,1.0,0,0,1,0,0,1,2357,0.0,1.0,0,0
PF08143,PF11627,1,3,1,0,2,2355,0.33,1.0,1.0,0.58,3,1,0,2,2355,0.33,1.0,1.0,0.58
PF08027,PF03784,2,1,0,2,1,2355,0.0,1.0,0.0,-0.0,1,0,2,1,2355,0.0,1.0,0.0,-0.0
PF08334,PF01514,5,3,0,5,3,2350,0.0,1.0,0.0,-0.0,3,0,5,3,2350,0.0,1.0,0.0,-0.0
PF11026,PF01913,0,2,0,0,2,2356,0.0,1.0,0,0,2,0,0,2,2356,0.0,1.0,0,0
PF15216,PF15555,1,3,0,1,3,2354,0.0,1.0,0.0,-0.0,3,0,1,3,2354,0.0,1.0,0.0,-0.0
PF13890,PF09733,5,12,1,4,11,2342,0.08,0.99,0.2,0.13,12,1,4,11,2342,0.08,0.99,0.2,0.13
PF02970,PF01987,16,14,1,15,13,2329,0.07,0.99,0.06,0.06,14,1,15,13,2329,0.07,0.99,0.06,0.06
PF11879,PF11601,9,8,8,1,0,2349,1.0,1.0,0.89,0.94,8,8,1,0,2349,1.0,1.0,0.89,0.94
PF05529,PF07933,22,21,6,16,15,2321,0.29,0.99,0.27,0.27,21,6,16,15,2321,0.29,0.99,0.27,0.27
PF12920,PF09374,1,0,0,1,0,2357,0,1.0,0.0,0,0,0,1,0,2357,0,1.0,0.0,0
PF06047,PF07222,15,5,1,14,4,2339,0.2,0.99,0.07,0.11,5,1,14,4,2339,0.2,0.99,0.07,0.11
PF13373,PF10302,8,4,3,5,1,2349,0.75,1.0,0.38,0.53,4,3,5,1,2349,0.75,1.0,0.38,0.53
PF00120,PF03951,41,20,19,22,1,2316,0.95,0.99,0.46,0.66,20,19,22,1,2316,0.95,0.99,0.46,0.66
PF06007,PF06070,3,1,0,3,1,2354,0.0,1.0,0.0,-0.0,1,0,3,1,2354,0.0,1.0,0.0,-0.0
PF14753,PF15390,7,0,0,7,0,2351,0,1.0,0.0,0,0,0,7,0,2351,0,1.0,0.0,0
PF01053,PF04828,58,38,23,35,15,2285,0.61,0.98,0.4,0.48,38,23,35,15,2285,0.61,0.98,0.4,0.48
PF15185,PF05840,5,5,0,5,5,2348,0.0,1.0,0.0,-0.0,5,0,5,5,2348,0.0,1.0,0.0,-0.0
PF03109,PF00144,68,101,33,35,68,2222,0.33,0.96,0.49,0.38,101,33,35,68,2222,0.33,0.96,0.49,0.38
PF06588,PF10102,6,5,1,5,4,2348,0.2,1.0,0.17,0.18,5,1,5,4,2348,0.2,1.0,0.17,0.18
PF01026,PF08619,39,7,5,34,2,2317,0.71,0.98,0.13,0.3,7,5,34,2,2317,0.71,0.98,0.13,0.3
PF16183,PF12423,30,21,21,9,0,2328,1.0,1.0,0.7,0.84,21,21,9,0,2328,1.0,1.0,0.7,0.84
PF14260,PF03104,27,59,25,2,34,2297,0.42,0.98,0.93,0.62,59,25,2,34,2297,0.42,0.98,0.93,0.62
PF07702,PF00392,9,34,9,0,25,2324,0.26,0.99,1.0,0.51,34,9,0,25,2324,0.26,0.99,1.0,0.51
PF03641,PF00436,18,38,5,13,33,2307,0.13,0.98,0.28,0.18,38,5,13,33,2307,0.13,0.98,0.28,0.18
PF05137,PF04917,0,2,0,0,2,2356,0.0,1.0,0,0,2,0,0,2,2356,0.0,1.0,0,0
PF03812,PF10523,4,16,0,4,16,2338,0.0,0.99,0.0,-0.0,16,0,4,16,2338,0.0,0.99,0.0,-0.0
PF07589,PF09722,0,0,0,0,0,2358,0,1.0,0,0,0,0,0,0,2358,0,1.0,0,0
PF07304,PF09453,12,24,2,10,22,2324,0.08,0.99,0.17,0.11,24,2,10,22,2324,0.08,0.99,0.17,0.11
PF11154,PF15826,3,4,0,3,4,2351,0.0,1.0,0.0,-0.0,4,0,3,4,2351,0.0,1.0,0.0,-0.0
PF02431,PF03386,4,0,0,4,0,2354,0,1.0,0.0,0,0,0,4,0,2354,0,1.0,0.0,0
PF10263,PF05770,40,20,11,29,9,2309,0.55,0.98,0.28,0.38,20,11,29,9,2309,0.55,0.98,0.28,0.38
PF15175,PF08945,0,0,0,0,0,2358,0,1.0,0,0,0,0,0,0,2358,0,1.0,0,0
PF02499,PF04196,1,3,0,1,3,2354,0.0,1.0,0.0,-0.0,3,0,1,3,2354,0.0,1.0,0.0,-0.0
PF08991,PF14777,11,7,4,7,3,2344,0.57,1.0,0.36,0.45,7,4,7,3,2344,0.57,1.0,0.36,0.45
PF10262,PF00159,18,3,1,17,2,2338,0.33,0.99,0.06,0.13,3,1,17,2,2338,0.33,0.99,0.06,0.13
PF07143,PF17186,2,1,1,1,0,2356,1.0,1.0,0.5,0.71,1,1,1,0,2356,1.0,1.0,0.5,0.71
PF00037,PF04068,24,42,20,4,22,2312,0.48,0.99,0.83,0.63,42,20,4,22,2312,0.48,0.99,0.83,0.63
PF11500,PF15456,3,6,1,2,5,2350,0.17,1.0,0.33,0.23,6,1,2,5,2350,0.17,1.0,0.33,0.23
PF01751,PF01131,60,43,37,23,6,2292,0.86,0.99,0.62,0.72,43,37,23,6,2292,0.86,0.99,0.62,0.72
PF01981,PF01451,32,27,8,24,19,2307,0.3,0.98,0.25,0.26,27,8,24,19,2307,0.3,0.98,0.25,0.26
PF13093,PF08228,4,4,0,4,4,2350,0.0,1.0,0.0,-0.0,4,0,4,4,2350,0.0,1.0,0.0,-0.0
PF05565,PF06819,0,0,0,0,0,2358,0,1.0,0,0,0,0,0,0,2358,0,1.0,0,0
PF01403,PF08337,43,32,22,21,10,2305,0.69,0.99,0.51,0.59,32,22,21,10,2305,0.69,0.99,0.51,0.59
PF00051,PF01392,57,44,29,28,15,2286,0.66,0.98,0.51,0.57,44,29,28,15,2286,0.66,0.98,0.51,0.57
PF07449,PF15928,1,3,1,0,2,2355,0.33,1.0,1.0,0.58,3,1,0,2,2355,0.33,1.0,1.0,0.58
PF02001,PF13739,0,0,0,0,0,2358,0,1.0,0,0,0,0,0,0,2358,0,1.0,0,0
PF08696,PF08427,17,17,5,12,12,2329,0.29,0.99,0.29,0.29,17,5,12,12,2329,0.29,0.99,0.29,0.29
PF14492,PF16004,72,18,10,62,8,2278,0.56,0.97,0.14,0.27,18,10,62,8,2278,0.56,0.97,0.14,0.27
PF05835,PF05395,10,3,0,10,3,2345,0.0,0.99,0.0,-0.0,3,0,10,3,2345,0.0,0.99,0.0,-0.0
PF12313,PF11900,7,5,5,2,0,2351,1.0,1.0,0.71,0.84,5,5,2,0,2351,1.0,1.0,0.71,0.84
PF16952,PF12437,4,3,2,2,1,2353,0.67,1.0,0.5,0.58,3,2,2,1,2353,0.67,1.0,0.5,0.58
PF11608,PF01936,3,17,2,1,15,2340,0.12,0.99,0.67,0.28,17,2,1,15,2340,0.12,0.99,0.67,0.28
PF14281,PF04881,0,2,0,0,2,2356,0.0,1.0,0,0,2,0,0,2,2356,0.0,1.0,0,0
PF00014,PF10223,83,6,5,78,1,2274,0.83,0.97,0.06,0.22,6,5,78,1,2274,0.83,0.97,0.06,0.22
PF14712,PF00159,17,3,1,16,2,2339,0.33,0.99,0.06,0.14,3,1,16,2,2339,0.33,0.99,0.06,0.14
PF08505,PF10490,1,7,0,1,7,2350,0.0,1.0,0.0,-0.0,7,0,1,7,2350,0.0,1.0,0.0,-0.0
PF07361,PF02614,10,3,0,10,3,2345,0.0,0.99,0.0,-0.0,3,0,10,3,2345,0.0,0.99,0.0,-0.0
PF03016,PF09258,64,27,21,43,6,2288,0.78,0.98,0.33,0.5,27,21,43,6,2288,0.78,0.98,0.33,0.5
PF08131,PF06876,2,1,0,2,1,2355,0.0,1.0,0.0,-0.0,1,0,2,1,2355,0.0,1.0,0.0,-0.0
PF15223,PF08782,0,13,0,0,13,2345,0.0,0.99,0,0,13,0,0,13,2345,0.0,0.99,0,0
PF14987,PF01330,6,5,1,5,4,2348,0.2,1.0,0.17,0.18,5,1,5,4,2348,0.2,1.0,0.17,0.18
PF08613,PF13908,50,5,2,48,3,2305,0.4,0.98,0.04,0.12,5,2,48,3,2305,0.4,0.98,0.04,0.12
PF02699,PF02355,7,8,5,2,3,2348,0.62,1.0,0.71,0.67,8,5,2,3,2348,0.62,1.0,0.71,0.67
PF05743,PF09454,21,19,19,2,0,2337,1.0,1.0,0.9,0.95,19,19,2,0,2337,1.0,1.0,0.9,0.95
PF05498,PF02704,10,10,1,9,9,2339,0.1,0.99,0.1,0.1,10,1,9,9,2339,0.1,0.99,0.1,0.1
PF09250,PF17007,1,0,0,1,0,2357,0,1.0,0.0,0,0,0,1,0,2357,0,1.0,0.0,0
PF09655,PF14094,0,0,0,0,0,2358,0,1.0,0,0,0,0,0,0,2358,0,1.0,0,0
PF00473,PF15342,8,5,0,8,5,2345,0.0,0.99,0.0,-0.0,5,0,8,5,2345,0.0,0.99,0.0,-0.0
PF01295,PF03038,2,0,0,2,0,2356,0,1.0,0.0,0,0,0,2,0,2356,0,1.0,0.0,0
PF12062,PF00685,9,75,7,2,68,2281,0.09,0.97,0.78,0.26,75,7,2,68,2281,0.09,0.97,0.78,0.26
PF04937,PF14372,45,38,16,29,22,2291,0.42,0.98,0.36,0.38,38,16,29,22,2291,0.42,0.98,0.36,0.38
PF08039,PF05488,2,0,0,2,0,2356,0,1.0,0.0,0,0,0,2,0,2356,0,1.0,0.0,0
PF15668,PF15843,3,0,0,3,0,2355,0,1.0,0.0,0,0,0,3,0,2355,0,1.0,0.0,0
PF08172,PF15908,11,7,0,11,7,2340,0.0,0.99,0.0,-0.0,7,0,11,7,2340,0.0,0.99,0.0,-0.0
PF02072,PF15088,2,2,0,2,2,2354,0.0,1.0,0.0,-0.0,2,0,2,2,2354,0.0,1.0,0.0,-0.0
PF12518,PF08792,0,1,0,0,1,2357,0.0,1.0,0,0,1,0,0,1,2357,0.0,1.0,0,0
PF05355,PF15119,10,4,4,6,0,2348,1.0,1.0,0.4,0.63,4,4,6,0,2348,1.0,1.0,0.4,0.63
PF13842,PF13843,4,96,4,0,92,2262,0.04,0.96,1.0,0.2,96,4,0,92,2262,0.04,0.96,1.0,0.2
PF01331,PF02940,25,16,5,20,11,2322,0.31,0.99,0.2,0.24,16,5,20,11,2322,0.31,0.99,0.2,0.24
PF08281,PF04539,10,24,5,5,19,2329,0.21,0.99,0.5,0.32,24,5,5,19,2329,0.21,0.99,0.5,0.32
PF11362,PF15398,5,3,0,5,3,2350,0.0,1.0,0.0,-0.0,3,0,5,3,2350,0.0,1.0,0.0,-0.0
PF10022,PF16401,15,4,1,14,3,2340,0.25,0.99,0.07,0.13,4,1,14,3,2340,0.25,0.99,0.07,0.13
PF09698,PF04740,0,0,0,0,0,2358,0,1.0,0,0,0,0,0,0,2358,0,1.0,0,0
PF05041,PF14611,11,10,1,10,9,2338,0.1,0.99,0.09,0.09,10,1,10,9,2338,0.1,0.99,0.09,0.09
PF02972,PF05754,1,0,0,1,0,2357,0,1.0,0.0,0,0,0,1,0,2357,0,1.0,0.0,0
PF16182,PF02209,11,28,6,5,22,2325,0.21,0.99,0.55,0.34,28,6,5,22,2325,0.21,0.99,0.55,0.34
PF04412,PF01989,1,1,1,0,0,2357,1.0,1.0,1.0,1.0,1,1,0,0,2357,1.0,1.0,1.0,1.0
PF15466,PF14885,0,3,0,0,3,2355,0.0,1.0,0,0,3,0,0,3,2355,0.0,1.0,0,0
PF02602,PF06172,26,3,0,26,3,2329,0.0,0.99,0.0,-0.0,3,0,26,3,2329,0.0,0.99,0.0,-0.0
PF14041,PF05028,0,31,0,0,31,2327,0.0,0.99,0,0,31,0,0,31,2327,0.0,0.99,0,0
PF02862,PF02121,27,23,11,16,12,2319,0.48,0.99,0.41,0.44,23,11,16,12,2319,0.48,0.99,0.41,0.44
PF10453,PF09816,16,16,2,14,14,2328,0.12,0.99,0.12,0.12,16,2,14,14,2328,0.12,0.99,0.12,0.12
PF04239,PF02413,4,1,0,4,1,2353,0.0,1.0,0.0,-0.0,1,0,4,1,2353,0.0,1.0,0.0,-0.0
PF06524,PF04643,7,4,1,6,3,2348,0.25,1.0,0.14,0.19,4,1,6,3,2348,0.25,1.0,0.14,0.19
PF07555,PF02838,3,15,1,2,14,2341,0.07,0.99,0.33,0.15,15,1,2,14,2341,0.07,0.99,0.33,0.15
PF01944,PF14258,0,0,0,0,0,2358,0,1.0,0,0,0,0,0,0,2358,0,1.0,0,0
PF13096,PF06211,2,4,0,2,4,2352,0.0,1.0,0.0,-0.0,4,0,2,4,2352,0.0,1.0,0.0,-0.0
PF03940,PF11573,0,7,0,0,7,2351,0.0,1.0,0,0,7,0,0,7,2351,0.0,1.0,0,0
PF08839,PF16679,18,12,10,8,2,2338,0.83,1.0,0.56,0.68,12,10,8,2,2338,0.83,1.0,0.56,0.68
PF09361,PF16967,0,0,0,0,0,2358,0,1.0,0,0,0,0,0,0,2358,0,1.0,0,0
PF12311,PF07350,4,3,1,3,2,2352,0.33,1.0,0.25,0.29,3,1,3,2,2352,0.33,1.0,0.25,0.29
PF10096,PF08545,0,7,0,0,7,2351,0.0,1.0,0,0,7,0,0,7,2351,0.0,1.0,0,0
PF10148,PF15929,9,0,0,9,0,2349,0,1.0,0.0,0,0,0,9,0,2349,0,1.0,0.0,0
PF16690,PF15390,6,0,0,6,0,2352,0,1.0,0.0,0,0,0,6,0,2352,0,1.0,0.0,0
PF11881,PF08573,3,8,1,2,7,2348,0.12,1.0,0.33,0.2,8,1,2,7,2348,0.12,1.0,0.33,0.2
PF12418,PF12806,5,5,5,0,0,2353,1.0,1.0,1.0,1.0,5,5,0,0,2353,1.0,1.0,1.0,1.0
PF13520,PF13906,131,36,34,97,2,2225,0.94,0.96,0.26,0.48,36,34,97,2,2225,0.94,0.96,0.26,0.48
PF12034,PF13400,0,0,0,0,0,2358,0,1.0,0,0,0,0,0,0,2358,0,1.0,0,0
PF10599,PF09950,6,0,0,6,0,2352,0,1.0,0.0,0,0,0,6,0,2352,0,1.0,0.0,0
PF08236,PF11764,25,11,3,22,8,2325,0.27,0.99,0.12,0.18,11,3,22,8,2325,0.27,0.99,0.12,0.18
PF03706,PF06744,2,0,0,2,0,2356,0,1.0,0.0,0,0,0,2,0,2356,0,1.0,0.0,0
PF08170,PF06978,10,13,10,0,3,2345,0.77,1.0,1.0,0.88,13,10,0,3,2345,0.77,1.0,1.0,0.88
PF08689,PF15749,13,10,1,12,9,2336,0.1,0.99,0.08,0.08,10,1,12,9,2336,0.1,0.99,0.08,0.08
PF14917,PF10375,1,1,0,1,1,2356,0.0,1.0,0.0,-0.0,1,0,1,1,2356,0.0,1.0,0.0,-0.0
PF16772,PF08558,4,14,4,0,10,2344,0.29,1.0,1.0,0.53,14,4,0,10,2344,0.29,1.0,1.0,0.53
PF15395,PF11713,0,1,0,0,1,2357,0.0,1.0,0,0,1,0,0,1,2357,0.0,1.0,0,0
PF13095,PF07444,3,0,0,3,0,2355,0,1.0,0.0,0,0,0,3,0,2355,0,1.0,0.0,0
PF13741,PF10775,3,2,0,3,2,2353,0.0,1.0,0.0,-0.0,2,0,3,2,2353,0.0,1.0,0.0,-0.0
PF11927,PF03162,21,9,1,20,8,2329,0.11,0.99,0.05,0.07,9,1,20,8,2329,0.11,0.99,0.05,0.07
PF05836,PF15760,2,0,0,2,0,2356,0,1.0,0.0,0,0,0,2,0,2356,0,1.0,0.0,0
PF00978,PF01443,9,13,9,0,4,2345,0.69,1.0,1.0,0.83,13,9,0,4,2345,0.69,1.0,1.0,0.83
PF12423,PF16183,21,30,21,0,9,2328,0.7,1.0,1.0,0.84,30,21,0,9,2328,0.7,1.0,1.0,0.84
PF17052,PF16265,3,0,0,3,0,2355,0,1.0,0.0,0,0,0,3,0,2355,0,1.0,0.0,0
PF04967,PF09669,0,1,0,0,1,2357,0.0,1.0,0,0,1,0,0,1,2357,0.0,1.0,0,0
PF05859,PF12319,14,1,0,14,1,2343,0.0,0.99,0.0,-0.0,1,0,14,1,2343,0.0,0.99,0.0,-0.0
PF15546,PF12241,3,2,0,3,2,2353,0.0,1.0,0.0,-0.0,2,0,3,2,2353,0.0,1.0,0.0,-0.0
PF01293,PF03350,9,1,0,9,1,2348,0.0,1.0,0.0,-0.0,1,0,9,1,2348,0.0,1.0,0.0,-0.0
PF02136,PF09162,38,12,11,27,1,2319,0.92,0.99,0.29,0.51,12,11,27,1,2319,0.92,0.99,0.29,0.51
PF02738,PF01315,36,35,33,3,2,2320,0.94,1.0,0.92,0.93,35,33,3,2,2320,0.94,1.0,0.92,0.93
PF04508,PF12384,8,3,1,7,2,2348,0.33,1.0,0.12,0.2,3,1,7,2,2348,0.33,1.0,0.12,0.2
PF16200,PF15975,11,11,1,10,10,2337,0.09,0.99,0.09,0.09,11,1,10,10,2337,0.09,0.99,0.09,0.09
PF14309,PF14383,18,4,4,14,0,2340,1.0,0.99,0.22,0.47,4,4,14,0,2340,1.0,0.99,0.22,0.47
PF06468,PF02014,14,25,9,5,16,2328,0.36,0.99,0.64,0.48,25,9,5,16,2328,0.36,0.99,0.64,0.48
PF15489,PF11277,4,14,3,1,11,2343,0.21,0.99,0.75,0.4,14,3,1,11,2343,0.21,0.99,0.75,0.4
PF12483,PF01980,6,5,0,6,5,2347,0.0,1.0,0.0,-0.0,5,0,6,5,2347,0.0,1.0,0.0,-0.0
PF03629,PF06206,8,2,0,8,2,2348,0.0,1.0,0.0,-0.0,2,0,8,2,2348,0.0,1.0,0.0,-0.0
PF07267,PF15547,1,0,0,1,0,2357,0,1.0,0.0,0,0,0,1,0,2357,0,1.0,0.0,0
PF09453,PF13925,24,10,3,21,7,2327,0.3,0.99,0.12,0.19,10,3,21,7,2327,0.3,0.99,0.12,0.19
PF08709,PF01365,27,20,19,8,1,2330,0.95,1.0,0.7,0.82,20,19,8,1,2330,0.95,1.0,0.7,0.82
PF03729,PF03090,0,0,0,0,0,2358,0,1.0,0,0,0,0,0,0,2358,0,1.0,0,0
PF16359,PF09239,2,3,0,2,3,2353,0.0,1.0,0.0,-0.0,3,0,2,3,2353,0.0,1.0,0.0,-0.0
PF08219,PF08228,3,4,0,3,4,2351,0.0,1.0,0.0,-0.0,4,0,3,4,2351,0.0,1.0,0.0,-0.0
PF07810,PF13890,18,5,2,16,3,2337,0.4,0.99,0.11,0.21,5,2,16,3,2337,0.4,0.99,0.11,0.21
PF16010,PF04526,32,8,1,31,7,2319,0.12,0.98,0.03,0.06,8,1,31,7,2319,0.12,0.98,0.03,0.06
PF13928,PF15230,10,2,0,10,2,2346,0.0,0.99,0.0,-0.0,2,0,10,2,2346,0.0,0.99,0.0,-0.0
PF17035,PF12024,30,13,3,27,10,2318,0.23,0.98,0.1,0.14,13,3,27,10,2318,0.23,0.98,0.1,0.14
PF16876,PF08235,14,18,14,0,4,2340,0.78,1.0,1.0,0.88,18,14,0,4,2340,0.78,1.0,1.0,0.88
PF01913,PF17006,2,0,0,2,0,2356,0,1.0,0.0,0,0,0,2,0,2356,0,1.0,0.0,0
PF00383,PF01872,96,25,17,79,8,2254,0.68,0.96,0.18,0.33,25,17,79,8,2254,0.68,0.96,0.18,0.33
PF16314,PF05974,0,0,0,0,0,2358,0,1.0,0,0,0,0,0,0,2358,0,1.0,0,0
PF04136,PF04048,29,25,8,21,17,2312,0.32,0.98,0.28,0.29,25,8,21,17,2312,0.32,0.98,0.28,0.29
PF00634,PF09169,6,8,4,2,4,2348,0.5,1.0,0.67,0.58,8,4,2,4,2348,0.5,1.0,0.67,0.58
PF14992,PF08964,1,2,0,1,2,2355,0.0,1.0,0.0,-0.0,2,0,1,2,2355,0.0,1.0,0.0,-0.0
PF00030,PF03762,36,6,2,34,4,2318,0.33,0.98,0.06,0.13,6,2,34,4,2318,0.33,0.98,0.06,0.13
PF13988,PF06594,0,1,0,0,1,2357,0.0,1.0,0,0,1,0,0,1,2357,0.0,1.0,0,0
PF04176,PF04716,16,28,5,11,23,2319,0.18,0.99,0.31,0.23,28,5,11,23,2319,0.18,0.99,0.31,0.23
PF02390,PF00162,29,42,16,13,26,2303,0.38,0.98,0.55,0.45,42,16,13,26,2303,0.38,0.98,0.55,0.45
PF04669,PF14159,15,0,0,15,0,2343,0,0.99,0.0,0,0,0,15,0,2343,0,0.99,0.0,0
PF08275,PF01807,6,8,6,0,2,2350,0.75,1.0,1.0,0.87,8,6,0,2,2350,0.75,1.0,1.0,0.87
PF05717,PF03613,0,2,0,0,2,2356,0.0,1.0,0,0,2,0,0,2,2356,0.0,1.0,0,0
PF14479,PF14420,22,23,9,13,14,2322,0.39,0.99,0.41,0.39,23,9,13,14,2322,0.39,0.99,0.41,0.39
PF01469,PF09289,6,9,2,4,7,2345,0.22,1.0,0.33,0.27,9,2,4,7,2345,0.22,1.0,0.33,0.27
PF00660,PF15478,3,3,0,3,3,2352,0.0,1.0,0.0,-0.0,3,0,3,3,2352,0.0,1.0,0.0,-0.0
PF07167,PF13722,4,2,0,4,2,2352,0.0,1.0,0.0,-0.0,2,0,4,2,2352,0.0,1.0,0.0,-0.0
PF06246,PF07019,17,35,6,11,29,2312,0.17,0.98,0.35,0.24,35,6,11,29,2312,0.17,0.98,0.35,0.24
PF05161,PF13660,10,16,10,0,6,2342,0.62,1.0,1.0,0.79,16,10,0,6,2342,0.62,1.0,1.0,0.79
PF01115,PF09749,14,19,5,9,14,2330,0.26,0.99,0.36,0.3,19,5,9,14,2330,0.26,0.99,0.36,0.3
PF03917,PF03199,16,4,4,12,0,2342,1.0,0.99,0.25,0.5,4,4,12,0,2342,1.0,0.99,0.25,0.5
PF16846,PF08493,4,9,4,0,5,2349,0.44,1.0,1.0,0.67,9,4,0,5,2349,0.44,1.0,1.0,0.67
PF14554,PF04692,3,2,2,1,0,2355,1.0,1.0,0.67,0.82,2,2,1,0,2355,1.0,1.0,0.67,0.82
PF09813,PF00398,6,29,4,2,25,2327,0.14,0.99,0.67,0.3,29,4,2,25,2327,0.14,0.99,0.67,0.3
PF04131,PF04552,2,3,0,2,3,2353,0.0,1.0,0.0,-0.0,3,0,2,3,2353,0.0,1.0,0.0,-0.0
PF11800,PF08479,0,1,0,0,1,2357,0.0,1.0,0,0,1,0,0,1,2357,0.0,1.0,0,0
PF05666,PF14659,0,4,0,0,4,2354,0.0,1.0,0,0,4,0,0,4,2354,0.0,1.0,0,0
PF12496,PF00616,15,44,4,11,40,2303,0.09,0.98,0.27,0.15,44,4,11,40,2303,0.09,0.98,0.27,0.15
PF01011,PF13570,17,11,6,11,5,2336,0.55,0.99,0.35,0.44,11,6,11,5,2336,0.55,0.99,0.35,0.44
PF05136,PF01312,7,3,0,7,3,2348,0.0,1.0,0.0,-0.0,3,0,7,3,2348,0.0,1.0,0.0,-0.0
PF10419,PF02234,19,18,3,16,15,2324,0.17,0.99,0.16,0.16,18,3,16,15,2324,0.17,0.99,0.16,0.16
PF14819,PF14690,2,0,0,2,0,2356,0,1.0,0.0,0,0,0,2,0,2356,0,1.0,0.0,0
PF09845,PF06136,0,12,0,0,12,2346,0.0,0.99,0,0,12,0,0,12,2346,0.0,0.99,0,0
PF01849,PF01279,31,5,0,31,5,2322,0.0,0.98,0.0,-0.01,5,0,31,5,2322,0.0,0.98,0.0,-0.01
PF15633,PF15482,0,0,0,0,0,2358,0,1.0,0,0,0,0,0,0,2358,0,1.0,0,0
PF00727,PF02024,6,3,1,5,2,2350,0.33,1.0,0.17,0.23,3,1,5,2,2350,0.33,1.0,0.17,0.23
PF14932,PF04869,7,28,3,4,25,2326,0.11,0.99,0.43,0.21,28,3,4,25,2326,0.11,0.99,0.43,0.21
PF00574,PF13664,39,13,7,32,6,2313,0.54,0.98,0.18,0.3,13,7,32,6,2313,0.54,0.98,0.18,0.3
PF05739,PF02269,68,29,16,52,13,2277,0.55,0.97,0.24,0.35,29,16,52,13,2277,0.55,0.97,0.24,0.35
PF00445,PF04603,40,11,6,34,5,2313,0.55,0.98,0.15,0.28,11,6,34,5,2313,0.55,0.98,0.15,0.28
PF08548,PF13946,2,2,2,0,0,2356,1.0,1.0,1.0,1.0,2,2,0,0,2356,1.0,1.0,1.0,1.0
PF15704,PF06232,4,5,0,4,5,2349,0.0,1.0,0.0,-0.0,5,0,4,5,2349,0.0,1.0,0.0,-0.0
PF14238,PF13390,0,0,0,0,0,2358,0,1.0,0,0,0,0,0,0,2358,0,1.0,0,0
PF13846,PF12449,5,11,0,5,11,2342,0.0,0.99,0.0,-0.0,11,0,5,11,2342,0.0,0.99,0.0,-0.0
PF12743,PF12577,9,6,6,3,0,2349,1.0,1.0,0.67,0.82,6,6,3,0,2349,1.0,1.0,0.67,0.82
PF04421,PF14996,10,1,1,9,0,2348,1.0,1.0,0.1,0.32,1,1,9,0,2348,1.0,1.0,0.1,0.32
PF16747,PF15137,0,3,0,0,3,2355,0.0,1.0,0,0,3,0,0,3,2355,0.0,1.0,0,0
PF14902,PF05762,1,5,1,0,4,2353,0.2,1.0,1.0,0.45,5,1,0,4,2353,0.2,1.0,1.0,0.45
PF06999,PF11927,41,21,5,36,16,2301,0.24,0.98,0.12,0.16,21,5,36,16,2301,0.24,0.98,0.12,0.16
PF13323,PF00368,6,29,6,0,23,2329,0.21,0.99,1.0,0.45,29,6,0,23,2329,0.21,0.99,1.0,0.45
PF09992,PF02012,5,0,0,5,0,2353,0,1.0,0.0,0,0,0,5,0,2353,0,1.0,0.0,0
PF11629,PF14593,7,5,4,3,1,2350,0.8,1.0,0.57,0.68,5,4,3,1,2350,0.8,1.0,0.57,0.68
PF01108,PF09294,5,5,2,3,3,2350,0.4,1.0,0.4,0.4,5,2,3,3,2350,0.4,1.0,0.4,0.4
PF07077,PF08494,3,3,3,0,0,2355,1.0,1.0,1.0,1.0,3,3,0,0,2355,1.0,1.0,1.0,1.0
PF02171,PF16488,85,50,48,37,2,2271,0.96,0.98,0.56,0.73,50,48,37,2,2271,0.96,0.98,0.56,0.73
PF17126,PF13636,5,1,1,4,0,2353,1.0,1.0,0.2,0.45,1,1,4,0,2353,1.0,1.0,0.2,0.45
PF15203,PF11435,3,1,0,3,1,2354,0.0,1.0,0.0,-0.0,1,0,3,1,2354,0.0,1.0,0.0,-0.0
PF09108,PF03090,0,0,0,0,0,2358,0,1.0,0,0,0,0,0,0,2358,0,1.0,0,0
PF14832,PF17124,9,0,0,9,0,2349,0,1.0,0.0,0,0,0,9,0,2349,0,1.0,0.0,0
PF02873,PF02913,9,56,5,4,51,2298,0.09,0.98,0.56,0.22,56,5,4,51,2298,0.09,0.98,0.56,0.22
PF16346,PF16352,0,0,0,0,0,2358,0,1.0,0,0,0,0,0,0,2358,0,1.0,0,0
PF10018,PF07939,28,2,2,26,0,2330,1.0,0.99,0.07,0.27,2,2,26,0,2330,1.0,0.99,0.07,0.27
PF16471,PF04388,6,11,0,6,11,2341,0.0,0.99,0.0,-0.0,11,0,6,11,2341,0.0,0.99,0.0,-0.0
PF16893,PF16892,2,2,2,0,0,2356,1.0,1.0,1.0,1.0,2,2,0,0,2356,1.0,1.0,1.0,1.0
PF12170,PF03525,1,1,0,1,1,2356,0.0,1.0,0.0,-0.0,1,0,1,1,2356,0.0,1.0,0.0,-0.0
PF00520,PF03521,174,10,10,164,0,2184,1.0,0.93,0.06,0.23,10,10,164,0,2184,1.0,0.93,0.06,0.23
PF05762,PF10407,5,0,0,5,0,2353,0,1.0,0.0,0,0,0,5,0,2353,0,1.0,0.0,0
PF01259,PF02222,16,13,2,14,11,2331,0.15,0.99,0.12,0.13,13,2,14,11,2331,0.15,0.99,0.12,0.13
PF04199,PF11807,41,23,13,28,10,2307,0.57,0.98,0.32,0.42,23,13,28,10,2307,0.57,0.98,0.32,0.42
PF04031,PF08161,23,9,4,19,5,2330,0.44,0.99,0.17,0.27,9,4,19,5,2330,0.44,0.99,0.17,0.27
PF07499,PF06798,5,0,0,5,0,2353,0,1.0,0.0,0,0,0,5,0,2353,0,1.0,0.0,0
PF12621,PF13967,20,42,20,0,22,2316,0.48,0.99,1.0,0.69,42,20,0,22,2316,0.48,0.99,1.0,0.69
PF13266,PF06683,1,0,0,1,0,2357,0,1.0,0.0,0,0,0,1,0,2357,0,1.0,0.0,0
PF12261,PF00582,0,58,0,0,58,2300,0.0,0.98,0,0,58,0,0,58,2300,0.0,0.98,0,0
PF10690,PF11061,0,0,0,0,0,2358,0,1.0,0,0,0,0,0,0,2358,0,1.0,0,0
PF03302,PF09132,6,0,0,6,0,2352,0,1.0,0.0,0,0,0,6,0,2352,0,1.0,0.0,0
PF15344,PF06989,3,1,0,3,1,2354,0.0,1.0,0.0,-0.0,1,0,3,1,2354,0.0,1.0,0.0,-0.0
PF15196,PF07227,0,3,0,0,3,2355,0.0,1.0,0,0,3,0,0,3,2355,0.0,1.0,0,0
PF10566,PF10908,0,0,0,0,0,2358,0,1.0,0,0,0,0,0,0,2358,0,1.0,0,0
PF15230,PF15888,2,0,0,2,0,2356,0,1.0,0.0,0,0,0,2,0,2356,0,1.0,0.0,0
PF09135,PF08649,0,7,0,0,7,2351,0.0,1.0,0,0,7,0,0,7,2351,0.0,1.0,0,0
PF10468,PF10079,3,0,0,3,0,2355,0,1.0,0.0,0,0,0,3,0,2355,0,1.0,0.0,0
PF13355,PF15027,4,0,0,4,0,2354,0,1.0,0.0,0,0,0,4,0,2354,0,1.0,0.0,0
PF02650,PF00008,0,158,0,0,158,2200,0.0,0.93,0,0,158,0,0,158,2200,0.0,0.93,0,0
PF04756,PF05434,19,10,4,15,6,2333,0.4,0.99,0.21,0.29,10,4,15,6,2333,0.4,0.99,0.21,0.29
PF04718,PF16158,15,21,7,8,14,2329,0.33,0.99,0.47,0.39,21,7,8,14,2329,0.33,0.99,0.47,0.39
PF13360,PF13570,55,11,6,49,5,2298,0.55,0.98,0.11,0.24,11,6,49,5,2298,0.55,0.98,0.11,0.24
PF07538,PF17164,0,0,0,0,0,2358,0,1.0,0,0,0,0,0,0,2358,0,1.0,0,0
PF15479,PF06429,3,6,0,3,6,2349,0.0,1.0,0.0,-0.0,6,0,3,6,2349,0.0,1.0,0.0,-0.0
PF03759,PF04729,16,18,3,13,15,2327,0.17,0.99,0.19,0.17,18,3,13,15,2327,0.17,0.99,0.19,0.17
PF07961,PF17032,2,0,0,2,0,2356,0,1.0,0.0,0,0,0,2,0,2356,0,1.0,0.0,0
PF00636,PF14622,39,37,24,15,13,2306,0.65,0.99,0.62,0.63,37,24,15,13,2306,0.65,0.99,0.62,0.63
PF02872,PF16656,27,47,10,17,37,2294,0.21,0.98,0.37,0.27,47,10,17,37,2294,0.21,0.98,0.37,0.27
PF06975,PF11136,0,0,0,0,0,2358,0,1.0,0,0,0,0,0,0,2358,0,1.0,0,0
PF16122,PF00318,27,49,18,9,31,2300,0.37,0.98,0.67,0.49,49,18,9,31,2300,0.37,0.98,0.67,0.49
PF04244,PF14814,0,0,0,0,0,2358,0,1.0,0,0,0,0,0,0,2358,0,1.0,0,0
PF13366,PF15547,0,0,0,0,0,2358,0,1.0,0,0,0,0,0,0,2358,0,1.0,0,0
PF00870,PF08563,10,3,3,7,0,2348,1.0,1.0,0.3,0.55,3,3,7,0,2348,1.0,1.0,0.3,0.55
PF14863,PF14864,6,6,6,0,0,2352,1.0,1.0,1.0,1.0,6,6,0,0,2352,1.0,1.0,1.0,1.0
PF03786,PF14882,2,0,0,2,0,2356,0,1.0,0.0,0,0,0,2,0,2356,0,1.0,0.0,0
PF09273,PF05033,28,42,9,19,33,2297,0.21,0.98,0.32,0.25,42,9,19,33,2297,0.21,0.98,0.32,0.25
PF08035,PF16102,0,0,0,0,0,2358,0,1.0,0,0,0,0,0,0,2358,0,1.0,0,0
PF10383,PF12432,9,5,1,8,4,2345,0.2,0.99,0.11,0.15,5,1,8,4,2345,0.2,0.99,0.11,0.15
PF08611,PF07510,9,3,0,9,3,2346,0.0,0.99,0.0,-0.0,3,0,9,3,2346,0.0,0.99,0.0,-0.0
PF02005,PF06881,19,7,3,16,4,2335,0.43,0.99,0.16,0.26,7,3,16,4,2335,0.43,0.99,0.16,0.26
PF08069,PF05019,22,19,11,11,8,2328,0.58,0.99,0.5,0.53,19,11,11,8,2328,0.58,0.99,0.5,0.53
PF00573,PF14374,32,21,19,13,2,2324,0.9,0.99,0.59,0.73,21,19,13,2,2324,0.9,0.99,0.59,0.73
PF08095,PF03219,2,10,0,2,10,2346,0.0,0.99,0.0,-0.0,10,0,2,10,2346,0.0,0.99,0.0,-0.0
PF01414,PF07657,28,11,11,17,0,2330,1.0,0.99,0.39,0.62,11,11,17,0,2330,1.0,0.99,0.39,0.62
PF00828,PF10218,47,0,0,47,0,2311,0,0.98,0.0,0,0,0,47,0,2311,0,0.98,0.0,0
PF09341,PF03073,14,9,2,12,7,2337,0.22,0.99,0.14,0.17,9,2,12,7,2337,0.22,0.99,0.14,0.17
PF09093,PF04984,2,0,0,2,0,2356,0,1.0,0.0,0,0,0,2,0,2356,0,1.0,0.0,0
PF14634,PF00025,29,128,17,12,111,2218,0.13,0.95,0.59,0.26,128,17,12,111,2218,0.13,0.95,0.59,0.26
PF02787,PF00115,31,28,2,29,26,2301,0.07,0.98,0.06,0.06,28,2,29,26,2301,0.07,0.98,0.06,0.06
PF01674,PF00965,15,13,0,15,13,2330,0.0,0.99,0.0,-0.01,13,0,15,13,2330,0.0,0.99,0.0,-0.01
PF10241,PF03604,11,15,1,10,14,2333,0.07,0.99,0.09,0.07,15,1,10,14,2333,0.07,0.99,0.09,0.07
PF00297,PF01012,36,38,13,23,25,2297,0.34,0.98,0.36,0.34,38,13,23,25,2297,0.34,0.98,0.36,0.34
PF07912,PF07749,10,21,9,1,12,2336,0.43,0.99,0.9,0.62,21,9,1,12,2336,0.43,0.99,0.9,0.62
PF12638,PF00537,7,2,0,7,2,2349,0.0,1.0,0.0,-0.0,2,0,7,2,2349,0.0,1.0,0.0,-0.0
PF05362,PF03226,37,34,13,24,21,2300,0.38,0.98,0.35,0.36,34,13,24,21,2300,0.38,0.98,0.35,0.36
PF13417,PF02798,99,80,33,66,47,2212,0.41,0.95,0.33,0.35,80,33,66,47,2212,0.41,0.95,0.33,0.35
PF03703,PF16060,1,7,1,0,6,2351,0.14,1.0,1.0,0.38,7,1,0,6,2351,0.14,1.0,1.0,0.38
PF05573,PF11775,1,0,0,1,0,2357,0,1.0,0.0,0,0,0,1,0,2357,0,1.0,0.0,0
PF16141,PF01033,0,29,0,0,29,2329,0.0,0.99,0,0,29,0,0,29,2329,0.0,0.99,0,0
PF02675,PF08411,6,2,0,6,2,2350,0.0,1.0,0.0,-0.0,2,0,6,2,2350,0.0,1.0,0.0,-0.0
PF06324,PF17056,3,1,0,3,1,2354,0.0,1.0,0.0,-0.0,1,0,3,1,2354,0.0,1.0,0.0,-0.0
PF12394,PF05057,3,52,3,0,49,2306,0.06,0.98,1.0,0.24,52,3,0,49,2306,0.06,0.98,1.0,0.24
PF06218,PF06699,16,29,9,7,20,2322,0.31,0.99,0.56,0.41,29,9,7,20,2322,0.31,0.99,0.56,0.41
PF01153,PF04636,25,17,4,21,13,2320,0.24,0.99,0.16,0.19,17,4,21,13,2320,0.24,0.99,0.16,0.19
PF14875,PF14382,3,19,3,0,16,2339,0.16,0.99,1.0,0.4,19,3,0,16,2339,0.16,0.99,1.0,0.4
PF12460,PF07035,13,10,0,13,10,2335,0.0,0.99,0.0,-0.0,10,0,13,10,2335,0.0,0.99,0.0,-0.0
PF02485,PF09362,35,19,6,29,13,2310,0.32,0.98,0.17,0.22,19,6,29,13,2310,0.32,0.98,0.17,0.22
PF16780,PF02798,1,80,1,0,79,2278,0.01,0.97,1.0,0.11,80,1,0,79,2278,0.01,0.97,1.0,0.11
PF16421,PF08781,17,27,5,12,22,2319,0.19,0.99,0.29,0.23,27,5,12,22,2319,0.19,0.99,0.29,0.23
PF09056,PF06369,8,5,0,8,5,2345,0.0,0.99,0.0,-0.0,5,0,8,5,2345,0.0,0.99,0.0,-0.0
PF12301,PF00272,1,1,0,1,1,2356,0.0,1.0,0.0,-0.0,1,0,1,1,2356,0.0,1.0,0.0,-0.0
PF01578,PF00421,9,30,2,7,28,2321,0.07,0.99,0.22,0.12,30,2,7,28,2321,0.07,0.99,0.22,0.12
PF05630,PF01774,8,16,0,8,16,2334,0.0,0.99,0.0,-0.0,16,0,8,16,2334,0.0,0.99,0.0,-0.0
PF07692,PF15872,6,0,0,6,0,2352,0,1.0,0.0,0,0,0,6,0,2352,0,1.0,0.0,0
PF08694,PF16843,8,1,0,8,1,2349,0.0,1.0,0.0,-0.0,1,0,8,1,2349,0.0,1.0,0.0,-0.0
PF01081,PF07582,5,0,0,5,0,2353,0,1.0,0.0,0,0,0,5,0,2353,0,1.0,0.0,0
PF10415,PF08328,33,4,0,33,4,2321,0.0,0.98,0.0,-0.0,4,0,33,4,2321,0.0,0.98,0.0,-0.0
PF00526,PF17210,2,12,1,1,11,2345,0.08,0.99,0.5,0.2,12,1,1,11,2345,0.08,0.99,0.5,0.2
PF10988,PF13722,0,2,0,0,2,2356,0.0,1.0,0,0,2,0,0,2,2356,0.0,1.0,0,0
PF08403,PF03522,5,41,5,0,36,2317,0.12,0.98,1.0,0.35,41,5,0,36,2317,0.12,0.98,1.0,0.35
PF01652,PF08534,60,38,15,45,23,2275,0.39,0.97,0.25,0.3,38,15,45,23,2275,0.39,0.97,0.25,0.3
PF02875,PF01225,30,16,15,15,1,2327,0.94,0.99,0.5,0.68,16,15,15,1,2327,0.94,0.99,0.5,0.68
PF08545,PF08392,7,12,2,5,10,2341,0.17,0.99,0.29,0.22,12,2,5,10,2341,0.17,0.99,0.29,0.22
PF00195,PF02797,34,30,28,6,2,2322,0.93,1.0,0.82,0.88,30,28,6,2,2322,0.93,1.0,0.82,0.88
PF08603,PF01213,18,20,17,1,3,2337,0.85,1.0,0.94,0.9,20,17,1,3,2337,0.85,1.0,0.94,0.9
PF13769,PF11617,0,1,0,0,1,2357,0.0,1.0,0,0,1,0,0,1,2357,0.0,1.0,0,0
PF06024,PF09087,3,2,2,1,0,2355,1.0,1.0,0.67,0.82,2,2,1,0,2355,1.0,1.0,0.67,0.82
PF03368,PF11648,24,19,6,18,13,2321,0.32,0.99,0.25,0.27,19,6,18,13,2321,0.32,0.99,0.25,0.27
PF12114,PF07469,11,5,1,10,4,2343,0.2,0.99,0.09,0.13,5,1,10,4,2343,0.2,0.99,0.09,0.13
PF09404,PF12904,24,0,0,24,0,2334,0,0.99,0.0,0,0,0,24,0,2334,0,0.99,0.0,0
PF02160,PF05869,2,7,0,2,7,2349,0.0,1.0,0.0,-0.0,7,0,2,7,2349,0.0,1.0,0.0,-0.0
PF08286,PF12240,0,2,0,0,2,2356,0.0,1.0,0,0,2,0,0,2,2356,0.0,1.0,0,0
PF17207,PF00493,98,102,97,1,5,2255,0.95,1.0,0.99,0.97,102,97,1,5,2255,0.95,1.0,0.99,0.97
PF00913,PF13206,1,0,0,1,0,2357,0,1.0,0.0,0,0,0,1,0,2357,0,1.0,0.0,0
PF10908,PF10566,0,0,0,0,0,2358,0,1.0,0,0,0,0,0,0,2358,0,1.0,0,0
PF13764,PF16399,12,29,2,10,27,2319,0.07,0.98,0.17,0.1,29,2,10,27,2319,0.07,0.98,0.17,0.1
PF11713,PF14113,1,0,0,1,0,2357,0,1.0,0.0,0,0,0,1,0,2357,0,1.0,0.0,0
PF05036,PF02603,13,6,6,7,0,2345,1.0,1.0,0.46,0.68,6,6,7,0,2345,1.0,1.0,0.46,0.68
PF01776,PF12020,17,0,0,17,0,2341,0,0.99,0.0,0,0,0,17,0,2341,0,0.99,0.0,0
PF00672,PF00990,34,24,17,17,7,2317,0.71,0.99,0.5,0.59,24,17,17,7,2317,0.71,0.99,0.5,0.59
PF15221,PF14841,2,1,0,2,1,2355,0.0,1.0,0.0,-0.0,1,0,2,1,2355,0.0,1.0,0.0,-0.0
PF00872,PF01610,7,3,1,6,2,2349,0.33,1.0,0.14,0.22,3,1,6,2,2349,0.33,1.0,0.14,0.22
PF08333,PF12009,20,14,1,19,13,2325,0.07,0.99,0.05,0.05,14,1,19,13,2325,0.07,0.99,0.05,0.05
PF17221,PF13183,3,12,0,3,12,2343,0.0,0.99,0.0,-0.0,12,0,3,12,2343,0.0,0.99,0.0,-0.0
PF14759,PF14962,10,5,2,8,3,2345,0.4,1.0,0.2,0.28,5,2,8,3,2345,0.4,1.0,0.2,0.28
PF10091,PF06745,0,0,0,0,0,2358,0,1.0,0,0,0,0,0,0,2358,0,1.0,0,0
PF02559,PF07999,6,2,2,4,0,2352,1.0,1.0,0.33,0.58,2,2,4,0,2352,1.0,1.0,0.33,0.58
PF02300,PF00574,1,39,0,1,39,2318,0.0,0.98,0.0,-0.0,39,0,1,39,2318,0.0,0.98,0.0,-0.0
PF00131,PF14967,3,3,0,3,3,2352,0.0,1.0,0.0,-0.0,3,0,3,3,2352,0.0,1.0,0.0,-0.0
PF15733,PF12068,1,18,0,1,18,2339,0.0,0.99,0.0,-0.0,18,0,1,18,2339,0.0,0.99,0.0,-0.0
PF07084,PF07956,2,10,1,1,9,2347,0.1,1.0,0.5,0.22,10,1,1,9,2347,0.1,1.0,0.5,0.22
PF15215,PF08398,0,2,0,0,2,2356,0.0,1.0,0,0,2,0,0,2,2356,0.0,1.0,0,0
PF12203,PF09757,2,7,1,1,6,2350,0.14,1.0,0.5,0.27,7,1,1,6,2350,0.14,1.0,0.5,0.27
PF09966,PF11907,1,1,1,0,0,2357,1.0,1.0,1.0,1.0,1,1,0,0,2357,1.0,1.0,1.0,1.0
PF08946,PF02452,3,4,3,0,1,2354,0.75,1.0,1.0,0.87,4,3,0,1,2354,0.75,1.0,1.0,0.87
PF05991,PF03703,4,1,0,4,1,2353,0.0,1.0,0.0,-0.0,1,0,4,1,2353,0.0,1.0,0.0,-0.0
PF16979,PF05422,23,5,5,18,0,2335,1.0,0.99,0.22,0.46,5,5,18,0,2335,1.0,0.99,0.22,0.46
PF08622,PF17187,4,4,4,0,0,2354,1.0,1.0,1.0,1.0,4,4,0,0,2354,1.0,1.0,1.0,1.0
PF16836,PF15483,3,3,0,3,3,2352,0.0,1.0,0.0,-0.0,3,0,3,3,2352,0.0,1.0,0.0,-0.0
PF11915,PF08631,36,13,9,27,4,2318,0.69,0.99,0.25,0.41,13,9,27,4,2318,0.69,0.99,0.25,0.41
PF09488,PF01338,3,2,0,3,2,2353,0.0,1.0,0.0,-0.0,2,0,3,2,2353,0.0,1.0,0.0,-0.0
PF15105,PF03050,1,0,0,1,0,2357,0,1.0,0.0,0,0,0,1,0,2357,0,1.0,0.0,0
PF03726,PF16097,14,1,1,13,0,2344,1.0,0.99,0.07,0.27,1,1,13,0,2344,1.0,0.99,0.07,0.27
PF09822,PF14764,9,8,2,7,6,2343,0.25,0.99,0.22,0.23,8,2,7,6,2343,0.25,0.99,0.22,0.23
PF14782,PF14781,18,7,7,11,0,2340,1.0,1.0,0.39,0.62,7,7,11,0,2340,1.0,1.0,0.39,0.62
PF06459,PF08454,17,30,17,0,13,2328,0.57,0.99,1.0,0.75,30,17,0,13,2328,0.57,0.99,1.0,0.75
PF01180,PF16020,43,5,2,41,3,2312,0.4,0.98,0.05,0.13,5,2,41,3,2312,0.4,0.98,0.05,0.13
PF05435,PF08485,7,2,0,7,2,2349,0.0,1.0,0.0,-0.0,2,0,7,2,2349,0.0,1.0,0.0,-0.0
PF08287,PF05419,8,0,0,8,0,2350,0,1.0,0.0,0,0,0,8,0,2350,0,1.0,0.0,0
PF04798,PF09585,0,4,0,0,4,2354,0.0,1.0,0,0,4,0,0,4,2354,0.0,1.0,0,0
PF13434,PF00743,32,103,24,8,79,2247,0.23,0.96,0.75,0.41,103,24,8,79,2247,0.23,0.96,0.75,0.41
PF04077,PF03244,6,3,0,6,3,2349,0.0,1.0,0.0,-0.0,3,0,6,3,2349,0.0,1.0,0.0,-0.0
PF16130,PF17070,0,1,0,0,1,2357,0.0,1.0,0,0,1,0,0,1,2357,0.0,1.0,0,0
PF12761,PF16880,15,27,7,8,20,2323,0.26,0.99,0.47,0.34,27,7,8,20,2323,0.26,0.99,0.47,0.34
PF07227,PF16066,3,1,1,2,0,2355,1.0,1.0,0.33,0.58,1,1,2,0,2355,1.0,1.0,0.33,0.58
PF08224,PF07899,3,11,2,1,9,2346,0.18,1.0,0.67,0.35,11,2,1,9,2346,0.18,1.0,0.67,0.35
PF12473,PF16183,34,30,22,12,8,2316,0.73,0.99,0.65,0.68,30,22,12,8,2316,0.73,0.99,0.65,0.68
PF09690,PF02977,0,0,0,0,0,2358,0,1.0,0,0,0,0,0,0,2358,0,1.0,0,0
PF03894,PF09363,6,6,6,0,0,2352,1.0,1.0,1.0,1.0,6,6,0,0,2352,1.0,1.0,1.0,1.0
PF05962,PF14539,2,0,0,2,0,2356,0,1.0,0.0,0,0,0,2,0,2356,0,1.0,0.0,0
PF03906,PF08278,0,6,0,0,6,2352,0.0,1.0,0,0,6,0,0,6,2352,0.0,1.0,0,0
PF15450,PF14615,4,9,0,4,9,2345,0.0,0.99,0.0,-0.0,9,0,4,9,2345,0.0,0.99,0.0,-0.0
PF01226,PF15245,15,1,0,15,1,2342,0.0,0.99,0.0,-0.0,1,0,15,1,2342,0.0,0.99,0.0,-0.0
PF05247,PF15859,2,0,0,2,0,2356,0,1.0,0.0,0,0,0,2,0,2356,0,1.0,0.0,0
PF04144,PF00992,23,11,6,17,5,2330,0.55,0.99,0.26,0.37,11,6,17,5,2330,0.55,0.99,0.26,0.37
PF12679,PF12040,1,1,1,0,0,2357,1.0,1.0,1.0,1.0,1,1,0,0,2357,1.0,1.0,1.0,1.0
PF09295,PF16669,5,11,1,4,10,2343,0.09,0.99,0.2,0.13,11,1,4,10,2343,0.09,0.99,0.2,0.13
PF03649,PF03459,5,6,2,3,4,2349,0.33,1.0,0.4,0.36,6,2,3,4,2349,0.33,1.0,0.4,0.36
PF08856,PF10951,0,0,0,0,0,2358,0,1.0,0,0,0,0,0,0,2358,0,1.0,0,0
PF14400,PF01342,0,13,0,0,13,2345,0.0,0.99,0,0,13,0,0,13,2345,0.0,0.99,0,0
PF01694,PF04114,83,34,14,69,20,2255,0.41,0.96,0.17,0.25,34,14,69,20,2255,0.41,0.96,0.17,0.25
PF00887,PF00651,81,251,49,32,202,2075,0.2,0.9,0.6,0.3,251,49,32,202,2075,0.2,0.9,0.6,0.3
PF07740,PF06446,3,2,1,2,1,2354,0.5,1.0,0.33,0.41,2,1,2,1,2354,0.5,1.0,0.33,0.41
PF00363,PF07139,3,8,0,3,8,2347,0.0,1.0,0.0,-0.0,8,0,3,8,2347,0.0,1.0,0.0,-0.0
PF10157,PF01221,17,42,11,6,31,2310,0.26,0.98,0.65,0.41,42,11,6,31,2310,0.26,0.98,0.65,0.41
PF01580,PF06070,7,1,0,7,1,2350,0.0,1.0,0.0,-0.0,1,0,7,1,2350,0.0,1.0,0.0,-0.0
PF01052,PF15143,0,0,0,0,0,2358,0,1.0,0,0,0,0,0,0,2358,0,1.0,0,0
PF01410,PF01391,22,134,16,6,118,2218,0.12,0.95,0.73,0.28,134,16,6,118,2218,0.12,0.95,0.73,0.28
PF09751,PF15388,14,3,2,12,1,2343,0.67,0.99,0.14,0.31,3,2,12,1,2343,0.67,0.99,0.14,0.31
PF05808,PF12855,2,5,1,1,4,2352,0.2,1.0,0.5,0.32,5,1,1,4,2352,0.2,1.0,0.5,0.32
PF09331,PF03384,8,4,0,8,4,2346,0.0,0.99,0.0,-0.0,4,0,8,4,2346,0.0,0.99,0.0,-0.0
PF10479,PF00680,20,18,1,19,17,2321,0.06,0.98,0.05,0.05,18,1,19,17,2321,0.06,0.98,0.05,0.05
PF01949,PF01527,0,17,0,0,17,2341,0.0,0.99,0,0,17,0,0,17,2341,0.0,0.99,0,0
PF00584,PF08228,21,4,1,20,3,2334,0.25,0.99,0.05,0.11,4,1,20,3,2334,0.25,0.99,0.05,0.11
PF08158,PF05285,17,26,13,4,13,2328,0.5,0.99,0.76,0.62,26,13,4,13,2328,0.5,0.99,0.76,0.62
PF00011,PF00525,55,3,3,52,0,2303,1.0,0.98,0.05,0.23,3,3,52,0,2303,1.0,0.98,0.05,0.23
PF04631,PF03379,0,4,0,0,4,2354,0.0,1.0,0,0,4,0,0,4,2354,0.0,1.0,0,0
PF11595,PF15092,4,6,4,0,2,2352,0.67,1.0,1.0,0.82,6,4,0,2,2352,0.67,1.0,1.0,0.82
PF08398,PF15085,2,2,0,2,2,2354,0.0,1.0,0.0,-0.0,2,0,2,2,2354,0.0,1.0,0.0,-0.0
PF07403,PF14297,0,0,0,0,0,2358,0,1.0,0,0,0,0,0,0,2358,0,1.0,0,0
PF05218,PF06007,3,3,0,3,3,2352,0.0,1.0,0.0,-0.0,3,0,3,3,2352,0.0,1.0,0.0,-0.0
PF10034,PF08925,21,12,5,16,7,2330,0.42,0.99,0.24,0.31,12,5,16,7,2330,0.42,0.99,0.24,0.31
PF00263,PF17084,14,0,0,14,0,2344,0,0.99,0.0,0,0,0,14,0,2344,0,0.99,0.0,0
PF02954,PF00158,11,20,10,1,10,2337,0.5,1.0,0.91,0.67,20,10,1,10,2337,0.5,1.0,0.91,0.67
PF15102,PF16649,4,3,0,4,3,2351,0.0,1.0,0.0,-0.0,3,0,4,3,2351,0.0,1.0,0.0,-0.0
PF09037,PF15775,0,0,0,0,0,2358,0,1.0,0,0,0,0,0,0,2358,0,1.0,0,0
PF15075,PF10127,3,1,0,3,1,2354,0.0,1.0,0.0,-0.0,1,0,3,1,2354,0.0,1.0,0.0,-0.0
PF14220,PF09327,3,0,0,3,0,2355,0,1.0,0.0,0,0,0,3,0,2355,0,1.0,0.0,0
PF01821,PF07677,10,26,10,0,16,2332,0.38,0.99,1.0,0.62,26,10,0,16,2332,0.38,0.99,1.0,0.62
PF03868,PF01159,32,37,21,11,16,2310,0.57,0.99,0.66,0.6,37,21,11,16,2310,0.57,0.99,0.66,0.6
PF04876,PF03178,0,40,0,0,40,2318,0.0,0.98,0,0,40,0,0,40,2318,0.0,0.98,0,0
PF14836,PF06337,18,29,12,6,17,2323,0.41,0.99,0.67,0.52,29,12,6,17,2323,0.41,0.99,0.67,0.52
PF00924,PF15996,31,14,3,28,11,2316,0.21,0.98,0.1,0.14,14,3,28,11,2316,0.21,0.98,0.1,0.14
PF14909,PF05508,8,1,0,8,1,2349,0.0,1.0,0.0,-0.0,1,0,8,1,2349,0.0,1.0,0.0,-0.0
PF05663,PF07757,0,16,0,0,16,2342,0.0,0.99,0,0,16,0,0,16,2342,0.0,0.99,0,0
PF00324,PF03522,103,41,40,63,1,2254,0.98,0.97,0.39,0.61,41,40,63,1,2254,0.98,0.97,0.39,0.61
PF16185,PF08352,14,7,3,11,4,2340,0.43,0.99,0.21,0.3,7,3,11,4,2340,0.43,0.99,0.21,0.3
PF09260,PF16028,9,5,4,5,1,2348,0.8,1.0,0.44,0.6,5,4,5,1,2348,0.8,1.0,0.44,0.6
PF05693,PF16969,17,20,3,14,17,2324,0.15,0.99,0.18,0.16,20,3,14,17,2324,0.15,0.99,0.18,0.16
PF04170,PF05939,0,0,0,0,0,2358,0,1.0,0,0,0,0,0,0,2358,0,1.0,0,0
PF08643,PF14610,9,7,1,8,6,2343,0.14,0.99,0.11,0.12,7,1,8,6,2343,0.14,0.99,0.11,0.12
PF00658,PF11532,22,1,1,21,0,2336,1.0,0.99,0.05,0.21,1,1,21,0,2336,1.0,0.99,0.05,0.21
PF15155,PF15662,6,0,0,6,0,2352,0,1.0,0.0,0,0,0,6,0,2352,0,1.0,0.0,0
PF10649,PF11418,0,0,0,0,0,2358,0,1.0,0,0,0,0,0,0,2358,0,1.0,0,0
PF08604,PF17219,9,1,1,8,0,2349,1.0,1.0,0.11,0.33,1,1,8,0,2349,1.0,1.0,0.11,0.33
PF02433,PF12139,7,0,0,7,0,2351,0,1.0,0.0,0,0,0,7,0,2351,0,1.0,0.0,0
PF12128,PF01630,0,15,0,0,15,2343,0.0,0.99,0,0,15,0,0,15,2343,0.0,0.99,0,0
PF00280,PF06404,17,3,0,17,3,2338,0.0,0.99,0.0,-0.0,3,0,17,3,2338,0.0,0.99,0.0,-0.0
PF16704,PF10212,3,7,1,2,6,2349,0.14,1.0,0.33,0.22,7,1,2,6,2349,0.14,1.0,0.33,0.22
PF06240,PF04290,11,9,9,2,0,2347,1.0,1.0,0.82,0.9,9,9,2,0,2347,1.0,1.0,0.82,0.9
PF05238,PF02106,4,1,0,4,1,2353,0.0,1.0,0.0,-0.0,1,0,4,1,2353,0.0,1.0,0.0,-0.0
PF00399,PF09285,6,12,0,6,12,2340,0.0,0.99,0.0,-0.0,12,0,6,12,2340,0.0,0.99,0.0,-0.0
PF05485,PF12017,106,42,30,76,12,2240,0.71,0.96,0.28,0.44,42,30,76,12,2240,0.71,0.96,0.28,0.44
PF14706,PF16968,3,1,0,3,1,2354,0.0,1.0,0.0,-0.0,1,0,3,1,2354,0.0,1.0,0.0,-0.0
PF10422,PF15356,1,0,0,1,0,2357,0,1.0,0.0,0,0,0,1,0,2357,0,1.0,0.0,0
PF09033,PF09230,2,11,2,0,9,2347,0.18,1.0,1.0,0.43,11,2,0,9,2347,0.18,1.0,1.0,0.43
PF06544,PF01205,27,43,10,17,33,2298,0.23,0.98,0.37,0.28,43,10,17,33,2298,0.23,0.98,0.37,0.28
PF06200,PF09425,20,12,11,9,1,2337,0.92,1.0,0.55,0.71,12,11,9,1,2337,0.92,1.0,0.55,0.71
PF06451,PF02025,2,4,1,1,3,2353,0.25,1.0,0.5,0.35,4,1,1,3,2353,0.25,1.0,0.5,0.35
PF12800,PF11953,2,0,0,2,0,2356,0,1.0,0.0,0,0,0,2,0,2356,0,1.0,0.0,0
PF01990,PF02392,4,17,1,3,16,2338,0.06,0.99,0.25,0.12,17,1,3,16,2338,0.06,0.99,0.25,0.12
PF10761,PF00619,0,54,0,0,54,2304,0.0,0.98,0,0,54,0,0,54,2304,0.0,0.98,0,0
PF14858,PF10650,1,3,0,1,3,2354,0.0,1.0,0.0,-0.0,3,0,1,3,2354,0.0,1.0,0.0,-0.0
PF16931,PF10279,0,0,0,0,0,2358,0,1.0,0,0,0,0,0,0,2358,0,1.0,0,0
PF06920,PF14429,25,27,15,10,12,2321,0.56,0.99,0.6,0.57,27,15,10,12,2321,0.56,0.99,0.6,0.57
PF05183,PF12612,47,27,9,38,18,2293,0.33,0.98,0.19,0.24,27,9,38,18,2293,0.33,0.98,0.19,0.24
PF12943,PF10780,5,0,0,5,0,2353,0,1.0,0.0,0,0,0,5,0,2353,0,1.0,0.0,0
PF16930,PF05679,0,28,0,0,28,2330,0.0,0.99,0,0,28,0,0,28,2330,0.0,0.99,0,0
PF04611,PF03867,3,1,1,2,0,2355,1.0,1.0,0.33,0.58,1,1,2,0,2355,1.0,1.0,0.33,0.58
PF15146,PF15395,2,0,0,2,0,2356,0,1.0,0.0,0,0,0,2,0,2356,0,1.0,0.0,0
PF04570,PF10248,3,7,0,3,7,2348,0.0,1.0,0.0,-0.0,7,0,3,7,2348,0.0,1.0,0.0,-0.0
PF11642,PF15685,0,2,0,0,2,2356,0.0,1.0,0,0,2,0,0,2,2356,0.0,1.0,0,0
PF03107,PF13905,31,32,14,17,18,2309,0.44,0.99,0.45,0.44,32,14,17,18,2309,0.44,0.99,0.45,0.44
PF00463,PF01274,18,20,4,14,16,2324,0.2,0.99,0.22,0.2,20,4,14,16,2324,0.2,0.99,0.22,0.2
PF00797,PF12239,24,18,6,18,12,2322,0.33,0.99,0.25,0.28,18,6,18,12,2322,0.33,0.99,0.25,0.28
PF01300,PF01184,29,39,14,15,25,2304,0.36,0.98,0.48,0.41,39,14,15,25,2304,0.36,0.98,0.48,0.41
PF01770,PF14778,12,5,2,10,3,2343,0.4,0.99,0.17,0.26,5,2,10,3,2343,0.4,0.99,0.17,0.26
PF00110,PF00822,26,20,7,19,13,2319,0.35,0.99,0.27,0.3,20,7,19,13,2319,0.35,0.99,0.27,0.3
PF07504,PF02128,4,6,4,0,2,2352,0.67,1.0,1.0,0.82,6,4,0,2,2352,0.67,1.0,1.0,0.82
PF08288,PF15924,19,12,3,16,9,2330,0.25,0.99,0.16,0.19,12,3,16,9,2330,0.25,0.99,0.16,0.19
PF10492,PF10491,0,4,0,0,4,2354,0.0,1.0,0,0,4,0,0,4,2354,0.0,1.0,0,0
PF00661,PF09538,2,0,0,2,0,2356,0,1.0,0.0,0,0,0,2,0,2356,0,1.0,0.0,0
PF09384,PF14077,22,5,1,21,4,2332,0.2,0.99,0.05,0.09,5,1,21,4,2332,0.2,0.99,0.05,0.09
PF08154,PF16699,30,7,5,25,2,2326,0.71,0.99,0.17,0.34,7,5,25,2,2326,0.71,0.99,0.17,0.34
PF09042,PF06582,4,6,4,0,2,2352,0.67,1.0,1.0,0.82,6,4,0,2,2352,0.67,1.0,1.0,0.82
PF10279,PF11751,0,0,0,0,0,2358,0,1.0,0,0,0,0,0,0,2358,0,1.0,0,0
PF03548,PF15186,3,1,0,3,1,2354,0.0,1.0,0.0,-0.0,1,0,3,1,2354,0.0,1.0,0.0,-0.0
PF09131,PF00419,0,7,0,0,7,2351,0.0,1.0,0,0,7,0,0,7,2351,0.0,1.0,0,0
PF11721,PF12819,25,26,8,17,18,2315,0.31,0.99,0.32,0.31,26,8,17,18,2315,0.31,0.99,0.32,0.31
PF12885,PF12886,8,8,8,0,0,2350,1.0,1.0,1.0,1.0,8,8,0,0,2350,1.0,1.0,1.0,1.0
PF02428,PF15302,4,0,0,4,0,2354,0,1.0,0.0,0,0,0,4,0,2354,0,1.0,0.0,0
PF08699,PF16486,73,58,57,16,1,2284,0.98,0.99,0.78,0.87,58,57,16,1,2284,0.98,0.99,0.78,0.87
PF09121,PF09169,1,8,1,0,7,2350,0.12,1.0,1.0,0.35,8,1,0,7,2350,0.12,1.0,1.0,0.35
PF13739,PF08708,0,0,0,0,0,2358,0,1.0,0,0,0,0,0,0,2358,0,1.0,0,0
PF16550,PF14831,10,3,0,10,3,2345,0.0,0.99,0.0,-0.0,3,0,10,3,2345,0.0,0.99,0.0,-0.0
PF08124,PF02278,4,4,4,0,0,2354,1.0,1.0,1.0,1.0,4,4,0,0,2354,1.0,1.0,1.0,1.0
PF04856,PF00714,3,3,0,3,3,2352,0.0,1.0,0.0,-0.0,3,0,3,3,2352,0.0,1.0,0.0,-0.0
PF10390,PF07303,27,20,16,11,4,2327,0.8,0.99,0.59,0.69,20,16,11,4,2327,0.8,0.99,0.59,0.69
PF07793,PF12385,0,0,0,0,0,2358,0,1.0,0,0,0,0,0,0,2358,0,1.0,0,0
PF11697,PF17206,0,1,0,0,1,2357,0.0,1.0,0,0,1,0,0,1,2357,0.0,1.0,0,0
PF00261,PF12718,25,2,2,23,0,2333,1.0,0.99,0.08,0.28,2,2,23,0,2333,1.0,0.99,0.08,0.28
PF02351,PF00393,7,26,3,4,23,2328,0.12,0.99,0.43,0.22,26,3,4,23,2328,0.12,0.99,0.43,0.22
PF10441,PF17034,12,12,1,11,11,2335,0.08,0.99,0.08,0.08,12,1,11,11,2335,0.08,0.99,0.08,0.08
PF13292,PF00456,5,22,0,5,22,2331,0.0,0.99,0.0,-0.0,22,0,5,22,2331,0.0,0.99,0.0,-0.0
PF15610,PF08744,2,0,0,2,0,2356,0,1.0,0.0,0,0,0,2,0,2356,0,1.0,0.0,0
PF03860,PF07177,0,21,0,0,21,2337,0.0,0.99,0,0,21,0,0,21,2337,0.0,0.99,0,0
PF04858,PF00463,9,18,1,8,17,2332,0.06,0.99,0.11,0.07,18,1,8,17,2332,0.06,0.99,0.11,0.07
PF15132,PF08945,0,0,0,0,0,2358,0,1.0,0,0,0,0,0,0,2358,0,1.0,0,0
PF15679,PF13422,0,12,0,0,12,2346,0.0,0.99,0,0,12,0,0,12,2346,0.0,0.99,0,0
PF02684,PF12904,2,0,0,2,0,2356,0,1.0,0.0,0,0,0,2,0,2356,0,1.0,0.0,0
PF11834,PF08412,22,11,6,16,5,2331,0.55,0.99,0.27,0.38,11,6,16,5,2331,0.55,0.99,0.27,0.38
PF06411,PF04989,0,5,0,0,5,2353,0.0,1.0,0,0,5,0,0,5,2353,0.0,1.0,0,0
PF15293,PF15068,1,3,0,1,3,2354,0.0,1.0,0.0,-0.0,3,0,1,3,2354,0.0,1.0,0.0,-0.0
PF03740,PF04539,10,24,10,0,14,2334,0.42,0.99,1.0,0.64,24,10,0,14,2334,0.42,0.99,1.0,0.64
PF07910,PF07782,34,22,4,30,18,2306,0.18,0.98,0.12,0.14,22,4,30,18,2306,0.18,0.98,0.12,0.14
PF04692,PF14554,2,3,2,0,1,2355,0.67,1.0,1.0,0.82,3,2,0,1,2355,0.67,1.0,1.0,0.82
PF00603,PF06890,3,0,0,3,0,2355,0,1.0,0.0,0,0,0,3,0,2355,0,1.0,0.0,0
PF05424,PF03011,4,4,4,0,0,2354,1.0,1.0,1.0,1.0,4,4,0,0,2354,1.0,1.0,1.0,1.0
PF06756,PF01810,2,16,0,2,16,2340,0.0,0.99,0.0,-0.0,16,0,2,16,2340,0.0,0.99,0.0,-0.0
PF16064,PF04500,13,41,8,5,33,2312,0.2,0.98,0.62,0.34,41,8,5,33,2312,0.2,0.98,0.62,0.34
PF11316,PF08707,0,1,0,0,1,2357,0.0,1.0,0,0,1,0,0,1,2357,0.0,1.0,0,0
PF11315,PF14279,12,0,0,12,0,2346,0,0.99,0.0,0,0,0,12,0,2346,0,0.99,0.0,0
PF16192,PF02366,28,25,25,3,0,2330,1.0,1.0,0.89,0.94,25,25,3,0,2330,1.0,1.0,0.89,0.94
PF05480,PF02556,1,10,0,1,10,2347,0.0,1.0,0.0,-0.0,10,0,1,10,2347,0.0,1.0,0.0,-0.0
PF06327,PF16214,13,18,13,0,5,2340,0.72,1.0,1.0,0.85,18,13,0,5,2340,0.72,1.0,1.0,0.85
PF11672,PF09967,3,3,3,0,0,2355,1.0,1.0,1.0,1.0,3,3,0,0,2355,1.0,1.0,1.0,1.0
PF02798,PF13409,80,29,15,65,14,2264,0.52,0.97,0.19,0.3,29,15,65,14,2264,0.52,0.97,0.19,0.3
PF15398,PF15467,3,0,0,3,0,2355,0,1.0,0.0,0,0,0,3,0,2355,0,1.0,0.0,0
PF06098,PF07802,6,5,1,5,4,2348,0.2,1.0,0.17,0.18,5,1,5,4,2348,0.2,1.0,0.17,0.18
PF00717,PF04667,54,14,6,48,8,2296,0.43,0.98,0.11,0.21,14,6,48,8,2296,0.43,0.98,0.11,0.21
PF00808,PF08517,86,10,4,82,6,2266,0.4,0.96,0.05,0.13,10,4,82,6,2266,0.4,0.96,0.05,0.13
PF09459,PF12046,1,0,0,1,0,2357,0,1.0,0.0,0,0,0,1,0,2357,0,1.0,0.0,0
PF02232,PF05167,2,2,0,2,2,2354,0.0,1.0,0.0,-0.0,2,0,2,2,2354,0.0,1.0,0.0,-0.0
PF11371,PF07259,0,2,0,0,2,2356,0.0,1.0,0,0,2,0,0,2,2356,0.0,1.0,0,0
PF04218,PF03221,24,92,23,1,69,2265,0.25,0.97,0.96,0.48,92,23,1,69,2265,0.25,0.97,0.96,0.48
PF04714,PF07052,5,18,0,5,18,2335,0.0,0.99,0.0,-0.0,18,0,5,18,2335,0.0,0.99,0.0,-0.0
PF07367,PF15610,5,2,0,5,2,2351,0.0,1.0,0.0,-0.0,2,0,5,2,2351,0.0,1.0,0.0,-0.0
PF10749,PF04917,0,2,0,0,2,2356,0.0,1.0,0,0,2,0,0,2,2356,0.0,1.0,0,0
PF11816,PF15512,27,2,1,26,1,2330,0.5,0.99,0.04,0.13,2,1,26,1,2330,0.5,0.99,0.04,0.13
PF00326,PF02897,82,27,26,56,1,2275,0.96,0.98,0.32,0.55,27,26,56,1,2275,0.96,0.98,0.32,0.55
PF11300,PF16872,2,0,0,2,0,2356,0,1.0,0.0,0,0,0,2,0,2356,0,1.0,0.0,0
PF14349,PF11593,5,4,0,5,4,2349,0.0,1.0,0.0,-0.0,4,0,5,4,2349,0.0,1.0,0.0,-0.0
PF13144,PF12446,1,0,0,1,0,2357,0,1.0,0.0,0,0,0,1,0,2357,0,1.0,0.0,0
PF05638,PF00796,2,4,0,2,4,2352,0.0,1.0,0.0,-0.0,4,0,2,4,2352,0.0,1.0,0.0,-0.0
PF17097,PF07834,1,3,0,1,3,2354,0.0,1.0,0.0,-0.0,3,0,1,3,2354,0.0,1.0,0.0,-0.0
PF14618,PF17124,0,0,0,0,0,2358,0,1.0,0,0,0,0,0,0,2358,0,1.0,0,0
PF10266,PF04922,10,16,2,8,14,2334,0.12,0.99,0.2,0.15,16,2,8,14,2334,0.12,0.99,0.2,0.15
PF00351,PF10369,41,18,5,36,13,2304,0.28,0.98,0.12,0.17,18,5,36,13,2304,0.28,0.98,0.12,0.17
PF03400,PF05634,3,10,0,3,10,2345,0.0,0.99,0.0,-0.0,10,0,3,10,2345,0.0,0.99,0.0,-0.0
PF04341,PF01458,0,4,0,0,4,2354,0.0,1.0,0,0,4,0,0,4,2354,0.0,1.0,0,0
PF06312,PF05679,6,28,6,0,22,2330,0.21,0.99,1.0,0.46,28,6,0,22,2330,0.21,0.99,1.0,0.46
PF16099,PF08585,3,24,3,0,21,2334,0.12,0.99,1.0,0.35,24,3,0,21,2334,0.12,0.99,1.0,0.35
PF08822,PF13901,0,46,0,0,46,2312,0.0,0.98,0,0,46,0,0,46,2312,0.0,0.98,0,0
PF10239,PF10507,15,11,4,11,7,2336,0.36,0.99,0.27,0.31,11,4,11,7,2336,0.36,0.99,0.27,0.31
PF00465,PF00171,42,198,33,9,165,2151,0.17,0.93,0.79,0.34,198,33,9,165,2151,0.17,0.93,0.79,0.34
PF13606,PF00710,93,26,13,80,13,2252,0.5,0.96,0.14,0.25,26,13,80,13,2252,0.5,0.96,0.14,0.25
PF00353,PF08657,1,9,0,1,9,2348,0.0,1.0,0.0,-0.0,9,0,1,9,2348,0.0,1.0,0.0,-0.0
PF03312,PF03888,2,0,0,2,0,2356,0,1.0,0.0,0,0,0,2,0,2356,0,1.0,0.0,0
PF16761,PF06165,9,6,5,4,1,2348,0.83,1.0,0.56,0.68,6,5,4,1,2348,0.83,1.0,0.56,0.68
PF12447,PF02873,4,9,3,1,6,2348,0.33,1.0,0.75,0.5,9,3,1,6,2348,0.33,1.0,0.75,0.5
PF15139,PF15555,2,3,0,2,3,2353,0.0,1.0,0.0,-0.0,3,0,2,3,2353,0.0,1.0,0.0,-0.0
PF04506,PF14953,24,7,4,20,3,2331,0.57,0.99,0.17,0.31,7,4,20,3,2331,0.57,0.99,0.17,0.31
PF02622,PF12428,13,4,2,11,2,2343,0.5,0.99,0.15,0.28,4,2,11,2,2343,0.5,0.99,0.15,0.28
PF05111,PF15064,2,9,0,2,9,2347,0.0,1.0,0.0,-0.0,9,0,2,9,2347,0.0,1.0,0.0,-0.0
PF03462,PF00472,41,65,41,0,24,2293,0.63,0.99,1.0,0.79,65,41,0,24,2293,0.63,0.99,1.0,0.79
PF12207,PF07226,0,0,0,0,0,2358,0,1.0,0,0,0,0,0,0,2358,0,1.0,0,0
PF00742,PF03447,18,29,16,2,13,2327,0.55,0.99,0.89,0.7,29,16,2,13,2327,0.55,0.99,0.89,0.7
PF13564,PF15003,18,5,1,17,4,2336,0.2,0.99,0.06,0.1,5,1,17,4,2336,0.2,0.99,0.06,0.1
PF15576,PF15829,1,1,0,1,1,2356,0.0,1.0,0.0,-0.0,1,0,1,1,2356,0.0,1.0,0.0,-0.0
PF10706,PF08497,2,0,0,2,0,2356,0,1.0,0.0,0,0,0,2,0,2356,0,1.0,0.0,0
PF15700,PF15972,1,2,0,1,2,2355,0.0,1.0,0.0,-0.0,2,0,1,2,2355,0.0,1.0,0.0,-0.0
PF01782,PF04871,10,27,2,8,25,2323,0.07,0.99,0.2,0.12,27,2,8,25,2323,0.07,0.99,0.2,0.12
PF04494,PF08145,24,10,2,22,8,2326,0.2,0.99,0.08,0.12,10,2,22,8,2326,0.2,0.99,0.08,0.12
PF16973,PF15143,0,0,0,0,0,2358,0,1.0,0,0,0,0,0,0,2358,0,1.0,0,0
PF07476,PF13007,0,0,0,0,0,2358,0,1.0,0,0,0,0,0,0,2358,0,1.0,0,0
PF11306,PF09922,0,0,0,0,0,2358,0,1.0,0,0,0,0,0,0,2358,0,1.0,0,0
PF04900,PF04729,36,18,9,27,9,2313,0.5,0.98,0.25,0.35,18,9,27,9,2313,0.5,0.98,0.25,0.35
PF15372,PF11568,1,3,1,0,2,2355,0.33,1.0,1.0,0.58,3,1,0,2,2355,0.33,1.0,1.0,0.58
PF03174,PF03173,4,3,3,1,0,2354,1.0,1.0,0.75,0.87,3,3,1,0,2354,1.0,1.0,0.75,0.87
PF15264,PF02116,5,6,0,5,6,2347,0.0,1.0,0.0,-0.0,6,0,5,6,2347,0.0,1.0,0.0,-0.0
PF13300,PF00930,15,26,5,10,21,2322,0.19,0.99,0.33,0.25,26,5,10,21,2322,0.19,0.99,0.33,0.25
PF02412,PF05735,7,7,7,0,0,2351,1.0,1.0,1.0,1.0,7,7,0,0,2351,1.0,1.0,1.0,1.0
PF15449,PF15302,2,0,0,2,0,2356,0,1.0,0.0,0,0,0,2,0,2356,0,1.0,0.0,0
PF02359,PF02933,23,20,16,7,4,2331,0.8,1.0,0.7,0.74,20,16,7,4,2331,0.8,1.0,0.7,0.74
PF09337,PF07245,26,10,4,22,6,2326,0.4,0.99,0.15,0.24,10,4,22,6,2326,0.4,0.99,0.15,0.24
PF12366,PF15927,4,8,4,0,4,2350,0.5,1.0,1.0,0.71,8,4,0,4,2350,0.5,1.0,1.0,0.71
PF15160,PF05418,0,3,0,0,3,2355,0.0,1.0,0,0,3,0,0,3,2355,0.0,1.0,0,0
PF05700,PF12638,19,7,5,14,2,2337,0.71,0.99,0.26,0.43,7,5,14,2,2337,0.71,0.99,0.26,0.43
PF04940,PF08376,8,8,3,5,5,2345,0.38,1.0,0.38,0.37,8,3,5,5,2345,0.38,1.0,0.38,0.37
PF13815,PF07926,10,15,1,9,14,2334,0.07,0.99,0.1,0.08,15,1,9,14,2334,0.07,0.99,0.1,0.08
PF08144,PF05715,9,5,3,6,2,2347,0.6,1.0,0.33,0.45,5,3,6,2,2347,0.6,1.0,0.33,0.45
PF01586,PF12533,10,6,3,7,3,2345,0.5,1.0,0.3,0.39,6,3,7,3,2345,0.5,1.0,0.3,0.39
PF01467,PF01121,73,22,15,58,7,2278,0.68,0.97,0.21,0.36,22,15,58,7,2278,0.68,0.97,0.21,0.36
PF15277,PF09763,25,22,21,4,1,2332,0.95,1.0,0.84,0.89,22,21,4,1,2332,0.95,1.0,0.84,0.89
PF00537,PF10839,2,0,0,2,0,2356,0,1.0,0.0,0,0,0,2,0,2356,0,1.0,0.0,0
PF06991,PF08209,11,22,1,10,21,2326,0.05,0.99,0.09,0.06,22,1,10,21,2326,0.05,0.99,0.09,0.06
PF16012,PF07530,16,9,3,13,6,2336,0.33,0.99,0.19,0.25,9,3,13,6,2336,0.33,0.99,0.19,0.25
PF10431,PF07724,47,48,46,1,2,2309,0.96,1.0,0.98,0.97,48,46,1,2,2309,0.96,1.0,0.98,0.97
PF08153,PF08701,13,5,1,12,4,2341,0.2,0.99,0.08,0.12,5,1,12,4,2341,0.2,0.99,0.08,0.12
PF13247,PF17206,0,1,0,0,1,2357,0.0,1.0,0,0,1,0,0,1,2357,0.0,1.0,0,0
PF14476,PF07712,2,0,0,2,0,2356,0,1.0,0.0,0,0,0,2,0,2356,0,1.0,0.0,0
PF04999,PF03865,4,0,0,4,0,2354,0,1.0,0.0,0,0,0,4,0,2354,0,1.0,0.0,0
PF00045,PF01471,47,51,36,11,15,2296,0.71,0.99,0.77,0.73,51,36,11,15,2296,0.71,0.99,0.77,0.73
PF03618,PF06485,2,5,1,1,4,2352,0.2,1.0,0.5,0.32,5,1,1,4,2352,0.2,1.0,0.5,0.32
PF00448,PF02978,62,47,45,17,2,2294,0.96,0.99,0.73,0.83,47,45,17,2,2294,0.96,0.99,0.73,0.83
PF16670,PF03601,1,1,0,1,1,2356,0.0,1.0,0.0,-0.0,1,0,1,1,2356,0.0,1.0,0.0,-0.0
PF15881,PF09494,4,21,1,3,20,2334,0.05,0.99,0.25,0.11,21,1,3,20,2334,0.05,0.99,0.25,0.11
PF00513,PF08719,2,40,0,2,40,2316,0.0,0.98,0.0,-0.0,40,0,2,40,2316,0.0,0.98,0.0,-0.0
PF05649,PF01431,62,68,57,5,11,2285,0.84,0.99,0.92,0.87,68,57,5,11,2285,0.84,0.99,0.92,0.87
PF10387,PF12066,0,23,0,0,23,2335,0.0,0.99,0,0,23,0,0,23,2335,0.0,0.99,0,0
PF17005,PF10647,1,3,1,0,2,2355,0.33,1.0,1.0,0.58,3,1,0,2,2355,0.33,1.0,1.0,0.58
PF09036,PF16018,13,1,1,12,0,2345,1.0,0.99,0.08,0.28,1,1,12,0,2345,1.0,0.99,0.08,0.28
PF07690,PF00083,427,236,141,286,95,1836,0.6,0.84,0.33,0.36,236,141,286,95,1836,0.6,0.84,0.33,0.36
PF01824,PF01329,10,30,0,10,30,2318,0.0,0.98,0.0,-0.01,30,0,10,30,2318,0.0,0.98,0.0,-0.01
PF16315,PF01475,0,6,0,0,6,2352,0.0,1.0,0,0,6,0,0,6,2352,0.0,1.0,0,0
PF12731,PF12737,2,2,2,0,0,2356,1.0,1.0,1.0,1.0,2,2,0,0,2356,1.0,1.0,1.0,1.0
PF13726,PF14983,2,6,0,2,6,2350,0.0,1.0,0.0,-0.0,6,0,2,6,2350,0.0,1.0,0.0,-0.0
PF13249,PF13243,26,28,26,0,2,2330,0.93,1.0,1.0,0.96,28,26,0,2,2330,0.93,1.0,1.0,0.96
PF08277,PF00024,14,102,11,3,91,2253,0.11,0.96,0.79,0.28,102,11,3,91,2253,0.11,0.96,0.79,0.28
PF00768,PF07943,11,10,10,1,0,2347,1.0,1.0,0.91,0.95,10,10,1,0,2347,1.0,1.0,0.91,0.95
PF03025,PF14121,0,0,0,0,0,2358,0,1.0,0,0,0,0,0,0,2358,0,1.0,0,0
PF14022,PF15093,3,2,0,3,2,2353,0.0,1.0,0.0,-0.0,2,0,3,2,2353,0.0,1.0,0.0,-0.0
PF12608,PF14317,0,0,0,0,0,2358,0,1.0,0,0,0,0,0,0,2358,0,1.0,0,0
PF12225,PF15608,4,0,0,4,0,2354,0,1.0,0.0,0,0,0,4,0,2354,0,1.0,0.0,0
PF04172,PF14022,5,3,0,5,3,2350,0.0,1.0,0.0,-0.0,3,0,5,3,2350,0.0,1.0,0.0,-0.0
PF01582,PF07725,70,25,24,46,1,2287,0.96,0.98,0.34,0.57,25,24,46,1,2287,0.96,0.98,0.34,0.57
PF16066,PF07227,1,3,1,0,2,2355,0.33,1.0,1.0,0.58,3,1,0,2,2355,0.33,1.0,1.0,0.58
PF16113,PF00378,36,108,21,15,87,2235,0.19,0.96,0.58,0.32,108,21,15,87,2235,0.19,0.96,0.58,0.32
PF07409,PF07157,0,0,0,0,0,2358,0,1.0,0,0,0,0,0,0,2358,0,1.0,0,0
PF03451,PF09453,17,24,3,14,21,2320,0.12,0.99,0.18,0.14,24,3,14,21,2320,0.12,0.99,0.18,0.14
PF06427,PF01501,23,80,21,2,59,2276,0.26,0.97,0.91,0.48,80,21,2,59,2276,0.26,0.97,0.91,0.48
PF09809,PF04667,16,14,3,13,11,2331,0.21,0.99,0.19,0.2,14,3,13,11,2331,0.21,0.99,0.19,0.2
PF04043,PF01095,41,58,28,13,30,2287,0.48,0.98,0.68,0.57,58,28,13,30,2287,0.48,0.98,0.68,0.57
PF07463,PF14849,7,7,1,6,6,2345,0.14,0.99,0.14,0.14,7,1,6,6,2345,0.14,0.99,0.14,0.14
PF06800,PF13296,3,1,0,3,1,2354,0.0,1.0,0.0,-0.0,1,0,3,1,2354,0.0,1.0,0.0,-0.0
PF01494,PF07976,142,29,29,113,0,2216,1.0,0.95,0.2,0.44,29,29,113,0,2216,1.0,0.95,0.2,0.44
PF09855,PF06877,0,0,0,0,0,2358,0,1.0,0,0,0,0,0,0,2358,0,1.0,0,0
PF15786,PF13933,1,0,0,1,0,2357,0,1.0,0.0,0,0,0,1,0,2357,0,1.0,0.0,0
PF00640,PF06311,62,4,4,58,0,2296,1.0,0.98,0.06,0.25,4,4,58,0,2296,1.0,0.98,0.06,0.25
PF06151,PF08395,5,44,4,1,40,2313,0.09,0.98,0.8,0.27,44,4,1,40,2313,0.09,0.98,0.8,0.27
PF08327,PF09229,28,31,27,1,4,2326,0.87,1.0,0.96,0.92,31,27,1,4,2326,0.87,1.0,0.96,0.92
PF13380,PF13607,14,2,2,12,0,2344,1.0,0.99,0.14,0.38,2,2,12,0,2344,1.0,0.99,0.14,0.38
PF08045,PF09991,3,0,0,3,0,2355,0,1.0,0.0,0,0,0,3,0,2355,0,1.0,0.0,0
PF11718,PF07521,24,45,22,2,23,2311,0.49,0.99,0.92,0.67,45,22,2,23,2311,0.49,0.99,0.92,0.67
PF15093,PF07891,2,4,0,2,4,2352,0.0,1.0,0.0,-0.0,4,0,2,4,2352,0.0,1.0,0.0,-0.0
PF11044,PF15207,0,3,0,0,3,2355,0.0,1.0,0,0,3,0,0,3,2355,0.0,1.0,0,0
PF07092,PF12456,8,20,2,6,18,2332,0.1,0.99,0.25,0.15,20,2,6,18,2332,0.1,0.99,0.25,0.15
PF02129,PF08530,33,27,27,6,0,2325,1.0,1.0,0.82,0.9,27,27,6,0,2325,1.0,1.0,0.82,0.9
PF02988,PF00021,2,13,2,0,11,2345,0.15,1.0,1.0,0.39,13,2,0,11,2345,0.15,1.0,1.0,0.39
PF12806,PF08028,5,6,5,0,1,2352,0.83,1.0,1.0,0.91,6,5,0,1,2352,0.83,1.0,1.0,0.91
PF12400,PF01779,18,20,1,17,19,2321,0.05,0.98,0.06,0.05,20,1,17,19,2321,0.05,0.98,0.06,0.05
PF07950,PF12243,9,6,0,9,6,2343,0.0,0.99,0.0,-0.0,6,0,9,6,2343,0.0,0.99,0.0,-0.0
PF15248,PF12240,9,2,0,9,2,2347,0.0,1.0,0.0,-0.0,2,0,9,2,2347,0.0,1.0,0.0,-0.0
PF12372,PF14952,10,4,0,10,4,2344,0.0,0.99,0.0,-0.0,4,0,10,4,2344,0.0,0.99,0.0,-0.0
PF03589,PF03831,2,0,0,2,0,2356,0,1.0,0.0,0,0,0,2,0,2356,0,1.0,0.0,0
PF02284,PF05915,9,2,0,9,2,2347,0.0,1.0,0.0,-0.0,2,0,9,2,2347,0.0,1.0,0.0,-0.0
PF03081,PF04859,46,6,3,43,3,2309,0.5,0.98,0.07,0.18,6,3,43,3,2309,0.5,0.98,0.07,0.18
PF05176,PF07063,7,9,0,7,9,2342,0.0,0.99,0.0,-0.0,9,0,7,9,2342,0.0,0.99,0.0,-0.0
PF08167,PF08166,10,4,4,6,0,2348,1.0,1.0,0.4,0.63,4,4,6,0,2348,1.0,1.0,0.4,0.63
PF15349,PF07807,0,13,0,0,13,2345,0.0,0.99,0,0,13,0,0,13,2345,0.0,0.99,0,0
PF06758,PF05911,4,0,0,4,0,2354,0,1.0,0.0,0,0,0,4,0,2354,0,1.0,0.0,0
PF02165,PF04549,2,0,0,2,0,2356,0,1.0,0.0,0,0,0,2,0,2356,0,1.0,0.0,0
PF03172,PF16737,8,1,1,7,0,2350,1.0,1.0,0.12,0.35,1,1,7,0,2350,1.0,1.0,0.12,0.35
PF05710,PF02557,0,3,0,0,3,2355,0.0,1.0,0,0,3,0,0,3,2355,0.0,1.0,0,0
PF12274,PF09733,13,12,1,12,11,2334,0.08,0.99,0.08,0.08,12,1,12,11,2334,0.08,0.99,0.08,0.08
PF16097,PF16098,1,4,1,0,3,2354,0.25,1.0,1.0,0.5,4,1,0,3,2354,0.25,1.0,1.0,0.5
PF09716,PF11093,0,3,0,0,3,2355,0.0,1.0,0,0,3,0,0,3,2355,0.0,1.0,0,0
PF07805,PF08497,1,0,0,1,0,2357,0,1.0,0.0,0,0,0,1,0,2357,0,1.0,0.0,0
PF06844,PF03454,0,25,0,0,25,2333,0.0,0.99,0,0,25,0,0,25,2333,0.0,0.99,0,0
PF06881,PF07500,7,28,4,3,24,2327,0.14,0.99,0.57,0.28,28,4,3,24,2327,0.14,0.99,0.57,0.28
PF00233,PF01590,44,63,25,19,38,2276,0.4,0.98,0.57,0.46,63,25,19,38,2276,0.4,0.98,0.57,0.46
PF17085,PF15060,1,2,0,1,2,2355,0.0,1.0,0.0,-0.0,2,0,1,2,2355,0.0,1.0,0.0,-0.0
PF09533,PF15212,1,0,0,1,0,2357,0,1.0,0.0,0,0,0,1,0,2357,0,1.0,0.0,0
PF00675,PF05193,99,99,86,13,13,2246,0.87,0.99,0.87,0.86,99,86,13,13,2246,0.87,0.99,0.87,0.86
PF11057,PF15212,1,0,0,1,0,2357,0,1.0,0.0,0,0,0,1,0,2357,0,1.0,0.0,0
PF01698,PF03414,2,12,1,1,11,2345,0.08,0.99,0.5,0.2,12,1,1,11,2345,0.08,0.99,0.5,0.2
PF14258,PF03241,0,0,0,0,0,2358,0,1.0,0,0,0,0,0,0,2358,0,1.0,0,0
PF00916,PF01740,75,69,62,13,7,2276,0.9,0.99,0.83,0.86,69,62,13,7,2276,0.9,0.99,0.83,0.86
PF10236,PF05602,15,23,5,10,18,2325,0.22,0.99,0.33,0.26,23,5,10,18,2325,0.22,0.99,0.33,0.26
PF03554,PF01303,0,1,0,0,1,2357,0.0,1.0,0,0,1,0,0,1,2357,0.0,1.0,0,0
PF12087,PF10061,0,0,0,0,0,2358,0,1.0,0,0,0,0,0,0,2358,0,1.0,0,0
PF00268,PF02284,29,9,5,24,4,2325,0.56,0.99,0.17,0.31,9,5,24,4,2325,0.56,0.99,0.17,0.31
PF15929,PF10188,0,0,0,0,0,2358,0,1.0,0,0,0,0,0,0,2358,0,1.0,0,0
PF10703,PF01297,4,8,0,4,8,2346,0.0,0.99,0.0,-0.0,8,0,4,8,2346,0.0,0.99,0.0,-0.0
PF02397,PF02719,2,6,2,0,4,2352,0.33,1.0,1.0,0.58,6,2,0,4,2352,0.33,1.0,1.0,0.58
PF15775,PF14251,0,4,0,0,4,2354,0.0,1.0,0,0,4,0,0,4,2354,0.0,1.0,0,0
PF15763,PF01668,0,5,0,0,5,2353,0.0,1.0,0,0,5,0,0,5,2353,0.0,1.0,0,0
PF11406,PF10106,0,1,0,0,1,2357,0.0,1.0,0,0,1,0,0,1,2357,0.0,1.0,0,0
PF12295,PF11935,7,9,7,0,2,2349,0.78,1.0,1.0,0.88,9,7,0,2,2349,0.78,1.0,1.0,0.88
PF15107,PF15085,2,2,0,2,2,2354,0.0,1.0,0.0,-0.0,2,0,2,2,2354,0.0,1.0,0.0,-0.0
PF04352,PF01752,0,4,0,0,4,2354,0.0,1.0,0,0,4,0,0,4,2354,0.0,1.0,0,0
PF02077,PF09778,12,2,0,12,2,2344,0.0,0.99,0.0,-0.0,2,0,12,2,2344,0.0,0.99,0.0,-0.0
PF06396,PF16594,5,1,0,5,1,2352,0.0,1.0,0.0,-0.0,1,0,5,1,2352,0.0,1.0,0.0,-0.0
PF00225,PF16540,200,20,20,180,0,2158,1.0,0.92,0.1,0.3,20,20,180,0,2158,1.0,0.92,0.1,0.3
PF09991,PF15289,0,0,0,0,0,2358,0,1.0,0,0,0,0,0,0,2358,0,1.0,0,0
PF07888,PF04388,8,11,0,8,11,2339,0.0,0.99,0.0,-0.0,11,0,8,11,2339,0.0,0.99,0.0,-0.0
PF07973,PF01411,53,53,32,21,21,2284,0.6,0.98,0.6,0.59,53,32,21,21,2284,0.6,0.98,0.6,0.59
PF15375,PF10276,18,4,1,17,3,2337,0.25,0.99,0.06,0.11,4,1,17,3,2337,0.25,0.99,0.06,0.11
PF02041,PF12435,3,8,0,3,8,2347,0.0,1.0,0.0,-0.0,8,0,3,8,2347,0.0,1.0,0.0,-0.0
PF04886,PF09272,23,8,3,20,5,2330,0.38,0.99,0.13,0.22,8,3,20,5,2330,0.38,0.99,0.13,0.22
PF12778,PF17206,1,1,0,1,1,2356,0.0,1.0,0.0,-0.0,1,0,1,1,2356,0.0,1.0,0.0,-0.0
PF07795,PF04536,3,6,2,1,4,2351,0.33,1.0,0.67,0.47,6,2,1,4,2351,0.33,1.0,0.67,0.47
PF12009,PF14529,14,96,6,8,90,2254,0.06,0.96,0.43,0.15,96,6,8,90,2254,0.06,0.96,0.43,0.15
PF02817,PF00198,26,37,25,1,12,2320,0.68,0.99,0.96,0.8,37,25,1,12,2320,0.68,0.99,0.96,0.8
PF17176,PF13718,2,21,2,0,19,2337,0.1,0.99,1.0,0.31,21,2,0,19,2337,0.1,0.99,1.0,0.31
PF04241,PF02284,28,9,2,26,7,2323,0.22,0.99,0.07,0.12,9,2,26,7,2323,0.22,0.99,0.07,0.12
PF00335,PF15320,101,9,7,94,2,2255,0.78,0.96,0.07,0.22,9,7,94,2,2255,0.78,0.96,0.07,0.22
PF14783,PF14782,10,18,10,0,8,2340,0.56,1.0,1.0,0.74,18,10,0,8,2340,0.56,1.0,1.0,0.74
PF12766,PF12049,6,0,0,6,0,2352,0,1.0,0.0,0,0,0,6,0,2352,0,1.0,0.0,0
PF15909,PF03703,6,1,0,6,1,2351,0.0,1.0,0.0,-0.0,1,0,6,1,2351,0.0,1.0,0.0,-0.0
PF15895,PF15553,0,0,0,0,0,2358,0,1.0,0,0,0,0,0,0,2358,0,1.0,0,0
PF12043,PF03085,5,0,0,5,0,2353,0,1.0,0.0,0,0,0,5,0,2353,0,1.0,0.0,0
PF08654,PF15770,6,0,0,6,0,2352,0,1.0,0.0,0,0,0,6,0,2352,0,1.0,0.0,0
PF08145,PF04494,10,24,2,8,22,2326,0.08,0.99,0.2,0.12,24,2,8,22,2326,0.08,0.99,0.2,0.12
PF02803,PF00108,73,78,71,2,7,2278,0.91,1.0,0.97,0.94,78,71,2,7,2278,0.91,1.0,0.97,0.94
PF06080,PF05811,17,8,3,14,5,2336,0.38,0.99,0.18,0.25,8,3,14,5,2336,0.38,0.99,0.18,0.25
PF02141,PF03456,68,53,53,15,0,2290,1.0,0.99,0.78,0.88,53,53,15,0,2290,1.0,0.99,0.78,0.88
PF16028,PF16657,5,2,2,3,0,2353,1.0,1.0,0.4,0.63,2,2,3,0,2353,1.0,1.0,0.4,0.63
PF01569,PF04769,82,6,2,80,4,2272,0.33,0.96,0.02,0.08,6,2,80,4,2272,0.33,0.96,0.02,0.08
PF06852,PF11581,0,0,0,0,0,2358,0,1.0,0,0,0,0,0,0,2358,0,1.0,0,0
PF13098,PF08497,12,0,0,12,0,2346,0,0.99,0.0,0,0,0,12,0,2346,0,0.99,0.0,0
PF02721,PF16900,20,30,16,4,14,2324,0.53,0.99,0.8,0.65,30,16,4,14,2324,0.53,0.99,0.8,0.65
PF09305,PF15397,0,6,0,0,6,2352,0.0,1.0,0,0,6,0,0,6,2352,0.0,1.0,0,0
PF09586,PF09611,0,0,0,0,0,2358,0,1.0,0,0,0,0,0,0,2358,0,1.0,0,0
PF02114,PF01784,14,6,1,13,5,2339,0.17,0.99,0.07,0.11,6,1,13,5,2339,0.17,0.99,0.07,0.11
PF15200,PF17076,1,1,0,1,1,2356,0.0,1.0,0.0,-0.0,1,0,1,1,2356,0.0,1.0,0.0,-0.0
PF05284,PF01750,0,2,0,0,2,2356,0.0,1.0,0,0,2,0,0,2,2356,0.0,1.0,0,0
PF00295,PF12708,57,23,10,47,13,2288,0.43,0.97,0.18,0.27,23,10,47,13,2288,0.43,0.97,0.18,0.27
PF14655,PF14656,20,9,9,11,0,2338,1.0,1.0,0.45,0.67,9,9,11,0,2338,1.0,1.0,0.45,0.67
PF16748,PF13320,0,0,0,0,0,2358,0,1.0,0,0,0,0,0,0,2358,0,1.0,0,0
PF00838,PF04628,32,20,6,26,14,2312,0.3,0.98,0.19,0.23,20,6,26,14,2312,0.3,0.98,0.19,0.23
PF10373,PF09469,27,3,2,25,1,2330,0.67,0.99,0.07,0.22,3,2,25,1,2330,0.67,0.99,0.07,0.22
PF10045,PF08744,0,0,0,0,0,2358,0,1.0,0,0,0,0,0,0,2358,0,1.0,0,0
PF03083,PF14811,33,7,2,31,5,2320,0.29,0.98,0.06,0.13,7,2,31,5,2320,0.29,0.98,0.06,0.13
PF14662,PF14722,4,11,0,4,11,2343,0.0,0.99,0.0,-0.0,11,0,4,11,2343,0.0,0.99,0.0,-0.0
PF13271,PF05386,12,2,2,10,0,2346,1.0,1.0,0.17,0.41,2,2,10,0,2346,1.0,1.0,0.17,0.41
PF01673,PF04355,1,3,0,1,3,2354,0.0,1.0,0.0,-0.0,3,0,1,3,2354,0.0,1.0,0.0,-0.0
PF03456,PF02141,53,68,53,0,15,2290,0.78,0.99,1.0,0.88,68,53,0,15,2290,0.78,0.99,1.0,0.88
PF07881,PF02952,3,3,3,0,0,2355,1.0,1.0,1.0,1.0,3,3,0,0,2355,1.0,1.0,1.0,1.0
PF15652,PF15756,0,1,0,0,1,2357,0.0,1.0,0,0,1,0,0,1,2357,0.0,1.0,0,0
PF12640,PF17043,2,0,0,2,0,2356,0,1.0,0.0,0,0,0,2,0,2356,0,1.0,0.0,0
PF12794,PF05065,6,2,0,6,2,2350,0.0,1.0,0.0,-0.0,2,0,6,2,2350,0.0,1.0,0.0,-0.0
PF00072,PF03924,113,13,13,100,0,2245,1.0,0.96,0.12,0.33,13,13,100,0,2245,1.0,0.96,0.12,0.33
PF15419,PF13441,2,2,2,0,0,2356,1.0,1.0,1.0,1.0,2,2,0,0,2356,1.0,1.0,1.0,1.0
PF08250,PF10322,0,0,0,0,0,2358,0,1.0,0,0,0,0,0,0,2358,0,1.0,0,0
PF15747,PF15730,0,4,0,0,4,2354,0.0,1.0,0,0,4,0,0,4,2354,0.0,1.0,0,0
PF09924,PF03741,7,11,4,3,7,2344,0.36,1.0,0.57,0.45,11,4,3,7,2344,0.36,1.0,0.57,0.45
PF14376,PF12080,4,0,0,4,0,2354,0,1.0,0.0,0,0,0,4,0,2354,0,1.0,0.0,0
PF08021,PF14882,0,0,0,0,0,2358,0,1.0,0,0,0,0,0,0,2358,0,1.0,0,0
PF05917,PF16752,0,12,0,0,12,2346,0.0,0.99,0,0,12,0,0,12,2346,0.0,0.99,0,0
PF12448,PF04849,2,2,2,0,0,2356,1.0,1.0,1.0,1.0,2,2,0,0,2356,1.0,1.0,1.0,1.0
PF06817,PF13655,10,9,1,9,8,2340,0.11,0.99,0.1,0.1,9,1,9,8,2340,0.11,0.99,0.1,0.1
PF04628,PF00838,20,32,6,14,26,2312,0.19,0.98,0.3,0.23,32,6,14,26,2312,0.19,0.98,0.3,0.23
PF02122,PF07705,3,0,0,3,0,2355,0,1.0,0.0,0,0,0,3,0,2355,0,1.0,0.0,0
PF15940,PF02881,0,53,0,0,53,2305,0.0,0.98,0,0,53,0,0,53,2305,0.0,0.98,0,0
PF10195,PF15011,2,4,0,2,4,2352,0.0,1.0,0.0,-0.0,4,0,2,4,2352,0.0,1.0,0.0,-0.0
PF06934,PF10566,0,0,0,0,0,2358,0,1.0,0,0,0,0,0,0,2358,0,1.0,0,0
PF12118,PF08808,2,0,0,2,0,2356,0,1.0,0.0,0,0,0,2,0,2356,0,1.0,0.0,0
PF17186,PF07143,1,2,1,0,1,2356,0.5,1.0,1.0,0.71,2,1,0,1,2356,0.5,1.0,1.0,0.71
PF12158,PF01316,0,5,0,0,5,2353,0.0,1.0,0,0,5,0,0,5,2353,0.0,1.0,0,0
PF11412,PF08411,4,2,0,4,2,2352,0.0,1.0,0.0,-0.0,2,0,4,2,2352,0.0,1.0,0.0,-0.0
PF00796,PF15207,4,3,0,4,3,2351,0.0,1.0,0.0,-0.0,3,0,4,3,2351,0.0,1.0,0.0,-0.0
PF06376,PF04520,3,0,0,3,0,2355,0,1.0,0.0,0,0,0,3,0,2355,0,1.0,0.0,0
PF12923,PF13865,21,16,9,12,7,2330,0.56,0.99,0.43,0.49,16,9,12,7,2330,0.56,0.99,0.43,0.49
PF14023,PF05556,5,6,2,3,4,2349,0.33,1.0,0.4,0.36,6,2,3,4,2349,0.33,1.0,0.4,0.36
PF09755,PF04139,8,25,2,6,23,2327,0.08,0.99,0.25,0.14,25,2,6,23,2327,0.08,0.99,0.25,0.14
PF00476,PF01927,28,7,3,25,4,2326,0.43,0.99,0.11,0.21,7,3,25,4,2326,0.43,0.99,0.11,0.21
PF05722,PF12731,3,2,2,1,0,2355,1.0,1.0,0.67,0.82,2,2,1,0,2355,1.0,1.0,0.67,0.82
PF08608,PF13597,18,8,3,15,5,2335,0.38,0.99,0.17,0.25,8,3,15,5,2335,0.38,0.99,0.17,0.25
PF16420,PF08825,18,14,2,16,12,2328,0.14,0.99,0.11,0.12,14,2,16,12,2328,0.14,0.99,0.11,0.12
PF01823,PF01522,37,58,8,29,50,2271,0.14,0.97,0.22,0.16,58,8,29,50,2271,0.14,0.97,0.22,0.16
PF01660,PF15476,10,3,0,10,3,2345,0.0,0.99,0.0,-0.0,3,0,10,3,2345,0.0,0.99,0.0,-0.0
PF08426,PF12904,0,0,0,0,0,2358,0,1.0,0,0,0,0,0,0,2358,0,1.0,0,0
PF10744,PF10264,5,7,1,4,6,2347,0.14,1.0,0.2,0.17,7,1,4,6,2347,0.14,1.0,0.2,0.17
PF02805,PF00165,8,9,8,0,1,2349,0.89,1.0,1.0,0.94,9,8,0,1,2349,0.89,1.0,1.0,0.94
PF13556,PF17007,1,0,0,1,0,2357,0,1.0,0.0,0,0,0,1,0,2357,0,1.0,0.0,0
PF06678,PF17193,0,0,0,0,0,2358,0,1.0,0,0,0,0,0,0,2358,0,1.0,0,0
PF15090,PF15292,2,0,0,2,0,2356,0,1.0,0.0,0,0,0,2,0,2356,0,1.0,0.0,0
PF16013,PF16061,6,7,0,6,7,2345,0.0,0.99,0.0,-0.0,7,0,6,7,2345,0.0,0.99,0.0,-0.0
PF05586,PF16754,6,0,0,6,0,2352,0,1.0,0.0,0,0,0,6,0,2352,0,1.0,0.0,0
PF15303,PF07001,3,7,1,2,6,2349,0.14,1.0,0.33,0.22,7,1,2,6,2349,0.14,1.0,0.33,0.22
PF06658,PF04176,4,16,3,1,13,2341,0.19,0.99,0.75,0.37,16,3,1,13,2341,0.19,0.99,0.75,0.37
PF04930,PF15011,15,4,1,14,3,2340,0.25,0.99,0.07,0.13,4,1,14,3,2340,0.25,0.99,0.07,0.13
PF12319,PF10180,1,21,0,1,21,2336,0.0,0.99,0.0,-0.0,21,0,1,21,2336,0.0,0.99,0.0,-0.0
PF00252,PF00329,50,27,14,36,13,2295,0.52,0.98,0.28,0.37,27,14,36,13,2295,0.52,0.98,0.28,0.37
PF09762,PF17045,5,0,0,5,0,2353,0,1.0,0.0,0,0,0,5,0,2353,0,1.0,0.0,0
PF08837,PF16071,0,0,0,0,0,2358,0,1.0,0,0,0,0,0,0,2358,0,1.0,0,0
PF02374,PF09738,24,2,0,24,2,2332,0.0,0.99,0.0,-0.0,2,0,24,2,2332,0.0,0.99,0.0,-0.0
PF09663,PF15128,3,2,0,3,2,2353,0.0,1.0,0.0,-0.0,2,0,3,2,2353,0.0,1.0,0.0,-0.0
PF01895,PF15272,4,0,0,4,0,2354,0,1.0,0.0,0,0,0,4,0,2354,0,1.0,0.0,0
PF07505,PF03428,0,0,0,0,0,2358,0,1.0,0,0,0,0,0,0,2358,0,1.0,0,0
PF01150,PF06179,41,23,14,27,9,2308,0.61,0.98,0.34,0.45,23,14,27,9,2308,0.61,0.98,0.34,0.45
PF16776,PF16726,3,2,1,2,1,2354,0.5,1.0,0.33,0.41,2,1,2,1,2354,0.5,1.0,0.33,0.41
PF05272,PF11751,0,0,0,0,0,2358,0,1.0,0,0,0,0,0,0,2358,0,1.0,0,0
PF05640,PF16944,4,7,0,4,7,2347,0.0,1.0,0.0,-0.0,7,0,4,7,2347,0.0,1.0,0.0,-0.0
PF07771,PF15370,2,7,0,2,7,2349,0.0,1.0,0.0,-0.0,7,0,2,7,2349,0.0,1.0,0.0,-0.0
PF05994,PF07159,20,12,10,10,2,2336,0.83,0.99,0.5,0.64,12,10,10,2,2336,0.83,0.99,0.5,0.64
PF12432,PF10395,5,1,1,4,0,2353,1.0,1.0,0.2,0.45,1,1,4,0,2353,1.0,1.0,0.2,0.45
PF08762,PF12381,6,6,6,0,0,2352,1.0,1.0,1.0,1.0,6,6,0,0,2352,1.0,1.0,1.0,1.0
PF11985,PF02050,0,2,0,0,2,2356,0.0,1.0,0,0,2,0,0,2,2356,0.0,1.0,0,0
PF16347,PF12411,16,3,3,13,0,2342,1.0,0.99,0.19,0.43,3,3,13,0,2342,1.0,0.99,0.19,0.43
PF00630,PF12780,48,77,27,21,50,2260,0.35,0.97,0.56,0.43,77,27,21,50,2260,0.35,0.97,0.56,0.43
PF08995,PF11934,0,8,0,0,8,2350,0.0,1.0,0,0,8,0,0,8,2350,0.0,1.0,0,0
PF16579,PF08332,27,12,7,20,5,2326,0.58,0.99,0.26,0.38,12,7,20,5,2326,0.58,0.99,0.26,0.38
PF08248,PF08110,0,2,0,0,2,2356,0.0,1.0,0,0,2,0,0,2,2356,0.0,1.0,0,0
PF07858,PF06243,0,1,0,0,1,2357,0.0,1.0,0,0,1,0,0,1,2357,0.0,1.0,0,0
PF01791,PF04176,20,16,3,17,13,2325,0.19,0.99,0.15,0.16,16,3,17,13,2325,0.19,0.99,0.15,0.16
PF14288,PF02364,21,19,19,2,0,2337,1.0,1.0,0.9,0.95,19,19,2,0,2337,1.0,1.0,0.9,0.95
PF14663,PF14664,20,21,18,2,3,2335,0.86,1.0,0.9,0.88,21,18,2,3,2335,0.86,1.0,0.9,0.88
PF01935,PF08886,0,0,0,0,0,2358,0,1.0,0,0,0,0,0,0,2358,0,1.0,0,0
PF11785,PF11786,11,12,11,0,1,2346,0.92,1.0,1.0,0.96,12,11,0,1,2346,0.92,1.0,1.0,0.96
PF08512,PF03531,37,21,21,16,0,2321,1.0,0.99,0.57,0.75,21,21,16,0,2321,1.0,0.99,0.57,0.75
PF02441,PF13462,39,15,5,34,10,2309,0.33,0.98,0.13,0.2,15,5,34,10,2309,0.33,0.98,0.13,0.2
PF09465,PF01222,11,38,7,4,31,2316,0.18,0.99,0.64,0.34,38,7,4,31,2316,0.18,0.99,0.64,0.34
PF02526,PF05594,0,0,0,0,0,2358,0,1.0,0,0,0,0,0,0,2358,0,1.0,0,0
PF14323,PF08483,1,1,0,1,1,2356,0.0,1.0,0.0,-0.0,1,0,1,1,2356,0.0,1.0,0.0,-0.0
PF07998,PF07282,8,2,0,8,2,2348,0.0,1.0,0.0,-0.0,2,0,8,2,2348,0.0,1.0,0.0,-0.0
PF10547,PF06699,0,29,0,0,29,2329,0.0,0.99,0,0,29,0,0,29,2329,0.0,0.99,0,0
PF12125,PF16856,10,1,1,9,0,2348,1.0,1.0,0.1,0.32,1,1,9,0,2348,1.0,1.0,0.1,0.32
PF00502,PF00427,2,2,2,0,0,2356,1.0,1.0,1.0,1.0,2,2,0,0,2356,1.0,1.0,1.0,1.0
PF08115,PF08676,2,43,0,2,43,2313,0.0,0.98,0.0,-0.0,43,0,2,43,2313,0.0,0.98,0.0,-0.0
PF01501,PF06427,80,23,21,59,2,2276,0.91,0.97,0.26,0.48,23,21,59,2,2276,0.91,0.97,0.26,0.48
PF10484,PF14864,24,6,1,23,5,2329,0.17,0.99,0.04,0.08,6,1,23,5,2329,0.17,0.99,0.04,0.08
PF01316,PF01668,5,5,0,5,5,2348,0.0,1.0,0.0,-0.0,5,0,5,5,2348,0.0,1.0,0.0,-0.0
PF01761,PF00275,24,28,18,6,10,2324,0.64,0.99,0.75,0.69,28,18,6,10,2324,0.64,0.99,0.75,0.69
PF04097,PF03074,29,14,3,26,11,2318,0.21,0.98,0.1,0.14,14,3,26,11,2318,0.21,0.98,0.1,0.14
PF03530,PF02888,25,15,14,11,1,2332,0.93,0.99,0.56,0.72,15,14,11,1,2332,0.93,0.99,0.56,0.72
PF04593,PF07561,0,4,0,0,4,2354,0.0,1.0,0,0,4,0,0,4,2354,0.0,1.0,0,0
PF07812,PF08454,0,30,0,0,30,2328,0.0,0.99,0,0,30,0,0,30,2328,0.0,0.99,0,0
PF08138,PF17201,3,0,0,3,0,2355,0,1.0,0.0,0,0,0,3,0,2355,0,1.0,0.0,0
PF00018,PF14604,203,132,98,105,34,2121,0.74,0.94,0.48,0.57,132,98,105,34,2121,0.74,0.94,0.48,0.57
PF09830,PF07931,18,4,1,17,3,2337,0.25,0.99,0.06,0.11,4,1,17,3,2337,0.25,0.99,0.06,0.11
PF05670,PF14722,23,11,5,18,6,2329,0.45,0.99,0.22,0.31,11,5,18,6,2329,0.45,0.99,0.22,0.31
PF02582,PF01025,22,27,3,19,24,2312,0.11,0.98,0.14,0.11,27,3,19,24,2312,0.11,0.98,0.14,0.11
PF09203,PF01301,3,57,0,3,57,2298,0.0,0.97,0.0,-0.01,57,0,3,57,2298,0.0,0.97,0.0,-0.01
PF10466,PF06309,2,10,0,2,10,2346,0.0,0.99,0.0,-0.0,10,0,2,10,2346,0.0,0.99,0.0,-0.0
PF07777,PF12498,3,3,3,0,0,2355,1.0,1.0,1.0,1.0,3,3,0,0,2355,1.0,1.0,1.0,1.0
PF01413,PF06339,17,8,1,16,7,2334,0.12,0.99,0.06,0.08,8,1,16,7,2334,0.12,0.99,0.06,0.08
PF09288,PF10520,1,9,0,1,9,2348,0.0,1.0,0.0,-0.0,9,0,1,9,2348,0.0,1.0,0.0,-0.0
PF04013,PF07805,1,1,0,1,1,2356,0.0,1.0,0.0,-0.0,1,0,1,1,2356,0.0,1.0,0.0,-0.0
PF10493,PF08696,6,17,2,4,15,2337,0.12,0.99,0.33,0.19,17,2,4,15,2337,0.12,0.99,0.33,0.19
PF04360,PF15175,0,0,0,0,0,2358,0,1.0,0,0,0,0,0,0,2358,0,1.0,0,0
PF09008,PF15518,1,3,0,1,3,2354,0.0,1.0,0.0,-0.0,3,0,1,3,2354,0.0,1.0,0.0,-0.0
PF00856,PF10440,187,10,8,179,2,2169,0.8,0.92,0.04,0.17,10,8,179,2,2169,0.8,0.92,0.04,0.17
PF04597,PF14802,21,6,1,20,5,2332,0.17,0.99,0.05,0.08,6,1,20,5,2332,0.17,0.99,0.05,0.08
PF14667,PF01554,5,51,5,0,46,2307,0.1,0.98,1.0,0.31,51,5,0,46,2307,0.1,0.98,1.0,0.31
PF11066,PF12513,0,10,0,0,10,2348,0.0,1.0,0,0,10,0,0,10,2348,0.0,1.0,0,0
PF15130,PF15231,2,0,0,2,0,2356,0,1.0,0.0,0,0,0,2,0,2356,0,1.0,0.0,0
PF13598,PF10212,12,7,2,10,5,2341,0.29,0.99,0.17,0.22,7,2,10,5,2341,0.29,0.99,0.17,0.22
PF00800,PF13508,30,18,2,28,16,2312,0.11,0.98,0.07,0.08,18,2,28,16,2312,0.11,0.98,0.07,0.08
PF03407,PF03016,28,64,11,17,53,2277,0.17,0.97,0.39,0.25,64,11,17,53,2277,0.17,0.97,0.39,0.25
PF00927,PF00868,14,10,10,4,0,2344,1.0,1.0,0.71,0.84,10,10,4,0,2344,1.0,1.0,0.71,0.84
PF07651,PF16515,39,8,8,31,0,2319,1.0,0.99,0.21,0.45,8,8,31,0,2319,1.0,0.99,0.21,0.45
PF00118,PF10247,101,7,4,97,3,2254,0.57,0.96,0.04,0.14,7,4,97,3,2254,0.57,0.96,0.04,0.14
PF00594,PF12032,18,17,3,15,14,2326,0.18,0.99,0.17,0.17,17,3,15,14,2326,0.18,0.99,0.17,0.17
PF12693,PF00813,8,2,2,6,0,2350,1.0,1.0,0.25,0.5,2,2,6,0,2350,1.0,1.0,0.25,0.5
PF14746,PF14745,10,13,8,2,5,2343,0.62,1.0,0.8,0.7,13,8,2,5,2343,0.62,1.0,0.8,0.7
PF16166,PF05996,2,5,1,1,4,2352,0.2,1.0,0.5,0.32,5,1,1,4,2352,0.2,1.0,0.5,0.32
PF08685,PF01681,10,0,0,10,0,2348,0,1.0,0.0,0,0,0,10,0,2348,0,1.0,0.0,0
PF15917,PF09743,2,8,0,2,8,2348,0.0,1.0,0.0,-0.0,8,0,2,8,2348,0.0,1.0,0.0,-0.0
PF13184,PF08529,7,7,7,0,0,2351,1.0,1.0,1.0,1.0,7,7,0,0,2351,1.0,1.0,1.0,1.0
PF05708,PF00171,5,198,4,1,194,2159,0.02,0.92,0.8,0.12,198,4,1,194,2159,0.02,0.92,0.8,0.12
PF08811,PF07394,6,6,6,0,0,2352,1.0,1.0,1.0,1.0,6,6,0,0,2352,1.0,1.0,1.0,1.0
PF12131,PF08773,3,3,2,1,1,2354,0.67,1.0,0.67,0.67,3,2,1,1,2354,0.67,1.0,0.67,0.67
PF00063,PF01576,143,46,35,108,11,2204,0.76,0.95,0.24,0.41,46,35,108,11,2204,0.76,0.95,0.24,0.41
PF16180,PF16181,4,8,4,0,4,2350,0.5,1.0,1.0,0.71,8,4,0,4,2350,0.5,1.0,1.0,0.71
PF00058,PF16472,49,10,10,39,0,2309,1.0,0.98,0.2,0.45,10,10,39,0,2309,1.0,0.98,0.2,0.45
PF01483,PF16470,39,24,20,19,4,2315,0.83,0.99,0.51,0.65,24,20,19,4,2315,0.83,0.99,0.51,0.65
PF01530,PF08474,27,8,8,19,0,2331,1.0,0.99,0.3,0.54,8,8,19,0,2331,1.0,0.99,0.3,0.54
PF10189,PF02213,15,24,3,12,21,2322,0.12,0.99,0.2,0.15,24,3,12,21,2322,0.12,0.99,0.2,0.15
PF09428,PF09962,4,5,0,4,5,2349,0.0,1.0,0.0,-0.0,5,0,4,5,2349,0.0,1.0,0.0,-0.0
PF01233,PF02799,28,31,27,1,4,2326,0.87,1.0,0.96,0.92,31,27,1,4,2326,0.87,1.0,0.96,0.92
PF02921,PF08802,26,5,3,23,2,2330,0.6,0.99,0.12,0.26,5,3,23,2,2330,0.6,0.99,0.12,0.26
PF15893,PF03458,0,1,0,0,1,2357,0.0,1.0,0,0,1,0,0,1,2357,0.0,1.0,0,0
PF13906,PF13520,36,131,34,2,97,2225,0.26,0.96,0.94,0.48,131,34,2,97,2225,0.26,0.96,0.94,0.48
PF15783,PF17053,1,1,0,1,1,2356,0.0,1.0,0.0,-0.0,1,0,1,1,2356,0.0,1.0,0.0,-0.0
PF00216,PF08194,8,0,0,8,0,2350,0,1.0,0.0,0,0,0,8,0,2350,0,1.0,0.0,0
PF01783,PF08583,20,27,3,17,24,2314,0.11,0.98,0.15,0.12,27,3,17,24,2314,0.11,0.98,0.15,0.12
PF08091,PF11312,2,3,0,2,3,2353,0.0,1.0,0.0,-0.0,3,0,2,3,2353,0.0,1.0,0.0,-0.0
PF13237,PF00499,10,6,3,7,3,2345,0.5,1.0,0.3,0.39,6,3,7,3,2345,0.5,1.0,0.3,0.39
PF04168,PF02281,0,0,0,0,0,2358,0,1.0,0,0,0,0,0,0,2358,0,1.0,0,0
PF05913,PF03831,2,0,0,2,0,2356,0,1.0,0.0,0,0,0,2,0,2356,0,1.0,0.0,0
PF10691,PF11861,2,25,2,0,23,2333,0.08,0.99,1.0,0.28,25,2,0,23,2333,0.08,0.99,1.0,0.28
PF10754,PF14886,0,5,0,0,5,2353,0.0,1.0,0,0,5,0,0,5,2353,0.0,1.0,0,0
PF11974,PF02655,1,2,0,1,2,2355,0.0,1.0,0.0,-0.0,2,0,1,2,2355,0.0,1.0,0.0,-0.0
PF13709,PF01455,2,0,0,2,0,2356,0,1.0,0.0,0,0,0,2,0,2356,0,1.0,0.0,0
PF09057,PF07464,3,3,0,3,3,2352,0.0,1.0,0.0,-0.0,3,0,3,3,2352,0.0,1.0,0.0,-0.0
PF13339,PF13864,20,16,5,15,11,2327,0.31,0.99,0.25,0.27,16,5,15,11,2327,0.31,0.99,0.25,0.27
PF05172,PF07051,17,3,1,16,2,2339,0.33,0.99,0.06,0.14,3,1,16,2,2339,0.33,0.99,0.06,0.14
PF15906,PF11571,18,12,1,17,11,2329,0.08,0.99,0.06,0.06,12,1,17,11,2329,0.08,0.99,0.06,0.06
PF05115,PF08026,6,2,0,6,2,2350,0.0,1.0,0.0,-0.0,2,0,6,2,2350,0.0,1.0,0.0,-0.0
PF01400,PF05821,92,13,10,82,3,2263,0.77,0.96,0.11,0.28,13,10,82,3,2263,0.77,0.96,0.11,0.28
PF07302,PF07499,0,5,0,0,5,2353,0.0,1.0,0,0,5,0,0,5,2353,0.0,1.0,0,0
PF11958,PF16871,6,0,0,6,0,2352,0,1.0,0.0,0,0,0,6,0,2352,0,1.0,0.0,0
PF12333,PF14959,9,3,0,9,3,2346,0.0,0.99,0.0,-0.0,3,0,9,3,2346,0.0,0.99,0.0,-0.0
PF12787,PF10917,2,3,0,2,3,2353,0.0,1.0,0.0,-0.0,3,0,2,3,2353,0.0,1.0,0.0,-0.0
PF14695,PF04412,4,1,0,4,1,2353,0.0,1.0,0.0,-0.0,1,0,4,1,2353,0.0,1.0,0.0,-0.0
PF06415,PF10143,6,4,2,4,2,2350,0.5,1.0,0.33,0.41,4,2,4,2,2350,0.5,1.0,0.33,0.41
PF16414,PF02460,33,84,31,2,53,2272,0.37,0.98,0.94,0.58,84,31,2,53,2272,0.37,0.98,0.94,0.58
PF11787,PF11786,12,12,12,0,0,2346,1.0,1.0,1.0,1.0,12,12,0,0,2346,1.0,1.0,1.0,1.0
PF12202,PF11629,20,7,6,14,1,2337,0.86,0.99,0.3,0.5,7,6,14,1,2337,0.86,0.99,0.3,0.5
PF12304,PF15003,2,5,0,2,5,2351,0.0,1.0,0.0,-0.0,5,0,2,5,2351,0.0,1.0,0.0,-0.0
PF10470,PF09005,0,16,0,0,16,2342,0.0,0.99,0,0,16,0,0,16,2342,0.0,0.99,0,0
PF09446,PF17125,15,16,4,11,12,2331,0.25,0.99,0.27,0.25,16,4,11,12,2331,0.25,0.99,0.27,0.25
PF10472,PF10488,0,3,0,0,3,2355,0.0,1.0,0,0,3,0,0,3,2355,0.0,1.0,0,0
PF16209,PF16212,73,74,66,7,8,2277,0.89,0.99,0.9,0.89,74,66,7,8,2277,0.89,0.99,0.9,0.89
PF12527,PF10361,0,0,0,0,0,2358,0,1.0,0,0,0,0,0,0,2358,0,1.0,0,0
PF04324,PF13806,15,25,13,2,12,2331,0.52,0.99,0.87,0.67,25,13,2,12,2331,0.52,0.99,0.87,0.67
PF15518,PF04196,3,3,3,0,0,2355,1.0,1.0,1.0,1.0,3,3,0,0,2355,1.0,1.0,1.0,1.0
PF15710,PF16829,0,0,0,0,0,2358,0,1.0,0,0,0,0,0,0,2358,0,1.0,0,0
PF02302,PF12242,5,2,1,4,1,2352,0.5,1.0,0.2,0.32,2,1,4,1,2352,0.5,1.0,0.2,0.32
PF09154,PF16657,5,2,2,3,0,2353,1.0,1.0,0.4,0.63,2,2,3,0,2353,1.0,1.0,0.4,0.63
PF06155,PF05141,16,17,4,12,13,2329,0.24,0.99,0.25,0.24,17,4,12,13,2329,0.24,0.99,0.25,0.24
PF00361,PF00690,48,108,16,32,92,2218,0.15,0.95,0.33,0.2,108,16,32,92,2218,0.15,0.95,0.33,0.2
PF14912,PF06401,7,5,0,7,5,2346,0.0,0.99,0.0,-0.0,5,0,7,5,2346,0.0,0.99,0.0,-0.0
PF08513,PF04494,53,24,16,37,8,2297,0.67,0.98,0.3,0.44,24,16,37,8,2297,0.67,0.98,0.3,0.44
PF04542,PF04539,40,24,19,21,5,2313,0.79,0.99,0.47,0.61,24,19,21,5,2313,0.79,0.99,0.47,0.61
PF00277,PF00272,1,1,1,0,0,2357,1.0,1.0,1.0,1.0,1,1,0,0,2357,1.0,1.0,1.0,1.0
PF01832,PF14600,3,1,0,3,1,2354,0.0,1.0,0.0,-0.0,1,0,3,1,2354,0.0,1.0,0.0,-0.0
PF06093,PF02284,6,9,2,4,7,2345,0.22,1.0,0.33,0.27,9,2,4,7,2345,0.22,1.0,0.33,0.27
PF09328,PF05023,4,15,4,0,11,2343,0.27,1.0,1.0,0.52,15,4,0,11,2343,0.27,1.0,1.0,0.52
PF07238,PF06761,3,0,0,3,0,2355,0,1.0,0.0,0,0,0,3,0,2355,0,1.0,0.0,0
PF13648,PF14865,0,1,0,0,1,2357,0.0,1.0,0,0,1,0,0,1,2357,0.0,1.0,0,0
PF03805,PF01194,0,8,0,0,8,2350,0.0,1.0,0,0,8,0,0,8,2350,0.0,1.0,0,0
PF04952,PF01114,6,4,0,6,4,2348,0.0,1.0,0.0,-0.0,4,0,6,4,2348,0.0,1.0,0.0,-0.0
PF13910,PF14959,3,3,0,3,3,2352,0.0,1.0,0.0,-0.0,3,0,3,3,2352,0.0,1.0,0.0,-0.0
PF08058,PF10333,2,0,0,2,0,2356,0,1.0,0.0,0,0,0,2,0,2356,0,1.0,0.0,0
PF15879,PF10310,8,3,2,6,1,2349,0.67,1.0,0.25,0.41,3,2,6,1,2349,0.67,1.0,0.25,0.41
PF00129,PF04833,11,6,1,10,5,2342,0.17,0.99,0.09,0.12,6,1,10,5,2342,0.17,0.99,0.09,0.12
PF09556,PF12080,2,0,0,2,0,2356,0,1.0,0.0,0,0,0,2,0,2356,0,1.0,0.0,0
PF14868,PF06414,1,16,0,1,16,2341,0.0,0.99,0.0,-0.0,16,0,1,16,2341,0.0,0.99,0.0,-0.0
PF14336,PF03769,3,4,0,3,4,2351,0.0,1.0,0.0,-0.0,4,0,3,4,2351,0.0,1.0,0.0,-0.0
PF01201,PF06658,23,4,1,22,3,2332,0.25,0.99,0.04,0.1,4,1,22,3,2332,0.25,0.99,0.04,0.1
PF01385,PF17030,0,0,0,0,0,2358,0,1.0,0,0,0,0,0,0,2358,0,1.0,0,0
PF00575,PF09371,66,3,2,64,1,2291,0.67,0.97,0.03,0.14,3,2,64,1,2291,0.67,0.97,0.03,0.14
PF01139,PF05434,16,10,3,13,7,2335,0.3,0.99,0.19,0.23,10,3,13,7,2335,0.3,0.99,0.19,0.23
PF01820,PF07478,2,17,2,0,15,2341,0.12,0.99,1.0,0.34,17,2,0,15,2341,0.12,0.99,1.0,0.34
PF10994,PF15555,0,3,0,0,3,2355,0.0,1.0,0,0,3,0,0,3,2355,0.0,1.0,0,0
PF00356,PF00532,24,10,10,14,0,2334,1.0,0.99,0.42,0.64,10,10,14,0,2334,1.0,0.99,0.42,0.64
PF16692,PF16401,6,4,0,6,4,2348,0.0,1.0,0.0,-0.0,4,0,6,4,2348,0.0,1.0,0.0,-0.0
PF07829,PF10017,3,11,0,3,11,2344,0.0,0.99,0.0,-0.0,11,0,3,11,2344,0.0,0.99,0.0,-0.0
PF00024,PF08277,102,14,11,91,3,2253,0.79,0.96,0.11,0.28,14,11,91,3,2253,0.79,0.96,0.11,0.28
PF16027,PF15806,0,4,0,0,4,2354,0.0,1.0,0,0,4,0,0,4,2354,0.0,1.0,0,0
PF13090,PF02503,3,3,3,0,0,2355,1.0,1.0,1.0,1.0,3,3,0,0,2355,1.0,1.0,1.0,1.0
PF00697,PF00218,7,5,3,4,2,2349,0.6,1.0,0.43,0.51,5,3,4,2,2349,0.6,1.0,0.43,0.51
PF13636,PF08298,1,0,0,1,0,2357,0,1.0,0.0,0,0,0,1,0,2357,0,1.0,0.0,0
PF14798,PF05308,3,5,1,2,4,2351,0.2,1.0,0.33,0.26,5,1,2,4,2351,0.2,1.0,0.33,0.26
PF05321,PF00550,0,107,0,0,107,2251,0.0,0.95,0,0,107,0,0,107,2251,0.0,0.95,0,0
PF01084,PF00329,25,27,8,17,19,2314,0.3,0.98,0.32,0.3,27,8,17,19,2314,0.3,0.98,0.32,0.3
PF08343,PF10554,4,0,0,4,0,2354,0,1.0,0.0,0,0,0,4,0,2354,0,1.0,0.0,0
PF00854,PF07819,55,20,13,42,7,2296,0.65,0.98,0.24,0.38,20,13,42,7,2296,0.65,0.98,0.24,0.38
PF10601,PF07816,37,0,0,37,0,2321,0,0.98,0.0,0,0,0,37,0,2321,0,0.98,0.0,0
PF15161,PF14996,2,1,1,1,0,2356,1.0,1.0,0.5,0.71,1,1,1,0,2356,1.0,1.0,0.5,0.71
PF01096,PF02150,45,32,19,26,13,2300,0.59,0.98,0.42,0.49,32,19,26,13,2300,0.59,0.98,0.42,0.49
PF01446,PF10174,3,23,0,3,23,2332,0.0,0.99,0.0,-0.0,23,0,3,23,2332,0.0,0.99,0.0,-0.0
PF05037,PF14934,0,4,0,0,4,2354,0.0,1.0,0,0,4,0,0,4,2354,0.0,1.0,0,0
PF04414,PF10340,5,2,2,3,0,2353,1.0,1.0,0.4,0.63,2,2,3,0,2353,1.0,1.0,0.4,0.63
PF16591,PF03605,0,3,0,0,3,2355,0.0,1.0,0,0,3,0,0,3,2355,0.0,1.0,0,0
PF00639,PF09445,27,31,4,23,27,2304,0.13,0.98,0.15,0.13,31,4,23,27,2304,0.13,0.98,0.15,0.13
PF04525,PF04674,9,7,1,8,6,2343,0.14,0.99,0.11,0.12,7,1,8,6,2343,0.14,0.99,0.11,0.12
PF08565,PF08564,19,14,14,5,0,2339,1.0,1.0,0.74,0.86,14,14,5,0,2339,1.0,1.0,0.74,0.86
PF14624,PF13757,11,0,0,11,0,2347,0,1.0,0.0,0,0,0,11,0,2347,0,1.0,0.0,0
PF08799,PF08145,28,10,2,26,8,2322,0.2,0.99,0.07,0.11,10,2,26,8,2322,0.2,0.99,0.07,0.11
PF03078,PF02337,3,10,1,2,9,2346,0.1,1.0,0.33,0.18,10,1,2,9,2346,0.1,1.0,0.33,0.18
PF14959,PF13910,3,3,0,3,3,2352,0.0,1.0,0.0,-0.0,3,0,3,3,2352,0.0,1.0,0.0,-0.0
PF06056,PF03553,2,4,0,2,4,2352,0.0,1.0,0.0,-0.0,4,0,2,4,2352,0.0,1.0,0.0,-0.0
PF08407,PF15489,24,4,1,23,3,2331,0.25,0.99,0.04,0.1,4,1,23,3,2331,0.25,0.99,0.04,0.1
PF02115,PF09778,22,2,1,21,1,2335,0.5,0.99,0.05,0.15,2,1,21,1,2335,0.5,0.99,0.05,0.15
PF13891,PF05030,8,13,2,6,11,2339,0.15,0.99,0.25,0.19,13,2,6,11,2339,0.15,0.99,0.25,0.19
PF11051,PF04189,22,22,7,15,15,2321,0.32,0.99,0.32,0.31,22,7,15,15,2321,0.32,0.99,0.32,0.31
PF06565,PF00334,14,57,9,5,48,2296,0.16,0.98,0.64,0.31,57,9,5,48,2296,0.16,0.98,0.64,0.31
PF14764,PF09822,8,9,2,6,7,2343,0.22,0.99,0.25,0.23,9,2,6,7,2343,0.22,0.99,0.25,0.23
PF05196,PF01091,1,3,1,0,2,2355,0.33,1.0,1.0,0.58,3,1,0,2,2355,0.33,1.0,1.0,0.58
PF03808,PF17049,1,2,0,1,2,2355,0.0,1.0,0.0,-0.0,2,0,1,2,2355,0.0,1.0,0.0,-0.0
PF13664,PF09769,13,8,1,12,7,2338,0.12,0.99,0.08,0.09,8,1,12,7,2338,0.12,0.99,0.08,0.09
PF13186,PF13597,18,8,2,16,6,2334,0.25,0.99,0.11,0.16,8,2,16,6,2334,0.25,0.99,0.11,0.16
PF14877,PF15050,8,6,0,8,6,2344,0.0,0.99,0.0,-0.0,6,0,8,6,2344,0.0,0.99,0.0,-0.0
PF00544,PF12146,38,88,22,16,66,2254,0.25,0.97,0.58,0.37,88,22,16,66,2254,0.25,0.97,0.58,0.37
PF09402,PF08198,23,2,2,21,0,2335,1.0,0.99,0.09,0.29,2,2,21,0,2335,1.0,0.99,0.09,0.29
PF16608,PF12938,10,8,2,8,6,2342,0.25,0.99,0.2,0.22,8,2,8,6,2342,0.25,0.99,0.2,0.22
PF11780,PF16510,0,2,0,0,2,2356,0.0,1.0,0,0,2,0,0,2,2356,0.0,1.0,0,0
PF09695,PF01753,0,113,0,0,113,2245,0.0,0.95,0,0,113,0,0,113,2245,0.0,0.95,0,0
PF04135,PF15014,17,2,0,17,2,2339,0.0,0.99,0.0,-0.0,2,0,17,2,2339,0.0,0.99,0.0,-0.0
PF00067,PF00667,333,62,43,290,19,2006,0.69,0.87,0.13,0.26,62,43,290,19,2006,0.69,0.87,0.13,0.26
PF01159,PF03868,37,32,21,16,11,2310,0.66,0.99,0.57,0.6,32,21,16,11,2310,0.66,0.99,0.57,0.6
PF11895,PF00141,4,67,4,0,63,2291,0.06,0.97,1.0,0.24,67,4,0,63,2291,0.06,0.97,1.0,0.24
PF14775,PF13166,11,0,0,11,0,2347,0,1.0,0.0,0,0,0,11,0,2347,0,1.0,0.0,0
PF13746,PF11614,7,7,7,0,0,2351,1.0,1.0,1.0,1.0,7,7,0,0,2351,1.0,1.0,1.0,1.0
PF11988,PF08744,0,0,0,0,0,2358,0,1.0,0,0,0,0,0,0,2358,0,1.0,0,0
PF04698,PF02318,4,18,3,1,15,2339,0.17,0.99,0.75,0.35,18,3,1,15,2339,0.17,0.99,0.75,0.35
PF09478,PF00553,13,4,4,9,0,2345,1.0,1.0,0.31,0.55,4,4,9,0,2345,1.0,1.0,0.31,0.55
PF00977,PF00697,29,7,2,27,5,2324,0.29,0.99,0.07,0.14,7,2,27,5,2324,0.29,0.99,0.07,0.14
PF08590,PF17146,26,9,4,22,5,2327,0.44,0.99,0.15,0.26,9,4,22,5,2327,0.44,0.99,0.15,0.26
PF14538,PF08232,27,17,2,25,15,2316,0.12,0.98,0.07,0.09,17,2,25,15,2316,0.12,0.98,0.07,0.09
PF02492,PF07683,38,19,17,21,2,2318,0.89,0.99,0.45,0.63,19,17,21,2,2318,0.89,0.99,0.45,0.63
PF06399,PF04279,2,2,0,2,2,2354,0.0,1.0,0.0,-0.0,2,0,2,2,2354,0.0,1.0,0.0,-0.0
PF14545,PF04182,5,11,1,4,10,2343,0.09,0.99,0.2,0.13,11,1,4,10,2343,0.09,0.99,0.2,0.13
PF02720,PF07016,2,0,0,2,0,2356,0,1.0,0.0,0,0,0,2,0,2356,0,1.0,0.0,0
PF17137,PF16338,11,2,2,9,0,2347,1.0,1.0,0.18,0.43,2,2,9,0,2347,1.0,1.0,0.18,0.43
PF08524,PF01416,11,44,7,4,37,2310,0.16,0.98,0.64,0.31,44,7,4,37,2310,0.16,0.98,0.64,0.31
PF07774,PF13360,23,55,20,3,35,2300,0.36,0.98,0.87,0.56,55,20,3,35,2300,0.36,0.98,0.87,0.56
PF04691,PF15760,6,0,0,6,0,2352,0,1.0,0.0,0,0,0,6,0,2352,0,1.0,0.0,0
PF07890,PF15063,9,0,0,9,0,2349,0,1.0,0.0,0,0,0,9,0,2349,0,1.0,0.0,0
PF00240,PF09055,169,5,5,164,0,2189,1.0,0.93,0.03,0.17,5,5,164,0,2189,1.0,0.93,0.03,0.17
PF11970,PF02112,4,7,0,4,7,2347,0.0,1.0,0.0,-0.0,7,0,4,7,2347,0.0,1.0,0.0,-0.0
PF01555,PF09461,9,0,0,9,0,2349,0,1.0,0.0,0,0,0,9,0,2349,0,1.0,0.0,0
PF06540,PF01296,2,2,2,0,0,2356,1.0,1.0,1.0,1.0,2,2,0,0,2356,1.0,1.0,1.0,1.0
PF07344,PF03242,0,2,0,0,2,2356,0.0,1.0,0,0,2,0,0,2,2356,0.0,1.0,0,0
PF11802,PF16001,1,1,0,1,1,2356,0.0,1.0,0.0,-0.0,1,0,1,1,2356,0.0,1.0,0.0,-0.0
PF03815,PF08305,24,8,2,22,6,2328,0.25,0.99,0.08,0.14,8,2,22,6,2328,0.25,0.99,0.08,0.14
PF13228,PF05711,0,1,0,0,1,2357,0.0,1.0,0,0,1,0,0,1,2357,0.0,1.0,0,0
PF10240,PF03455,29,31,5,24,26,2303,0.16,0.98,0.17,0.16,31,5,24,26,2303,0.16,0.98,0.17,0.16
PF10590,PF10615,15,10,3,12,7,2336,0.3,0.99,0.2,0.24,10,3,12,7,2336,0.3,0.99,0.2,0.24
PF01641,PF05047,19,14,3,16,11,2328,0.21,0.99,0.16,0.18,14,3,16,11,2328,0.21,0.99,0.16,0.18
PF13277,PF17176,2,2,0,2,2,2354,0.0,1.0,0.0,-0.0,2,0,2,2,2354,0.0,1.0,0.0,-0.0
PF12452,PF05683,1,9,0,1,9,2348,0.0,1.0,0.0,-0.0,9,0,1,9,2348,0.0,1.0,0.0,-0.0
PF14324,PF13864,13,16,4,9,12,2333,0.25,0.99,0.31,0.27,16,4,9,12,2333,0.25,0.99,0.31,0.27
PF10220,PF15012,17,3,0,17,3,2338,0.0,0.99,0.0,-0.0,3,0,17,3,2338,0.0,0.99,0.0,-0.0
PF08303,PF08302,6,7,6,0,1,2351,0.86,1.0,1.0,0.93,7,6,0,1,2351,0.86,1.0,1.0,0.93
PF11981,PF12840,0,0,0,0,0,2358,0,1.0,0,0,0,0,0,0,2358,0,1.0,0,0
PF15061,PF09690,3,0,0,3,0,2355,0,1.0,0.0,0,0,0,3,0,2355,0,1.0,0.0,0
PF14398,PF07902,0,4,0,0,4,2354,0.0,1.0,0,0,4,0,0,4,2354,0.0,1.0,0,0
PF08249,PF04333,0,1,0,0,1,2357,0.0,1.0,0,0,1,0,0,1,2357,0.0,1.0,0,0
PF04768,PF00696,20,69,12,8,57,2281,0.17,0.97,0.6,0.31,69,12,8,57,2281,0.17,0.97,0.6,0.31
PF12471,PF00926,5,17,3,2,14,2339,0.18,0.99,0.6,0.32,17,3,2,14,2339,0.18,0.99,0.6,0.32
PF04549,PF08204,0,0,0,0,0,2358,0,1.0,0,0,0,0,0,0,2358,0,1.0,0,0
PF15009,PF14954,4,3,0,4,3,2351,0.0,1.0,0.0,-0.0,3,0,4,3,2351,0.0,1.0,0.0,-0.0
PF06596,PF14998,5,3,1,4,2,2351,0.33,1.0,0.2,0.26,3,1,4,2,2351,0.33,1.0,0.2,0.26
PF07511,PF06834,0,0,0,0,0,2358,0,1.0,0,0,0,0,0,0,2358,0,1.0,0,0
PF02660,PF12398,3,7,0,3,7,2348,0.0,1.0,0.0,-0.0,7,0,3,7,2348,0.0,1.0,0.0,-0.0
PF08198,PF03020,2,12,2,0,10,2346,0.17,1.0,1.0,0.41,12,2,0,10,2346,0.17,1.0,1.0,0.41
PF02969,PF10491,20,4,1,19,3,2335,0.25,0.99,0.05,0.11,4,1,19,3,2335,0.25,0.99,0.05,0.11
PF00646,PF12937,173,186,76,97,110,2075,0.41,0.91,0.44,0.38,186,76,97,110,2075,0.41,0.91,0.44,0.38
PF12098,PF08885,0,1,0,0,1,2357,0.0,1.0,0,0,1,0,0,1,2357,0.0,1.0,0,0
PF08501,PF01487,29,24,20,9,4,2325,0.83,0.99,0.69,0.76,24,20,9,4,2325,0.83,0.99,0.69,0.76
PF02771,PF00441,110,122,106,4,16,2232,0.87,0.99,0.96,0.91,122,106,4,16,2232,0.87,0.99,0.96,0.91
PF03590,PF15216,7,1,0,7,1,2350,0.0,1.0,0.0,-0.0,1,0,7,1,2350,0.0,1.0,0.0,-0.0
PF15433,PF06783,20,8,2,18,6,2332,0.25,0.99,0.1,0.15,8,2,18,6,2332,0.25,0.99,0.1,0.15
PF17105,PF12157,6,18,4,2,14,2338,0.22,0.99,0.67,0.38,18,4,2,14,2338,0.22,0.99,0.67,0.38
PF14075,PF14383,4,4,0,4,4,2350,0.0,1.0,0.0,-0.0,4,0,4,4,2350,0.0,1.0,0.0,-0.0
PF03175,PF02945,22,9,7,15,2,2334,0.78,0.99,0.32,0.49,9,7,15,2,2334,0.78,0.99,0.32,0.49
PF07544,PF12046,10,0,0,10,0,2348,0,1.0,0.0,0,0,0,10,0,2348,0,1.0,0.0,0
PF12428,PF02622,4,13,2,2,11,2343,0.15,0.99,0.5,0.28,13,2,2,11,2343,0.15,0.99,0.5,0.28
PF09419,PF07939,19,2,0,19,2,2337,0.0,0.99,0.0,-0.0,2,0,19,2,2337,0.0,0.99,0.0,-0.0
PF15063,PF15831,0,0,0,0,0,2358,0,1.0,0,0,0,0,0,0,2358,0,1.0,0,0
PF04539,PF04545,24,37,24,0,13,2321,0.65,0.99,1.0,0.8,37,24,0,13,2321,0.65,0.99,1.0,0.8
PF16725,PF09262,3,20,2,1,18,2337,0.1,0.99,0.67,0.26,20,2,1,18,2337,0.1,0.99,0.67,0.26
PF15827,PF08504,1,3,0,1,3,2354,0.0,1.0,0.0,-0.0,3,0,1,3,2354,0.0,1.0,0.0,-0.0
PF14551,PF00493,88,102,86,2,16,2254,0.84,0.99,0.98,0.9,102,86,2,16,2254,0.84,0.99,0.98,0.9
PF10142,PF10370,11,2,0,11,2,2345,0.0,0.99,0.0,-0.0,2,0,11,2,2345,0.0,0.99,0.0,-0.0
PF00670,PF05221,12,20,12,0,8,2338,0.6,1.0,1.0,0.77,20,12,0,8,2338,0.6,1.0,1.0,0.77
PF16574,PF16830,3,0,0,3,0,2355,0,1.0,0.0,0,0,0,3,0,2355,0,1.0,0.0,0
PF13847,PF08241,79,133,39,40,94,2185,0.29,0.94,0.49,0.35,133,39,40,94,2185,0.29,0.94,0.49,0.35
PF10183,PF09769,12,8,0,12,8,2338,0.0,0.99,0.0,-0.0,8,0,12,8,2338,0.0,0.99,0.0,-0.0
PF12765,PF10441,23,12,1,22,11,2324,0.08,0.99,0.04,0.05,12,1,22,11,2324,0.08,0.99,0.04,0.05
PF14031,PF00842,13,4,1,12,3,2342,0.25,0.99,0.08,0.14,4,1,12,3,2342,0.25,0.99,0.08,0.14
PF02548,PF11779,17,10,4,13,6,2335,0.4,0.99,0.24,0.3,10,4,13,6,2335,0.4,0.99,0.24,0.3
PF00567,PF13871,61,13,9,52,4,2293,0.69,0.98,0.15,0.31,13,9,52,4,2293,0.69,0.98,0.15,0.31
PF06583,PF13882,2,7,1,1,6,2350,0.14,1.0,0.5,0.27,7,1,1,6,2350,0.14,1.0,0.5,0.27
PF07893,PF14800,33,6,5,28,1,2324,0.83,0.99,0.15,0.35,6,5,28,1,2324,0.83,0.99,0.15,0.35
PF05609,PF15370,1,7,0,1,7,2350,0.0,1.0,0.0,-0.0,7,0,1,7,2350,0.0,1.0,0.0,-0.0
PF14942,PF11027,5,5,0,5,5,2348,0.0,1.0,0.0,-0.0,5,0,5,5,2348,0.0,1.0,0.0,-0.0
PF10154,PF05529,7,22,2,5,20,2331,0.09,0.99,0.29,0.16,22,2,5,20,2331,0.09,0.99,0.29,0.16
PF06045,PF14683,5,35,5,0,30,2323,0.14,0.99,1.0,0.38,35,5,0,30,2323,0.14,0.99,1.0,0.38
PF08847,PF03379,0,4,0,0,4,2354,0.0,1.0,0,0,4,0,0,4,2354,0.0,1.0,0,0
PF12147,PF10971,2,2,2,0,0,2356,1.0,1.0,1.0,1.0,2,2,0,0,2356,1.0,1.0,1.0,1.0
PF15183,PF05387,2,0,0,2,0,2356,0,1.0,0.0,0,0,0,2,0,2356,0,1.0,0.0,0
PF09427,PF12533,6,6,1,5,5,2347,0.17,1.0,0.17,0.16,6,1,5,5,2347,0.17,1.0,0.17,0.16
PF16037,PF07240,0,0,0,0,0,2358,0,1.0,0,0,0,0,0,0,2358,0,1.0,0,0
PF15225,PF08924,5,0,0,5,0,2353,0,1.0,0.0,0,0,0,5,0,2353,0,1.0,0.0,0
PF00667,PF00258,62,60,46,16,14,2282,0.77,0.99,0.74,0.75,60,46,16,14,2282,0.77,0.99,0.74,0.75
PF14558,PF11597,11,9,3,8,6,2341,0.33,0.99,0.27,0.3,9,3,8,6,2341,0.33,0.99,0.27,0.3
PF17006,PF01913,0,2,0,0,2,2356,0.0,1.0,0,0,2,0,0,2,2356,0.0,1.0,0,0
PF01382,PF06679,4,1,0,4,1,2353,0.0,1.0,0.0,-0.0,1,0,4,1,2353,0.0,1.0,0.0,-0.0
PF00865,PF15467,3,0,0,3,0,2355,0,1.0,0.0,0,0,0,3,0,2355,0,1.0,0.0,0
PF07454,PF04562,0,0,0,0,0,2358,0,1.0,0,0,0,0,0,0,2358,0,1.0,0,0
PF00344,PF10559,35,20,20,15,0,2323,1.0,0.99,0.57,0.75,20,20,15,0,2323,1.0,0.99,0.57,0.75
PF11317,PF10716,0,2,0,0,2,2356,0.0,1.0,0,0,2,0,0,2,2356,0.0,1.0,0,0
PF16030,PF12032,15,17,3,12,14,2329,0.18,0.99,0.2,0.18,17,3,12,14,2329,0.18,0.99,0.2,0.18
PF03480,PF06808,13,12,11,2,1,2344,0.92,1.0,0.85,0.88,12,11,2,1,2344,0.92,1.0,0.85,0.88
PF08913,PF09141,10,19,9,1,10,2338,0.47,1.0,0.9,0.65,19,9,1,10,2338,0.47,1.0,0.9,0.65
PF15334,PF15770,1,0,0,1,0,2357,0,1.0,0.0,0,0,0,1,0,2357,0,1.0,0.0,0
PF01701,PF10856,8,0,0,8,0,2350,0,1.0,0.0,0,0,0,8,0,2350,0,1.0,0.0,0
PF02527,PF02448,14,0,0,14,0,2344,0,0.99,0.0,0,0,0,14,0,2344,0,0.99,0.0,0
PF07157,PF07409,0,0,0,0,0,2358,0,1.0,0,0,0,0,0,0,2358,0,1.0,0,0
PF03767,PF06404,17,3,0,17,3,2338,0.0,0.99,0.0,-0.0,3,0,17,3,2338,0.0,0.99,0.0,-0.0
PF07209,PF03713,3,0,0,3,0,2355,0,1.0,0.0,0,0,0,3,0,2355,0,1.0,0.0,0
PF16854,PF04100,0,16,0,0,16,2342,0.0,0.99,0,0,16,0,0,16,2342,0.0,0.99,0,0
PF14691,PF04898,22,14,12,10,2,2334,0.86,0.99,0.55,0.68,14,12,10,2,2334,0.86,0.99,0.55,0.68
PF11331,PF14611,5,10,0,5,10,2343,0.0,0.99,0.0,-0.0,10,0,5,10,2343,0.0,0.99,0.0,-0.0
PF14066,PF03742,0,3,0,0,3,2355,0.0,1.0,0,0,3,0,0,3,2355,0.0,1.0,0,0
PF06374,PF16752,5,12,0,5,12,2341,0.0,0.99,0.0,-0.0,12,0,5,12,2341,0.0,0.99,0.0,-0.0
PF06807,PF16573,15,14,13,2,1,2342,0.93,1.0,0.87,0.9,14,13,2,1,2342,0.93,1.0,0.87,0.9
PF00801,PF02010,17,28,7,10,21,2320,0.25,0.99,0.41,0.31,28,7,10,21,2320,0.25,0.99,0.41,0.31
PF00673,PF00281,41,39,33,8,6,2311,0.85,0.99,0.8,0.82,39,33,8,6,2311,0.85,0.99,0.8,0.82
PF01596,PF15011,28,4,3,25,1,2329,0.75,0.99,0.11,0.28,4,3,25,1,2329,0.75,0.99,0.11,0.28
PF09034,PF11957,4,7,2,2,5,2349,0.29,1.0,0.5,0.38,7,2,2,5,2349,0.29,1.0,0.5,0.38
PF14429,PF16172,27,4,4,23,0,2331,1.0,0.99,0.15,0.38,4,4,23,0,2331,1.0,0.99,0.15,0.38
PF12152,PF04050,3,11,2,1,9,2346,0.18,1.0,0.67,0.35,11,2,1,9,2346,0.18,1.0,0.67,0.35
PF14997,PF08286,8,0,0,8,0,2350,0,1.0,0.0,0,0,0,8,0,2350,0,1.0,0.0,0
PF03196,PF11860,0,0,0,0,0,2358,0,1.0,0,0,0,0,0,0,2358,0,1.0,0,0
PF06311,PF00640,4,62,4,0,58,2296,0.06,0.98,1.0,0.25,62,4,0,58,2296,0.06,0.98,1.0,0.25
PF12213,PF08418,10,11,3,7,8,2340,0.27,0.99,0.3,0.28,11,3,7,8,2340,0.27,0.99,0.3,0.28
PF06693,PF09296,0,11,0,0,11,2347,0.0,1.0,0,0,11,0,0,11,2347,0.0,1.0,0,0
PF15354,PF05292,0,17,0,0,17,2341,0.0,0.99,0,0,17,0,0,17,2341,0.0,0.99,0,0
PF08067,PF16274,5,4,1,4,3,2350,0.25,1.0,0.2,0.22,4,1,4,3,2350,0.25,1.0,0.2,0.22
PF06763,PF11924,0,3,0,0,3,2355,0.0,1.0,0,0,3,0,0,3,2355,0.0,1.0,0,0
PF10498,PF12414,5,5,4,1,1,2352,0.8,1.0,0.8,0.8,5,4,1,1,2352,0.8,1.0,0.8,0.8
PF15323,PF00379,4,58,3,1,55,2299,0.05,0.98,0.75,0.19,58,3,1,55,2299,0.05,0.98,0.75,0.19
PF06951,PF14954,18,3,1,17,2,2338,0.33,0.99,0.06,0.13,3,1,17,2,2338,0.33,0.99,0.06,0.13
PF10225,PF11282,17,2,0,17,2,2339,0.0,0.99,0.0,-0.0,2,0,17,2,2339,0.0,0.99,0.0,-0.0
PF13656,PF00411,27,40,10,17,30,2301,0.25,0.98,0.37,0.29,40,10,17,30,2301,0.25,0.98,0.37,0.29
PF03189,PF01285,15,8,2,13,6,2337,0.25,0.99,0.13,0.18,8,2,13,6,2337,0.25,0.99,0.13,0.18
PF08780,PF13645,0,0,0,0,0,2358,0,1.0,0,0,0,0,0,0,2358,0,1.0,0,0
PF04883,PF13942,0,0,0,0,0,2358,0,1.0,0,0,0,0,0,0,2358,0,1.0,0,0
PF09798,PF07499,1,5,0,1,5,2352,0.0,1.0,0.0,-0.0,5,0,1,5,2352,0.0,1.0,0.0,-0.0
PF15034,PF08501,0,29,0,0,29,2329,0.0,0.99,0,0,29,0,0,29,2329,0.0,0.99,0,0
PF08507,PF08641,9,8,3,6,5,2344,0.38,1.0,0.33,0.35,8,3,6,5,2344,0.38,1.0,0.33,0.35
PF04423,PF16034,10,2,0,10,2,2346,0.0,0.99,0.0,-0.0,2,0,10,2,2346,0.0,0.99,0.0,-0.0
PF01873,PF05508,22,1,1,21,0,2336,1.0,0.99,0.05,0.21,1,1,21,0,2336,1.0,0.99,0.05,0.21
PF03711,PF01276,11,11,11,0,0,2347,1.0,1.0,1.0,1.0,11,11,0,0,2347,1.0,1.0,1.0,1.0
PF15173,PF06875,0,0,0,0,0,2358,0,1.0,0,0,0,0,0,0,2358,0,1.0,0,0
PF11492,PF00915,2,2,2,0,0,2356,1.0,1.0,1.0,1.0,2,2,0,0,2356,1.0,1.0,1.0,1.0
PF12116,PF06007,1,3,0,1,3,2354,0.0,1.0,0.0,-0.0,3,0,1,3,2354,0.0,1.0,0.0,-0.0
PF12067,PF13775,1,5,0,1,5,2352,0.0,1.0,0.0,-0.0,5,0,1,5,2352,0.0,1.0,0.0,-0.0
PF02770,PF00441,130,122,116,14,6,2222,0.95,0.99,0.89,0.92,122,116,14,6,2222,0.95,0.99,0.89,0.92
PF13784,PF08091,0,2,0,0,2,2356,0.0,1.0,0,0,2,0,0,2,2356,0.0,1.0,0,0
PF08392,PF08545,12,7,2,10,5,2341,0.29,0.99,0.17,0.22,7,2,10,5,2341,0.29,0.99,0.17,0.22
PF05675,PF01118,0,22,0,0,22,2336,0.0,0.99,0,0,22,0,0,22,2336,0.0,0.99,0,0
PF12057,PF16843,4,1,1,3,0,2354,1.0,1.0,0.25,0.5,1,1,3,0,2354,1.0,1.0,0.25,0.5
PF01138,PF03725,114,53,52,62,1,2243,0.98,0.97,0.46,0.66,53,52,62,1,2243,0.98,0.97,0.46,0.66
PF12314,PF12402,0,0,0,0,0,2358,0,1.0,0,0,0,0,0,0,2358,0,1.0,0,0
PF02076,PF08618,10,2,0,10,2,2346,0.0,0.99,0.0,-0.0,2,0,10,2,2346,0.0,0.99,0.0,-0.0
PF08493,PF16846,9,4,4,5,0,2349,1.0,1.0,0.44,0.67,4,4,5,0,2349,1.0,1.0,0.44,0.67
PF14357,PF03901,0,62,0,0,62,2296,0.0,0.97,0,0,62,0,0,62,2296,0.0,0.97,0,0
PF01486,PF12347,16,8,4,12,4,2338,0.5,0.99,0.25,0.35,8,4,12,4,2338,0.5,0.99,0.25,0.35
PF17146,PF15017,9,1,1,8,0,2349,1.0,1.0,0.11,0.33,1,1,8,0,2349,1.0,1.0,0.11,0.33
PF03853,PF06212,29,6,0,29,6,2323,0.0,0.99,0.0,-0.01,6,0,29,6,2323,0.0,0.99,0.0,-0.01
PF01374,PF04085,3,2,0,3,2,2353,0.0,1.0,0.0,-0.0,2,0,3,2,2353,0.0,1.0,0.0,-0.0
PF15955,PF15868,3,10,0,3,10,2345,0.0,0.99,0.0,-0.0,10,0,3,10,2345,0.0,0.99,0.0,-0.0
PF08826,PF12179,7,4,3,4,1,2350,0.75,1.0,0.43,0.57,4,3,4,1,2350,0.75,1.0,0.43,0.57
PF02083,PF13096,7,2,0,7,2,2349,0.0,1.0,0.0,-0.0,2,0,7,2,2349,0.0,1.0,0.0,-0.0
PF02137,PF14622,36,37,11,25,26,2296,0.3,0.98,0.31,0.29,37,11,25,26,2296,0.3,0.98,0.31,0.29
PF15462,PF15109,3,0,0,3,0,2355,0,1.0,0.0,0,0,0,3,0,2355,0,1.0,0.0,0
PF15174,PF09677,0,0,0,0,0,2358,0,1.0,0,0,0,0,0,0,2358,0,1.0,0,0
PF12816,PF12451,8,16,3,5,13,2337,0.19,0.99,0.38,0.26,16,3,5,13,2337,0.19,0.99,0.38,0.26
PF09929,PF13211,0,0,0,0,0,2358,0,1.0,0,0,0,0,0,0,2358,0,1.0,0,0
PF03715,PF04139,21,25,4,17,21,2316,0.16,0.98,0.19,0.17,25,4,17,21,2316,0.16,0.98,0.19,0.17
PF00121,PF02672,21,5,3,18,2,2335,0.6,0.99,0.14,0.29,5,3,18,2,2335,0.6,0.99,0.14,0.29
PF09351,PF11595,15,4,4,11,0,2343,1.0,1.0,0.27,0.52,4,4,11,0,2343,1.0,1.0,0.27,0.52
PF10192,PF05826,19,21,4,15,17,2322,0.19,0.99,0.21,0.19,21,4,15,17,2322,0.19,0.99,0.21,0.19
PF12416,PF16056,6,4,1,5,3,2349,0.25,1.0,0.17,0.2,4,1,5,3,2349,0.25,1.0,0.17,0.2
PF01175,PF07159,5,12,1,4,11,2342,0.08,0.99,0.2,0.13,12,1,4,11,2342,0.08,0.99,0.2,0.13
PF15688,PF15690,1,1,1,0,0,2357,1.0,1.0,1.0,1.0,1,1,0,0,2357,1.0,1.0,1.0,1.0
PF13588,PF06798,4,0,0,4,0,2354,0,1.0,0.0,0,0,0,4,0,2354,0,1.0,0.0,0
PF17154,PF10554,3,0,0,3,0,2355,0,1.0,0.0,0,0,0,3,0,2355,0,1.0,0.0,0
PF15199,PF00519,1,7,0,1,7,2350,0.0,1.0,0.0,-0.0,7,0,1,7,2350,0.0,1.0,0.0,-0.0
PF07712,PF06404,0,3,0,0,3,2355,0.0,1.0,0,0,3,0,0,3,2355,0.0,1.0,0,0
PF16705,PF04382,1,10,1,0,9,2348,0.1,1.0,1.0,0.32,10,1,0,9,2348,0.1,1.0,1.0,0.32
PF16321,PF02482,7,7,5,2,2,2349,0.71,1.0,0.71,0.71,7,5,2,2,2349,0.71,1.0,0.71,0.71
PF03195,PF05678,15,14,6,9,8,2335,0.43,0.99,0.4,0.41,14,6,9,8,2335,0.43,0.99,0.4,0.41
PF12891,PF11214,5,0,0,5,0,2353,0,1.0,0.0,0,0,0,5,0,2353,0,1.0,0.0,0
PF07530,PF16012,9,16,3,6,13,2336,0.19,0.99,0.33,0.25,16,3,6,13,2336,0.19,0.99,0.33,0.25
PF13257,PF15934,7,0,0,7,0,2351,0,1.0,0.0,0,0,0,7,0,2351,0,1.0,0.0,0
PF05535,PF06729,0,2,0,0,2,2356,0.0,1.0,0,0,2,0,0,2,2356,0.0,1.0,0,0
PF14327,PF05383,21,47,5,16,42,2295,0.11,0.98,0.24,0.15,47,5,16,42,2295,0.11,0.98,0.24,0.15
PF16087,PF11427,39,16,7,32,9,2310,0.44,0.98,0.18,0.27,16,7,32,9,2310,0.44,0.98,0.18,0.27
PF04966,PF10429,3,0,0,3,0,2355,0,1.0,0.0,0,0,0,3,0,2355,0,1.0,0.0,0
PF06680,PF01161,0,55,0,0,55,2303,0.0,0.98,0,0,55,0,0,55,2303,0.0,0.98,0,0
PF05117,PF02217,0,4,0,0,4,2354,0.0,1.0,0,0,4,0,0,4,2354,0.0,1.0,0,0
PF06220,PF12237,62,8,2,60,6,2290,0.25,0.97,0.03,0.08,8,2,60,6,2290,0.25,0.97,0.03,0.08
PF02774,PF01118,24,22,16,8,6,2328,0.73,0.99,0.67,0.69,22,16,8,6,2328,0.73,0.99,0.67,0.69
PF04046,PF12214,15,13,2,13,11,2332,0.15,0.99,0.13,0.14,13,2,13,11,2332,0.15,0.99,0.13,0.14
PF05956,PF05937,4,4,4,0,0,2354,1.0,1.0,1.0,1.0,4,4,0,0,2354,1.0,1.0,1.0,1.0
PF06794,PF14048,0,22,0,0,22,2336,0.0,0.99,0,0,22,0,0,22,2336,0.0,0.99,0,0
PF02965,PF02607,9,8,8,1,0,2349,1.0,1.0,0.89,0.94,8,8,1,0,2349,1.0,1.0,0.89,0.94
PF16034,PF04423,2,10,0,2,10,2346,0.0,0.99,0.0,-0.0,10,0,2,10,2346,0.0,0.99,0.0,-0.0
PF07495,PF11863,3,1,0,3,1,2354,0.0,1.0,0.0,-0.0,1,0,3,1,2354,0.0,1.0,0.0,-0.0
PF16350,PF01571,26,53,26,0,27,2305,0.49,0.99,1.0,0.7,53,26,0,27,2305,0.49,0.99,1.0,0.7
PF03040,PF02392,13,17,12,1,5,2340,0.71,1.0,0.92,0.81,17,12,1,5,2340,0.71,1.0,0.92,0.81
PF08827,PF05437,0,0,0,0,0,2358,0,1.0,0,0,0,0,0,0,2358,0,1.0,0,0
PF04054,PF16417,23,21,19,4,2,2333,0.9,1.0,0.83,0.86,21,19,4,2,2333,0.9,1.0,0.83,0.86
PF15794,PF01387,16,0,0,16,0,2342,0,0.99,0.0,0,0,0,16,0,2342,0,0.99,0.0,0
PF07415,PF08020,2,0,0,2,0,2356,0,1.0,0.0,0,0,0,2,0,2356,0,1.0,0.0,0
PF00657,PF10604,67,26,15,52,11,2280,0.58,0.97,0.22,0.35,26,15,52,11,2280,0.58,0.97,0.22,0.35
PF05046,PF10211,17,13,3,14,10,2331,0.23,0.99,0.18,0.2,13,3,14,10,2331,0.23,0.99,0.18,0.2
PF05010,PF12372,9,10,1,8,9,2340,0.1,0.99,0.11,0.1,10,1,8,9,2340,0.1,0.99,0.11,0.1
PF09286,PF16470,26,24,8,18,16,2316,0.33,0.99,0.31,0.31,24,8,18,16,2316,0.33,0.99,0.31,0.31
PF01107,PF03732,11,100,9,2,91,2256,0.09,0.96,0.82,0.26,100,9,2,91,2256,0.09,0.96,0.82,0.26
PF10906,PF12615,4,0,0,4,0,2354,0,1.0,0.0,0,0,0,4,0,2354,0,1.0,0.0,0
PF05755,PF15786,4,1,0,4,1,2353,0.0,1.0,0.0,-0.0,1,0,4,1,2353,0.0,1.0,0.0,-0.0
PF08781,PF16421,27,17,5,22,12,2319,0.29,0.99,0.19,0.23,17,5,22,12,2319,0.29,0.99,0.19,0.23
PF15804,PF16766,2,1,0,2,1,2355,0.0,1.0,0.0,-0.0,1,0,2,1,2355,0.0,1.0,0.0,-0.0
PF02686,PF10181,12,4,1,11,3,2343,0.25,0.99,0.08,0.14,4,1,11,3,2343,0.25,0.99,0.08,0.14
PF05579,PF02075,3,9,0,3,9,2346,0.0,0.99,0.0,-0.0,9,0,3,9,2346,0.0,0.99,0.0,-0.0
PF02210,PF00054,77,39,33,44,6,2275,0.85,0.98,0.43,0.59,39,33,44,6,2275,0.85,0.98,0.43,0.59
PF02421,PF08155,5,28,2,3,26,2327,0.07,0.99,0.4,0.17,28,2,3,26,2327,0.07,0.99,0.4,0.17
PF16177,PF13193,23,146,20,3,126,2209,0.14,0.95,0.87,0.33,146,20,3,126,2209,0.14,0.95,0.87,0.33
PF13871,PF14418,13,2,0,13,2,2343,0.0,0.99,0.0,-0.0,2,0,13,2,2343,0.0,0.99,0.0,-0.0
PF03604,PF06373,15,7,0,15,7,2336,0.0,0.99,0.0,-0.0,7,0,15,7,2336,0.0,0.99,0.0,-0.0
PF01900,PF01680,23,16,2,21,14,2321,0.12,0.99,0.09,0.1,16,2,21,14,2321,0.12,0.99,0.09,0.1
PF09111,PF09110,24,24,24,0,0,2334,1.0,1.0,1.0,1.0,24,24,0,0,2334,1.0,1.0,1.0,1.0
PF08395,PF06151,44,5,4,40,1,2313,0.8,0.98,0.09,0.27,5,4,40,1,2313,0.8,0.98,0.09,0.27
PF05887,PF03944,1,3,0,1,3,2354,0.0,1.0,0.0,-0.0,3,0,1,3,2354,0.0,1.0,0.0,-0.0
PF04111,PF15285,23,5,2,21,3,2332,0.4,0.99,0.09,0.18,5,2,21,3,2332,0.4,0.99,0.09,0.18
PF05999,PF08780,0,0,0,0,0,2358,0,1.0,0,0,0,0,0,0,2358,0,1.0,0,0
PF10330,PF06420,3,3,0,3,3,2352,0.0,1.0,0.0,-0.0,3,0,3,3,2352,0.0,1.0,0.0,-0.0
PF04247,PF08274,0,0,0,0,0,2358,0,1.0,0,0,0,0,0,0,2358,0,1.0,0,0
PF16335,PF17168,6,6,6,0,0,2352,1.0,1.0,1.0,1.0,6,6,0,0,2352,1.0,1.0,1.0,1.0
PF01388,PF12031,71,13,10,61,3,2284,0.77,0.97,0.14,0.32,13,10,61,3,2284,0.77,0.97,0.14,0.32
PF04127,PF14365,19,4,0,19,4,2335,0.0,0.99,0.0,-0.0,4,0,19,4,2335,0.0,0.99,0.0,-0.0
PF13631,PF00033,3,20,3,0,17,2338,0.15,0.99,1.0,0.39,20,3,0,17,2338,0.15,0.99,1.0,0.39
PF00427,PF00502,2,2,2,0,0,2356,1.0,1.0,1.0,1.0,2,2,0,0,2356,1.0,1.0,1.0,1.0
PF00860,PF04724,59,12,6,53,6,2293,0.5,0.97,0.1,0.22,12,6,53,6,2293,0.5,0.97,0.1,0.22
PF09863,PF08220,0,11,0,0,11,2347,0.0,1.0,0,0,11,0,0,11,2347,0.0,1.0,0,0
PF01867,PF12544,5,0,0,5,0,2353,0,1.0,0.0,0,0,0,5,0,2353,0,1.0,0.0,0
PF15039,PF08002,0,0,0,0,0,2358,0,1.0,0,0,0,0,0,0,2358,0,1.0,0,0
PF02991,PF10229,31,23,6,25,17,2310,0.26,0.98,0.19,0.22,23,6,25,17,2310,0.26,0.98,0.19,0.22
PF05014,PF06581,8,2,0,8,2,2348,0.0,1.0,0.0,-0.0,2,0,8,2,2348,0.0,1.0,0.0,-0.0
PF03449,PF01272,26,24,24,2,0,2332,1.0,1.0,0.92,0.96,24,24,2,0,2332,1.0,1.0,0.92,0.96
PF08441,PF01839,38,41,37,1,4,2316,0.9,1.0,0.97,0.94,41,37,1,4,2316,0.9,1.0,0.97,0.94
PF02646,PF05065,6,2,2,4,0,2352,1.0,1.0,0.33,0.58,2,2,4,0,2352,1.0,1.0,0.33,0.58
PF03203,PF15713,0,2,0,0,2,2356,0.0,1.0,0,0,2,0,0,2,2356,0.0,1.0,0,0
PF06957,PF11816,24,27,6,18,21,2313,0.22,0.98,0.25,0.23,27,6,18,21,2313,0.22,0.98,0.25,0.23
PF13903,PF03091,20,35,4,16,31,2307,0.11,0.98,0.2,0.14,35,4,16,31,2307,0.11,0.98,0.2,0.14
PF02208,PF08687,7,7,1,6,6,2345,0.14,0.99,0.14,0.14,7,1,6,6,2345,0.14,0.99,0.14,0.14
PF01992,PF08061,14,2,2,12,0,2344,1.0,0.99,0.14,0.38,2,2,12,0,2344,1.0,0.99,0.14,0.38
PF00201,PF00328,119,87,40,79,47,2192,0.46,0.95,0.34,0.37,87,40,79,47,2192,0.46,0.95,0.34,0.37
PF04308,PF04764,0,0,0,0,0,2358,0,1.0,0,0,0,0,0,0,2358,0,1.0,0,0
PF17169,PF09050,1,0,0,1,0,2357,0,1.0,0.0,0,0,0,1,0,2357,0,1.0,0.0,0
PF03788,PF16967,3,0,0,3,0,2355,0,1.0,0.0,0,0,0,3,0,2355,0,1.0,0.0,0
PF08190,PF02163,50,19,7,43,12,2296,0.37,0.98,0.14,0.22,19,7,43,12,2296,0.37,0.98,0.14,0.22
PF03734,PF08924,9,0,0,9,0,2349,0,1.0,0.0,0,0,0,9,0,2349,0,1.0,0.0,0
PF04709,PF00688,2,25,1,1,24,2332,0.04,0.99,0.5,0.14,25,1,1,24,2332,0.04,0.99,0.5,0.14
PF12201,PF09690,1,0,0,1,0,2357,0,1.0,0.0,0,0,0,1,0,2357,0,1.0,0.0,0
PF15923,PF15997,2,0,0,2,0,2356,0,1.0,0.0,0,0,0,2,0,2356,0,1.0,0.0,0
PF01358,PF03618,1,2,0,1,2,2355,0.0,1.0,0.0,-0.0,2,0,1,2,2355,0.0,1.0,0.0,-0.0
PF07965,PF08725,8,16,6,2,10,2340,0.38,0.99,0.75,0.53,16,6,2,10,2340,0.38,0.99,0.75,0.53
PF06278,PF16869,8,0,0,8,0,2350,0,1.0,0.0,0,0,0,8,0,2350,0,1.0,0.0,0
PF05927,PF07294,2,2,0,2,2,2354,0.0,1.0,0.0,-0.0,2,0,2,2,2354,0.0,1.0,0.0,-0.0
PF02950,PF03379,3,4,0,3,4,2351,0.0,1.0,0.0,-0.0,4,0,3,4,2351,0.0,1.0,0.0,-0.0
PF00397,PF09445,162,31,17,145,14,2182,0.55,0.93,0.1,0.22,31,17,145,14,2182,0.55,0.93,0.1,0.22
PF06748,PF10816,0,0,0,0,0,2358,0,1.0,0,0,0,0,0,0,2358,0,1.0,0,0
PF09366,PF07939,8,2,0,8,2,2348,0.0,1.0,0.0,-0.0,2,0,8,2,2348,0.0,1.0,0.0,-0.0
PF11127,PF09122,5,0,0,5,0,2353,0,1.0,0.0,0,0,0,5,0,2353,0,1.0,0.0,0
PF07960,PF05962,2,2,0,2,2,2354,0.0,1.0,0.0,-0.0,2,0,2,2,2354,0.0,1.0,0.0,-0.0
PF17136,PF01777,20,31,6,14,25,2313,0.19,0.98,0.3,0.23,31,6,14,25,2313,0.19,0.98,0.3,0.23
PF15033,PF10514,3,3,0,3,3,2352,0.0,1.0,0.0,-0.0,3,0,3,3,2352,0.0,1.0,0.0,-0.0
PF06780,PF05128,1,1,1,0,0,2357,1.0,1.0,1.0,1.0,1,1,0,0,2357,1.0,1.0,1.0,1.0
PF13924,PF16117,13,1,1,12,0,2345,1.0,0.99,0.08,0.28,1,1,12,0,2345,1.0,0.99,0.08,0.28
PF16770,PF12258,25,1,0,25,1,2332,0.0,0.99,0.0,-0.0,1,0,25,1,2332,0.0,0.99,0.0,-0.0
PF02657,PF00358,6,15,0,6,15,2337,0.0,0.99,0.0,-0.0,15,0,6,15,2337,0.0,0.99,0.0,-0.0
PF14519,PF03379,0,4,0,0,4,2354,0.0,1.0,0,0,4,0,0,4,2354,0.0,1.0,0,0
PF03690,PF00048,20,23,5,15,18,2320,0.22,0.99,0.25,0.23,23,5,15,18,2320,0.22,0.99,0.25,0.23
PF05691,PF10288,21,8,2,19,6,2331,0.25,0.99,0.1,0.15,8,2,19,6,2331,0.25,0.99,0.1,0.15
PF12701,PF09532,27,32,23,4,9,2322,0.72,0.99,0.85,0.78,32,23,4,9,2322,0.72,0.99,0.85,0.78
PF05019,PF05180,19,16,9,10,7,2332,0.56,0.99,0.47,0.51,16,9,10,7,2332,0.56,0.99,0.47,0.51
PF15100,PF12686,0,0,0,0,0,2358,0,1.0,0,0,0,0,0,0,2358,0,1.0,0,0
PF04224,PF14759,6,10,2,4,8,2344,0.2,0.99,0.33,0.26,10,2,4,8,2344,0.2,0.99,0.33,0.26
PF04024,PF07866,0,0,0,0,0,2358,0,1.0,0,0,0,0,0,0,2358,0,1.0,0,0
PF07841,PF01758,7,20,1,6,19,2332,0.05,0.99,0.14,0.08,20,1,6,19,2332,0.05,0.99,0.14,0.08
PF14921,PF12470,0,6,0,0,6,2352,0.0,1.0,0,0,6,0,0,6,2352,0.0,1.0,0,0
PF16477,PF15181,0,2,0,0,2,2356,0.0,1.0,0,0,2,0,0,2,2356,0.0,1.0,0,0
PF13867,PF04422,7,1,0,7,1,2350,0.0,1.0,0.0,-0.0,1,0,7,1,2350,0.0,1.0,0.0,-0.0
PF14865,PF10974,1,0,0,1,0,2357,0,1.0,0.0,0,0,0,1,0,2357,0,1.0,0.0,0
PF03372,PF14529,121,96,38,83,58,2179,0.4,0.94,0.31,0.32,96,38,83,58,2179,0.4,0.94,0.31,0.32
PF13603,PF10458,21,13,4,17,9,2328,0.31,0.99,0.19,0.24,13,4,17,9,2328,0.31,0.99,0.19,0.24
PF12318,PF03090,0,0,0,0,0,2358,0,1.0,0,0,0,0,0,0,2358,0,1.0,0,0
PF00632,PF00658,112,22,15,97,7,2239,0.68,0.96,0.13,0.29,22,15,97,7,2239,0.68,0.96,0.13,0.29
PF10501,PF13664,6,13,3,3,10,2342,0.23,0.99,0.5,0.34,13,3,3,10,2342,0.23,0.99,0.5,0.34
PF08041,PF05419,6,0,0,6,0,2352,0,1.0,0.0,0,0,0,6,0,2352,0,1.0,0.0,0
PF03610,PF13876,8,1,0,8,1,2349,0.0,1.0,0.0,-0.0,1,0,8,1,2349,0.0,1.0,0.0,-0.0
PF00533,PF12738,94,52,41,53,11,2253,0.79,0.97,0.44,0.57,52,41,53,11,2253,0.79,0.97,0.44,0.57
PF04122,PF08310,0,2,0,0,2,2356,0.0,1.0,0,0,2,0,0,2,2356,0.0,1.0,0,0
PF12595,PF04114,7,34,4,3,30,2321,0.12,0.99,0.57,0.25,34,4,3,30,2321,0.12,0.99,0.57,0.25
PF10020,PF09365,0,3,0,0,3,2355,0.0,1.0,0,0,3,0,0,3,2355,0.0,1.0,0,0
PF12704,PF08352,9,7,3,6,4,2345,0.43,1.0,0.33,0.38,7,3,6,4,2345,0.43,1.0,0.33,0.38
PF09997,PF11057,0,1,0,0,1,2357,0.0,1.0,0,0,1,0,0,1,2357,0.0,1.0,0,0
PF13005,PF05065,0,2,0,0,2,2356,0.0,1.0,0,0,2,0,0,2,2356,0.0,1.0,0,0
PF02459,PF00153,2,235,1,1,234,2122,0.0,0.9,0.5,0.04,235,1,1,234,2122,0.0,0.9,0.5,0.04
PF12861,PF15189,21,7,3,18,4,2333,0.43,0.99,0.14,0.24,7,3,18,4,2333,0.43,0.99,0.14,0.24
PF13629,PF16976,3,3,3,0,0,2355,1.0,1.0,1.0,1.0,3,3,0,0,2355,1.0,1.0,1.0,1.0
PF02469,PF08648,59,13,5,54,8,2291,0.38,0.97,0.08,0.17,13,5,54,8,2291,0.38,0.97,0.08,0.17
PF07525,PF00710,52,26,11,41,15,2291,0.42,0.98,0.21,0.29,26,11,41,15,2291,0.42,0.98,0.21,0.29
PF08266,PF08758,11,4,3,8,1,2346,0.75,1.0,0.27,0.45,4,3,8,1,2346,0.75,1.0,0.27,0.45
PF16859,PF02129,0,33,0,0,33,2325,0.0,0.99,0,0,33,0,0,33,2325,0.0,0.99,0,0
PF05647,PF14654,0,0,0,0,0,2358,0,1.0,0,0,0,0,0,0,2358,0,1.0,0,0
PF07959,PF10509,10,22,3,7,19,2329,0.14,0.99,0.3,0.2,22,3,7,19,2329,0.14,0.99,0.3,0.2
PF02367,PF06832,6,1,0,6,1,2351,0.0,1.0,0.0,-0.0,1,0,6,1,2351,0.0,1.0,0.0,-0.0
PF05450,PF06880,23,5,1,22,4,2331,0.2,0.99,0.04,0.09,5,1,22,4,2331,0.2,0.99,0.04,0.09
PF00781,PF00609,87,36,36,51,0,2271,1.0,0.98,0.41,0.64,36,36,51,0,2271,1.0,0.98,0.41,0.64
PF09725,PF07052,13,18,1,12,17,2328,0.06,0.99,0.08,0.06,18,1,12,17,2328,0.06,0.99,0.08,0.06
PF15552,PF15180,1,4,1,0,3,2354,0.25,1.0,1.0,0.5,4,1,0,3,2354,0.25,1.0,1.0,0.5
PF04672,PF09479,0,1,0,0,1,2357,0.0,1.0,0,0,1,0,0,1,2357,0.0,1.0,0,0
PF00617,PF00618,92,77,71,21,6,2260,0.92,0.99,0.77,0.84,77,71,21,6,2260,0.92,0.99,0.77,0.84
PF12076,PF08079,12,19,1,11,18,2328,0.05,0.99,0.08,0.06,19,1,11,18,2328,0.05,0.99,0.08,0.06
PF14735,PF02401,8,10,0,8,10,2340,0.0,0.99,0.0,-0.0,10,0,8,10,2340,0.0,0.99,0.0,-0.0
PF07172,PF15129,1,1,0,1,1,2356,0.0,1.0,0.0,-0.0,1,0,1,1,2356,0.0,1.0,0.0,-0.0
PF10407,PF15082,0,3,0,0,3,2355,0.0,1.0,0,0,3,0,0,3,2355,0.0,1.0,0,0
PF10174,PF09457,23,15,3,20,12,2323,0.2,0.99,0.13,0.15,15,3,20,12,2323,0.2,0.99,0.13,0.15
PF08840,PF04775,7,7,5,2,2,2349,0.71,1.0,0.71,0.71,7,5,2,2,2349,0.71,1.0,0.71,0.71
PF11523,PF04990,16,4,4,12,0,2342,1.0,0.99,0.25,0.5,4,4,12,0,2342,1.0,0.99,0.25,0.5
PF01696,PF13005,0,0,0,0,0,2358,0,1.0,0,0,0,0,0,0,2358,0,1.0,0,0
PF06674,PF07377,7,7,7,0,0,2351,1.0,1.0,1.0,1.0,7,7,0,0,2351,1.0,1.0,1.0,1.0
PF08953,PF09453,17,24,3,14,21,2320,0.12,0.99,0.18,0.14,24,3,14,21,2320,0.12,0.99,0.18,0.14
PF00799,PF08283,3,2,2,1,0,2355,1.0,1.0,0.67,0.82,2,2,1,0,2355,1.0,1.0,0.67,0.82
PF01771,PF17053,1,1,0,1,1,2356,0.0,1.0,0.0,-0.0,1,0,1,1,2356,0.0,1.0,0.0,-0.0
PF12377,PF12361,4,4,4,0,0,2354,1.0,1.0,1.0,1.0,4,4,0,0,2354,1.0,1.0,1.0,1.0
PF03167,PF15342,42,5,0,42,5,2311,0.0,0.98,0.0,-0.01,5,0,42,5,2311,0.0,0.98,0.0,-0.01
PF05336,PF06711,6,2,2,4,0,2352,1.0,1.0,0.33,0.58,2,2,4,0,2352,1.0,1.0,0.33,0.58
PF13914,PF05548,9,4,1,8,3,2346,0.25,1.0,0.11,0.16,4,1,8,3,2346,0.25,1.0,0.11,0.16
PF16974,PF12046,2,0,0,2,0,2356,0,1.0,0.0,0,0,0,2,0,2356,0,1.0,0.0,0
PF08544,PF10509,64,22,19,45,3,2291,0.86,0.98,0.3,0.5,22,19,45,3,2291,0.86,0.98,0.3,0.5
PF02838,PF03174,15,4,4,11,0,2343,1.0,1.0,0.27,0.52,4,4,11,0,2343,1.0,1.0,0.27,0.52
PF05177,PF15509,6,2,0,6,2,2350,0.0,1.0,0.0,-0.0,2,0,6,2,2350,0.0,1.0,0.0,-0.0
PF14975,PF04142,12,47,11,1,36,2310,0.23,0.98,0.92,0.46,47,11,1,36,2310,0.23,0.98,0.92,0.46
PF05204,PF07157,7,0,0,7,0,2351,0,1.0,0.0,0,0,0,7,0,2351,0,1.0,0.0,0
PF12347,PF01486,8,16,4,4,12,2338,0.25,0.99,0.5,0.35,16,4,4,12,2338,0.25,0.99,0.5,0.35
PF03561,PF04115,18,20,6,12,14,2326,0.3,0.99,0.33,0.31,20,6,12,14,2326,0.3,0.99,0.33,0.31
PF08850,PF08096,0,3,0,0,3,2355,0.0,1.0,0,0,3,0,0,3,2355,0.0,1.0,0,0
PF12906,PF06454,50,14,4,46,10,2298,0.29,0.98,0.08,0.14,14,4,46,10,2298,0.29,0.98,0.08,0.14
PF07602,PF16977,1,14,1,0,13,2344,0.07,0.99,1.0,0.27,14,1,0,13,2344,0.07,0.99,1.0,0.27
PF07701,PF00211,39,117,38,1,79,2240,0.32,0.97,0.97,0.55,117,38,1,79,2240,0.32,0.97,0.97,0.55
PF02329,PF08127,2,6,0,2,6,2350,0.0,1.0,0.0,-0.0,6,0,2,6,2350,0.0,1.0,0.0,-0.0
PF11547,PF12516,7,0,0,7,0,2351,0,1.0,0.0,0,0,0,7,0,2351,0,1.0,0.0,0
PF16173,PF16116,0,0,0,0,0,2358,0,1.0,0,0,0,0,0,0,2358,0,1.0,0,0
PF02884,PF02278,3,4,3,0,1,2354,0.75,1.0,1.0,0.87,4,3,0,1,2354,0.75,1.0,1.0,0.87
PF00809,PF02607,24,8,7,17,1,2333,0.88,0.99,0.29,0.5,8,7,17,1,2333,0.88,0.99,0.29,0.5
PF12609,PF15060,1,2,0,1,2,2355,0.0,1.0,0.0,-0.0,2,0,1,2,2355,0.0,1.0,0.0,-0.0
PF02260,PF11865,54,21,19,35,2,2302,0.9,0.98,0.35,0.56,21,19,35,2,2302,0.9,0.98,0.35,0.56
PF13628,PF05707,0,0,0,0,0,2358,0,1.0,0,0,0,0,0,0,2358,0,1.0,0,0
PF17003,PF00895,0,3,0,0,3,2355,0.0,1.0,0,0,3,0,0,3,2355,0.0,1.0,0,0
PF00468,PF04839,12,3,3,9,0,2346,1.0,1.0,0.25,0.5,3,3,9,0,2346,1.0,1.0,0.25,0.5
PF16808,PF16579,4,27,3,1,24,2330,0.11,0.99,0.75,0.29,27,3,1,24,2330,0.11,0.99,0.75,0.29
PF04716,PF01632,28,10,1,27,9,2321,0.1,0.98,0.04,0.05,10,1,27,9,2321,0.1,0.98,0.04,0.05
PF15022,PF09669,0,1,0,0,1,2357,0.0,1.0,0,0,1,0,0,1,2357,0.0,1.0,0,0
PF06732,PF08914,13,24,4,9,20,2325,0.17,0.99,0.31,0.22,24,4,9,20,2325,0.17,0.99,0.31,0.22
PF11084,PF09732,0,19,0,0,19,2339,0.0,0.99,0,0,19,0,0,19,2339,0.0,0.99,0,0
PF03496,PF09372,6,1,1,5,0,2352,1.0,1.0,0.17,0.41,1,1,5,0,2352,1.0,1.0,0.17,0.41
PF09731,PF08704,16,15,1,15,14,2328,0.07,0.99,0.06,0.06,15,1,15,14,2328,0.07,0.99,0.06,0.06
PF15279,PF14909,3,8,1,2,7,2348,0.12,1.0,0.33,0.2,8,1,2,7,2348,0.12,1.0,0.33,0.2
PF10137,PF13545,0,5,0,0,5,2353,0.0,1.0,0,0,5,0,0,5,2353,0.0,1.0,0,0
PF14625,PF01683,23,38,11,12,27,2308,0.29,0.98,0.48,0.36,38,11,12,27,2308,0.29,0.98,0.48,0.36
PF10264,PF04182,7,11,2,5,9,2342,0.18,0.99,0.29,0.23,11,2,5,9,2342,0.18,0.99,0.29,0.23
PF08637,PF10022,13,15,0,13,15,2330,0.0,0.99,0.0,-0.01,15,0,13,15,2330,0.0,0.99,0.0,-0.01
PF00724,PF00756,55,32,15,40,17,2286,0.47,0.98,0.27,0.35,32,15,40,17,2286,0.47,0.98,0.27,0.35
PF12470,PF05076,6,4,4,2,0,2352,1.0,1.0,0.67,0.82,4,4,2,0,2352,1.0,1.0,0.67,0.82
PF07226,PF12207,0,0,0,0,0,2358,0,1.0,0,0,0,0,0,0,2358,0,1.0,0,0
PF06970,PF04625,0,4,0,0,4,2354,0.0,1.0,0,0,4,0,0,4,2354,0.0,1.0,0,0
PF08377,PF00418,1,7,1,0,6,2351,0.14,1.0,1.0,0.38,7,1,0,6,2351,0.14,1.0,1.0,0.38
PF04399,PF07987,4,4,3,1,1,2353,0.75,1.0,0.75,0.75,4,3,1,1,2353,0.75,1.0,0.75,0.75
PF00900,PF08071,27,24,20,7,4,2327,0.83,1.0,0.74,0.78,24,20,7,4,2327,0.83,1.0,0.74,0.78
PF04626,PF14539,4,0,0,4,0,2354,0,1.0,0.0,0,0,0,4,0,2354,0,1.0,0.0,0
PF11025,PF02915,0,3,0,0,3,2355,0.0,1.0,0,0,3,0,0,3,2355,0.0,1.0,0,0
PF00790,PF12210,63,14,12,51,2,2293,0.86,0.98,0.19,0.4,14,12,51,2,2293,0.86,0.98,0.19,0.4
PF14061,PF16737,9,1,1,8,0,2349,1.0,1.0,0.11,0.33,1,1,8,0,2349,1.0,1.0,0.11,0.33
PF08344,PF00710,15,26,4,11,22,2321,0.15,0.99,0.27,0.2,26,4,11,22,2321,0.15,0.99,0.27,0.2
PF04424,PF01085,29,17,6,23,11,2318,0.35,0.99,0.21,0.26,17,6,23,11,2318,0.35,0.99,0.21,0.26
PF11027,PF14865,5,1,0,5,1,2352,0.0,1.0,0.0,-0.0,1,0,5,1,2352,0.0,1.0,0.0,-0.0
PF03318,PF01117,1,2,0,1,2,2355,0.0,1.0,0.0,-0.0,2,0,1,2,2355,0.0,1.0,0.0,-0.0
PF01775,PF02284,17,9,4,13,5,2336,0.44,0.99,0.24,0.32,9,4,13,5,2336,0.44,0.99,0.24,0.32
PF10274,PF11977,21,18,10,11,8,2329,0.56,0.99,0.48,0.51,18,10,11,8,2329,0.56,0.99,0.48,0.51
PF04365,PF10335,0,4,0,0,4,2354,0.0,1.0,0,0,4,0,0,4,2354,0.0,1.0,0,0
PF08788,PF04194,11,23,2,9,21,2326,0.09,0.99,0.18,0.12,23,2,9,21,2326,0.09,0.99,0.18,0.12
PF00031,PF16845,18,5,4,14,1,2339,0.8,0.99,0.22,0.42,5,4,14,1,2339,0.8,0.99,0.22,0.42
PF11262,PF16134,10,12,10,0,2,2346,0.83,1.0,1.0,0.91,12,10,0,2,2346,0.83,1.0,1.0,0.91
PF02655,PF06890,2,0,0,2,0,2356,0,1.0,0.0,0,0,0,2,0,2356,0,1.0,0.0,0
PF13651,PF07373,0,0,0,0,0,2358,0,1.0,0,0,0,0,0,0,2358,0,1.0,0,0
PF04532,PF05299,1,0,0,1,0,2357,0,1.0,0.0,0,0,0,1,0,2357,0,1.0,0.0,0
PF14833,PF03446,40,59,36,4,23,2295,0.61,0.99,0.9,0.74,59,36,4,23,2295,0.61,0.99,0.9,0.74
PF07529,PF15790,28,1,1,27,0,2330,1.0,0.99,0.04,0.19,1,1,27,0,2330,1.0,0.99,0.04,0.19
PF15852,PF07359,0,2,0,0,2,2356,0.0,1.0,0,0,2,0,0,2,2356,0.0,1.0,0,0
PF16124,PF09382,57,37,36,21,1,2300,0.97,0.99,0.63,0.78,37,36,21,1,2300,0.97,0.99,0.63,0.78
PF04501,PF05489,2,0,0,2,0,2356,0,1.0,0.0,0,0,0,2,0,2356,0,1.0,0.0,0
PF00912,PF13699,18,0,0,18,0,2340,0,0.99,0.0,0,0,0,18,0,2340,0,0.99,0.0,0
PF11807,PF04199,23,41,13,10,28,2307,0.32,0.98,0.57,0.42,41,13,10,28,2307,0.32,0.98,0.57,0.42
PF08751,PF13610,5,3,0,5,3,2350,0.0,1.0,0.0,-0.0,3,0,5,3,2350,0.0,1.0,0.0,-0.0
PF00711,PF00272,2,1,1,1,0,2356,1.0,1.0,0.5,0.71,1,1,1,0,2356,1.0,1.0,0.5,0.71
PF15010,PF01705,2,15,0,2,15,2341,0.0,0.99,0.0,-0.0,15,0,2,15,2341,0.0,0.99,0.0,-0.0
PF16319,PF09856,3,0,0,3,0,2355,0,1.0,0.0,0,0,0,3,0,2355,0,1.0,0.0,0
PF04295,PF08275,12,6,0,12,6,2340,0.0,0.99,0.0,-0.0,6,0,12,6,2340,0.0,0.99,0.0,-0.0
PF14457,PF01323,0,32,0,0,32,2326,0.0,0.99,0,0,32,0,0,32,2326,0.0,0.99,0,0
PF14661,PF15678,3,1,0,3,1,2354,0.0,1.0,0.0,-0.0,1,0,3,1,2354,0.0,1.0,0.0,-0.0
PF04556,PF07496,3,27,1,2,26,2329,0.04,0.99,0.33,0.11,27,1,2,26,2329,0.04,0.99,0.33,0.11
PF01458,PF06830,4,0,0,4,0,2354,0,1.0,0.0,0,0,0,4,0,2354,0,1.0,0.0,0
PF07739,PF13096,2,2,0,2,2,2354,0.0,1.0,0.0,-0.0,2,0,2,2,2354,0.0,1.0,0.0,-0.0
PF10591,PF09289,15,9,7,8,2,2341,0.78,1.0,0.47,0.6,9,7,8,2,2341,0.78,1.0,0.47,0.6
PF09064,PF03954,4,1,1,3,0,2354,1.0,1.0,0.25,0.5,1,1,3,0,2354,1.0,1.0,0.25,0.5
PF14396,PF12399,6,13,3,3,10,2342,0.23,0.99,0.5,0.34,13,3,3,10,2342,0.23,0.99,0.5,0.34
PF08295,PF02671,29,46,27,2,19,2310,0.59,0.99,0.93,0.74,46,27,2,19,2310,0.59,0.99,0.93,0.74
PF04715,PF00425,27,35,26,1,9,2322,0.74,1.0,0.96,0.84,35,26,1,9,2322,0.74,1.0,0.96,0.84
PF08396,PF02950,0,3,0,0,3,2355,0.0,1.0,0,0,3,0,0,3,2355,0.0,1.0,0,0
PF09802,PF15849,5,0,0,5,0,2353,0,1.0,0.0,0,0,0,5,0,2353,0,1.0,0.0,0
PF03650,PF06093,33,6,3,30,3,2322,0.5,0.99,0.09,0.21,6,3,30,3,2322,0.5,0.99,0.09,0.21
PF06812,PF15050,0,6,0,0,6,2352,0.0,1.0,0,0,6,0,0,6,2352,0.0,1.0,0,0
PF15770,PF15334,0,1,0,0,1,2357,0.0,1.0,0,0,1,0,0,1,2357,0.0,1.0,0,0
PF07695,PF04122,4,0,0,4,0,2354,0,1.0,0.0,0,0,0,4,0,2354,0,1.0,0.0,0
PF04843,PF14214,7,46,5,2,41,2310,0.11,0.98,0.71,0.27,46,5,2,41,2310,0.11,0.98,0.71,0.27
PF11678,PF00514,0,113,0,0,113,2245,0.0,0.95,0,0,113,0,0,113,2245,0.0,0.95,0,0
PF07672,PF04212,0,61,0,0,61,2297,0.0,0.97,0,0,61,0,0,61,2297,0.0,0.97,0,0
PF16715,PF06161,1,0,0,1,0,2357,0,1.0,0.0,0,0,0,1,0,2357,0,1.0,0.0,0
PF00812,PF03195,12,15,4,8,11,2335,0.27,0.99,0.33,0.29,15,4,8,11,2335,0.27,0.99,0.33,0.29
PF13768,PF08487,53,34,28,25,6,2299,0.82,0.99,0.53,0.65,34,28,25,6,2299,0.82,0.99,0.53,0.65
PF03008,PF15471,1,0,0,1,0,2357,0,1.0,0.0,0,0,0,1,0,2357,0,1.0,0.0,0
PF14857,PF05308,6,5,0,6,5,2347,0.0,1.0,0.0,-0.0,5,0,6,5,2347,0.0,1.0,0.0,-0.0
PF02826,PF00389,45,91,28,17,63,2250,0.31,0.97,0.62,0.42,91,28,17,63,2250,0.31,0.97,0.62,0.42
PF05349,PF01610,7,3,1,6,2,2349,0.33,1.0,0.14,0.22,3,1,6,2,2349,0.33,1.0,0.14,0.22
PF15836,PF04352,1,0,0,1,0,2357,0,1.0,0.0,0,0,0,1,0,2357,0,1.0,0.0,0
PF10376,PF09367,3,1,0,3,1,2354,0.0,1.0,0.0,-0.0,1,0,3,1,2354,0.0,1.0,0.0,-0.0
PF09369,PF03880,12,8,2,10,6,2340,0.25,0.99,0.17,0.2,8,2,10,6,2340,0.25,0.99,0.17,0.2
PF13449,PF05014,9,8,3,6,5,2344,0.38,1.0,0.33,0.35,8,3,6,5,2344,0.38,1.0,0.33,0.35
PF00278,PF02784,29,27,23,6,4,2325,0.85,1.0,0.79,0.82,27,23,6,4,2325,0.85,1.0,0.79,0.82
PF12851,PF15778,7,3,0,7,3,2348,0.0,1.0,0.0,-0.0,3,0,7,3,2348,0.0,1.0,0.0,-0.0
PF06841,PF02511,0,4,0,0,4,2354,0.0,1.0,0,0,4,0,0,4,2354,0.0,1.0,0,0
PF10150,PF09371,7,3,1,6,2,2349,0.33,1.0,0.14,0.22,3,1,6,2,2349,0.33,1.0,0.14,0.22
PF14637,PF14638,10,10,10,0,0,2348,1.0,1.0,1.0,1.0,10,10,0,0,2348,1.0,1.0,1.0,1.0
PF16739,PF13625,18,18,7,11,11,2329,0.39,0.99,0.39,0.38,18,7,11,11,2329,0.39,0.99,0.39,0.38
PF03793,PF03241,4,0,0,4,0,2354,0,1.0,0.0,0,0,0,4,0,2354,0,1.0,0.0,0
PF02754,PF02589,10,8,8,2,0,2348,1.0,1.0,0.8,0.89,8,8,2,0,2348,1.0,1.0,0.8,0.89
PF05189,PF01137,10,25,5,5,20,2328,0.2,0.99,0.5,0.31,25,5,5,20,2328,0.2,0.99,0.5,0.31
PF14138,PF15936,16,10,2,14,8,2334,0.2,0.99,0.12,0.15,10,2,14,8,2334,0.2,0.99,0.12,0.15
PF00193,PF09291,20,0,0,20,0,2338,0,0.99,0.0,0,0,0,20,0,2338,0,0.99,0.0,0
PF00954,PF08276,43,34,30,13,4,2311,0.88,0.99,0.7,0.78,34,30,13,4,2311,0.88,0.99,0.7,0.78
PF03986,PF10381,19,18,18,1,0,2339,1.0,1.0,0.95,0.97,18,18,1,0,2339,1.0,1.0,0.95,0.97
PF02868,PF16485,3,1,1,2,0,2355,1.0,1.0,0.33,0.58,1,1,2,0,2355,1.0,1.0,0.33,0.58
PF15167,PF04363,2,2,2,0,0,2356,1.0,1.0,1.0,1.0,2,2,0,0,2356,1.0,1.0,1.0,1.0
PF17046,PF11558,6,0,0,6,0,2352,0,1.0,0.0,0,0,0,6,0,2352,0,1.0,0.0,0
PF15748,PF11402,1,0,0,1,0,2357,0,1.0,0.0,0,0,0,1,0,2357,0,1.0,0.0,0
PF00554,PF16179,35,32,32,3,0,2323,1.0,1.0,0.91,0.96,32,32,3,0,2323,1.0,1.0,0.91,0.96
PF14895,PF00964,6,3,0,6,3,2349,0.0,1.0,0.0,-0.0,3,0,6,3,2349,0.0,1.0,0.0,-0.0
PF01167,PF07734,24,26,6,18,20,2314,0.23,0.98,0.25,0.23,26,6,18,20,2314,0.23,0.98,0.25,0.23
PF01194,PF02531,8,6,0,8,6,2344,0.0,0.99,0.0,-0.0,6,0,8,6,2344,0.0,0.99,0.0,-0.0
PF14535,PF07074,2,14,2,0,12,2344,0.14,0.99,1.0,0.38,14,2,0,12,2344,0.14,0.99,1.0,0.38
PF16759,PF01660,13,10,1,12,9,2336,0.1,0.99,0.08,0.08,10,1,12,9,2336,0.1,0.99,0.08,0.08
PF06791,PF14706,0,3,0,0,3,2355,0.0,1.0,0,0,3,0,0,3,2355,0.0,1.0,0,0
PF07472,PF17025,0,0,0,0,0,2358,0,1.0,0,0,0,0,0,0,2358,0,1.0,0,0
PF10305,PF10359,5,4,4,1,0,2353,1.0,1.0,0.8,0.89,4,4,1,0,2353,1.0,1.0,0.8,0.89
PF04616,PF06439,60,2,2,58,0,2298,1.0,0.98,0.03,0.18,2,2,58,0,2298,1.0,0.98,0.03,0.18
PF03258,PF17154,1,3,0,1,3,2354,0.0,1.0,0.0,-0.0,3,0,1,3,2354,0.0,1.0,0.0,-0.0
PF11909,PF02531,3,6,1,2,5,2350,0.17,1.0,0.33,0.23,6,1,2,5,2350,0.17,1.0,0.33,0.23
PF04965,PF05939,0,0,0,0,0,2358,0,1.0,0,0,0,0,0,0,2358,0,1.0,0,0
PF12110,PF04096,33,25,24,9,1,2324,0.96,1.0,0.73,0.83,25,24,9,1,2324,0.96,1.0,0.73,0.83
PF15454,PF10224,19,8,0,19,8,2331,0.0,0.99,0.0,-0.01,8,0,19,8,2331,0.0,0.99,0.0,-0.01
PF02833,PF01368,21,35,15,6,20,2317,0.43,0.99,0.71,0.55,35,15,6,20,2317,0.43,0.99,0.71,0.55
PF00869,PF08393,1,80,1,0,79,2278,0.01,0.97,1.0,0.11,80,1,0,79,2278,0.01,0.97,1.0,0.11
PF09682,PF13906,0,36,0,0,36,2322,0.0,0.98,0,0,36,0,0,36,2322,0.0,0.98,0,0
PF05627,PF06136,16,12,4,12,8,2334,0.33,0.99,0.25,0.28,12,4,12,8,2334,0.33,0.99,0.25,0.28
PF00061,PF08212,41,16,4,37,12,2305,0.25,0.98,0.1,0.15,16,4,37,12,2305,0.25,0.98,0.1,0.15
PF06889,PF11751,0,0,0,0,0,2358,0,1.0,0,0,0,0,0,0,2358,0,1.0,0,0
PF15220,PF11044,3,0,0,3,0,2355,0,1.0,0.0,0,0,0,3,0,2355,0,1.0,0.0,0
PF00177,PF01058,50,30,10,40,20,2288,0.33,0.97,0.2,0.25,30,10,40,20,2288,0.33,0.97,0.2,0.25
PF04621,PF12310,9,3,3,6,0,2349,1.0,1.0,0.33,0.58,3,3,6,0,2349,1.0,1.0,0.33,0.58
PF02036,PF01575,31,53,17,14,36,2291,0.32,0.98,0.55,0.41,53,17,14,36,2291,0.32,0.98,0.55,0.41
PF04834,PF06381,2,1,0,2,1,2355,0.0,1.0,0.0,-0.0,1,0,2,1,2355,0.0,1.0,0.0,-0.0
PF05006,PF05234,0,2,0,0,2,2356,0.0,1.0,0,0,2,0,0,2,2356,0.0,1.0,0,0
PF09133,PF10033,9,10,0,9,10,2339,0.0,0.99,0.0,-0.0,10,0,9,10,2339,0.0,0.99,0.0,-0.0
PF02760,PF13553,1,15,0,1,15,2342,0.0,0.99,0.0,-0.0,15,0,1,15,2342,0.0,0.99,0.0,-0.0
PF00137,PF07687,55,21,6,49,15,2288,0.29,0.97,0.11,0.16,21,6,49,15,2288,0.29,0.97,0.11,0.16
PF06159,PF07542,5,22,2,3,20,2333,0.09,0.99,0.4,0.19,22,2,3,20,2333,0.09,0.99,0.4,0.19
PF03413,PF07504,6,4,3,3,1,2351,0.75,1.0,0.5,0.61,4,3,3,1,2351,0.75,1.0,0.5,0.61
PF02836,PF02837,37,31,26,11,5,2316,0.84,0.99,0.7,0.76,31,26,11,5,2316,0.84,0.99,0.7,0.76
PF09230,PF09033,11,2,2,9,0,2347,1.0,1.0,0.18,0.43,2,2,9,0,2347,1.0,1.0,0.18,0.43
PF00875,PF03441,32,19,18,14,1,2325,0.95,0.99,0.56,0.73,19,18,14,1,2325,0.95,0.99,0.56,0.73
PF01431,PF05649,68,62,57,11,5,2285,0.92,0.99,0.84,0.87,62,57,11,5,2285,0.92,0.99,0.84,0.87
PF04950,PF08142,39,31,31,8,0,2319,1.0,1.0,0.79,0.89,31,31,8,0,2319,1.0,1.0,0.79,0.89
PF03630,PF01937,40,32,12,28,20,2298,0.38,0.98,0.3,0.33,32,12,28,20,2298,0.38,0.98,0.3,0.33
PF00591,PF07831,12,4,4,8,0,2346,1.0,1.0,0.33,0.58,4,4,8,0,2346,1.0,1.0,0.33,0.58
PF00112,PF08246,108,58,54,54,4,2246,0.93,0.98,0.5,0.67,58,54,54,4,2246,0.93,0.98,0.5,0.67
PF00615,PF00610,114,69,40,74,29,2215,0.58,0.96,0.35,0.43,69,40,74,29,2215,0.58,0.96,0.35,0.43
PF05577,PF00232,51,64,18,33,46,2261,0.28,0.97,0.35,0.3,64,18,33,46,2261,0.28,0.97,0.35,0.3
PF09104,PF09103,3,11,3,0,8,2347,0.27,1.0,1.0,0.52,11,3,0,8,2347,0.27,1.0,1.0,0.52
PF07281,PF02285,7,4,1,6,3,2348,0.25,1.0,0.14,0.19,4,1,6,3,2348,0.25,1.0,0.14,0.19
PF00387,PF00388,34,41,30,4,11,2313,0.73,0.99,0.88,0.8,41,30,4,11,2313,0.73,0.99,0.88,0.8
PF08605,PF01834,3,11,0,3,11,2344,0.0,0.99,0.0,-0.0,11,0,3,11,2344,0.0,0.99,0.0,-0.0
PF02705,PF03407,29,28,6,23,22,2307,0.21,0.98,0.21,0.2,28,6,23,22,2307,0.21,0.98,0.21,0.2
PF09494,PF03000,21,30,6,15,24,2313,0.2,0.98,0.29,0.23,30,6,15,24,2313,0.2,0.98,0.29,0.23
PF00930,PF02897,26,27,7,19,20,2312,0.26,0.98,0.27,0.26,27,7,19,20,2312,0.26,0.98,0.27,0.26
PF13931,PF16540,12,20,5,7,15,2331,0.25,0.99,0.42,0.32,20,5,7,15,2331,0.25,0.99,0.42,0.32
PF01326,PF00391,27,21,14,13,7,2324,0.67,0.99,0.52,0.58,21,14,13,7,2324,0.67,0.99,0.52,0.58
PF06744,PF01752,0,4,0,0,4,2354,0.0,1.0,0,0,4,0,0,4,2354,0.0,1.0,0,0
PF16275,PF08067,16,5,2,14,3,2339,0.4,0.99,0.12,0.22,5,2,14,3,2339,0.4,0.99,0.12,0.22
PF00262,PF10595,41,8,5,36,3,2314,0.62,0.98,0.12,0.27,8,5,36,3,2314,0.62,0.98,0.12,0.27
PF00585,PF00290,8,14,0,8,14,2336,0.0,0.99,0.0,-0.0,14,0,8,14,2336,0.0,0.99,0.0,-0.0
PF06859,PF01207,11,73,6,5,67,2280,0.08,0.97,0.55,0.2,73,6,5,67,2280,0.08,0.97,0.55,0.2
PF03435,PF05222,44,36,17,27,19,2295,0.47,0.98,0.39,0.42,36,17,27,19,2295,0.47,0.98,0.39,0.42
PF12077,PF12628,0,0,0,0,0,2358,0,1.0,0,0,0,0,0,0,2358,0,1.0,0,0
PF10698,PF06724,0,0,0,0,0,2358,0,1.0,0,0,0,0,0,0,2358,0,1.0,0,0
PF07353,PF08093,3,3,0,3,3,2352,0.0,1.0,0.0,-0.0,3,0,3,3,2352,0.0,1.0,0.0,-0.0
PF03357,PF07491,78,10,8,70,2,2278,0.8,0.97,0.1,0.28,10,8,70,2,2278,0.8,0.97,0.1,0.28
PF03034,PF04831,17,6,2,15,4,2337,0.33,0.99,0.12,0.19,6,2,15,4,2337,0.33,0.99,0.12,0.19
PF08496,PF10108,6,3,2,4,1,2351,0.67,1.0,0.33,0.47,3,2,4,1,2351,0.67,1.0,0.33,0.47
PF04286,PF07434,3,0,0,3,0,2355,0,1.0,0.0,0,0,0,3,0,2355,0,1.0,0.0,0
PF13328,PF04607,20,16,10,10,6,2332,0.62,0.99,0.5,0.56,16,10,10,6,2332,0.62,0.99,0.5,0.56
PF03238,PF06681,0,0,0,0,0,2358,0,1.0,0,0,0,0,0,0,2358,0,1.0,0,0
PF08743,PF10253,16,6,1,15,5,2337,0.17,0.99,0.06,0.1,6,1,15,5,2337,0.17,0.99,0.06,0.1
PF14316,PF08093,0,3,0,0,3,2355,0.0,1.0,0,0,3,0,0,3,2355,0.0,1.0,0,0
PF09768,PF05915,17,2,1,16,1,2340,0.5,0.99,0.06,0.17,2,1,16,1,2340,0.5,0.99,0.06,0.17
PF01185,PF06127,13,6,0,13,6,2339,0.0,0.99,0.0,-0.0,6,0,13,6,2339,0.0,0.99,0.0,-0.0
PF09172,PF06448,27,12,12,15,0,2331,1.0,0.99,0.44,0.66,12,12,15,0,2331,1.0,0.99,0.44,0.66
PF02915,PF13225,3,8,0,3,8,2347,0.0,1.0,0.0,-0.0,8,0,3,8,2347,0.0,1.0,0.0,-0.0
PF09358,PF16191,21,6,4,17,2,2335,0.67,0.99,0.19,0.35,6,4,17,2,2335,0.67,0.99,0.19,0.35
PF16360,PF13167,9,8,1,8,7,2342,0.12,0.99,0.11,0.11,8,1,8,7,2342,0.12,0.99,0.11,0.11
PF01394,PF09268,15,10,7,8,3,2340,0.7,1.0,0.47,0.57,10,7,8,3,2340,0.7,1.0,0.47,0.57
PF15076,PF15107,0,2,0,0,2,2356,0.0,1.0,0,0,2,0,0,2,2356,0.0,1.0,0,0
PF11759,PF15480,0,1,0,0,1,2357,0.0,1.0,0,0,1,0,0,1,2357,0.0,1.0,0,0
PF13183,PF17221,12,3,0,12,3,2343,0.0,0.99,0.0,-0.0,3,0,12,3,2343,0.0,0.99,0.0,-0.0
PF03909,PF08567,34,15,15,19,0,2324,1.0,0.99,0.44,0.66,15,15,19,0,2324,1.0,0.99,0.44,0.66
PF06784,PF10320,14,23,3,11,20,2324,0.13,0.99,0.21,0.16,23,3,11,20,2324,0.13,0.99,0.21,0.16
PF01372,PF08110,2,2,1,1,1,2355,0.5,1.0,0.5,0.5,2,1,1,1,2355,0.5,1.0,0.5,0.5
PF01523,PF03548,19,3,1,18,2,2337,0.33,0.99,0.05,0.13,3,1,18,2,2337,0.33,0.99,0.05,0.13
PF13802,PF16863,40,35,24,16,11,2307,0.69,0.99,0.6,0.64,35,24,16,11,2307,0.69,0.99,0.6,0.64
PF09737,PF11635,6,13,2,4,11,2341,0.15,0.99,0.33,0.22,13,2,4,11,2341,0.15,0.99,0.33,0.22
PF07962,PF16297,13,4,3,10,1,2344,0.75,1.0,0.23,0.41,4,3,10,1,2344,0.75,1.0,0.23,0.41
PF15179,PF15119,2,4,0,2,4,2352,0.0,1.0,0.0,-0.0,4,0,2,4,2352,0.0,1.0,0.0,-0.0
PF08784,PF09170,26,2,1,25,1,2331,0.5,0.99,0.04,0.14,2,1,25,1,2331,0.5,0.99,0.04,0.14
PF04107,PF00468,9,12,2,7,10,2339,0.17,0.99,0.22,0.19,12,2,7,10,2339,0.17,0.99,0.22,0.19
PF04717,PF03729,0,0,0,0,0,2358,0,1.0,0,0,0,0,0,0,2358,0,1.0,0,0
PF04332,PF08333,0,20,0,0,20,2338,0.0,0.99,0,0,20,0,0,20,2338,0.0,0.99,0,0
PF02788,PF00016,7,10,3,4,7,2344,0.3,1.0,0.43,0.36,10,3,4,7,2344,0.3,1.0,0.43,0.36
PF02669,PF03814,4,4,4,0,0,2354,1.0,1.0,1.0,1.0,4,4,0,0,2354,1.0,1.0,1.0,1.0
PF04803,PF02576,7,2,0,7,2,2349,0.0,1.0,0.0,-0.0,2,0,7,2,2349,0.0,1.0,0.0,-0.0
PF12223,PF04148,3,8,1,2,7,2348,0.12,1.0,0.33,0.2,8,1,2,7,2348,0.12,1.0,0.33,0.2
PF08082,PF10598,23,22,22,1,0,2335,1.0,1.0,0.96,0.98,22,22,1,0,2335,1.0,1.0,0.96,0.98
PF09050,PF09051,0,0,0,0,0,2358,0,1.0,0,0,0,0,0,0,2358,0,1.0,0,0
PF16422,PF16423,6,4,4,2,0,2352,1.0,1.0,0.67,0.82,4,4,2,0,2352,1.0,1.0,0.67,0.82
PF16866,PF02008,9,35,8,1,27,2322,0.23,0.99,0.89,0.45,35,8,1,27,2322,0.23,0.99,0.89,0.45
PF02994,PF12259,40,8,2,38,6,2312,0.25,0.98,0.05,0.11,8,2,38,6,2312,0.25,0.98,0.05,0.11
PF04689,PF15486,11,1,1,10,0,2347,1.0,1.0,0.09,0.3,1,1,10,0,2347,1.0,1.0,0.09,0.3
PF07200,PF10520,25,9,2,23,7,2326,0.22,0.99,0.08,0.13,9,2,23,7,2326,0.22,0.99,0.08,0.13
PF06966,PF09809,27,16,8,19,8,2323,0.5,0.99,0.3,0.38,16,8,19,8,2323,0.5,0.99,0.3,0.38
PF12095,PF08843,4,0,0,4,0,2354,0,1.0,0.0,0,0,0,4,0,2354,0,1.0,0.0,0
PF00571,PF01595,113,25,17,96,8,2237,0.68,0.96,0.15,0.31,25,17,96,8,2237,0.68,0.96,0.15,0.31
PF06457,PF08557,3,12,0,3,12,2343,0.0,0.99,0.0,-0.0,12,0,3,12,2343,0.0,0.99,0.0,-0.0
PF16045,PF14775,13,11,2,11,9,2336,0.18,0.99,0.15,0.16,11,2,11,9,2336,0.18,0.99,0.15,0.16
PF13566,PF08886,4,0,0,4,0,2354,0,1.0,0.0,0,0,0,4,0,2354,0,1.0,0.0,0
PF07510,PF03745,3,0,0,3,0,2355,0,1.0,0.0,0,0,0,3,0,2355,0,1.0,0.0,0
PF00068,PF09777,16,6,1,15,5,2337,0.17,0.99,0.06,0.1,6,1,15,5,2337,0.17,0.99,0.06,0.1
PF00804,PF09177,48,14,6,42,8,2302,0.43,0.98,0.12,0.22,14,6,42,8,2302,0.43,0.98,0.12,0.22
PF14114,PF10566,1,0,0,1,0,2357,0,1.0,0.0,0,0,0,1,0,2357,0,1.0,0.0,0
PF03235,PF13810,7,5,0,7,5,2346,0.0,0.99,0.0,-0.0,5,0,7,5,2346,0.0,0.99,0.0,-0.0
PF01868,PF10332,22,0,0,22,0,2336,0,0.99,0.0,0,0,0,22,0,2336,0,0.99,0.0,0
PF02983,PF09272,4,8,2,2,6,2348,0.25,1.0,0.5,0.35,8,2,2,6,2348,0.25,1.0,0.5,0.35
PF14280,PF12835,1,1,1,0,0,2357,1.0,1.0,1.0,1.0,1,1,0,0,2357,1.0,1.0,1.0,1.0
PF00027,PF08412,150,11,9,141,2,2206,0.82,0.94,0.06,0.21,11,9,141,2,2206,0.82,0.94,0.06,0.21
PF04863,PF04864,2,7,2,0,5,2351,0.29,1.0,1.0,0.53,7,2,0,5,2351,0.29,1.0,1.0,0.53
PF03319,PF15046,0,6,0,0,6,2352,0.0,1.0,0,0,6,0,0,6,2352,0.0,1.0,0,0
PF08298,PF14841,0,1,0,0,1,2357,0.0,1.0,0,0,1,0,0,1,2357,0.0,1.0,0,0
PF15922,PF13597,2,8,2,0,6,2350,0.25,1.0,1.0,0.5,8,2,0,6,2350,0.25,1.0,1.0,0.5
PF01018,PF08701,17,5,1,16,4,2337,0.2,0.99,0.06,0.11,5,1,16,4,2337,0.2,0.99,0.06,0.11
PF10295,PF13810,8,5,0,8,5,2345,0.0,0.99,0.0,-0.0,5,0,8,5,2345,0.0,0.99,0.0,-0.0
PF00046,PF12403,188,2,2,186,0,2170,1.0,0.92,0.01,0.1,2,2,186,0,2170,1.0,0.92,0.01,0.1
PF07310,PF01913,4,2,0,4,2,2352,0.0,1.0,0.0,-0.0,2,0,4,2,2352,0.0,1.0,0.0,-0.0
PF03653,PF00986,0,21,0,0,21,2337,0.0,0.99,0,0,21,0,0,21,2337,0.0,0.99,0,0
PF09177,PF11416,14,7,2,12,5,2339,0.29,0.99,0.14,0.2,7,2,12,5,2339,0.29,0.99,0.14,0.2
PF05997,PF05030,20,13,1,19,12,2326,0.08,0.99,0.05,0.06,13,1,19,12,2326,0.08,0.99,0.05,0.06
PF06865,PF09510,0,4,0,0,4,2354,0.0,1.0,0,0,4,0,0,4,2354,0.0,1.0,0,0
PF15746,PF15480,0,1,0,0,1,2357,0.0,1.0,0,0,1,0,0,1,2357,0.0,1.0,0,0
PF03945,PF16401,5,4,0,5,4,2349,0.0,1.0,0.0,-0.0,4,0,5,4,2349,0.0,1.0,0.0,-0.0
PF03173,PF03174,3,4,3,0,1,2354,0.75,1.0,1.0,0.87,4,3,0,1,2354,0.75,1.0,1.0,0.87
PF02399,PF11751,3,0,0,3,0,2355,0,1.0,0.0,0,0,0,3,0,2355,0,1.0,0.0,0
PF01049,PF00028,14,97,12,2,85,2259,0.12,0.96,0.86,0.32,97,12,2,85,2259,0.12,0.96,0.86,0.32
PF01245,PF03195,25,15,5,20,10,2323,0.33,0.99,0.2,0.25,15,5,20,10,2323,0.33,0.99,0.2,0.25
PF08325,PF12057,13,4,2,11,2,2343,0.5,0.99,0.15,0.28,4,2,11,2,2343,0.5,0.99,0.15,0.28
PF00996,PF08295,54,29,17,37,12,2292,0.59,0.98,0.31,0.42,29,17,37,12,2292,0.59,0.98,0.31,0.42
PF06983,PF09459,6,1,0,6,1,2351,0.0,1.0,0.0,-0.0,1,0,6,1,2351,0.0,1.0,0.0,-0.0
PF02472,PF06586,6,4,0,6,4,2348,0.0,1.0,0.0,-0.0,4,0,6,4,2348,0.0,1.0,0.0,-0.0
PF15690,PF15689,1,0,0,1,0,2357,0,1.0,0.0,0,0,0,1,0,2357,0,1.0,0.0,0
PF05344,PF01529,0,123,0,0,123,2235,0.0,0.95,0,0,123,0,0,123,2235,0.0,0.95,0,0
PF06977,PF15082,0,3,0,0,3,2355,0.0,1.0,0,0,3,0,0,3,2355,0.0,1.0,0,0
PF10155,PF14441,15,5,0,15,5,2338,0.0,0.99,0.0,-0.0,5,0,15,5,2338,0.0,0.99,0.0,-0.0
PF06994,PF10583,2,4,2,0,2,2354,0.5,1.0,1.0,0.71,4,2,0,2,2354,0.5,1.0,1.0,0.71
PF05020,PF05021,18,20,18,0,2,2338,0.9,1.0,1.0,0.95,20,18,0,2,2338,0.9,1.0,1.0,0.95
PF11017,PF15053,1,2,0,1,2,2355,0.0,1.0,0.0,-0.0,2,0,1,2,2355,0.0,1.0,0.0,-0.0
PF15497,PF00706,4,2,0,4,2,2352,0.0,1.0,0.0,-0.0,2,0,4,2,2352,0.0,1.0,0.0,-0.0
PF12819,PF11721,26,25,8,18,17,2315,0.32,0.99,0.31,0.31,25,8,18,17,2315,0.32,0.99,0.31,0.31
PF16969,PF07767,20,23,6,14,17,2321,0.26,0.99,0.3,0.27,23,6,14,17,2321,0.26,0.99,0.3,0.27
PF08674,PF00135,0,150,0,0,150,2208,0.0,0.94,0,0,150,0,0,150,2208,0.0,0.94,0,0
PF15369,PF08528,2,11,1,1,10,2346,0.09,1.0,0.5,0.21,11,1,1,10,2346,0.09,1.0,0.5,0.21
PF07976,PF06314,29,15,8,21,7,2322,0.53,0.99,0.28,0.38,15,8,21,7,2322,0.53,0.99,0.28,0.38
PF08555,PF10780,8,0,0,8,0,2350,0,1.0,0.0,0,0,0,8,0,2350,0,1.0,0.0,0
PF03313,PF03315,7,7,7,0,0,2351,1.0,1.0,1.0,1.0,7,7,0,0,2351,1.0,1.0,1.0,1.0
PF04153,PF04959,23,26,6,17,20,2315,0.23,0.98,0.26,0.24,26,6,17,20,2315,0.23,0.98,0.26,0.24
PF00690,PF16209,108,73,30,78,43,2207,0.41,0.95,0.28,0.31,73,30,78,43,2207,0.41,0.95,0.28,0.31
PF07815,PF09431,17,17,2,15,15,2326,0.12,0.99,0.12,0.11,17,2,15,15,2326,0.12,0.99,0.12,0.11
PF10602,PF05470,28,31,8,20,23,2307,0.26,0.98,0.29,0.26,31,8,20,23,2307,0.26,0.98,0.29,0.26
PF00339,PF02752,64,58,55,9,3,2291,0.95,0.99,0.86,0.9,58,55,9,3,2291,0.95,0.99,0.86,0.9
PF03882,PF17192,3,3,3,0,0,2355,1.0,1.0,1.0,1.0,3,3,0,0,2355,1.0,1.0,1.0,1.0
PF05280,PF12241,10,2,0,10,2,2346,0.0,0.99,0.0,-0.0,2,0,10,2,2346,0.0,0.99,0.0,-0.0
PF12360,PF04812,4,5,1,3,4,2350,0.2,1.0,0.25,0.22,5,1,3,4,2350,0.2,1.0,0.25,0.22
PF05180,PF05019,16,19,9,7,10,2332,0.47,0.99,0.56,0.51,19,9,7,10,2332,0.47,0.99,0.56,0.51
PF08002,PF14251,0,4,0,0,4,2354,0.0,1.0,0,0,4,0,0,4,2354,0.0,1.0,0,0
PF12049,PF07223,0,1,0,0,1,2357,0.0,1.0,0,0,1,0,0,1,2357,0.0,1.0,0,0
PF07400,PF15211,1,0,0,1,0,2357,0,1.0,0.0,0,0,0,1,0,2357,0,1.0,0.0,0
PF16493,PF07526,7,7,2,5,5,2346,0.29,1.0,0.29,0.28,7,2,5,5,2346,0.29,1.0,0.29,0.28
PF03936,PF01397,34,24,24,10,0,2324,1.0,1.0,0.71,0.84,24,24,10,0,2324,1.0,1.0,0.71,0.84
PF11717,PF01853,56,57,28,28,29,2273,0.49,0.98,0.5,0.48,57,28,28,29,2273,0.49,0.98,0.5,0.48
PF17119,PF06883,5,10,3,2,7,2346,0.3,1.0,0.6,0.42,10,3,2,7,2346,0.3,1.0,0.6,0.42
PF15348,PF02337,12,10,0,12,10,2336,0.0,0.99,0.0,-0.0,10,0,12,10,2336,0.0,0.99,0.0,-0.0
PF00687,PF15998,46,14,3,43,11,2301,0.21,0.98,0.07,0.11,14,3,43,11,2301,0.21,0.98,0.07,0.11
PF02405,PF09383,6,4,3,3,1,2351,0.75,1.0,0.5,0.61,4,3,3,1,2351,0.75,1.0,0.5,0.61
PF12382,PF14465,1,2,0,1,2,2355,0.0,1.0,0.0,-0.0,2,0,1,2,2355,0.0,1.0,0.0,-0.0
PF01796,PF12106,2,1,0,2,1,2355,0.0,1.0,0.0,-0.0,1,0,2,1,2355,0.0,1.0,0.0,-0.0
PF02985,PF12755,61,26,10,51,16,2281,0.38,0.97,0.16,0.24,26,10,51,16,2281,0.38,0.97,0.16,0.24
PF08585,PF16099,24,3,3,21,0,2334,1.0,0.99,0.12,0.35,3,3,21,0,2334,1.0,0.99,0.12,0.35
PF03291,PF05719,18,10,0,18,10,2330,0.0,0.99,0.0,-0.01,10,0,18,10,2330,0.0,0.99,0.0,-0.01
PF02343,PF10322,4,0,0,4,0,2354,0,1.0,0.0,0,0,0,4,0,2354,0,1.0,0.0,0
PF16871,PF11958,0,6,0,0,6,2352,0.0,1.0,0,0,6,0,0,6,2352,0.0,1.0,0,0
PF12625,PF12897,5,4,2,3,2,2351,0.5,1.0,0.4,0.45,4,2,3,2,2351,0.5,1.0,0.4,0.45
PF05709,PF03522,0,41,0,0,41,2317,0.0,0.98,0,0,41,0,0,41,2317,0.0,0.98,0,0
PF00551,PF02911,46,24,21,25,3,2309,0.88,0.99,0.46,0.63,24,21,25,3,2309,0.88,0.99,0.46,0.63
PF11791,PF06434,4,4,4,0,0,2354,1.0,1.0,1.0,1.0,4,4,0,0,2354,1.0,1.0,1.0,1.0
PF00536,PF07647,120,80,56,64,24,2214,0.7,0.96,0.47,0.55,80,56,64,24,2214,0.7,0.96,0.47,0.55
PF03269,PF03710,0,4,0,0,4,2354,0.0,1.0,0,0,4,0,0,4,2354,0.0,1.0,0,0
PF03463,PF03464,17,18,16,1,2,2339,0.89,1.0,0.94,0.91,18,16,1,2,2339,0.89,1.0,0.94,0.91
PF01313,PF00813,2,2,2,0,0,2356,1.0,1.0,1.0,1.0,2,2,0,0,2356,1.0,1.0,1.0,1.0
PF05185,PF11531,38,4,4,34,0,2320,1.0,0.99,0.11,0.32,4,4,34,0,2320,1.0,0.99,0.11,0.32
PF10269,PF14901,4,5,0,4,5,2349,0.0,1.0,0.0,-0.0,5,0,4,5,2349,0.0,1.0,0.0,-0.0
PF04831,PF09756,6,11,1,5,10,2342,0.09,0.99,0.17,0.12,11,1,5,10,2342,0.09,0.99,0.17,0.12
PF17192,PF03882,3,3,3,0,0,2355,1.0,1.0,1.0,1.0,3,3,0,0,2355,1.0,1.0,1.0,1.0
PF05790,PF09191,5,2,2,3,0,2353,1.0,1.0,0.4,0.63,2,2,3,0,2353,1.0,1.0,0.4,0.63
PF09240,PF07227,6,3,1,5,2,2350,0.33,1.0,0.17,0.23,3,1,5,2,2350,0.33,1.0,0.17,0.23
PF03721,PF03720,11,9,9,2,0,2347,1.0,1.0,0.82,0.9,9,9,2,0,2347,1.0,1.0,0.82,0.9
PF03181,PF03514,6,30,2,4,28,2324,0.07,0.99,0.33,0.14,30,2,4,28,2324,0.07,0.99,0.33,0.14
PF08229,PF15014,9,2,0,9,2,2347,0.0,1.0,0.0,-0.0,2,0,9,2,2347,0.0,1.0,0.0,-0.0
PF06916,PF10173,23,9,0,23,9,2326,0.0,0.99,0.0,-0.01,9,0,23,9,2326,0.0,0.99,0.0,-0.01
PF15374,PF16829,0,0,0,0,0,2358,0,1.0,0,0,0,0,0,0,2358,0,1.0,0,0
PF12264,PF08762,6,6,6,0,0,2352,1.0,1.0,1.0,1.0,6,6,0,0,2352,1.0,1.0,1.0,1.0
PF12546,PF00875,1,32,1,0,31,2326,0.03,0.99,1.0,0.18,32,1,0,31,2326,0.03,0.99,1.0,0.18
PF07728,PF08385,83,52,45,38,7,2268,0.87,0.98,0.54,0.68,52,45,38,7,2268,0.87,0.98,0.54,0.68
PF02155,PF02161,11,9,8,3,1,2346,0.89,1.0,0.73,0.8,9,8,3,1,2346,0.89,1.0,0.73,0.8
PF02801,PF00109,97,99,96,1,3,2258,0.97,1.0,0.99,0.98,99,96,1,3,2258,0.97,1.0,0.99,0.98
PF13887,PF13888,10,10,10,0,0,2348,1.0,1.0,1.0,1.0,10,10,0,0,2348,1.0,1.0,1.0,1.0
PF00005,PF06422,342,27,27,315,0,2016,1.0,0.87,0.08,0.26,27,27,315,0,2016,1.0,0.87,0.08,0.26
PF05201,PF00745,13,14,13,0,1,2344,0.93,1.0,1.0,0.96,14,13,0,1,2344,0.93,1.0,1.0,0.96
PF12327,PF02491,5,3,2,3,1,2352,0.67,1.0,0.4,0.52,3,2,3,1,2352,0.67,1.0,0.4,0.52
PF16737,PF14061,1,9,1,0,8,2349,0.11,1.0,1.0,0.33,9,1,0,8,2349,0.11,1.0,1.0,0.33
PF07984,PF04831,5,6,1,4,5,2348,0.17,1.0,0.2,0.18,6,1,4,5,2348,0.17,1.0,0.2,0.18
PF08818,PF02369,0,0,0,0,0,2358,0,1.0,0,0,0,0,0,0,2358,0,1.0,0,0
PF10247,PF04051,7,43,4,3,39,2312,0.09,0.98,0.57,0.23,43,4,3,39,2312,0.09,0.98,0.57,0.23
PF00047,PF13895,71,57,42,29,15,2272,0.74,0.98,0.59,0.65,57,42,29,15,2272,0.74,0.98,0.59,0.65
PF05138,PF08651,1,4,0,1,4,2353,0.0,1.0,0.0,-0.0,4,0,1,4,2353,0.0,1.0,0.0,-0.0
PF13506,PF03088,14,25,1,13,24,2320,0.04,0.98,0.07,0.05,25,1,13,24,2320,0.04,0.98,0.07,0.05
PF04225,PF08437,10,3,0,10,3,2345,0.0,0.99,0.0,-0.0,3,0,10,3,2345,0.0,0.99,0.0,-0.0
PF12018,PF10156,17,7,0,17,7,2334,0.0,0.99,0.0,-0.0,7,0,17,7,2334,0.0,0.99,0.0,-0.0
PF00458,PF09180,40,19,13,27,6,2312,0.68,0.99,0.33,0.47,19,13,27,6,2312,0.68,0.99,0.33,0.47
PF09614,PF09611,0,0,0,0,0,2358,0,1.0,0,0,0,0,0,0,2358,0,1.0,0,0
PF08615,PF11779,17,10,6,11,4,2337,0.6,0.99,0.35,0.46,10,6,11,4,2337,0.6,0.99,0.35,0.46
PF05140,PF09425,6,12,0,6,12,2340,0.0,0.99,0.0,-0.0,12,0,6,12,2340,0.0,0.99,0.0,-0.0
PF09268,PF01394,10,15,7,3,8,2340,0.47,1.0,0.7,0.57,15,7,3,8,2340,0.47,1.0,0.7,0.57
PF04465,PF09260,0,9,0,0,9,2349,0.0,1.0,0,0,9,0,0,9,2349,0.0,1.0,0,0
PF02809,PF03127,49,30,14,35,16,2293,0.47,0.98,0.29,0.35,30,14,35,16,2293,0.47,0.98,0.29,0.35
PF03713,PF07209,0,3,0,0,3,2355,0.0,1.0,0,0,3,0,0,3,2355,0.0,1.0,0,0
PF10420,PF01731,1,8,1,0,7,2350,0.12,1.0,1.0,0.35,8,1,0,7,2350,0.12,1.0,1.0,0.35
PF00244,PF05091,50,45,18,32,27,2281,0.4,0.97,0.36,0.37,45,18,32,27,2281,0.4,0.97,0.36,0.37
PF11046,PF06923,0,0,0,0,0,2358,0,1.0,0,0,0,0,0,0,2358,0,1.0,0,0
PF03562,PF08479,1,1,0,1,1,2356,0.0,1.0,0.0,-0.0,1,0,1,1,2356,0.0,1.0,0.0,-0.0
PF02666,PF12588,33,5,5,28,0,2325,1.0,0.99,0.15,0.39,5,5,28,0,2325,1.0,0.99,0.15,0.39
PF05399,PF15333,1,3,0,1,3,2354,0.0,1.0,0.0,-0.0,3,0,1,3,2354,0.0,1.0,0.0,-0.0
PF10302,PF13373,4,8,3,1,5,2349,0.38,1.0,0.75,0.53,8,3,1,5,2349,0.38,1.0,0.75,0.53
PF09727,PF17045,10,0,0,10,0,2348,0,1.0,0.0,0,0,0,10,0,2348,0,1.0,0.0,0
PF12624,PF16910,54,33,30,24,3,2301,0.91,0.99,0.56,0.71,33,30,24,3,2301,0.91,0.99,0.56,0.71
PF07359,PF10974,2,0,0,2,0,2356,0,1.0,0.0,0,0,0,2,0,2356,0,1.0,0.0,0
PF01497,PF01902,19,14,4,15,10,2329,0.29,0.99,0.21,0.24,14,4,15,10,2329,0.29,0.99,0.21,0.24
PF09423,PF16655,19,6,5,14,1,2338,0.83,0.99,0.26,0.47,6,5,14,1,2338,0.83,0.99,0.26,0.47
PF06905,PF15054,18,14,2,16,12,2328,0.14,0.99,0.11,0.12,14,2,16,12,2328,0.14,0.99,0.11,0.12
PF02376,PF16534,19,5,5,14,0,2339,1.0,0.99,0.26,0.51,5,5,14,0,2339,1.0,0.99,0.26,0.51
PF05891,PF03091,31,35,12,19,23,2304,0.34,0.98,0.39,0.36,35,12,19,23,2304,0.34,0.98,0.39,0.36
PF07725,PF12061,25,3,3,22,0,2333,1.0,0.99,0.12,0.34,3,3,22,0,2333,1.0,0.99,0.12,0.34
PF10095,PF08251,0,0,0,0,0,2358,0,1.0,0,0,0,0,0,0,2358,0,1.0,0,0
PF08952,PF16726,8,2,0,8,2,2348,0.0,1.0,0.0,-0.0,2,0,8,2,2348,0.0,1.0,0.0,-0.0
PF12421,PF09327,0,0,0,0,0,2358,0,1.0,0,0,0,0,0,0,2358,0,1.0,0,0
PF00714,PF15559,3,1,0,3,1,2354,0.0,1.0,0.0,-0.0,1,0,3,1,2354,0.0,1.0,0.0,-0.0
PF16411,PF09498,2,0,0,2,0,2356,0,1.0,0.0,0,0,0,2,0,2356,0,1.0,0.0,0
PF14961,PF15020,3,13,1,2,12,2343,0.08,0.99,0.33,0.16,13,1,2,12,2343,0.08,0.99,0.33,0.16
PF07296,PF04453,0,3,0,0,3,2355,0.0,1.0,0,0,3,0,0,3,2355,0.0,1.0,0,0
PF13579,PF13439,3,31,1,2,30,2325,0.03,0.99,0.33,0.1,31,1,2,30,2325,0.03,0.99,0.33,0.1
PF02592,PF15775,6,0,0,6,0,2352,0,1.0,0.0,0,0,0,6,0,2352,0,1.0,0.0,0
PF00918,PF03745,2,0,0,2,0,2356,0,1.0,0.0,0,0,0,2,0,2356,0,1.0,0.0,0
PF01121,PF01467,22,73,15,7,58,2278,0.21,0.97,0.68,0.36,73,15,7,58,2278,0.21,0.97,0.68,0.36
PF01802,PF07250,2,15,0,2,15,2341,0.0,0.99,0.0,-0.0,15,0,2,15,2341,0.0,0.99,0.0,-0.0
PF06725,PF13753,3,0,0,3,0,2355,0,1.0,0.0,0,0,0,3,0,2355,0,1.0,0.0,0
PF04118,PF09743,15,8,0,15,8,2335,0.0,0.99,0.0,-0.0,8,0,15,8,2335,0.0,0.99,0.0,-0.0
PF07859,PF06350,125,14,14,111,0,2233,1.0,0.95,0.11,0.33,14,14,111,0,2233,1.0,0.95,0.11,0.33
PF00770,PF05355,2,10,0,2,10,2346,0.0,0.99,0.0,-0.0,10,0,2,10,2346,0.0,0.99,0.0,-0.0
PF10165,PF05719,17,10,3,14,7,2334,0.3,0.99,0.18,0.23,10,3,14,7,2334,0.3,0.99,0.18,0.23
PF00220,PF15690,4,1,0,4,1,2353,0.0,1.0,0.0,-0.0,1,0,4,1,2353,0.0,1.0,0.0,-0.0
PF00302,PF00566,1,169,0,1,169,2188,0.0,0.93,0.0,-0.01,169,0,1,169,2188,0.0,0.93,0.0,-0.01
PF08362,PF07157,2,0,0,2,0,2356,0,1.0,0.0,0,0,0,2,0,2356,0,1.0,0.0,0
PF11978,PF01505,3,3,3,0,0,2355,1.0,1.0,1.0,1.0,3,3,0,0,2355,1.0,1.0,1.0,1.0
PF04388,PF15905,11,1,0,11,1,2346,0.0,0.99,0.0,-0.0,1,0,11,1,2346,0.0,0.99,0.0,-0.0
PF15214,PF03241,4,0,0,4,0,2354,0,1.0,0.0,0,0,0,4,0,2354,0,1.0,0.0,0
PF03219,PF08643,10,9,1,9,8,2340,0.11,0.99,0.1,0.1,9,1,9,8,2340,0.11,0.99,0.1,0.1
PF06290,PF14882,0,0,0,0,0,2358,0,1.0,0,0,0,0,0,0,2358,0,1.0,0,0
PF00704,PF14856,97,17,16,81,1,2260,0.94,0.97,0.16,0.39,17,16,81,1,2260,0.94,0.97,0.16,0.39
PF00496,PF12911,27,8,6,21,2,2329,0.75,0.99,0.22,0.41,8,6,21,2,2329,0.75,0.99,0.22,0.41
PF15129,PF14984,1,3,0,1,3,2354,0.0,1.0,0.0,-0.0,3,0,1,3,2354,0.0,1.0,0.0,-0.0
PF12478,PF15888,10,0,0,10,0,2348,0,1.0,0.0,0,0,0,10,0,2348,0,1.0,0.0,0
PF05817,PF02580,24,34,11,13,23,2311,0.32,0.98,0.46,0.38,34,11,13,23,2311,0.32,0.98,0.46,0.38
PF02687,PF12704,20,9,7,13,2,2336,0.78,0.99,0.35,0.52,9,7,13,2,2336,0.78,0.99,0.35,0.52
PF12899,PF14159,5,0,0,5,0,2353,0,1.0,0.0,0,0,0,5,0,2353,0,1.0,0.0,0
PF00413,PF01471,64,51,42,22,9,2285,0.82,0.99,0.66,0.73,51,42,22,9,2285,0.82,0.99,0.66,0.73
PF15686,PF15289,9,0,0,9,0,2349,0,1.0,0.0,0,0,0,9,0,2349,0,1.0,0.0,0
PF05125,PF10964,1,0,0,1,0,2357,0,1.0,0.0,0,0,0,1,0,2357,0,1.0,0.0,0
PF16647,PF05355,3,10,1,2,9,2346,0.1,1.0,0.33,0.18,10,1,2,9,2346,0.1,1.0,0.33,0.18
PF15222,PF12226,0,2,0,0,2,2356,0.0,1.0,0,0,2,0,0,2,2356,0.0,1.0,0,0
PF12578,PF00814,12,53,4,8,49,2297,0.08,0.98,0.33,0.15,53,4,8,49,2297,0.08,0.98,0.33,0.15
PF03490,PF15471,2,0,0,2,0,2356,0,1.0,0.0,0,0,0,2,0,2356,0,1.0,0.0,0
PF12190,PF08026,0,2,0,0,2,2356,0.0,1.0,0,0,2,0,0,2,2356,0.0,1.0,0,0
PF07473,PF05939,2,0,0,2,0,2356,0,1.0,0.0,0,0,0,2,0,2356,0,1.0,0.0,0
PF15116,PF11341,0,3,0,0,3,2355,0.0,1.0,0,0,3,0,0,3,2355,0.0,1.0,0,0
PF15833,PF10412,2,0,0,2,0,2356,0,1.0,0.0,0,0,0,2,0,2356,0,1.0,0.0,0
PF05374,PF01392,3,44,0,3,44,2311,0.0,0.98,0.0,-0.0,44,0,3,44,2311,0.0,0.98,0.0,-0.0
PF13532,PF05050,83,30,12,71,18,2257,0.4,0.96,0.14,0.22,30,12,71,18,2257,0.4,0.96,0.14,0.22
PF09771,PF04709,7,2,1,6,1,2350,0.5,1.0,0.14,0.27,2,1,6,1,2350,0.5,1.0,0.14,0.27
PF14607,PF13205,0,3,0,0,3,2355,0.0,1.0,0,0,3,0,0,3,2355,0.0,1.0,0,0
PF12467,PF13780,7,0,0,7,0,2351,0,1.0,0.0,0,0,0,7,0,2351,0,1.0,0.0,0
PF10316,PF10325,12,4,1,11,3,2343,0.25,0.99,0.08,0.14,4,1,11,3,2343,0.25,0.99,0.08,0.14
PF05250,PF16037,9,0,0,9,0,2349,0,1.0,0.0,0,0,0,9,0,2349,0,1.0,0.0,0
PF10167,PF10037,9,7,0,9,7,2342,0.0,0.99,0.0,-0.0,7,0,9,7,2342,0.0,0.99,0.0,-0.0
PF15653,PF15143,0,0,0,0,0,2358,0,1.0,0,0,0,0,0,0,2358,0,1.0,0,0
PF10276,PF07939,4,2,0,4,2,2352,0.0,1.0,0.0,-0.0,2,0,4,2,2352,0.0,1.0,0.0,-0.0
PF00699,PF00449,13,14,13,0,1,2344,0.93,1.0,1.0,0.96,14,13,0,1,2344,0.93,1.0,1.0,0.96
PF05496,PF12002,14,27,8,6,19,2325,0.3,0.99,0.57,0.41,27,8,6,19,2325,0.3,0.99,0.57,0.41
PF13778,PF05572,4,23,3,1,20,2334,0.13,0.99,0.75,0.31,23,3,1,20,2334,0.13,0.99,0.75,0.31
PF01379,PF03900,29,31,27,2,4,2325,0.87,1.0,0.93,0.9,31,27,2,4,2325,0.87,1.0,0.93,0.9
PF02885,PF07831,13,4,4,9,0,2345,1.0,1.0,0.31,0.55,4,4,9,0,2345,1.0,1.0,0.31,0.55
PF06652,PF02793,9,36,5,4,31,2318,0.14,0.99,0.56,0.27,36,5,4,31,2318,0.14,0.99,0.56,0.27
PF05425,PF13753,1,0,0,1,0,2357,0,1.0,0.0,0,0,0,1,0,2357,0,1.0,0.0,0
PF04083,PF08386,56,31,11,45,20,2282,0.35,0.97,0.2,0.25,31,11,45,20,2282,0.35,0.97,0.2,0.25
PF14988,PF08227,4,15,1,3,14,2340,0.07,0.99,0.25,0.13,15,1,3,14,2340,0.07,0.99,0.25,0.13
PF15883,PF07240,0,0,0,0,0,2358,0,1.0,0,0,0,0,0,0,2358,0,1.0,0,0
PF03233,PF03883,1,4,0,1,4,2353,0.0,1.0,0.0,-0.0,4,0,1,4,2353,0.0,1.0,0.0,-0.0
PF16419,PF15309,0,7,0,0,7,2351,0.0,1.0,0,0,7,0,0,7,2351,0.0,1.0,0,0
PF15080,PF14512,1,0,0,1,0,2357,0,1.0,0.0,0,0,0,1,0,2357,0,1.0,0.0,0
PF01244,PF15868,32,10,4,28,6,2320,0.4,0.99,0.12,0.22,10,4,28,6,2320,0.4,0.99,0.12,0.22
PF05726,PF02678,18,31,18,0,13,2327,0.58,0.99,1.0,0.76,31,18,0,13,2327,0.58,0.99,1.0,0.76
PF02568,PF07494,2,3,0,2,3,2353,0.0,1.0,0.0,-0.0,3,0,2,3,2353,0.0,1.0,0.0,-0.0
PF05564,PF11317,1,0,0,1,0,2357,0,1.0,0.0,0,0,0,1,0,2357,0,1.0,0.0,0
PF03457,PF08426,8,0,0,8,0,2350,0,1.0,0.0,0,0,0,8,0,2350,0,1.0,0.0,0
PF01451,PF01981,27,32,8,19,24,2307,0.25,0.98,0.3,0.26,32,8,19,24,2307,0.25,0.98,0.3,0.26
PF12530,PF11229,6,3,2,4,1,2351,0.67,1.0,0.33,0.47,3,2,4,1,2351,0.67,1.0,0.33,0.47
PF08125,PF01232,11,9,9,2,0,2347,1.0,1.0,0.82,0.9,9,9,2,0,2347,1.0,1.0,0.82,0.9
PF12355,PF06583,2,2,1,1,1,2355,0.5,1.0,0.5,0.5,2,1,1,1,2355,0.5,1.0,0.5,0.5
PF15797,PF10104,8,13,1,7,12,2338,0.08,0.99,0.12,0.09,13,1,7,12,2338,0.08,0.99,0.12,0.09
PF02467,PF14552,0,2,0,0,2,2356,0.0,1.0,0,0,2,0,0,2,2356,0.0,1.0,0,0
PF08912,PF06918,14,3,0,14,3,2341,0.0,0.99,0.0,-0.0,3,0,14,3,2341,0.0,0.99,0.0,-0.0
PF01218,PF04107,15,9,1,14,8,2335,0.11,0.99,0.07,0.08,9,1,14,8,2335,0.11,0.99,0.07,0.08
PF00071,PF00255,281,33,26,255,7,2070,0.79,0.89,0.09,0.25,33,26,255,7,2070,0.79,0.89,0.09,0.25
PF08618,PF02076,2,10,0,2,10,2346,0.0,0.99,0.0,-0.0,10,0,2,10,2346,0.0,0.99,0.0,-0.0
PF05353,PF10645,3,2,0,3,2,2353,0.0,1.0,0.0,-0.0,2,0,3,2,2353,0.0,1.0,0.0,-0.0
PF09799,PF00159,20,3,2,18,1,2337,0.67,0.99,0.1,0.26,3,2,18,1,2337,0.67,0.99,0.1,0.26
PF07582,PF02058,0,2,0,0,2,2356,0.0,1.0,0,0,2,0,0,2,2356,0.0,1.0,0,0
PF02629,PF08442,29,25,11,18,14,2315,0.44,0.99,0.38,0.4,25,11,18,14,2315,0.44,0.99,0.38,0.4
PF12881,PF11265,2,8,1,1,7,2349,0.12,1.0,0.5,0.25,8,1,1,7,2349,0.12,1.0,0.5,0.25
PF16683,PF15314,3,0,0,3,0,2355,0,1.0,0.0,0,0,0,3,0,2355,0,1.0,0.0,0
PF01453,PF08276,60,34,30,30,4,2294,0.88,0.99,0.5,0.66,34,30,30,4,2294,0.88,0.99,0.5,0.66
PF03085,PF15067,0,8,0,0,8,2350,0.0,1.0,0,0,8,0,0,8,2350,0.0,1.0,0,0
PF05405,PF02284,16,9,2,14,7,2335,0.22,0.99,0.12,0.16,9,2,14,7,2335,0.22,0.99,0.12,0.16
PF12720,PF10454,5,0,0,5,0,2353,0,1.0,0.0,0,0,0,5,0,2353,0,1.0,0.0,0
PF16878,PF00157,22,14,8,14,6,2330,0.57,0.99,0.36,0.45,14,8,14,6,2330,0.57,0.99,0.36,0.45
PF06426,PF13720,17,2,1,16,1,2340,0.5,0.99,0.06,0.17,2,1,16,1,2340,0.5,0.99,0.06,0.17
PF03772,PF13567,5,5,5,0,0,2353,1.0,1.0,1.0,1.0,5,5,0,0,2353,1.0,1.0,1.0,1.0
PF13655,PF08388,9,9,9,0,0,2349,1.0,1.0,1.0,1.0,9,9,0,0,2349,1.0,1.0,1.0,1.0
PF13879,PF04641,15,27,7,8,20,2323,0.26,0.99,0.47,0.34,27,7,8,20,2323,0.26,0.99,0.47,0.34
PF03523,PF00229,3,17,2,1,15,2340,0.12,0.99,0.67,0.28,17,2,1,15,2340,0.12,0.99,0.67,0.28
PF08461,PF08411,0,2,0,0,2,2356,0.0,1.0,0,0,2,0,0,2,2356,0.0,1.0,0,0
PF04055,PF06463,104,17,17,87,0,2254,1.0,0.96,0.16,0.4,17,17,87,0,2254,1.0,0.96,0.16,0.4
PF03127,PF00790,30,63,28,2,35,2293,0.44,0.98,0.93,0.64,63,28,2,35,2293,0.44,0.98,0.93,0.64
PF03848,PF11751,0,0,0,0,0,2358,0,1.0,0,0,0,0,0,0,2358,0,1.0,0,0
PF12038,PF13439,7,31,1,6,30,2321,0.03,0.98,0.14,0.06,31,1,6,30,2321,0.03,0.98,0.14,0.06
PF15725,PF10994,0,0,0,0,0,2358,0,1.0,0,0,0,0,0,0,2358,0,1.0,0,0
PF06414,PF10179,16,5,0,16,5,2337,0.0,0.99,0.0,-0.0,5,0,16,5,2337,0.0,0.99,0.0,-0.0
PF06446,PF07740,2,3,1,1,2,2354,0.33,1.0,0.5,0.41,3,1,1,2,2354,0.33,1.0,0.5,0.41
PF15297,PF15893,8,0,0,8,0,2350,0,1.0,0.0,0,0,0,8,0,2350,0,1.0,0.0,0
PF09270,PF09271,17,17,17,0,0,2341,1.0,1.0,1.0,1.0,17,17,0,0,2341,1.0,1.0,1.0,1.0
PF11699,PF15622,8,0,0,8,0,2350,0,1.0,0.0,0,0,0,8,0,2350,0,1.0,0.0,0
PF08293,PF09996,9,0,0,9,0,2349,0,1.0,0.0,0,0,0,9,0,2349,0,1.0,0.0,0
PF12024,PF17035,13,30,3,10,27,2318,0.1,0.98,0.23,0.14,30,3,10,27,2318,0.1,0.98,0.23,0.14
PF06683,PF12121,0,0,0,0,0,2358,0,1.0,0,0,0,0,0,0,2358,0,1.0,0,0
PF08243,PF12169,23,1,0,23,1,2334,0.0,0.99,0.0,-0.0,1,0,23,1,2334,0.0,0.99,0.0,-0.0
PF06853,PF12147,1,2,0,1,2,2355,0.0,1.0,0.0,-0.0,2,0,1,2,2355,0.0,1.0,0.0,-0.0
PF14000,PF06977,0,0,0,0,0,2358,0,1.0,0,0,0,0,0,0,2358,0,1.0,0,0
PF03070,PF08543,27,36,18,9,18,2313,0.5,0.99,0.67,0.57,36,18,9,18,2313,0.5,0.99,0.67,0.57
PF09777,PF00159,6,3,0,6,3,2349,0.0,1.0,0.0,-0.0,3,0,6,3,2349,0.0,1.0,0.0,-0.0
PF11945,PF04004,12,22,1,11,21,2325,0.05,0.99,0.08,0.06,22,1,11,21,2325,0.05,0.99,0.08,0.06
PF04984,PF13722,0,2,0,0,2,2356,0.0,1.0,0,0,2,0,0,2,2356,0.0,1.0,0,0
PF16035,PF01269,7,32,1,6,31,2320,0.03,0.98,0.14,0.06,32,1,6,31,2320,0.03,0.98,0.14,0.06
PF07715,PF06937,11,0,0,11,0,2347,0,1.0,0.0,0,0,0,11,0,2347,0,1.0,0.0,0
PF15101,PF03050,2,0,0,2,0,2356,0,1.0,0.0,0,0,0,2,0,2356,0,1.0,0.0,0
PF05190,PF05192,11,79,7,4,72,2275,0.09,0.97,0.64,0.23,79,7,4,72,2275,0.09,0.97,0.64,0.23
PF13945,PF15624,3,5,0,3,5,2350,0.0,1.0,0.0,-0.0,5,0,3,5,2350,0.0,1.0,0.0,-0.0
PF02186,PF12049,24,0,0,24,0,2334,0,0.99,0.0,0,0,0,24,0,2334,0,0.99,0.0,0
PF15234,PF15851,2,0,0,2,0,2356,0,1.0,0.0,0,0,0,2,0,2356,0,1.0,0.0,0
PF13448,PF05894,0,0,0,0,0,2358,0,1.0,0,0,0,0,0,0,2358,0,1.0,0,0
PF14297,PF02557,0,3,0,0,3,2355,0.0,1.0,0,0,3,0,0,3,2355,0.0,1.0,0,0
PF02807,PF00217,33,35,30,3,5,2320,0.86,1.0,0.91,0.88,35,30,3,5,2320,0.86,1.0,0.91,0.88
PF08778,PF11413,6,8,3,3,5,2347,0.38,1.0,0.5,0.43,8,3,3,5,2347,0.38,1.0,0.5,0.43
PF01655,PF02928,33,19,6,27,13,2312,0.32,0.98,0.18,0.23,19,6,27,13,2312,0.32,0.98,0.18,0.23
PF02008,PF16866,35,9,8,27,1,2322,0.89,0.99,0.23,0.45,9,8,27,1,2322,0.89,0.99,0.23,0.45
PF11415,PF16716,0,1,0,0,1,2357,0.0,1.0,0,0,1,0,0,1,2357,0.0,1.0,0,0
PF00059,PF08016,150,53,28,122,25,2183,0.53,0.94,0.19,0.29,53,28,122,25,2183,0.53,0.94,0.19,0.29
PF03714,PF11852,3,3,3,0,0,2355,1.0,1.0,1.0,1.0,3,3,0,0,2355,1.0,1.0,1.0,1.0
PF00159,PF00446,3,7,2,1,5,2350,0.29,1.0,0.67,0.44,7,2,1,5,2350,0.29,1.0,0.67,0.44
PF08449,PF00827,53,39,20,33,19,2286,0.51,0.98,0.38,0.43,39,20,33,19,2286,0.51,0.98,0.38,0.43
PF03546,PF07891,1,4,0,1,4,2353,0.0,1.0,0.0,-0.0,4,0,1,4,2353,0.0,1.0,0.0,-0.0
PF00093,PF07452,48,1,1,47,0,2310,1.0,0.98,0.02,0.14,1,1,47,0,2310,1.0,0.98,0.02,0.14
PF01016,PF04716,31,28,3,28,25,2302,0.11,0.98,0.1,0.09,28,3,28,25,2302,0.11,0.98,0.1,0.09
PF05262,PF07988,1,4,0,1,4,2353,0.0,1.0,0.0,-0.0,4,0,1,4,2353,0.0,1.0,0.0,-0.0
PF10528,PF00624,5,1,1,4,0,2353,1.0,1.0,0.2,0.45,1,1,4,0,2353,1.0,1.0,0.2,0.45
PF03350,PF07816,1,0,0,1,0,2357,0,1.0,0.0,0,0,0,1,0,2357,0,1.0,0.0,0
PF04851,PF11648,84,19,15,69,4,2270,0.79,0.97,0.18,0.37,19,15,69,4,2270,0.79,0.97,0.18,0.37
PF06258,PF15699,6,1,0,6,1,2351,0.0,1.0,0.0,-0.0,1,0,6,1,2351,0.0,1.0,0.0,-0.0
PF00385,PF17218,122,3,3,119,0,2236,1.0,0.95,0.02,0.15,3,3,119,0,2236,1.0,0.95,0.02,0.15
PF11743,PF13811,0,0,0,0,0,2358,0,1.0,0,0,0,0,0,0,2358,0,1.0,0,0
PF11035,PF15302,3,0,0,3,0,2355,0,1.0,0.0,0,0,0,3,0,2355,0,1.0,0.0,0
PF03712,PF01082,26,28,26,0,2,2330,0.93,1.0,1.0,0.96,28,26,0,2,2330,0.93,1.0,1.0,0.96
PF02543,PF12241,4,2,0,4,2,2352,0.0,1.0,0.0,-0.0,2,0,4,2,2352,0.0,1.0,0.0,-0.0
PF11522,PF14621,4,3,1,3,2,2352,0.33,1.0,0.25,0.29,3,1,3,2,2352,0.33,1.0,0.25,0.29
PF06719,PF12852,3,3,3,0,0,2355,1.0,1.0,1.0,1.0,3,3,0,0,2355,1.0,1.0,1.0,1.0
PF09336,PF01434,30,71,13,17,58,2270,0.18,0.97,0.43,0.27,71,13,17,58,2270,0.18,0.97,0.43,0.27
PF10469,PF10470,31,0,0,31,0,2327,0,0.99,0.0,0,0,0,31,0,2327,0,0.99,0.0,0
PF04435,PF15362,11,2,0,11,2,2345,0.0,0.99,0.0,-0.0,2,0,11,2,2345,0.0,0.99,0.0,-0.0
PF07926,PF10481,15,7,0,15,7,2336,0.0,0.99,0.0,-0.0,7,0,15,7,2336,0.0,0.99,0.0,-0.0
PF01149,PF09292,14,6,6,8,0,2344,1.0,1.0,0.43,0.65,6,6,8,0,2344,1.0,1.0,0.43,0.65
PF08446,PF00672,26,34,16,10,18,2314,0.47,0.99,0.62,0.53,34,16,10,18,2314,0.47,0.99,0.62,0.53
PF01152,PF00537,13,2,0,13,2,2343,0.0,0.99,0.0,-0.0,2,0,13,2,2343,0.0,0.99,0.0,-0.0
PF01122,PF14478,14,6,6,8,0,2344,1.0,1.0,0.43,0.65,6,6,8,0,2344,1.0,1.0,0.43,0.65
PF07654,PF07686,34,107,24,10,83,2241,0.22,0.96,0.71,0.38,107,24,10,83,2241,0.22,0.96,0.71,0.38
PF13301,PF16218,6,0,0,6,0,2352,0,1.0,0.0,0,0,0,6,0,2352,0,1.0,0.0,0
PF02938,PF09924,10,7,5,5,2,2346,0.71,1.0,0.5,0.6,7,5,5,2,2346,0.71,1.0,0.5,0.6
PF02591,PF12889,0,0,0,0,0,2358,0,1.0,0,0,0,0,0,0,2358,0,1.0,0,0
PF05910,PF04720,16,15,3,13,12,2330,0.2,0.99,0.19,0.19,15,3,13,12,2330,0.2,0.99,0.19,0.19
PF15914,PF05715,3,5,1,2,4,2351,0.2,1.0,0.33,0.26,5,1,2,4,2351,0.2,1.0,0.33,0.26
PF16026,PF15821,8,0,0,8,0,2350,0,1.0,0.0,0,0,0,8,0,2350,0,1.0,0.0,0
PF02078,PF10581,5,0,0,5,0,2353,0,1.0,0.0,0,0,0,5,0,2353,0,1.0,0.0,0
PF04049,PF16546,25,23,9,16,14,2319,0.39,0.99,0.36,0.37,23,9,16,14,2319,0.39,0.99,0.36,0.37
PF02016,PF08744,11,0,0,11,0,2347,0,1.0,0.0,0,0,0,11,0,2347,0,1.0,0.0,0
PF06968,PF13597,14,8,2,12,6,2338,0.25,0.99,0.14,0.19,8,2,12,6,2338,0.25,0.99,0.14,0.19
PF10436,PF09239,37,3,0,37,3,2318,0.0,0.98,0.0,-0.0,3,0,37,3,2318,0.0,0.98,0.0,-0.0
PF04566,PF04565,23,38,23,0,15,2320,0.61,0.99,1.0,0.78,38,23,0,15,2320,0.61,0.99,1.0,0.78
PF11560,PF14877,6,8,0,6,8,2344,0.0,0.99,0.0,-0.0,8,0,6,8,2344,0.0,0.99,0.0,-0.0
PF15124,PF11863,0,1,0,0,1,2357,0.0,1.0,0,0,1,0,0,1,2357,0.0,1.0,0,0
PF08925,PF00821,12,5,0,12,5,2341,0.0,0.99,0.0,-0.0,5,0,12,5,2341,0.0,0.99,0.0,-0.0
PF05024,PF06584,15,9,1,14,8,2335,0.11,0.99,0.07,0.08,9,1,14,8,2335,0.11,0.99,0.07,0.08
PF06379,PF12081,3,0,0,3,0,2355,0,1.0,0.0,0,0,0,3,0,2355,0,1.0,0.0,0
PF01634,PF08029,11,11,11,0,0,2347,1.0,1.0,1.0,1.0,11,11,0,0,2347,1.0,1.0,1.0,1.0
PF06267,PF17206,0,1,0,0,1,2357,0.0,1.0,0,0,1,0,0,1,2357,0.0,1.0,0,0
PF02530,PF17206,3,1,0,3,1,2354,0.0,1.0,0.0,-0.0,1,0,3,1,2354,0.0,1.0,0.0,-0.0
PF03743,PF05939,20,0,0,20,0,2338,0,0.99,0.0,0,0,0,20,0,2338,0,0.99,0.0,0
PF09004,PF08284,21,44,8,13,36,2301,0.18,0.98,0.38,0.25,44,8,13,36,2301,0.18,0.98,0.38,0.25
PF01709,PF07350,20,3,3,17,0,2338,1.0,0.99,0.15,0.39,3,3,17,0,2338,1.0,0.99,0.15,0.39
PF01421,PF01562,63,59,48,15,11,2284,0.81,0.99,0.76,0.78,59,48,15,11,2284,0.81,0.99,0.76,0.78
PF14934,PF10195,4,2,0,4,2,2352,0.0,1.0,0.0,-0.0,2,0,4,2,2352,0.0,1.0,0.0,-0.0
PF07470,PF03583,33,4,2,31,2,2323,0.5,0.99,0.06,0.17,4,2,31,2,2323,0.5,0.99,0.06,0.17
PF04849,PF12448,2,2,2,0,0,2356,1.0,1.0,1.0,1.0,2,2,0,0,2356,1.0,1.0,1.0,1.0
PF14478,PF01122,6,14,6,0,8,2344,0.43,1.0,1.0,0.65,14,6,0,8,2344,0.43,1.0,1.0,0.65
PF10217,PF07052,4,18,0,4,18,2336,0.0,0.99,0.0,-0.0,18,0,4,18,2336,0.0,0.99,0.0,-0.0
PF14968,PF05238,4,4,0,4,4,2350,0.0,1.0,0.0,-0.0,4,0,4,4,2350,0.0,1.0,0.0,-0.0
PF06090,PF05757,23,7,1,22,6,2329,0.14,0.99,0.04,0.07,7,1,22,6,2329,0.14,0.99,0.04,0.07
PF01288,PF00809,19,24,13,6,11,2328,0.54,0.99,0.68,0.61,24,13,6,11,2328,0.54,0.99,0.68,0.61
PF03200,PF16923,17,14,14,3,0,2341,1.0,1.0,0.82,0.91,14,14,3,0,2341,1.0,1.0,0.82,0.91
PF04959,PF04153,26,23,6,20,17,2315,0.26,0.98,0.23,0.24,23,6,20,17,2315,0.26,0.98,0.23,0.24
PF12148,PF16843,9,1,1,8,0,2349,1.0,1.0,0.11,0.33,1,1,8,0,2349,1.0,1.0,0.11,0.33
PF11851,PF15951,2,12,2,0,10,2346,0.17,1.0,1.0,0.41,12,2,0,10,2346,0.17,1.0,1.0,0.41
PF01156,PF00797,36,24,8,28,16,2306,0.33,0.98,0.22,0.26,24,8,28,16,2306,0.33,0.98,0.22,0.26
PF03735,PF05641,15,17,5,10,12,2331,0.29,0.99,0.33,0.31,17,5,10,12,2331,0.29,0.99,0.33,0.31
PF04956,PF06744,10,0,0,10,0,2348,0,1.0,0.0,0,0,0,10,0,2348,0,1.0,0.0,0
PF01165,PF07816,8,0,0,8,0,2350,0,1.0,0.0,0,0,0,8,0,2350,0,1.0,0.0,0
PF02206,PF11548,13,10,4,9,6,2339,0.4,0.99,0.31,0.35,10,4,9,6,2339,0.4,0.99,0.31,0.35
PF15990,PF15820,6,0,0,6,0,2352,0,1.0,0.0,0,0,0,6,0,2352,0,1.0,0.0,0
PF05634,PF14365,10,4,1,9,3,2345,0.25,0.99,0.1,0.16,4,1,9,3,2345,0.25,0.99,0.1,0.16
PF04830,PF09861,0,0,0,0,0,2358,0,1.0,0,0,0,0,0,0,2358,0,1.0,0,0
PF05035,PF00356,6,24,2,4,22,2330,0.08,0.99,0.33,0.16,24,2,4,22,2330,0.08,0.99,0.33,0.16
PF05901,PF06651,0,0,0,0,0,2358,0,1.0,0,0,0,0,0,0,2358,0,1.0,0,0
PF13127,PF00892,6,70,4,2,66,2286,0.06,0.97,0.67,0.19,70,4,2,66,2286,0.06,0.97,0.67,0.19
PF10216,PF16836,0,3,0,0,3,2355,0.0,1.0,0,0,3,0,0,3,2355,0.0,1.0,0,0
PF05134,PF03934,5,8,5,0,3,2350,0.62,1.0,1.0,0.79,8,5,0,3,2350,0.62,1.0,1.0,0.79
PF13816,PF01385,2,0,0,2,0,2356,0,1.0,0.0,0,0,0,2,0,2356,0,1.0,0.0,0
PF06995,PF12080,0,0,0,0,0,2358,0,1.0,0,0,0,0,0,0,2358,0,1.0,0,0
PF00462,PF06936,85,10,7,78,3,2270,0.7,0.97,0.08,0.23,10,7,78,3,2270,0.7,0.97,0.08,0.23
PF04764,PF12241,0,2,0,0,2,2356,0.0,1.0,0,0,2,0,0,2,2356,0.0,1.0,0,0
PF01947,PF00737,0,5,0,0,5,2353,0.0,1.0,0,0,5,0,0,5,2353,0.0,1.0,0,0
PF09141,PF08913,19,10,9,10,1,2338,0.9,1.0,0.47,0.65,10,9,10,1,2338,0.9,1.0,0.47,0.65
PF12479,PF06805,0,0,0,0,0,2358,0,1.0,0,0,0,0,0,0,2358,0,1.0,0,0
PF07243,PF03428,3,0,0,3,0,2355,0,1.0,0.0,0,0,0,3,0,2355,0,1.0,0.0,0
PF11244,PF11235,0,2,0,0,2,2356,0.0,1.0,0,0,2,0,0,2,2356,0.0,1.0,0,0
PF06094,PF02330,34,11,6,28,5,2319,0.55,0.99,0.18,0.3,11,6,28,5,2319,0.55,0.99,0.18,0.3
PF06429,PF03963,6,3,3,3,0,2352,1.0,1.0,0.5,0.71,3,3,3,0,2352,1.0,1.0,0.5,0.71
PF07422,PF13307,0,49,0,0,49,2309,0.0,0.98,0,0,49,0,0,49,2309,0.0,0.98,0,0
PF09267,PF12610,0,1,0,0,1,2357,0.0,1.0,0,0,1,0,0,1,2357,0.0,1.0,0,0
PF02422,PF00074,4,3,0,4,3,2351,0.0,1.0,0.0,-0.0,3,0,4,3,2351,0.0,1.0,0.0,-0.0
PF14082,PF09826,0,2,0,0,2,2356,0.0,1.0,0,0,2,0,0,2,2356,0.0,1.0,0,0
PF05130,PF06621,2,7,1,1,6,2350,0.14,1.0,0.5,0.27,7,1,1,6,2350,0.14,1.0,0.5,0.27
PF07928,PF10474,17,5,2,15,3,2338,0.4,0.99,0.12,0.21,5,2,15,3,2338,0.4,0.99,0.12,0.21
PF01657,PF14380,40,16,9,31,7,2311,0.56,0.98,0.23,0.35,16,9,31,7,2311,0.56,0.98,0.23,0.35
PF02575,PF05419,9,0,0,9,0,2349,0,1.0,0.0,0,0,0,9,0,2349,0,1.0,0.0,0
PF12779,PF04984,0,0,0,0,0,2358,0,1.0,0,0,0,0,0,0,2358,0,1.0,0,0
PF15784,PF10506,0,8,0,0,8,2350,0.0,1.0,0,0,8,0,0,8,2350,0.0,1.0,0,0
PF10828,PF08119,0,3,0,0,3,2355,0.0,1.0,0,0,3,0,0,3,2355,0.0,1.0,0,0
PF11022,PF03401,0,2,0,0,2,2356,0.0,1.0,0,0,2,0,0,2,2356,0.0,1.0,0,0
PF13359,PF13613,77,13,13,64,0,2281,1.0,0.97,0.17,0.41,13,13,64,0,2281,1.0,0.97,0.17,0.41
PF02166,PF02155,10,11,8,2,3,2345,0.73,1.0,0.8,0.76,11,8,2,3,2345,0.73,1.0,0.8,0.76
PF03124,PF00939,21,39,6,15,33,2304,0.15,0.98,0.29,0.2,39,6,15,33,2304,0.15,0.98,0.29,0.2
PF07247,PF07350,24,3,3,21,0,2334,1.0,0.99,0.12,0.35,3,3,21,0,2334,1.0,0.99,0.12,0.35
PF02026,PF01365,17,20,13,4,7,2334,0.65,1.0,0.76,0.7,20,13,4,7,2334,0.65,1.0,0.76,0.7
PF15785,PF08163,20,15,2,18,13,2325,0.13,0.99,0.1,0.11,15,2,18,13,2325,0.13,0.99,0.1,0.11
PF00834,PF00197,35,1,0,35,1,2322,0.0,0.98,0.0,-0.0,1,0,35,1,2322,0.0,0.98,0.0,-0.0
PF05669,PF11938,26,30,11,15,19,2313,0.37,0.99,0.42,0.39,30,11,15,19,2313,0.37,0.99,0.42,0.39
PF00525,PF10660,3,3,0,3,3,2352,0.0,1.0,0.0,-0.0,3,0,3,3,2352,0.0,1.0,0.0,-0.0
PF01239,PF07711,53,5,5,48,0,2305,1.0,0.98,0.09,0.3,5,5,48,0,2305,1.0,0.98,0.09,0.3
PF06629,PF12192,0,0,0,0,0,2358,0,1.0,0,0,0,0,0,0,2358,0,1.0,0,0
PF15703,PF15872,2,0,0,2,0,2356,0,1.0,0.0,0,0,0,2,0,2356,0,1.0,0.0,0
PF11625,PF10999,0,0,0,0,0,2358,0,1.0,0,0,0,0,0,0,2358,0,1.0,0,0
PF05167,PF06890,2,0,0,2,0,2356,0,1.0,0.0,0,0,0,2,0,2356,0,1.0,0.0,0
PF00552,PF02022,10,10,10,0,0,2348,1.0,1.0,1.0,1.0,10,10,0,0,2348,1.0,1.0,1.0,1.0
PF00782,PF14671,150,10,10,140,0,2208,1.0,0.94,0.07,0.25,10,10,140,0,2208,1.0,0.94,0.07,0.25
PF17200,PF06228,0,0,0,0,0,2358,0,1.0,0,0,0,0,0,0,2358,0,1.0,0,0
PF03371,PF04000,28,25,8,20,17,2313,0.32,0.98,0.29,0.29,25,8,20,17,2313,0.32,0.98,0.29,0.29
PF08894,PF05509,1,4,0,1,4,2353,0.0,1.0,0.0,-0.0,4,0,1,4,2353,0.0,1.0,0.0,-0.0
PF12456,PF07092,20,8,2,18,6,2332,0.25,0.99,0.1,0.15,8,2,18,6,2332,0.25,0.99,0.1,0.15
PF03994,PF11751,1,0,0,1,0,2357,0,1.0,0.0,0,0,0,1,0,2357,0,1.0,0.0,0
PF07419,PF02399,2,3,1,1,2,2354,0.33,1.0,0.5,0.41,3,1,1,2,2354,0.33,1.0,0.5,0.41
PF05124,PF10129,0,0,0,0,0,2358,0,1.0,0,0,0,0,0,0,2358,0,1.0,0,0
PF00674,PF00799,0,3,0,0,3,2355,0.0,1.0,0,0,3,0,0,3,2355,0.0,1.0,0,0
PF15824,PF11863,1,1,0,1,1,2356,0.0,1.0,0.0,-0.0,1,0,1,1,2356,0.0,1.0,0.0,-0.0
PF07542,PF03583,22,4,1,21,3,2333,0.25,0.99,0.05,0.1,4,1,21,3,2333,0.25,0.99,0.05,0.1
PF02381,PF17060,5,4,0,5,4,2349,0.0,1.0,0.0,-0.0,4,0,5,4,2349,0.0,1.0,0.0,-0.0
PF09646,PF09861,0,0,0,0,0,2358,0,1.0,0,0,0,0,0,0,2358,0,1.0,0,0
PF15025,PF15146,5,2,0,5,2,2351,0.0,1.0,0.0,-0.0,2,0,5,2,2351,0.0,1.0,0.0,-0.0
PF02877,PF05406,31,39,31,0,8,2319,0.79,1.0,1.0,0.89,39,31,0,8,2319,0.79,1.0,1.0,0.89
PF02773,PF00438,14,17,14,0,3,2341,0.82,1.0,1.0,0.91,17,14,0,3,2341,0.82,1.0,1.0,0.91
PF04419,PF01907,22,20,7,15,13,2323,0.35,0.99,0.32,0.33,20,7,15,13,2323,0.35,0.99,0.32,0.33
PF15928,PF07449,3,1,1,2,0,2355,1.0,1.0,0.33,0.58,1,1,2,0,2355,1.0,1.0,0.33,0.58
PF16741,PF16099,5,3,1,4,2,2351,0.33,1.0,0.2,0.26,3,1,4,2,2351,0.33,1.0,0.2,0.26
PF08982,PF13876,7,1,0,7,1,2350,0.0,1.0,0.0,-0.0,1,0,7,1,2350,0.0,1.0,0.0,-0.0
PF05536,PF00475,6,19,1,5,18,2334,0.05,0.99,0.17,0.09,19,1,5,18,2334,0.05,0.99,0.17,0.09
PF12928,PF10307,20,3,1,19,2,2336,0.33,0.99,0.05,0.13,3,1,19,2,2336,0.33,0.99,0.05,0.13
PF00113,PF03952,29,26,24,5,2,2327,0.92,1.0,0.83,0.87,26,24,5,2,2327,0.92,1.0,0.83,0.87
PF13785,PF15117,0,0,0,0,0,2358,0,1.0,0,0,0,0,0,0,2358,0,1.0,0,0
PF17016,PF12355,0,2,0,0,2,2356,0.0,1.0,0,0,2,0,0,2,2356,0.0,1.0,0,0
PF01777,PF01929,31,34,12,19,22,2305,0.35,0.98,0.39,0.36,34,12,19,22,2305,0.35,0.98,0.39,0.36
PF11387,PF05621,0,0,0,0,0,2358,0,1.0,0,0,0,0,0,0,2358,0,1.0,0,0
PF14639,PF14635,17,18,17,0,1,2340,0.94,1.0,1.0,0.97,18,17,0,1,2340,0.94,1.0,1.0,0.97
PF02628,PF05630,23,8,1,22,7,2328,0.12,0.99,0.04,0.07,8,1,22,7,2328,0.12,0.99,0.04,0.07
PF06372,PF12095,7,4,0,7,4,2347,0.0,1.0,0.0,-0.0,4,0,7,4,2347,0.0,1.0,0.0,-0.0
PF04536,PF11282,6,2,0,6,2,2350,0.0,1.0,0.0,-0.0,2,0,6,2,2350,0.0,1.0,0.0,-0.0
PF05135,PF04860,0,1,0,0,1,2357,0.0,1.0,0,0,1,0,0,1,2357,0.0,1.0,0,0
PF01273,PF02886,18,22,18,0,4,2336,0.82,1.0,1.0,0.9,22,18,0,4,2336,0.82,1.0,1.0,0.9
PF11200,PF08759,0,0,0,0,0,2358,0,1.0,0,0,0,0,0,0,2358,0,1.0,0,0
PF00563,PF00990,18,24,11,7,13,2327,0.46,0.99,0.61,0.53,24,11,7,13,2327,0.46,0.99,0.61,0.53
PF02907,PF10801,3,0,0,3,0,2355,0,1.0,0.0,0,0,0,3,0,2355,0,1.0,0.0,0
PF02529,PF05466,3,0,0,3,0,2355,0,1.0,0.0,0,0,0,3,0,2355,0,1.0,0.0,0
PF03738,PF11965,0,5,0,0,5,2353,0.0,1.0,0,0,5,0,0,5,2353,0.0,1.0,0,0
PF16136,PF07897,3,3,3,0,0,2355,1.0,1.0,1.0,1.0,3,3,0,0,2355,1.0,1.0,1.0,1.0
PF02285,PF15071,4,0,0,4,0,2354,0,1.0,0.0,0,0,0,4,0,2354,0,1.0,0.0,0
PF03984,PF07085,0,10,0,0,10,2348,0.0,1.0,0,0,10,0,0,10,2348,0.0,1.0,0,0
PF02245,PF14473,7,0,0,7,0,2351,0,1.0,0.0,0,0,0,7,0,2351,0,1.0,0.0,0
PF17047,PF15625,25,5,2,23,3,2330,0.4,0.99,0.08,0.18,5,2,23,3,2330,0.4,0.99,0.08,0.18
PF06996,PF04214,0,0,0,0,0,2358,0,1.0,0,0,0,0,0,0,2358,0,1.0,0,0
PF04813,PF04812,3,5,3,0,2,2353,0.6,1.0,1.0,0.77,5,3,0,2,2353,0.6,1.0,1.0,0.77
PF03306,PF15703,9,2,0,9,2,2347,0.0,1.0,0.0,-0.0,2,0,9,2,2347,0.0,1.0,0.0,-0.0
PF12937,PF00646,186,173,76,110,97,2075,0.44,0.91,0.41,0.38,173,76,110,97,2075,0.44,0.91,0.41,0.38
PF16487,PF16488,38,50,33,5,17,2303,0.66,0.99,0.87,0.75,50,33,5,17,2303,0.66,0.99,0.87,0.75
PF02843,PF02844,21,21,21,0,0,2337,1.0,1.0,1.0,1.0,21,21,0,0,2337,1.0,1.0,1.0,1.0
PF01508,PF13948,0,7,0,0,7,2351,0.0,1.0,0,0,7,0,0,7,2351,0.0,1.0,0,0
PF00092,PF08473,120,10,8,112,2,2236,0.8,0.95,0.07,0.22,10,8,112,2,2236,0.8,0.95,0.07,0.22
PF06858,PF08155,36,28,28,8,0,2322,1.0,1.0,0.78,0.88,28,28,8,0,2322,1.0,1.0,0.78,0.88
PF05032,PF11093,15,3,0,15,3,2340,0.0,0.99,0.0,-0.0,3,0,15,3,2340,0.0,0.99,0.0,-0.0
PF01274,PF00463,20,18,4,16,14,2324,0.22,0.99,0.2,0.2,18,4,16,14,2324,0.22,0.99,0.2,0.2
PF01364,PF15518,3,3,0,3,3,2352,0.0,1.0,0.0,-0.0,3,0,3,3,2352,0.0,1.0,0.0,-0.0
PF00056,PF02866,47,38,35,12,3,2308,0.92,0.99,0.74,0.83,38,35,12,3,2308,0.92,0.99,0.74,0.83
PF06026,PF05915,13,2,0,13,2,2343,0.0,0.99,0.0,-0.0,2,0,13,2,2343,0.0,0.99,0.0,-0.0
PF03800,PF15066,6,1,0,6,1,2351,0.0,1.0,0.0,-0.0,1,0,6,1,2351,0.0,1.0,0.0,-0.0
PF10448,PF15716,0,0,0,0,0,2358,0,1.0,0,0,0,0,0,0,2358,0,1.0,0,0
PF01658,PF07994,3,14,3,0,11,2344,0.21,1.0,1.0,0.46,14,3,0,11,2344,0.21,1.0,1.0,0.46
PF02901,PF01228,9,3,3,6,0,2349,1.0,1.0,0.33,0.58,3,3,6,0,2349,1.0,1.0,0.33,0.58
PF01648,PF01974,49,33,12,37,21,2288,0.36,0.98,0.24,0.29,33,12,37,21,2288,0.36,0.98,0.24,0.29
PF03612,PF03829,7,7,7,0,0,2351,1.0,1.0,1.0,1.0,7,7,0,0,2351,1.0,1.0,1.0,1.0
PF03105,PF00939,56,39,23,33,16,2286,0.59,0.98,0.41,0.48,39,23,33,16,2286,0.59,0.98,0.41,0.48
PF00207,PF07703,28,21,21,7,0,2330,1.0,1.0,0.75,0.86,21,21,7,0,2330,1.0,1.0,0.75,0.86
PF05044,PF09462,10,10,0,10,10,2338,0.0,0.99,0.0,-0.0,10,0,10,10,2338,0.0,0.99,0.0,-0.0
PF08490,PF08996,21,20,10,11,10,2327,0.5,0.99,0.48,0.48,20,10,11,10,2327,0.5,0.99,0.48,0.48
PF15771,PF15754,0,3,0,0,3,2355,0.0,1.0,0,0,3,0,0,3,2355,0.0,1.0,0,0
PF08924,PF15225,0,5,0,0,5,2353,0.0,1.0,0,0,5,0,0,5,2353,0.0,1.0,0,0
PF16294,PF14443,11,5,1,10,4,2343,0.2,0.99,0.09,0.13,5,1,10,4,2343,0.2,0.99,0.09,0.13
PF12829,PF05685,2,3,0,2,3,2353,0.0,1.0,0.0,-0.0,3,0,2,3,2353,0.0,1.0,0.0,-0.0
PF10755,PF15085,1,2,0,1,2,2355,0.0,1.0,0.0,-0.0,2,0,1,2,2355,0.0,1.0,0.0,-0.0
PF05934,PF15877,10,0,0,10,0,2348,0,1.0,0.0,0,0,0,10,0,2348,0,1.0,0.0,0
PF01786,PF00301,20,2,1,19,1,2337,0.5,0.99,0.05,0.16,2,1,19,1,2337,0.5,0.99,0.05,0.16
PF03069,PF00265,17,19,2,15,17,2324,0.11,0.99,0.12,0.1,19,2,15,17,2324,0.11,0.99,0.12,0.1
PF15088,PF14866,2,0,0,2,0,2356,0,1.0,0.0,0,0,0,2,0,2356,0,1.0,0.0,0
PF06039,PF05564,3,1,1,2,0,2355,1.0,1.0,0.33,0.58,1,1,2,0,2355,1.0,1.0,0.33,0.58
PF05757,PF00321,7,1,0,7,1,2350,0.0,1.0,0.0,-0.0,1,0,7,1,2350,0.0,1.0,0.0,-0.0
PF07726,PF03626,7,3,2,5,1,2350,0.67,1.0,0.29,0.44,3,2,5,1,2350,0.67,1.0,0.29,0.44
PF07258,PF00243,26,6,1,25,5,2327,0.17,0.99,0.04,0.08,6,1,25,5,2327,0.17,0.99,0.04,0.08
PF09694,PF01722,0,32,0,0,32,2326,0.0,0.99,0,0,32,0,0,32,2326,0.0,0.99,0,0
PF00952,PF14534,1,1,0,1,1,2356,0.0,1.0,0.0,-0.0,1,0,1,1,2356,0.0,1.0,0.0,-0.0
PF03997,PF01775,7,17,1,6,16,2335,0.06,0.99,0.14,0.09,17,1,6,16,2335,0.06,0.99,0.14,0.09
PF06050,PF09989,0,0,0,0,0,2358,0,1.0,0,0,0,0,0,0,2358,0,1.0,0,0
PF01552,PF12080,18,0,0,18,0,2340,0,0.99,0.0,0,0,0,18,0,2340,0,0.99,0.0,0
PF09325,PF12828,37,8,3,34,5,2316,0.38,0.98,0.08,0.17,8,3,34,5,2316,0.38,0.98,0.08,0.17
PF12509,PF11261,9,10,1,8,9,2340,0.1,0.99,0.11,0.1,10,1,8,9,2340,0.1,0.99,0.11,0.1
PF08961,PF09049,2,0,0,2,0,2356,0,1.0,0.0,0,0,0,2,0,2356,0,1.0,0.0,0
PF04379,PF13369,18,15,2,16,13,2327,0.13,0.99,0.11,0.12,15,2,16,13,2327,0.13,0.99,0.11,0.12
PF07279,PF15302,3,0,0,3,0,2355,0,1.0,0.0,0,0,0,3,0,2355,0,1.0,0.0,0
PF07064,PF17034,7,12,0,7,12,2339,0.0,0.99,0.0,-0.0,12,0,7,12,2339,0.0,0.99,0.0,-0.0
PF06212,PF03853,6,29,0,6,29,2323,0.0,0.99,0.0,-0.01,29,0,6,29,2323,0.0,0.99,0.0,-0.01
PF13718,PF05127,21,25,20,1,5,2332,0.8,1.0,0.95,0.87,25,20,1,5,2332,0.8,1.0,0.95,0.87
PF03169,PF07969,66,33,21,45,12,2280,0.64,0.98,0.32,0.44,33,21,45,12,2280,0.64,0.98,0.32,0.44
PF06320,PF10542,15,0,0,15,0,2343,0,0.99,0.0,0,0,0,15,0,2343,0,0.99,0.0,0
PF03426,PF02770,0,130,0,0,130,2228,0.0,0.94,0,0,130,0,0,130,2228,0.0,0.94,0,0
PF00289,PF02785,67,68,66,1,2,2289,0.97,1.0,0.99,0.98,68,66,1,2,2289,0.97,1.0,0.99,0.98
PF01263,PF05042,40,8,4,36,4,2314,0.5,0.98,0.1,0.22,8,4,36,4,2314,0.5,0.98,0.1,0.22
PF01762,PF00337,77,53,32,45,21,2260,0.6,0.97,0.42,0.49,53,32,45,21,2260,0.6,0.97,0.42,0.49
PF10525,PF04617,5,3,1,4,2,2351,0.33,1.0,0.2,0.26,3,1,4,2,2351,0.33,1.0,0.2,0.26
PF07253,PF15786,0,1,0,0,1,2357,0.0,1.0,0,0,1,0,0,1,2357,0.0,1.0,0,0
PF02392,PF03040,17,13,12,5,1,2340,0.92,1.0,0.71,0.81,13,12,5,1,2340,0.92,1.0,0.71,0.81
PF04190,PF01294,19,11,1,18,10,2329,0.09,0.99,0.05,0.06,11,1,18,10,2329,0.09,0.99,0.05,0.06
PF06782,PF15185,0,5,0,0,5,2353,0.0,1.0,0,0,5,0,0,5,2353,0.0,1.0,0,0
PF10430,PF02019,7,7,4,3,3,2348,0.57,1.0,0.57,0.57,7,4,3,3,2348,0.57,1.0,0.57,0.57
PF14486,PF12628,0,0,0,0,0,2358,0,1.0,0,0,0,0,0,0,2358,0,1.0,0,0
PF03727,PF00349,38,35,34,4,1,2319,0.97,1.0,0.89,0.93,35,34,4,1,2319,0.97,1.0,0.89,0.93
PF16732,PF03613,0,2,0,0,2,2356,0.0,1.0,0,0,2,0,0,2,2356,0.0,1.0,0,0
PF09327,PF12256,0,1,0,0,1,2357,0.0,1.0,0,0,1,0,0,1,2357,0.0,1.0,0,0
PF10933,PF08744,0,0,0,0,0,2358,0,1.0,0,0,0,0,0,0,2358,0,1.0,0,0
PF07508,PF13408,3,3,3,0,0,2355,1.0,1.0,1.0,1.0,3,3,0,0,2355,1.0,1.0,1.0,1.0
PF06109,PF17062,2,0,0,2,0,2356,0,1.0,0.0,0,0,0,2,0,2356,0,1.0,0.0,0
PF02864,PF02865,9,6,5,4,1,2348,0.83,1.0,0.56,0.68,6,5,4,1,2348,0.83,1.0,0.56,0.68
PF06779,PF09444,2,3,0,2,3,2353,0.0,1.0,0.0,-0.0,3,0,2,3,2353,0.0,1.0,0.0,-0.0
PF07659,PF11272,0,0,0,0,0,2358,0,1.0,0,0,0,0,0,0,2358,0,1.0,0,0
PF12532,PF01339,1,13,1,0,12,2345,0.08,0.99,1.0,0.28,13,1,0,12,2345,0.08,0.99,1.0,0.28
PF16589,PF11626,58,11,11,47,0,2300,1.0,0.98,0.19,0.43,11,11,47,0,2300,1.0,0.98,0.19,0.43
PF13663,PF02565,3,3,0,3,3,2352,0.0,1.0,0.0,-0.0,3,0,3,3,2352,0.0,1.0,0.0,-0.0
PF00498,PF15308,154,12,12,142,0,2204,1.0,0.94,0.08,0.27,12,12,142,0,2204,1.0,0.94,0.08,0.27
PF03450,PF00941,36,37,36,0,1,2321,0.97,1.0,1.0,0.99,37,36,0,1,2321,0.97,1.0,1.0,0.99
PF13976,PF07727,96,213,82,14,131,2131,0.38,0.94,0.85,0.55,213,82,14,131,2131,0.38,0.94,0.85,0.55
PF15622,PF11699,0,8,0,0,8,2350,0.0,1.0,0,0,8,0,0,8,2350,0.0,1.0,0,0
PF16469,PF16126,2,2,0,2,2,2354,0.0,1.0,0.0,-0.0,2,0,2,2,2354,0.0,1.0,0.0,-0.0
PF02896,PF00391,25,21,14,11,7,2326,0.67,0.99,0.56,0.61,21,14,11,7,2326,0.67,0.99,0.56,0.61
PF05458,PF15872,9,0,0,9,0,2349,0,1.0,0.0,0,0,0,9,0,2349,0,1.0,0.0,0
PF00739,PF17014,3,0,0,3,0,2355,0,1.0,0.0,0,0,0,3,0,2355,0,1.0,0.0,0
PF06449,PF08140,7,1,0,7,1,2350,0.0,1.0,0.0,-0.0,1,0,7,1,2350,0.0,1.0,0.0,-0.0
PF03409,PF10325,5,4,0,5,4,2349,0.0,1.0,0.0,-0.0,4,0,5,4,2349,0.0,1.0,0.0,-0.0
PF15480,PF06890,1,0,0,1,0,2357,0,1.0,0.0,0,0,0,1,0,2357,0,1.0,0.0,0
PF00935,PF01198,30,40,16,14,24,2304,0.4,0.98,0.53,0.45,40,16,14,24,2304,0.4,0.98,0.53,0.45
PF06653,PF15556,3,2,0,3,2,2353,0.0,1.0,0.0,-0.0,2,0,3,2,2353,0.0,1.0,0.0,-0.0
PF00691,PF01475,13,6,0,13,6,2339,0.0,0.99,0.0,-0.0,6,0,13,6,2339,0.0,0.99,0.0,-0.0
PF06049,PF09049,2,0,0,2,0,2356,0,1.0,0.0,0,0,0,2,0,2356,0,1.0,0.0,0
PF05653,PF03619,37,42,10,27,32,2289,0.24,0.97,0.27,0.24,42,10,27,32,2289,0.24,0.97,0.27,0.24
PF07807,PF07808,13,26,13,0,13,2332,0.5,0.99,1.0,0.71,26,13,0,13,2332,0.5,0.99,1.0,0.71
PF03594,PF17028,4,0,0,4,0,2354,0,1.0,0.0,0,0,0,4,0,2354,0,1.0,0.0,0
PF14388,PF12680,21,12,4,17,8,2329,0.33,0.99,0.19,0.25,12,4,17,8,2329,0.33,0.99,0.19,0.25
PF02611,PF05488,3,0,0,3,0,2355,0,1.0,0.0,0,0,0,3,0,2355,0,1.0,0.0,0
PF12973,PF09056,6,8,5,1,3,2349,0.62,1.0,0.83,0.72,8,5,1,3,2349,0.62,1.0,0.83,0.72
PF16675,PF16676,4,8,4,0,4,2350,0.5,1.0,1.0,0.71,8,4,0,4,2350,0.5,1.0,1.0,0.71
PF04188,PF14656,18,9,2,16,7,2333,0.22,0.99,0.11,0.15,9,2,16,7,2333,0.22,0.99,0.11,0.15
PF11698,PF10155,21,15,2,19,13,2324,0.13,0.99,0.1,0.11,15,2,19,13,2324,0.13,0.99,0.1,0.11
PF12579,PF11669,0,6,0,0,6,2352,0.0,1.0,0,0,6,0,0,6,2352,0.0,1.0,0,0
PF11805,PF08228,0,4,0,0,4,2354,0.0,1.0,0,0,4,0,0,4,2354,0.0,1.0,0,0
PF10863,PF15776,2,4,0,2,4,2352,0.0,1.0,0.0,-0.0,4,0,2,4,2352,0.0,1.0,0.0,-0.0
PF04777,PF00085,53,192,42,11,150,2155,0.22,0.93,0.79,0.39,192,42,11,150,2155,0.22,0.93,0.79,0.39
PF10076,PF05947,0,0,0,0,0,2358,0,1.0,0,0,0,0,0,0,2358,0,1.0,0,0
PF02059,PF10343,4,31,0,4,31,2323,0.0,0.99,0.0,-0.0,31,0,4,31,2323,0.0,0.99,0.0,-0.0
PF12356,PF09247,11,3,1,10,2,2345,0.33,0.99,0.09,0.17,3,1,10,2,2345,0.33,0.99,0.09,0.17
PF11696,PF15463,7,2,0,7,2,2349,0.0,1.0,0.0,-0.0,2,0,7,2,2349,0.0,1.0,0.0,-0.0
PF09697,PF15141,0,0,0,0,0,2358,0,1.0,0,0,0,0,0,0,2358,0,1.0,0,0
PF13310,PF01420,4,4,4,0,0,2354,1.0,1.0,1.0,1.0,4,4,0,0,2354,1.0,1.0,1.0,1.0
PF15755,PF15046,3,6,0,3,6,2349,0.0,1.0,0.0,-0.0,6,0,3,6,2349,0.0,1.0,0.0,-0.0
PF15091,PF15556,2,2,0,2,2,2354,0.0,1.0,0.0,-0.0,2,0,2,2,2354,0.0,1.0,0.0,-0.0
PF17013,PF04370,0,0,0,0,0,2358,0,1.0,0,0,0,0,0,0,2358,0,1.0,0,0
PF04811,PF08033,54,48,48,6,0,2304,1.0,1.0,0.89,0.94,48,48,6,0,2304,1.0,1.0,0.89,0.94
PF16470,PF01483,24,39,20,4,19,2315,0.51,0.99,0.83,0.65,39,20,4,19,2315,0.51,0.99,0.83,0.65
PF04547,PF16178,32,20,16,16,4,2322,0.8,0.99,0.5,0.63,20,16,16,4,2322,0.8,0.99,0.5,0.63
PF01125,PF09784,22,0,0,22,0,2336,0,0.99,0.0,0,0,0,22,0,2336,0,0.99,0.0,0
PF06781,PF11625,0,0,0,0,0,2358,0,1.0,0,0,0,0,0,0,2358,0,1.0,0,0
PF10377,PF15246,8,1,0,8,1,2349,0.0,1.0,0.0,-0.0,1,0,8,1,2349,0.0,1.0,0.0,-0.0
PF04189,PF02731,22,18,2,20,16,2320,0.11,0.98,0.09,0.09,18,2,20,16,2320,0.11,0.98,0.09,0.09
PF13508,PF13673,18,39,7,11,32,2308,0.18,0.98,0.39,0.26,39,7,11,32,2308,0.18,0.98,0.39,0.26
PF01470,PF04716,17,28,3,14,25,2316,0.11,0.98,0.18,0.13,28,3,14,25,2316,0.11,0.98,0.18,0.13
PF02779,PF00456,88,22,17,71,5,2265,0.77,0.97,0.19,0.38,22,17,71,5,2265,0.77,0.97,0.19,0.38
PF02207,PF02617,30,16,12,18,4,2324,0.75,0.99,0.4,0.54,16,12,18,4,2324,0.75,0.99,0.4,0.54
PF14980,PF07661,2,3,0,2,3,2353,0.0,1.0,0.0,-0.0,3,0,2,3,2353,0.0,1.0,0.0,-0.0
PF16366,PF16368,22,6,6,16,0,2336,1.0,0.99,0.27,0.52,6,6,16,0,2336,1.0,0.99,0.27,0.52
PF16077,PF10188,24,0,0,24,0,2334,0,0.99,0.0,0,0,0,24,0,2334,0,0.99,0.0,0
PF16843,PF09055,1,5,1,0,4,2353,0.2,1.0,1.0,0.45,5,1,0,4,2353,0.2,1.0,1.0,0.45
PF12790,PF05836,0,2,0,0,2,2356,0.0,1.0,0,0,2,0,0,2,2356,0.0,1.0,0,0
PF16501,PF11500,1,3,0,1,3,2354,0.0,1.0,0.0,-0.0,3,0,1,3,2354,0.0,1.0,0.0,-0.0
PF15844,PF08116,0,2,0,0,2,2356,0.0,1.0,0,0,2,0,0,2,2356,0.0,1.0,0,0
PF08547,PF13460,26,75,20,6,55,2277,0.27,0.97,0.77,0.44,75,20,6,55,2277,0.27,0.97,0.77,0.44
PF09067,PF12772,5,1,1,4,0,2353,1.0,1.0,0.2,0.45,1,1,4,0,2353,1.0,1.0,0.2,0.45
PF06299,PF03815,0,24,0,0,24,2334,0.0,0.99,0,0,24,0,0,24,2334,0.0,0.99,0,0
PF02690,PF04261,13,20,7,6,13,2332,0.35,0.99,0.54,0.43,20,7,6,13,2332,0.35,0.99,0.54,0.43
PF02542,PF07080,6,6,1,5,5,2347,0.17,1.0,0.17,0.16,6,1,5,5,2347,0.17,1.0,0.17,0.16
PF07953,PF15394,11,6,3,8,3,2344,0.5,1.0,0.27,0.37,6,3,8,3,2344,0.5,1.0,0.27,0.37
PF05202,PF02277,1,4,0,1,4,2353,0.0,1.0,0.0,-0.0,4,0,1,4,2353,0.0,1.0,0.0,-0.0
PF03922,PF11736,2,8,1,1,7,2349,0.12,1.0,0.5,0.25,8,1,1,7,2349,0.12,1.0,0.5,0.25
PF08742,PF00094,53,71,50,3,21,2284,0.7,0.99,0.94,0.81,71,50,3,21,2284,0.7,0.99,0.94,0.81
PF04758,PF01020,22,25,6,16,19,2317,0.24,0.99,0.27,0.25,25,6,16,19,2317,0.24,0.99,0.27,0.25
PF09669,PF01312,1,3,0,1,3,2354,0.0,1.0,0.0,-0.0,3,0,1,3,2354,0.0,1.0,0.0,-0.0
PF02342,PF16562,6,10,1,5,9,2343,0.1,0.99,0.17,0.13,10,1,5,9,2343,0.1,0.99,0.17,0.13
PF08264,PF00133,87,102,74,13,28,2243,0.73,0.98,0.85,0.78,102,74,13,28,2243,0.73,0.98,0.85,0.78
PF08434,PF15300,18,2,0,18,2,2338,0.0,0.99,0.0,-0.0,2,0,18,2,2338,0.0,0.99,0.0,-0.0
PF06067,PF10517,0,10,0,0,10,2348,0.0,1.0,0,0,10,0,0,10,2348,0.0,1.0,0,0
PF00343,PF01896,41,18,4,37,14,2303,0.22,0.98,0.1,0.14,18,4,37,14,2303,0.22,0.98,0.1,0.14
PF07559,PF03963,3,3,3,0,0,2355,1.0,1.0,1.0,1.0,3,3,0,0,2355,1.0,1.0,1.0,1.0
PF12776,PF13359,47,77,21,26,56,2255,0.27,0.97,0.45,0.33,77,21,26,56,2255,0.27,0.97,0.45,0.33
PF11521,PF02002,4,21,4,0,17,2337,0.19,0.99,1.0,0.43,21,4,0,17,2337,0.19,0.99,1.0,0.43
PF01057,PF16071,4,0,0,4,0,2354,0,1.0,0.0,0,0,0,4,0,2354,0,1.0,0.0,0
PF03106,PF07887,35,18,14,21,4,2319,0.78,0.99,0.4,0.55,18,14,21,4,2319,0.78,0.99,0.4,0.55
PF08270,PF13610,0,3,0,0,3,2355,0.0,1.0,0,0,3,0,0,3,2355,0.0,1.0,0,0
PF09686,PF15168,0,8,0,0,8,2350,0.0,1.0,0,0,8,0,0,8,2350,0.0,1.0,0,0
PF02347,PF01212,16,44,11,5,33,2309,0.25,0.98,0.69,0.41,44,11,5,33,2309,0.25,0.98,0.69,0.41
PF03348,PF05251,29,6,4,25,2,2327,0.67,0.99,0.14,0.3,6,4,25,2,2327,0.67,0.99,0.14,0.3
PF06398,PF06462,25,20,6,19,14,2319,0.3,0.99,0.24,0.26,20,6,19,14,2319,0.3,0.99,0.24,0.26
PF13861,PF07157,1,0,0,1,0,2357,0,1.0,0.0,0,0,0,1,0,2357,0,1.0,0.0,0
PF14575,PF01404,11,14,10,1,4,2343,0.71,1.0,0.91,0.8,14,10,1,4,2343,0.71,1.0,0.91,0.8
PF12660,PF06469,6,4,1,5,3,2349,0.25,1.0,0.17,0.2,4,1,5,3,2349,0.25,1.0,0.17,0.2
PF14057,PF08119,0,3,0,0,3,2355,0.0,1.0,0,0,3,0,0,3,2355,0.0,1.0,0,0
PF01056,PF02344,15,10,8,7,2,2341,0.8,1.0,0.53,0.65,10,8,7,2,2341,0.8,1.0,0.53,0.65
PF09825,PF02237,6,5,3,3,2,2350,0.6,1.0,0.5,0.55,5,3,3,2,2350,0.6,1.0,0.5,0.55
PF03901,PF10245,62,16,6,56,10,2286,0.38,0.97,0.1,0.18,16,6,56,10,2286,0.38,0.97,0.1,0.18
PF05494,PF16216,3,1,0,3,1,2354,0.0,1.0,0.0,-0.0,1,0,3,1,2354,0.0,1.0,0.0,-0.0
PF14052,PF10995,0,0,0,0,0,2358,0,1.0,0,0,0,0,0,0,2358,0,1.0,0,0
PF10414,PF13404,6,8,2,4,6,2346,0.25,1.0,0.33,0.29,8,2,4,6,2346,0.25,1.0,0.33,0.29
PF00208,PF02812,38,23,23,15,0,2320,1.0,0.99,0.61,0.78,23,23,15,0,2320,1.0,0.99,0.61,0.78
PF06819,PF05565,0,0,0,0,0,2358,0,1.0,0,0,0,0,0,0,2358,0,1.0,0,0
PF01193,PF01066,32,70,12,20,58,2268,0.17,0.97,0.38,0.24,70,12,20,58,2268,0.17,0.97,0.38,0.24
PF03018,PF03168,22,18,4,18,14,2322,0.22,0.99,0.18,0.19,18,4,18,14,2322,0.22,0.99,0.18,0.19
PF07494,PF01580,3,7,0,3,7,2348,0.0,1.0,0.0,-0.0,7,0,3,7,2348,0.0,1.0,0.0,-0.0
PF08805,PF04917,3,2,2,1,0,2355,1.0,1.0,0.67,0.82,2,2,1,0,2355,1.0,1.0,0.67,0.82
PF00132,PF00483,105,57,39,66,18,2235,0.68,0.96,0.37,0.49,57,39,66,18,2235,0.68,0.96,0.37,0.49
PF02782,PF00370,65,74,57,8,17,2276,0.77,0.99,0.88,0.82,74,57,8,17,2276,0.77,0.99,0.88,0.82
PF00607,PF02093,20,9,6,14,3,2335,0.67,0.99,0.3,0.44,9,6,14,3,2335,0.67,0.99,0.3,0.44
PF08020,PF01591,0,34,0,0,34,2324,0.0,0.99,0,0,34,0,0,34,2324,0.0,0.99,0,0
PF09028,PF11162,1,0,0,1,0,2357,0,1.0,0.0,0,0,0,1,0,2357,0,1.0,0.0,0
PF00746,PF10856,0,0,0,0,0,2358,0,1.0,0,0,0,0,0,0,2358,0,1.0,0,0
PF09106,PF09107,5,5,5,0,0,2353,1.0,1.0,1.0,1.0,5,5,0,0,2353,1.0,1.0,1.0,1.0
PF07710,PF08563,3,3,3,0,0,2355,1.0,1.0,1.0,1.0,3,3,0,0,2355,1.0,1.0,1.0,1.0
PF15295,PF12830,0,18,0,0,18,2340,0.0,0.99,0,0,18,0,0,18,2340,0.0,0.99,0,0
PF02170,PF08699,80,73,66,14,7,2271,0.9,0.99,0.82,0.86,73,66,14,7,2271,0.9,0.99,0.82,0.86
PF09596,PF12478,4,10,0,4,10,2344,0.0,0.99,0.0,-0.0,10,0,4,10,2344,0.0,0.99,0.0,-0.0
PF12757,PF11496,2,15,1,1,14,2342,0.07,0.99,0.5,0.18,15,1,1,14,2342,0.07,0.99,0.5,0.18
PF02369,PF15518,0,3,0,0,3,2355,0.0,1.0,0,0,3,0,0,3,2355,0.0,1.0,0,0
PF13538,PF02689,8,10,4,4,6,2344,0.4,1.0,0.5,0.45,10,4,4,6,2344,0.4,1.0,0.5,0.45
PF08943,PF08894,1,1,0,1,1,2356,0.0,1.0,0.0,-0.0,1,0,1,1,2356,0.0,1.0,0.0,-0.0
PF17109,PF12770,9,22,3,6,19,2330,0.14,0.99,0.33,0.21,22,3,6,19,2330,0.14,0.99,0.33,0.21
PF10234,PF09755,6,8,0,6,8,2344,0.0,0.99,0.0,-0.0,8,0,6,8,2344,0.0,0.99,0.0,-0.0
PF00337,PF13334,53,7,5,48,2,2303,0.71,0.98,0.09,0.25,7,5,48,2,2303,0.71,0.98,0.09,0.25
PF02975,PF03241,7,0,0,7,0,2351,0,1.0,0.0,0,0,0,7,0,2351,0,1.0,0.0,0
PF00251,PF08244,26,21,21,5,0,2332,1.0,1.0,0.81,0.9,21,21,5,0,2332,1.0,1.0,0.81,0.9
PF11128,PF14975,0,12,0,0,12,2346,0.0,0.99,0,0,12,0,0,12,2346,0.0,0.99,0,0
PF04370,PF15621,0,0,0,0,0,2358,0,1.0,0,0,0,0,0,0,2358,0,1.0,0,0
PF05969,PF07405,3,0,0,3,0,2355,0,1.0,0.0,0,0,0,3,0,2355,0,1.0,0.0,0
PF09271,PF09270,17,17,17,0,0,2341,1.0,1.0,1.0,1.0,17,17,0,0,2341,1.0,1.0,1.0,1.0
PF13332,PF04232,0,3,0,0,3,2355,0.0,1.0,0,0,3,0,0,3,2355,0.0,1.0,0,0
PF04115,PF03561,20,18,6,14,12,2326,0.33,0.99,0.3,0.31,18,6,14,12,2326,0.33,0.99,0.3,0.31
PF17029,PF13994,0,1,0,0,1,2357,0.0,1.0,0,0,1,0,0,1,2357,0.0,1.0,0,0
PF00419,PF02277,7,4,0,7,4,2347,0.0,1.0,0.0,-0.0,4,0,7,4,2347,0.0,1.0,0.0,-0.0
PF09263,PF09262,7,20,7,0,13,2338,0.35,0.99,1.0,0.59,20,7,0,13,2338,0.35,0.99,1.0,0.59
PF13403,PF08093,0,3,0,0,3,2355,0.0,1.0,0,0,3,0,0,3,2355,0.0,1.0,0,0
PF01805,PF04818,61,60,24,37,36,2261,0.4,0.97,0.39,0.38,60,24,37,36,2261,0.4,0.97,0.39,0.38
PF14474,PF04988,6,8,0,6,8,2344,0.0,0.99,0.0,-0.0,8,0,6,8,2344,0.0,0.99,0.0,-0.0
PF02911,PF00551,24,46,21,3,25,2309,0.46,0.99,0.88,0.63,46,21,3,25,2309,0.46,0.99,0.88,0.63
PF05155,PF12081,1,0,0,1,0,2357,0,1.0,0.0,0,0,0,1,0,2357,0,1.0,0.0,0
PF00196,PF00486,16,19,9,7,10,2332,0.47,0.99,0.56,0.51,19,9,7,10,2332,0.47,0.99,0.56,0.51
PF01131,PF01751,43,60,37,6,23,2292,0.62,0.99,0.86,0.72,60,37,6,23,2292,0.62,0.99,0.86,0.72
PF04554,PF03466,2,18,0,2,18,2338,0.0,0.99,0.0,-0.0,18,0,2,18,2338,0.0,0.99,0.0,-0.0
PF00735,PF04548,52,42,14,38,28,2278,0.33,0.97,0.27,0.29,42,14,38,28,2278,0.33,0.97,0.27,0.29
PF12063,PF11629,17,7,5,12,2,2339,0.71,0.99,0.29,0.46,7,5,12,2,2339,0.71,0.99,0.29,0.46
PF07937,PF09611,0,0,0,0,0,2358,0,1.0,0,0,0,0,0,0,2358,0,1.0,0,0
PF01484,PF09006,75,0,0,75,0,2283,0,0.97,0.0,0,0,0,75,0,2283,0,0.97,0.0,0
PF12185,PF00638,13,67,13,0,54,2291,0.19,0.98,1.0,0.44,67,13,0,54,2291,0.19,0.98,1.0,0.44
PF06651,PF03745,0,0,0,0,0,2358,0,1.0,0,0,0,0,0,0,2358,0,1.0,0,0
PF10105,PF11230,2,2,2,0,0,2356,1.0,1.0,1.0,1.0,2,2,0,0,2356,1.0,1.0,1.0,1.0
PF02371,PF10994,6,0,0,6,0,2352,0,1.0,0.0,0,0,0,6,0,2352,0,1.0,0.0,0
PF02162,PF03827,8,6,3,5,3,2347,0.5,1.0,0.38,0.43,6,3,5,3,2347,0.5,1.0,0.38,0.43
PF08683,PF17095,13,8,8,5,0,2345,1.0,1.0,0.62,0.78,8,8,5,0,2345,1.0,1.0,0.62,0.78
PF15860,PF08561,10,13,0,10,13,2335,0.0,0.99,0.0,-0.0,13,0,10,13,2335,0.0,0.99,0.0,-0.0
PF02626,PF02682,22,22,22,0,0,2336,1.0,1.0,1.0,1.0,22,22,0,0,2336,1.0,1.0,1.0,1.0
PF05567,PF17164,0,0,0,0,0,2358,0,1.0,0,0,0,0,0,0,2358,0,1.0,0,0
PF00224,PF02887,71,49,49,22,0,2287,1.0,0.99,0.69,0.83,49,49,22,0,2287,1.0,0.99,0.69,0.83
PF14646,PF14909,9,8,1,8,7,2342,0.12,0.99,0.11,0.11,8,1,8,7,2342,0.12,0.99,0.11,0.11
PF08625,PF14077,15,5,2,13,3,2340,0.4,0.99,0.13,0.23,5,2,13,3,2340,0.4,0.99,0.13,0.23
PF02913,PF09265,56,22,6,50,16,2286,0.27,0.97,0.11,0.16,22,6,50,16,2286,0.27,0.97,0.11,0.16
PF12016,PF10574,2,0,0,2,0,2356,0,1.0,0.0,0,0,0,2,0,2356,0,1.0,0.0,0
PF00028,PF01049,97,14,12,85,2,2259,0.86,0.96,0.12,0.32,14,12,85,2,2259,0.86,0.96,0.12,0.32
PF15553,PF08642,0,1,0,0,1,2357,0.0,1.0,0,0,1,0,0,1,2357,0.0,1.0,0,0
PF15342,PF10571,5,0,0,5,0,2353,0,1.0,0.0,0,0,0,5,0,2353,0,1.0,0.0,0
PF15823,PF07157,0,0,0,0,0,2358,0,1.0,0,0,0,0,0,0,2358,0,1.0,0,0
PF14723,PF16756,1,0,0,1,0,2357,0,1.0,0.0,0,0,0,1,0,2357,0,1.0,0.0,0
PF00384,PF09326,36,22,20,16,2,2320,0.91,0.99,0.56,0.71,22,20,16,2,2320,0.91,0.99,0.56,0.71
PF03954,PF08391,1,4,0,1,4,2353,0.0,1.0,0.0,-0.0,4,0,1,4,2353,0.0,1.0,0.0,-0.0
PF13392,PF07929,15,9,1,14,8,2335,0.11,0.99,0.07,0.08,9,1,14,8,2335,0.11,0.99,0.07,0.08
PF05033,PF11764,42,11,5,37,6,2310,0.45,0.98,0.12,0.23,11,5,37,6,2310,0.45,0.98,0.12,0.23
PF03676,PF02312,16,5,2,14,3,2339,0.4,0.99,0.12,0.22,5,2,14,3,2339,0.4,0.99,0.12,0.22
PF10180,PF02116,21,6,0,21,6,2331,0.0,0.99,0.0,-0.0,6,0,21,6,2331,0.0,0.99,0.0,-0.0
PF14648,PF14647,4,4,4,0,0,2354,1.0,1.0,1.0,1.0,4,4,0,0,2354,1.0,1.0,1.0,1.0
PF11987,PF08364,58,10,10,48,0,2300,1.0,0.98,0.17,0.41,10,10,48,0,2300,1.0,0.98,0.17,0.41
PF14767,PF14766,0,4,0,0,4,2354,0.0,1.0,0,0,4,0,0,4,2354,0.0,1.0,0,0
PF10620,PF01411,1,53,0,1,53,2304,0.0,0.98,0.0,-0.0,53,0,1,53,2304,0.0,0.98,0.0,-0.0
PF05671,PF04764,3,0,0,3,0,2355,0,1.0,0.0,0,0,0,3,0,2355,0,1.0,0.0,0
PF13875,PF01297,2,8,1,1,7,2349,0.12,1.0,0.5,0.25,8,1,1,7,2349,0.12,1.0,0.5,0.25
PF06527,PF10266,0,10,0,0,10,2348,0.0,1.0,0,0,10,0,0,10,2348,0.0,1.0,0,0
PF10613,PF00497,62,46,22,40,24,2272,0.48,0.97,0.35,0.4,46,22,40,24,2272,0.48,0.97,0.35,0.4
PF08636,PF11623,4,1,0,4,1,2353,0.0,1.0,0.0,-0.0,1,0,4,1,2353,0.0,1.0,0.0,-0.0
PF09667,PF16090,0,10,0,0,10,2348,0.0,1.0,0,0,10,0,0,10,2348,0.0,1.0,0,0
PF09443,PF15346,6,5,1,5,4,2348,0.2,1.0,0.17,0.18,5,1,5,4,2348,0.2,1.0,0.17,0.18
PF12191,PF01752,0,4,0,0,4,2354,0.0,1.0,0,0,4,0,0,4,2354,0.0,1.0,0,0
PF16020,PF14721,5,9,3,2,6,2347,0.33,1.0,0.6,0.45,9,3,2,6,2347,0.33,1.0,0.6,0.45
PF11585,PF08189,0,0,0,0,0,2358,0,1.0,0,0,0,0,0,0,2358,0,1.0,0,0
PF00956,PF01214,39,31,11,28,20,2299,0.35,0.98,0.28,0.31,31,11,28,20,2299,0.35,0.98,0.28,0.31
PF02218,PF08824,5,1,1,4,0,2353,1.0,1.0,0.2,0.45,1,1,4,0,2353,1.0,1.0,0.2,0.45
PF12066,PF08729,23,8,5,18,3,2332,0.62,0.99,0.22,0.37,8,5,18,3,2332,0.62,0.99,0.22,0.37
PF15268,PF16415,3,27,0,3,27,2328,0.0,0.99,0.0,-0.0,27,0,3,27,2328,0.0,0.99,0.0,-0.0
PF13333,PF01514,1,3,0,1,3,2354,0.0,1.0,0.0,-0.0,3,0,1,3,2354,0.0,1.0,0.0,-0.0
PF11502,PF15735,4,5,0,4,5,2349,0.0,1.0,0.0,-0.0,5,0,4,5,2349,0.0,1.0,0.0,-0.0
PF12592,PF07726,3,7,2,1,5,2350,0.29,1.0,0.67,0.44,7,2,1,5,2350,0.29,1.0,0.67,0.44
PF15464,PF17049,0,2,0,0,2,2356,0.0,1.0,0,0,2,0,0,2,2356,0.0,1.0,0,0
PF14108,PF10868,5,2,0,5,2,2351,0.0,1.0,0.0,-0.0,2,0,5,2,2351,0.0,1.0,0.0,-0.0
PF15729,PF02601,2,2,0,2,2,2354,0.0,1.0,0.0,-0.0,2,0,2,2,2354,0.0,1.0,0.0,-0.0
PF14892,PF15559,7,1,0,7,1,2350,0.0,1.0,0.0,-0.0,1,0,7,1,2350,0.0,1.0,0.0,-0.0
PF05003,PF01343,3,30,1,2,29,2326,0.03,0.99,0.33,0.1,30,1,2,29,2326,0.03,0.99,0.33,0.1
PF14744,PF14745,16,13,13,3,0,2342,1.0,1.0,0.81,0.9,13,13,3,0,2342,1.0,1.0,0.81,0.9
PF10722,PF04222,0,0,0,0,0,2358,0,1.0,0,0,0,0,0,0,2358,0,1.0,0,0
PF04193,PF10171,60,16,6,54,10,2288,0.38,0.97,0.1,0.18,16,6,54,10,2288,0.38,0.97,0.1,0.18
PF15252,PF01415,0,4,0,0,4,2354,0.0,1.0,0,0,4,0,0,4,2354,0.0,1.0,0,0
PF02092,PF02091,17,8,7,10,1,2340,0.88,1.0,0.41,0.6,8,7,10,1,2340,0.88,1.0,0.41,0.6
PF04091,PF12036,23,3,0,23,3,2332,0.0,0.99,0.0,-0.0,3,0,23,3,2332,0.0,0.99,0.0,-0.0
PF02019,PF06760,7,4,3,4,1,2350,0.75,1.0,0.43,0.57,4,3,4,1,2350,0.75,1.0,0.43,0.57
PF04166,PF15623,9,0,0,9,0,2349,0,1.0,0.0,0,0,0,9,0,2349,0,1.0,0.0,0
PF03125,PF10317,18,17,5,13,12,2328,0.29,0.99,0.28,0.28,17,5,13,12,2328,0.29,0.99,0.28,0.28
PF08244,PF00251,21,26,21,0,5,2332,0.81,1.0,1.0,0.9,26,21,0,5,2332,0.81,1.0,1.0,0.9
PF07192,PF02557,0,3,0,0,3,2355,0.0,1.0,0,0,3,0,0,3,2355,0.0,1.0,0,0
PF05178,PF12936,13,13,13,0,0,2345,1.0,1.0,1.0,1.0,13,13,0,0,2345,1.0,1.0,1.0,1.0
PF01545,PF00474,79,73,29,50,44,2235,0.4,0.96,0.37,0.36,73,29,50,44,2235,0.4,0.96,0.37,0.36
PF09954,PF00359,0,8,0,0,8,2350,0.0,1.0,0,0,8,0,0,8,2350,0.0,1.0,0,0
PF01795,PF02381,26,5,5,21,0,2332,1.0,0.99,0.19,0.44,5,5,21,0,2332,1.0,0.99,0.19,0.44
PF14528,PF07453,1,4,1,0,3,2354,0.25,1.0,1.0,0.5,4,1,0,3,2354,0.25,1.0,1.0,0.5
PF09204,PF10106,2,1,0,2,1,2355,0.0,1.0,0.0,-0.0,1,0,2,1,2355,0.0,1.0,0.0,-0.0
PF15128,PF06798,2,0,0,2,0,2356,0,1.0,0.0,0,0,0,2,0,2356,0,1.0,0.0,0
PF12541,PF09365,0,3,0,0,3,2355,0.0,1.0,0,0,3,0,0,3,2355,0.0,1.0,0,0
PF02897,PF00930,27,26,7,20,19,2312,0.27,0.98,0.26,0.26,26,7,20,19,2312,0.27,0.98,0.26,0.26
PF05869,PF02160,7,2,0,7,2,2349,0.0,1.0,0.0,-0.0,2,0,7,2,2349,0.0,1.0,0.0,-0.0
PF07735,PF01827,22,23,5,17,18,2318,0.22,0.99,0.23,0.21,23,5,17,18,2318,0.22,0.99,0.23,0.21
PF09758,PF04048,2,25,0,2,25,2331,0.0,0.99,0.0,-0.0,25,0,2,25,2331,0.0,0.99,0.0,-0.0
PF01989,PF04412,1,1,1,0,0,2357,1.0,1.0,1.0,1.0,1,1,0,0,2357,1.0,1.0,1.0,1.0
PF09784,PF15744,0,0,0,0,0,2358,0,1.0,0,0,0,0,0,0,2358,0,1.0,0,0
PF07797,PF15245,11,1,1,10,0,2347,1.0,1.0,0.09,0.3,1,1,10,0,2347,1.0,1.0,0.09,0.3
PF02979,PF02277,4,4,0,4,4,2350,0.0,1.0,0.0,-0.0,4,0,4,4,2350,0.0,1.0,0.0,-0.0
PF00638,PF08911,67,14,13,54,1,2290,0.93,0.98,0.19,0.42,14,13,54,1,2290,0.93,0.98,0.19,0.42
PF10474,PF07928,5,17,2,3,15,2338,0.12,0.99,0.4,0.21,17,2,3,15,2338,0.12,0.99,0.4,0.21
PF00143,PF12020,3,0,0,3,0,2355,0,1.0,0.0,0,0,0,3,0,2355,0,1.0,0.0,0
PF01851,PF12859,32,6,2,30,4,2322,0.33,0.99,0.06,0.14,6,2,30,4,2322,0.33,0.99,0.06,0.14
PF05127,PF13718,25,21,20,5,1,2332,0.95,1.0,0.8,0.87,21,20,5,1,2332,0.95,1.0,0.8,0.87
PF01834,PF08605,11,3,0,11,3,2344,0.0,0.99,0.0,-0.0,3,0,11,3,2344,0.0,0.99,0.0,-0.0
PF13870,PF06211,5,4,0,5,4,2349,0.0,1.0,0.0,-0.0,4,0,5,4,2349,0.0,1.0,0.0,-0.0
PF08543,PF03070,36,27,18,18,9,2313,0.67,0.99,0.5,0.57,27,18,18,9,2313,0.67,0.99,0.5,0.57
PF00689,PF08282,116,48,30,86,18,2224,0.62,0.96,0.26,0.38,48,30,86,18,2224,0.62,0.96,0.26,0.38
PF08566,PF09348,8,2,0,8,2,2348,0.0,1.0,0.0,-0.0,2,0,8,2,2348,0.0,1.0,0.0,-0.0
PF08906,PF00713,0,1,0,0,1,2357,0.0,1.0,0,0,1,0,0,1,2357,0.0,1.0,0,0
PF16856,PF12125,1,10,1,0,9,2348,0.1,1.0,1.0,0.32,10,1,0,9,2348,0.1,1.0,1.0,0.32
PF00649,PF15678,11,1,0,11,1,2346,0.0,0.99,0.0,-0.0,1,0,11,1,2346,0.0,0.99,0.0,-0.0
PF05746,PF03485,53,30,26,27,4,2301,0.87,0.99,0.49,0.65,30,26,27,4,2301,0.87,0.99,0.49,0.65
PF07966,PF00026,6,113,6,0,107,2245,0.05,0.95,1.0,0.23,113,6,0,107,2245,0.05,0.95,1.0,0.23
PF06136,PF03759,12,16,2,10,14,2332,0.12,0.99,0.17,0.14,16,2,10,14,2332,0.12,0.99,0.17,0.14
PF06477,PF08212,12,16,2,10,14,2332,0.12,0.99,0.17,0.14,16,2,10,14,2332,0.12,0.99,0.17,0.14
PF07377,PF06674,7,7,7,0,0,2351,1.0,1.0,1.0,1.0,7,7,0,0,2351,1.0,1.0,1.0,1.0
PF16497,PF14517,4,2,0,4,2,2352,0.0,1.0,0.0,-0.0,2,0,4,2,2352,0.0,1.0,0.0,-0.0
PF01012,PF00766,38,18,16,22,2,2318,0.89,0.99,0.42,0.61,18,16,22,2,2318,0.89,0.99,0.42,0.61
PF03055,PF15219,38,2,2,36,0,2320,1.0,0.98,0.05,0.23,2,2,36,0,2320,1.0,0.98,0.05,0.23
PF14871,PF03428,2,0,0,2,0,2356,0,1.0,0.0,0,0,0,2,0,2356,0,1.0,0.0,0
PF01450,PF07991,16,13,13,3,0,2342,1.0,1.0,0.81,0.9,13,13,3,0,2342,1.0,1.0,0.81,0.9
PF05438,PF15744,4,0,0,4,0,2354,0,1.0,0.0,0,0,0,4,0,2354,0,1.0,0.0,0
PF03439,PF11942,29,15,15,14,0,2329,1.0,0.99,0.52,0.72,15,15,14,0,2329,1.0,0.99,0.52,0.72
PF04487,PF16036,5,7,0,5,7,2346,0.0,0.99,0.0,-0.0,7,0,5,7,2346,0.0,0.99,0.0,-0.0
PF07365,PF06227,3,0,0,3,0,2355,0,1.0,0.0,0,0,0,3,0,2355,0,1.0,0.0,0
PF09532,PF12701,32,27,23,9,4,2322,0.85,0.99,0.72,0.78,27,23,9,4,2322,0.85,0.99,0.72,0.78
PF01887,PF04222,0,0,0,0,0,2358,0,1.0,0,0,0,0,0,0,2358,0,1.0,0,0
PF09026,PF04236,9,5,1,8,4,2345,0.2,0.99,0.11,0.15,5,1,8,4,2345,0.2,0.99,0.11,0.15
PF10559,PF00344,20,35,20,0,15,2323,0.57,0.99,1.0,0.75,35,20,0,15,2323,0.57,0.99,1.0,0.75
PF08782,PF15223,13,0,0,13,0,2345,0,0.99,0.0,0,0,0,13,0,2345,0,0.99,0.0,0
PF01556,PF14308,80,17,7,73,10,2268,0.41,0.96,0.09,0.18,17,7,73,10,2268,0.41,0.96,0.09,0.18
PF10672,PF12955,4,5,0,4,5,2349,0.0,1.0,0.0,-0.0,5,0,4,5,2349,0.0,1.0,0.0,-0.0
PF03098,PF08030,51,84,25,26,59,2248,0.3,0.96,0.49,0.36,84,25,26,59,2248,0.3,0.96,0.49,0.36
PF00272,PF01716,1,6,0,1,6,2351,0.0,1.0,0.0,-0.0,6,0,1,6,2351,0.0,1.0,0.0,-0.0
PF09011,PF08347,40,1,0,40,1,2317,0.0,0.98,0.0,-0.0,1,0,40,1,2317,0.0,0.98,0.0,-0.0
PF10717,PF03265,1,38,0,1,38,2319,0.0,0.98,0.0,-0.0,38,0,1,38,2319,0.0,0.98,0.0,-0.0
PF00514,PF16689,113,4,4,109,0,2245,1.0,0.95,0.04,0.18,4,4,109,0,2245,1.0,0.95,0.04,0.18
PF00091,PF03953,111,95,88,23,7,2240,0.93,0.99,0.79,0.85,95,88,23,7,2240,0.93,0.99,0.79,0.85
PF07731,PF07732,88,87,80,8,7,2263,0.92,0.99,0.91,0.91,87,80,8,7,2263,0.92,0.99,0.91,0.91
PF00319,PF12346,35,2,1,34,1,2322,0.5,0.99,0.03,0.12,2,1,34,1,2322,0.5,0.99,0.03,0.12
PF05084,PF01300,0,29,0,0,29,2329,0.0,0.99,0,0,29,0,0,29,2329,0.0,0.99,0,0
PF13942,PF06451,0,2,0,0,2,2356,0.0,1.0,0,0,2,0,0,2,2356,0.0,1.0,0,0
PF09497,PF08729,16,8,4,12,4,2338,0.5,0.99,0.25,0.35,8,4,12,4,2338,0.5,0.99,0.25,0.35
PF15924,PF13439,12,31,4,8,27,2319,0.13,0.99,0.33,0.2,31,4,8,27,2319,0.13,0.99,0.33,0.2
PF07133,PF15447,3,3,3,0,0,2355,1.0,1.0,1.0,1.0,3,3,0,0,2355,1.0,1.0,1.0,1.0
PF01730,PF08286,5,0,0,5,0,2353,0,1.0,0.0,0,0,0,5,0,2353,0,1.0,0.0,0
PF02514,PF11965,2,5,2,0,3,2353,0.4,1.0,1.0,0.63,5,2,0,3,2353,0.4,1.0,1.0,0.63
PF09829,PF08411,0,2,0,0,2,2356,0.0,1.0,0,0,2,0,0,2,2356,0.0,1.0,0,0
PF16997,PF08497,0,0,0,0,0,2358,0,1.0,0,0,0,0,0,0,2358,0,1.0,0,0
PF14669,PF15082,0,3,0,0,3,2355,0.0,1.0,0,0,3,0,0,3,2355,0.0,1.0,0,0
PF15477,PF11669,18,6,1,17,5,2335,0.17,0.99,0.06,0.09,6,1,17,5,2335,0.17,0.99,0.06,0.09
PF01526,PF16732,2,0,0,2,0,2356,0,1.0,0.0,0,0,0,2,0,2356,0,1.0,0.0,0
PF08310,PF04122,2,0,0,2,0,2356,0,1.0,0.0,0,0,0,2,0,2356,0,1.0,0.0,0
PF13885,PF05287,2,1,1,1,0,2356,1.0,1.0,0.5,0.71,1,1,1,0,2356,1.0,1.0,0.5,0.71
PF06882,PF09829,3,0,0,3,0,2355,0,1.0,0.0,0,0,0,3,0,2355,0,1.0,0.0,0
PF07054,PF11265,3,8,0,3,8,2347,0.0,1.0,0.0,-0.0,8,0,3,8,2347,0.0,1.0,0.0,-0.0
PF01695,PF13269,13,0,0,13,0,2345,0,0.99,0.0,0,0,0,13,0,2345,0,0.99,0.0,0
PF07557,PF06637,14,1,0,14,1,2343,0.0,0.99,0.0,-0.0,1,0,14,1,2343,0.0,0.99,0.0,-0.0
PF08889,PF11862,0,3,0,0,3,2355,0.0,1.0,0,0,3,0,0,3,2355,0.0,1.0,0,0
PF03946,PF02747,43,21,3,40,18,2297,0.14,0.98,0.07,0.09,21,3,40,18,2297,0.14,0.98,0.07,0.09
PF00538,PF14379,45,12,2,43,10,2303,0.17,0.98,0.04,0.08,12,2,43,10,2303,0.17,0.98,0.04,0.08
PF02029,PF15388,17,3,3,14,0,2341,1.0,0.99,0.18,0.42,3,3,14,0,2341,1.0,0.99,0.18,0.42
PF02863,PF08021,5,0,0,5,0,2353,0,1.0,0.0,0,0,0,5,0,2353,0,1.0,0.0,0
PF08770,PF01943,0,1,0,0,1,2357,0.0,1.0,0,0,1,0,0,1,2357,0.0,1.0,0,0
PF15138,PF07400,8,1,0,8,1,2349,0.0,1.0,0.0,-0.0,1,0,8,1,2349,0.0,1.0,0.0,-0.0
PF12929,PF10252,21,3,1,20,2,2335,0.33,0.99,0.05,0.12,3,1,20,2,2335,0.33,0.99,0.05,0.12
PF00613,PF00792,53,40,40,13,0,2305,1.0,0.99,0.75,0.87,40,40,13,0,2305,1.0,0.99,0.75,0.87
PF10541,PF17213,12,5,0,12,5,2341,0.0,0.99,0.0,-0.0,5,0,12,5,2341,0.0,0.99,0.0,-0.0
PF05889,PF00147,2,107,1,1,106,2250,0.01,0.95,0.5,0.06,107,1,1,106,2250,0.01,0.95,0.5,0.06
PF00736,PF10587,51,33,33,18,0,2307,1.0,0.99,0.65,0.8,33,33,18,0,2307,1.0,0.99,0.65,0.8
PF17039,PF00852,34,52,33,1,19,2305,0.63,0.99,0.97,0.78,52,33,1,19,2305,0.63,0.99,0.97,0.78
PF03828,PF01909,58,43,33,25,10,2290,0.77,0.99,0.57,0.65,43,33,25,10,2290,0.77,0.99,0.57,0.65
PF02312,PF02525,5,4,0,5,4,2349,0.0,1.0,0.0,-0.0,4,0,5,4,2349,0.0,1.0,0.0,-0.0
PF16990,PF02156,10,10,10,0,0,2348,1.0,1.0,1.0,1.0,10,10,0,0,2348,1.0,1.0,1.0,1.0
PF15791,PF08828,5,3,2,3,1,2352,0.67,1.0,0.4,0.52,3,2,3,1,2352,0.67,1.0,0.4,0.52
PF02448,PF15559,0,1,0,0,1,2357,0.0,1.0,0,0,1,0,0,1,2357,0.0,1.0,0,0
PF15359,PF05039,3,2,0,3,2,2353,0.0,1.0,0.0,-0.0,2,0,3,2,2353,0.0,1.0,0.0,-0.0
PF11786,PF11787,12,12,12,0,0,2346,1.0,1.0,1.0,1.0,12,12,0,0,2346,1.0,1.0,1.0,1.0
PF09350,PF12572,8,25,0,8,25,2325,0.0,0.99,0.0,-0.01,25,0,8,25,2325,0.0,0.99,0.0,-0.01
PF02123,PF09227,3,0,0,3,0,2355,0,1.0,0.0,0,0,0,3,0,2355,0,1.0,0.0,0
PF08283,PF00799,2,3,2,0,1,2355,0.67,1.0,1.0,0.82,3,2,0,1,2355,0.67,1.0,1.0,0.82
PF00677,PF05173,12,9,1,11,8,2338,0.11,0.99,0.08,0.09,9,1,11,8,2338,0.11,0.99,0.08,0.09
PF13638,PF17215,25,11,8,17,3,2330,0.73,0.99,0.32,0.48,11,8,17,3,2330,0.73,0.99,0.32,0.48
PF03453,PF03454,39,25,21,18,4,2315,0.84,0.99,0.54,0.67,25,21,18,4,2315,0.84,0.99,0.54,0.67
PF06346,PF06345,6,8,4,2,4,2348,0.5,1.0,0.67,0.58,8,4,2,4,2348,0.5,1.0,0.67,0.58
PF00066,PF06816,27,13,13,14,0,2331,1.0,0.99,0.48,0.69,13,13,14,0,2331,1.0,0.99,0.48,0.69
PF13559,PF15460,2,2,0,2,2,2354,0.0,1.0,0.0,-0.0,2,0,2,2,2354,0.0,1.0,0.0,-0.0
PF08232,PF03920,17,1,1,16,0,2341,1.0,0.99,0.06,0.24,1,1,16,0,2341,1.0,0.99,0.06,0.24
PF07245,PF05585,10,49,8,2,41,2307,0.16,0.98,0.8,0.36,49,8,2,41,2307,0.16,0.98,0.8,0.36
PF05925,PF06711,3,2,0,3,2,2353,0.0,1.0,0.0,-0.0,2,0,3,2,2353,0.0,1.0,0.0,-0.0
PF04098,PF08081,19,1,1,18,0,2339,1.0,0.99,0.05,0.23,1,1,18,0,2339,1.0,0.99,0.05,0.23
PF04942,PF01549,5,80,2,3,78,2275,0.03,0.97,0.4,0.09,80,2,3,78,2275,0.03,0.97,0.4,0.09
PF02729,PF00185,37,38,37,0,1,2320,0.97,1.0,1.0,0.99,38,37,0,1,2320,0.97,1.0,1.0,0.99
PF01359,PF06159,77,5,1,76,4,2277,0.2,0.97,0.01,0.04,5,1,76,4,2277,0.2,0.97,0.01,0.04
PF07722,PF06083,6,5,1,5,4,2348,0.2,1.0,0.17,0.18,5,1,5,4,2348,0.2,1.0,0.17,0.18
PF15997,PF02200,0,3,0,0,3,2355,0.0,1.0,0,0,3,0,0,3,2355,0.0,1.0,0,0
PF16196,PF00993,4,4,4,0,0,2354,1.0,1.0,1.0,1.0,4,4,0,0,2354,1.0,1.0,1.0,1.0
PF11251,PF16968,0,1,0,0,1,2357,0.0,1.0,0,0,1,0,0,1,2357,0.0,1.0,0,0
PF08485,PF04552,2,3,0,2,3,2353,0.0,1.0,0.0,-0.0,3,0,2,3,2353,0.0,1.0,0.0,-0.0
PF04973,PF01717,3,24,0,3,24,2331,0.0,0.99,0.0,-0.0,24,0,3,24,2331,0.0,0.99,0.0,-0.0
PF11903,PF02775,5,41,2,3,39,2314,0.05,0.98,0.4,0.13,41,2,3,39,2314,0.05,0.98,0.4,0.13
PF14234,PF00797,3,24,0,3,24,2331,0.0,0.99,0.0,-0.0,24,0,3,24,2331,0.0,0.99,0.0,-0.0
PF06937,PF10856,0,0,0,0,0,2358,0,1.0,0,0,0,0,0,0,2358,0,1.0,0,0
PF08097,PF17086,1,0,0,1,0,2357,0,1.0,0.0,0,0,0,1,0,2357,0,1.0,0.0,0
PF09588,PF15299,24,9,3,21,6,2328,0.33,0.99,0.12,0.2,9,3,21,6,2328,0.33,0.99,0.12,0.2
PF01630,PF06083,15,5,1,14,4,2339,0.2,0.99,0.07,0.11,5,1,14,4,2339,0.2,0.99,0.07,0.11
PF15992,PF04583,1,2,0,1,2,2355,0.0,1.0,0.0,-0.0,2,0,1,2,2355,0.0,1.0,0.0,-0.0
PF01840,PF08964,0,2,0,0,2,2356,0.0,1.0,0,0,2,0,0,2,2356,0.0,1.0,0,0
PF09797,PF10022,20,15,1,19,14,2324,0.07,0.99,0.05,0.05,15,1,19,14,2324,0.07,0.99,0.05,0.05
PF06609,PF11700,18,6,2,16,4,2336,0.33,0.99,0.11,0.19,6,2,16,4,2336,0.33,0.99,0.11,0.19
PF12008,PF04313,5,5,5,0,0,2353,1.0,1.0,1.0,1.0,5,5,0,0,2353,1.0,1.0,1.0,1.0
PF04826,PF08609,6,8,1,5,7,2345,0.12,0.99,0.17,0.14,8,1,5,7,2345,0.12,0.99,0.17,0.14
PF10315,PF15097,1,1,0,1,1,2356,0.0,1.0,0.0,-0.0,1,0,1,1,2356,0.0,1.0,0.0,-0.0
PF05911,PF03468,0,10,0,0,10,2348,0.0,1.0,0,0,10,0,0,10,2348,0.0,1.0,0,0
PF06070,PF01580,1,7,0,1,7,2350,0.0,1.0,0.0,-0.0,7,0,1,7,2350,0.0,1.0,0.0,-0.0
PF08013,PF01580,3,7,0,3,7,2348,0.0,1.0,0.0,-0.0,7,0,3,7,2348,0.0,1.0,0.0,-0.0
PF04678,PF08265,29,29,4,25,25,2304,0.14,0.98,0.14,0.13,29,4,25,25,2304,0.14,0.98,0.14,0.13
PF15099,PF15725,0,0,0,0,0,2358,0,1.0,0,0,0,0,0,0,2358,0,1.0,0,0
PF15882,PF15013,18,4,0,18,4,2336,0.0,0.99,0.0,-0.0,4,0,18,4,2336,0.0,0.99,0.0,-0.0
PF06716,PF14539,0,0,0,0,0,2358,0,1.0,0,0,0,0,0,0,2358,0,1.0,0,0
PF04451,PF04355,2,3,0,2,3,2353,0.0,1.0,0.0,-0.0,3,0,2,3,2353,0.0,1.0,0.0,-0.0
PF16009,PF04839,2,3,0,2,3,2353,0.0,1.0,0.0,-0.0,3,0,2,3,2353,0.0,1.0,0.0,-0.0
PF16833,PF04865,0,0,0,0,0,2358,0,1.0,0,0,0,0,0,0,2358,0,1.0,0,0
PF15484,PF07805,3,1,0,3,1,2354,0.0,1.0,0.0,-0.0,1,0,3,1,2354,0.0,1.0,0.0,-0.0
PF14319,PF09795,0,2,0,0,2,2356,0.0,1.0,0,0,2,0,0,2,2356,0.0,1.0,0,0
PF15270,PF09937,1,0,0,1,0,2357,0,1.0,0.0,0,0,0,1,0,2357,0,1.0,0.0,0
PF10254,PF15499,8,5,0,8,5,2345,0.0,0.99,0.0,-0.0,5,0,8,5,2345,0.0,0.99,0.0,-0.0
PF00548,PF02226,18,18,18,0,0,2340,1.0,1.0,1.0,1.0,18,18,0,0,2340,1.0,1.0,1.0,1.0
PF09452,PF04370,3,0,0,3,0,2355,0,1.0,0.0,0,0,0,3,0,2355,0,1.0,0.0,0
PF12138,PF09117,7,2,0,7,2,2349,0.0,1.0,0.0,-0.0,2,0,7,2,2349,0.0,1.0,0.0,-0.0
PF08923,PF10457,4,16,2,2,14,2340,0.12,0.99,0.5,0.25,16,2,2,14,2340,0.12,0.99,0.5,0.25
PF04250,PF12054,0,15,0,0,15,2343,0.0,0.99,0,0,15,0,0,15,2343,0.0,0.99,0,0
PF11765,PF15146,2,2,0,2,2,2354,0.0,1.0,0.0,-0.0,2,0,2,2,2354,0.0,1.0,0.0,-0.0
PF14161,PF02805,3,8,0,3,8,2347,0.0,1.0,0.0,-0.0,8,0,3,8,2347,0.0,1.0,0.0,-0.0
PF04674,PF04398,7,16,2,5,14,2337,0.12,0.99,0.29,0.19,16,2,5,14,2337,0.12,0.99,0.29,0.19
PF05944,PF16980,3,0,0,3,0,2355,0,1.0,0.0,0,0,0,3,0,2355,0,1.0,0.0,0
PF11471,PF16966,2,2,2,0,0,2356,1.0,1.0,1.0,1.0,2,2,0,0,2356,1.0,1.0,1.0,1.0
PF12830,PF05041,18,11,1,17,10,2330,0.09,0.99,0.06,0.07,11,1,17,10,2330,0.09,0.99,0.06,0.07
PF15558,PF10506,2,8,0,2,8,2348,0.0,1.0,0.0,-0.0,8,0,2,8,2348,0.0,1.0,0.0,-0.0
PF09988,PF02295,0,16,0,0,16,2342,0.0,0.99,0,0,16,0,0,16,2342,0.0,0.99,0,0
PF05145,PF04046,2,15,0,2,15,2341,0.0,0.99,0.0,-0.0,15,0,2,15,2341,0.0,0.99,0.0,-0.0
PF10532,PF00872,4,7,1,3,6,2348,0.14,1.0,0.25,0.19,7,1,3,6,2348,0.14,1.0,0.25,0.19
PF09766,PF07978,18,32,6,12,26,2314,0.19,0.98,0.33,0.24,32,6,12,26,2314,0.19,0.98,0.33,0.24
PF12489,PF15965,6,9,0,6,9,2343,0.0,0.99,0.0,-0.0,9,0,6,9,2343,0.0,0.99,0.0,-0.0
PF14963,PF15130,5,2,0,5,2,2351,0.0,1.0,0.0,-0.0,2,0,5,2,2351,0.0,1.0,0.0,-0.0
PF01219,PF06277,3,0,0,3,0,2355,0,1.0,0.0,0,0,0,3,0,2355,0,1.0,0.0,0
PF06101,PF12624,22,54,6,16,48,2288,0.11,0.97,0.27,0.16,54,6,16,48,2288,0.11,0.97,0.27,0.16
PF11635,PF09737,13,6,2,11,4,2341,0.33,0.99,0.15,0.22,6,2,11,4,2341,0.33,0.99,0.15,0.22
PF03741,PF06420,11,3,0,11,3,2344,0.0,0.99,0.0,-0.0,3,0,11,3,2344,0.0,0.99,0.0,-0.0
PF08037,PF07888,3,8,0,3,8,2347,0.0,1.0,0.0,-0.0,8,0,3,8,2347,0.0,1.0,0.0,-0.0
PF11865,PF02260,21,54,19,2,35,2302,0.35,0.98,0.9,0.56,54,19,2,35,2302,0.35,0.98,0.9,0.56
PF05325,PF09154,0,5,0,0,5,2353,0.0,1.0,0,0,5,0,0,5,2353,0.0,1.0,0,0
PF03920,PF08232,1,17,1,0,16,2341,0.06,0.99,1.0,0.24,17,1,0,16,2341,0.06,0.99,1.0,0.24
PF08583,PF00159,27,3,0,27,3,2328,0.0,0.99,0.0,-0.0,3,0,27,3,2328,0.0,0.99,0.0,-0.0
PF12369,PF09193,4,3,3,1,0,2354,1.0,1.0,0.75,0.87,3,3,1,0,2354,1.0,1.0,0.75,0.87
PF16491,PF01435,31,51,28,3,23,2304,0.55,0.99,0.9,0.7,51,28,3,23,2304,0.55,0.99,0.9,0.7
PF15918,PF15759,0,0,0,0,0,2358,0,1.0,0,0,0,0,0,0,2358,0,1.0,0,0
PF11145,PF04674,2,7,1,1,6,2350,0.14,1.0,0.5,0.27,7,1,1,6,2350,0.14,1.0,0.5,0.27
PF00085,PF04777,192,53,42,150,11,2155,0.79,0.93,0.22,0.39,53,42,150,11,2155,0.79,0.93,0.22,0.39
PF10491,PF10492,4,0,0,4,0,2354,0,1.0,0.0,0,0,0,4,0,2354,0,1.0,0.0,0
PF10147,PF10244,8,9,0,8,9,2341,0.0,0.99,0.0,-0.0,9,0,8,9,2341,0.0,0.99,0.0,-0.0
PF04060,PF12883,5,2,2,3,0,2353,1.0,1.0,0.4,0.63,2,2,3,0,2353,1.0,1.0,0.4,0.63
PF05139,PF09424,2,8,0,2,8,2348,0.0,1.0,0.0,-0.0,8,0,2,8,2348,0.0,1.0,0.0,-0.0
PF15925,PF12625,7,5,0,7,5,2346,0.0,0.99,0.0,-0.0,5,0,7,5,2346,0.0,0.99,0.0,-0.0
PF06835,PF03968,2,5,2,0,3,2353,0.4,1.0,1.0,0.63,5,2,0,3,2353,0.4,1.0,1.0,0.63
PF14657,PF16055,3,0,0,3,0,2355,0,1.0,0.0,0,0,0,3,0,2355,0,1.0,0.0,0
PF08142,PF04950,31,39,31,0,8,2319,0.79,1.0,1.0,0.89,39,31,0,8,2319,0.79,1.0,1.0,0.89
PF02027,PF07207,2,6,2,0,4,2352,0.33,1.0,1.0,0.58,6,2,0,4,2352,0.33,1.0,1.0,0.58
PF04680,PF12121,2,0,0,2,0,2356,0,1.0,0.0,0,0,0,2,0,2356,0,1.0,0.0,0
PF12762,PF07889,32,16,4,28,12,2314,0.25,0.98,0.12,0.17,16,4,28,12,2314,0.25,0.98,0.12,0.17
PF00490,PF05051,29,15,5,24,10,2319,0.33,0.99,0.17,0.23,15,5,24,10,2319,0.33,0.99,0.17,0.23
PF09715,PF15460,0,2,0,0,2,2356,0.0,1.0,0,0,2,0,0,2,2356,0.0,1.0,0,0
PF02456,PF03845,1,15,0,1,15,2342,0.0,0.99,0.0,-0.0,15,0,1,15,2342,0.0,0.99,0.0,-0.0
PF02452,PF16997,4,0,0,4,0,2354,0,1.0,0.0,0,0,0,4,0,2354,0,1.0,0.0,0
PF13886,PF10505,32,16,4,28,12,2314,0.25,0.98,0.12,0.17,16,4,28,12,2314,0.25,0.98,0.12,0.17
PF00475,PF12311,19,4,0,19,4,2335,0.0,0.99,0.0,-0.0,4,0,19,4,2335,0.0,0.99,0.0,-0.0
PF11831,PF15934,22,0,0,22,0,2336,0,0.99,0.0,0,0,0,22,0,2336,0,0.99,0.0,0
PF14490,PF15128,0,2,0,0,2,2356,0.0,1.0,0,0,2,0,0,2,2356,0.0,1.0,0,0
PF01206,PF07945,4,2,0,4,2,2352,0.0,1.0,0.0,-0.0,2,0,4,2,2352,0.0,1.0,0.0,-0.0
PF10595,PF09728,8,23,5,3,18,2332,0.22,0.99,0.62,0.37,23,5,3,18,2332,0.22,0.99,0.62,0.37
PF01535,PF01048,241,51,37,204,14,2103,0.73,0.91,0.15,0.31,51,37,204,14,2103,0.73,0.91,0.15,0.31
PF16279,PF08832,10,10,10,0,0,2348,1.0,1.0,1.0,1.0,10,10,0,0,2348,1.0,1.0,1.0,1.0
PF08203,PF01316,4,5,0,4,5,2349,0.0,1.0,0.0,-0.0,5,0,4,5,2349,0.0,1.0,0.0,-0.0
PF15451,PF10631,2,0,0,2,0,2356,0,1.0,0.0,0,0,0,2,0,2356,0,1.0,0.0,0
PF13965,PF08445,7,19,1,6,18,2333,0.05,0.99,0.14,0.08,19,1,6,18,2333,0.05,0.99,0.14,0.08
PF10344,PF10359,3,4,1,2,3,2352,0.25,1.0,0.33,0.29,4,1,2,3,2352,0.25,1.0,0.33,0.29
PF00945,PF14534,6,1,0,6,1,2351,0.0,1.0,0.0,-0.0,1,0,6,1,2351,0.0,1.0,0.0,-0.0
PF00958,PF00977,31,29,7,24,22,2305,0.24,0.98,0.23,0.22,29,7,24,22,2305,0.24,0.98,0.23,0.22
PF15125,PF15036,4,4,0,4,4,2350,0.0,1.0,0.0,-0.0,4,0,4,4,2350,0.0,1.0,0.0,-0.0
PF12548,PF12411,6,3,2,4,1,2351,0.67,1.0,0.33,0.47,3,2,4,1,2351,0.67,1.0,0.33,0.47
PF05735,PF02412,7,7,7,0,0,2351,1.0,1.0,1.0,1.0,7,7,0,0,2351,1.0,1.0,1.0,1.0
PF04519,PF02554,2,2,0,2,2,2354,0.0,1.0,0.0,-0.0,2,0,2,2,2354,0.0,1.0,0.0,-0.0
PF10581,PF02078,0,5,0,0,5,2353,0.0,1.0,0,0,5,0,0,5,2353,0.0,1.0,0,0
PF12196,PF08081,1,1,1,0,0,2357,1.0,1.0,1.0,1.0,1,1,0,0,2357,1.0,1.0,1.0,1.0
PF08216,PF15627,9,4,0,9,4,2345,0.0,0.99,0.0,-0.0,4,0,9,4,2345,0.0,0.99,0.0,-0.0
PF01746,PF12298,37,12,2,35,10,2311,0.17,0.98,0.05,0.09,12,2,35,10,2311,0.17,0.98,0.05,0.09
PF07376,PF02659,0,0,0,0,0,2358,0,1.0,0,0,0,0,0,0,2358,0,1.0,0,0
PF03147,PF02912,31,8,7,24,1,2326,0.88,0.99,0.23,0.44,8,7,24,1,2326,0.88,0.99,0.23,0.44
PF15796,PF08912,6,14,5,1,9,2343,0.36,1.0,0.83,0.54,14,5,1,9,2343,0.36,1.0,0.83,0.54
PF05043,PF11975,10,15,5,5,10,2338,0.33,0.99,0.5,0.41,15,5,5,10,2338,0.33,0.99,0.5,0.41
PF07491,PF13023,10,17,1,9,16,2332,0.06,0.99,0.1,0.07,17,1,9,16,2332,0.06,0.99,0.1,0.07
PF05613,PF16834,0,3,0,0,3,2355,0.0,1.0,0,0,3,0,0,3,2355,0.0,1.0,0,0
PF13691,PF12706,23,64,19,4,45,2290,0.3,0.98,0.83,0.49,64,19,4,45,2290,0.3,0.98,0.83,0.49
PF15452,PF15912,8,4,0,8,4,2346,0.0,0.99,0.0,-0.0,4,0,8,4,2346,0.0,0.99,0.0,-0.0
PF11071,PF17010,0,0,0,0,0,2358,0,1.0,0,0,0,0,0,0,2358,0,1.0,0,0
PF03821,PF03261,4,7,0,4,7,2347,0.0,1.0,0.0,-0.0,7,0,4,7,2347,0.0,1.0,0.0,-0.0
PF11363,PF02277,0,4,0,0,4,2354,0.0,1.0,0,0,4,0,0,4,2354,0.0,1.0,0,0
PF15681,PF15119,5,4,0,5,4,2349,0.0,1.0,0.0,-0.0,4,0,5,4,2349,0.0,1.0,0.0,-0.0
PF15976,PF07434,0,0,0,0,0,2358,0,1.0,0,0,0,0,0,0,2358,0,1.0,0,0
PF07065,PF02089,13,18,2,11,16,2329,0.11,0.99,0.15,0.13,18,2,11,16,2329,0.11,0.99,0.15,0.13
PF09551,PF14976,0,2,0,0,2,2356,0.0,1.0,0,0,2,0,0,2,2356,0.0,1.0,0,0
PF04869,PF14932,28,7,3,25,4,2326,0.43,0.99,0.11,0.21,7,3,25,4,2326,0.43,0.99,0.11,0.21
PF15391,PF12628,1,0,0,1,0,2357,0,1.0,0.0,0,0,0,1,0,2357,0,1.0,0.0,0
PF07964,PF08479,5,1,0,5,1,2352,0.0,1.0,0.0,-0.0,1,0,5,1,2352,0.0,1.0,0.0,-0.0
PF16888,PF04740,0,0,0,0,0,2358,0,1.0,0,0,0,0,0,0,2358,0,1.0,0,0
PF00616,PF00779,44,14,11,33,3,2311,0.79,0.98,0.25,0.44,14,11,33,3,2311,0.79,0.98,0.25,0.44
PF03405,PF05910,7,16,2,5,14,2337,0.12,0.99,0.29,0.19,16,2,5,14,2337,0.12,0.99,0.29,0.19
PF09087,PF10438,2,2,2,0,0,2356,1.0,1.0,1.0,1.0,2,2,0,0,2356,1.0,1.0,1.0,1.0
PF15370,PF15071,7,0,0,7,0,2351,0,1.0,0.0,0,0,0,7,0,2351,0,1.0,0.0,0
PF00327,PF01281,26,23,3,23,20,2312,0.13,0.98,0.12,0.11,23,3,23,20,2312,0.13,0.98,0.12,0.11
PF10117,PF17164,0,0,0,0,0,2358,0,1.0,0,0,0,0,0,0,2358,0,1.0,0,0
PF01810,PF06756,16,2,0,16,2,2340,0.0,0.99,0.0,-0.0,2,0,16,2,2340,0.0,0.99,0.0,-0.0
PF03331,PF01959,2,5,0,2,5,2351,0.0,1.0,0.0,-0.0,5,0,2,5,2351,0.0,1.0,0.0,-0.0
PF00248,PF00701,142,45,29,113,16,2200,0.64,0.95,0.2,0.34,45,29,113,16,2200,0.64,0.95,0.2,0.34
PF00165,PF04422,9,1,0,9,1,2348,0.0,1.0,0.0,-0.0,1,0,9,1,2348,0.0,1.0,0.0,-0.0
PF00933,PF01915,62,55,53,9,2,2294,0.96,1.0,0.85,0.91,55,53,9,2,2294,0.96,1.0,0.85,0.91
PF04557,PF04558,20,22,20,0,2,2336,0.91,1.0,1.0,0.95,22,20,0,2,2336,0.91,1.0,1.0,0.95
PF07189,PF05612,13,2,0,13,2,2343,0.0,0.99,0.0,-0.0,2,0,13,2,2343,0.0,0.99,0.0,-0.0
PF14609,PF11130,5,0,0,5,0,2353,0,1.0,0.0,0,0,0,5,0,2353,0,1.0,0.0,0
PF03842,PF01701,1,8,0,1,8,2349,0.0,1.0,0.0,-0.0,8,0,1,8,2349,0.0,1.0,0.0,-0.0
PF08223,PF08093,0,3,0,0,3,2355,0.0,1.0,0,0,3,0,0,3,2355,0.0,1.0,0,0
PF03869,PF04363,3,2,2,1,0,2355,1.0,1.0,0.67,0.82,2,2,1,0,2355,1.0,1.0,0.67,0.82
PF04328,PF12081,0,0,0,0,0,2358,0,1.0,0,0,0,0,0,0,2358,0,1.0,0,0
PF16063,PF15391,1,1,1,0,0,2357,1.0,1.0,1.0,1.0,1,1,0,0,2357,1.0,1.0,1.0,1.0
PF11080,PF14551,1,88,0,1,88,2269,0.0,0.96,0.0,-0.0,88,0,1,88,2269,0.0,0.96,0.0,-0.0
PF12491,PF06448,2,12,2,0,10,2346,0.17,1.0,1.0,0.41,12,2,0,10,2346,0.17,1.0,1.0,0.41
PF06624,PF08229,15,9,3,12,6,2337,0.33,0.99,0.2,0.25,9,3,12,6,2337,0.33,0.99,0.2,0.25
PF14654,PF05647,0,0,0,0,0,2358,0,1.0,0,0,0,0,0,0,2358,0,1.0,0,0
PF00848,PF08802,20,5,3,17,2,2336,0.6,0.99,0.15,0.3,5,3,17,2,2336,0.6,0.99,0.15,0.3
PF16176,PF12598,9,3,3,6,0,2349,1.0,1.0,0.33,0.58,3,3,6,0,2349,1.0,1.0,0.33,0.58
PF13808,PF15518,3,3,0,3,3,2352,0.0,1.0,0.0,-0.0,3,0,3,3,2352,0.0,1.0,0.0,-0.0
PF15148,PF15293,4,1,0,4,1,2353,0.0,1.0,0.0,-0.0,1,0,4,1,2353,0.0,1.0,0.0,-0.0
PF13097,PF00835,6,6,0,6,6,2346,0.0,0.99,0.0,-0.0,6,0,6,6,2346,0.0,0.99,0.0,-0.0
PF00679,PF03764,90,48,46,44,2,2266,0.96,0.98,0.51,0.69,48,46,44,2,2266,0.96,0.98,0.51,0.69
PF11764,PF11616,11,2,1,10,1,2346,0.5,1.0,0.09,0.21,2,1,10,1,2346,0.5,1.0,0.09,0.21
PF06230,PF11764,0,11,0,0,11,2347,0.0,1.0,0,0,11,0,0,11,2347,0.0,1.0,0,0
PF00308,PF08479,9,1,0,9,1,2348,0.0,1.0,0.0,-0.0,1,0,9,1,2348,0.0,1.0,0.0,-0.0
PF06400,PF09303,3,5,0,3,5,2350,0.0,1.0,0.0,-0.0,5,0,3,5,2350,0.0,1.0,0.0,-0.0
PF03488,PF10705,2,0,0,2,0,2356,0,1.0,0.0,0,0,0,2,0,2356,0,1.0,0.0,0
PF06639,PF10566,0,0,0,0,0,2358,0,1.0,0,0,0,0,0,0,2358,0,1.0,0,0
PF06952,PF04754,0,3,0,0,3,2355,0.0,1.0,0,0,3,0,0,3,2355,0.0,1.0,0,0
PF02796,PF01969,10,0,0,10,0,2348,0,1.0,0.0,0,0,0,10,0,2348,0,1.0,0.0,0
PF10511,PF08831,2,10,0,2,10,2346,0.0,0.99,0.0,-0.0,10,0,2,10,2346,0.0,0.99,0.0,-0.0
PF04923,PF06417,10,16,4,6,12,2336,0.25,0.99,0.4,0.31,16,4,6,12,2336,0.25,0.99,0.4,0.31
PF16011,PF08708,3,0,0,3,0,2355,0,1.0,0.0,0,0,0,3,0,2355,0,1.0,0.0,0
PF08560,PF10212,11,7,2,9,5,2342,0.29,0.99,0.18,0.23,7,2,9,5,2342,0.29,0.99,0.18,0.23
PF05482,PF13810,7,5,1,6,4,2347,0.2,1.0,0.14,0.17,5,1,6,4,2347,0.2,1.0,0.14,0.17
PF16123,PF14864,27,6,4,23,2,2329,0.67,0.99,0.15,0.31,6,4,23,2,2329,0.67,0.99,0.15,0.31
PF00450,PF05388,108,7,7,101,0,2250,1.0,0.96,0.06,0.25,7,7,101,0,2250,1.0,0.96,0.06,0.25
PF07263,PF15427,2,1,0,2,1,2355,0.0,1.0,0.0,-0.0,1,0,2,1,2355,0.0,1.0,0.0,-0.0
PF03760,PF04852,3,8,2,1,6,2349,0.25,1.0,0.67,0.41,8,2,1,6,2349,0.25,1.0,0.67,0.41
PF10258,PF04004,16,22,6,10,16,2326,0.27,0.99,0.38,0.31,22,6,10,16,2326,0.27,0.99,0.38,0.31
PF13389,PF10856,0,0,0,0,0,2358,0,1.0,0,0,0,0,0,0,2358,0,1.0,0,0
PF15322,PF08453,0,4,0,0,4,2354,0.0,1.0,0,0,4,0,0,4,2354,0.0,1.0,0,0
PF06075,PF13537,11,28,1,10,27,2320,0.04,0.98,0.09,0.05,28,1,10,27,2320,0.04,0.98,0.09,0.05
PF01297,PF08299,8,4,0,8,4,2346,0.0,0.99,0.0,-0.0,4,0,8,4,2346,0.0,0.99,0.0,-0.0
PF08883,PF05419,15,0,0,15,0,2343,0,0.99,0.0,0,0,0,15,0,2343,0,0.99,0.0,0
PF11690,PF12855,0,5,0,0,5,2353,0.0,1.0,0,0,5,0,0,5,2353,0.0,1.0,0,0
PF08375,PF09440,19,6,1,18,5,2334,0.17,0.99,0.05,0.09,6,1,18,5,2334,0.17,0.99,0.05,0.09
PF10578,PF02420,3,0,0,3,0,2355,0,1.0,0.0,0,0,0,3,0,2355,0,1.0,0.0,0
PF16202,PF09382,11,37,11,0,26,2321,0.3,0.99,1.0,0.54,37,11,0,26,2321,0.3,0.99,1.0,0.54
PF10692,PF00560,0,88,0,0,88,2270,0.0,0.96,0,0,88,0,0,88,2270,0.0,0.96,0,0
PF09789,PF15929,7,0,0,7,0,2351,0,1.0,0.0,0,0,0,7,0,2351,0,1.0,0.0,0
PF15782,PF00680,3,18,1,2,17,2338,0.06,0.99,0.33,0.13,18,1,2,17,2338,0.06,0.99,0.33,0.13
PF01773,PF07670,21,12,5,16,7,2330,0.42,0.99,0.24,0.31,12,5,16,7,2330,0.42,0.99,0.24,0.31
PF02785,PF00289,68,67,66,2,1,2289,0.99,1.0,0.97,0.98,67,66,2,1,2289,0.99,1.0,0.97,0.98
PF02010,PF01477,28,55,20,8,35,2295,0.36,0.98,0.71,0.5,55,20,8,35,2295,0.36,0.98,0.71,0.5
PF01839,PF08441,41,38,37,4,1,2316,0.97,1.0,0.9,0.94,38,37,4,1,2316,0.97,1.0,0.9,0.94
PF12933,PF12934,0,0,0,0,0,2358,0,1.0,0,0,0,0,0,0,2358,0,1.0,0,0
PF03839,PF05046,16,17,4,12,13,2329,0.24,0.99,0.25,0.24,17,4,12,13,2329,0.24,0.99,0.25,0.24
PF00039,PF00040,7,35,5,2,30,2321,0.14,0.99,0.71,0.32,35,5,2,30,2321,0.14,0.99,0.71,0.32
PF07599,PF07471,0,0,0,0,0,2358,0,1.0,0,0,0,0,0,0,2358,0,1.0,0,0
PF01928,PF00485,7,41,7,0,34,2317,0.17,0.99,1.0,0.41,41,7,0,34,2317,0.17,0.99,1.0,0.41
PF09592,PF07418,0,0,0,0,0,2358,0,1.0,0,0,0,0,0,0,2358,0,1.0,0,0
PF08194,PF11630,0,0,0,0,0,2358,0,1.0,0,0,0,0,0,0,2358,0,1.0,0,0
PF05826,PF10192,21,19,4,17,15,2322,0.21,0.99,0.19,0.19,19,4,17,15,2322,0.21,0.99,0.19,0.19
PF14797,PF09066,3,14,3,0,11,2344,0.21,1.0,1.0,0.46,14,3,0,11,2344,0.21,1.0,1.0,0.46
PF11739,PF11736,3,8,0,3,8,2347,0.0,1.0,0.0,-0.0,8,0,3,8,2347,0.0,1.0,0.0,-0.0
PF01302,PF14560,93,24,18,75,6,2259,0.75,0.97,0.19,0.37,24,18,75,6,2259,0.75,0.97,0.19,0.37
PF15237,PF10217,2,4,0,2,4,2352,0.0,1.0,0.0,-0.0,4,0,2,4,2352,0.0,1.0,0.0,-0.0
PF08624,PF10307,8,3,1,7,2,2348,0.33,1.0,0.12,0.2,3,1,7,2,2348,0.33,1.0,0.12,0.2
PF08034,PF11282,0,2,0,0,2,2356,0.0,1.0,0,0,2,0,0,2,2356,0.0,1.0,0,0
PF00073,PF00548,18,18,18,0,0,2340,1.0,1.0,1.0,1.0,18,18,0,0,2340,1.0,1.0,1.0,1.0
PF06834,PF07511,0,0,0,0,0,2358,0,1.0,0,0,0,0,0,0,2358,0,1.0,0,0
PF01439,PF05659,8,6,2,6,4,2346,0.33,1.0,0.25,0.29,6,2,6,4,2346,0.33,1.0,0.25,0.29
PF08926,PF14593,13,5,4,9,1,2344,0.8,1.0,0.31,0.49,5,4,9,1,2344,0.8,1.0,0.31,0.49
PF13471,PF12883,8,2,2,6,0,2350,1.0,1.0,0.25,0.5,2,2,6,0,2350,1.0,1.0,0.25,0.5
PF05926,PF00364,1,88,0,1,88,2269,0.0,0.96,0.0,-0.0,88,0,1,88,2269,0.0,0.96,0.0,-0.0
PF02733,PF02734,26,31,23,3,8,2324,0.74,1.0,0.88,0.81,31,23,3,8,2324,0.74,1.0,0.88,0.81
PF09451,PF06697,24,2,0,24,2,2332,0.0,0.99,0.0,-0.0,2,0,24,2,2332,0.0,0.99,0.0,-0.0
PF15979,PF10350,19,15,4,15,11,2328,0.27,0.99,0.21,0.23,15,4,15,11,2328,0.27,0.99,0.21,0.23
PF04059,PF12196,9,1,1,8,0,2349,1.0,1.0,0.11,0.33,1,1,8,0,2349,1.0,1.0,0.11,0.33
PF12323,PF07282,1,2,1,0,1,2356,0.5,1.0,1.0,0.71,2,1,0,1,2356,0.5,1.0,1.0,0.71
PF02269,PF04646,29,9,4,25,5,2324,0.44,0.99,0.14,0.24,9,4,25,5,2324,0.44,0.99,0.14,0.24
PF14196,PF10566,0,0,0,0,0,2358,0,1.0,0,0,0,0,0,0,2358,0,1.0,0,0
PF15043,PF03819,1,3,0,1,3,2354,0.0,1.0,0.0,-0.0,3,0,1,3,2354,0.0,1.0,0.0,-0.0
PF12714,PF08742,22,53,22,0,31,2305,0.42,0.99,1.0,0.64,53,22,0,31,2305,0.42,0.99,1.0,0.64
PF08651,PF08853,4,0,0,4,0,2354,0,1.0,0.0,0,0,0,4,0,2354,0,1.0,0.0,0
PF16678,PF09409,12,49,9,3,40,2306,0.18,0.98,0.75,0.37,49,9,3,40,2306,0.18,0.98,0.75,0.37
PF03816,PF15175,4,0,0,4,0,2354,0,1.0,0.0,0,0,0,4,0,2354,0,1.0,0.0,0
PF02541,PF01966,12,41,9,3,32,2314,0.22,0.99,0.75,0.4,41,9,3,32,2314,0.22,0.99,0.75,0.4
PF05379,PF16463,2,0,0,2,0,2356,0,1.0,0.0,0,0,0,2,0,2356,0,1.0,0.0,0
PF02153,PF00800,27,30,11,16,19,2312,0.37,0.99,0.41,0.38,30,11,16,19,2312,0.37,0.99,0.41,0.38
PF08291,PF05962,0,2,0,0,2,2356,0.0,1.0,0,0,2,0,0,2,2356,0.0,1.0,0,0
PF01590,PF00233,63,44,25,38,19,2276,0.57,0.98,0.4,0.46,44,25,38,19,2276,0.57,0.98,0.4,0.46
PF00892,PF13127,70,6,4,66,2,2286,0.67,0.97,0.06,0.19,6,4,66,2,2286,0.67,0.97,0.06,0.19
PF03129,PF02403,94,40,17,77,23,2241,0.42,0.96,0.18,0.26,40,17,77,23,2241,0.42,0.96,0.18,0.26
PF12464,PF14602,27,42,19,8,23,2308,0.45,0.99,0.7,0.56,42,19,8,23,2308,0.45,0.99,0.7,0.56
PF12245,PF12583,5,6,2,3,4,2349,0.33,1.0,0.4,0.36,6,2,3,4,2349,0.33,1.0,0.4,0.36
PF06122,PF05065,0,2,0,0,2,2356,0.0,1.0,0,0,2,0,0,2,2356,0.0,1.0,0,0
PF06462,PF06398,20,25,6,14,19,2319,0.24,0.99,0.3,0.26,25,6,14,19,2319,0.24,0.99,0.3,0.26
PF00936,PF15470,0,0,0,0,0,2358,0,1.0,0,0,0,0,0,0,2358,0,1.0,0,0
PF06864,PF12421,2,0,0,2,0,2356,0,1.0,0.0,0,0,0,2,0,2356,0,1.0,0.0,0
PF15239,PF11017,1,1,0,1,1,2356,0.0,1.0,0.0,-0.0,1,0,1,1,2356,0.0,1.0,0.0,-0.0
PF00412,PF15936,160,10,9,151,1,2197,0.9,0.94,0.06,0.22,10,9,151,1,2197,0.9,0.94,0.06,0.22
PF11421,PF07497,10,6,1,9,5,2343,0.17,0.99,0.1,0.13,6,1,9,5,2343,0.17,0.99,0.1,0.13
PF01774,PF02284,16,9,0,16,9,2333,0.0,0.99,0.0,-0.01,9,0,16,9,2333,0.0,0.99,0.0,-0.01
PF04273,PF03200,1,17,1,0,16,2341,0.06,0.99,1.0,0.24,17,1,0,16,2341,0.06,0.99,1.0,0.24
PF00077,PF08284,25,44,8,17,36,2297,0.18,0.98,0.32,0.23,44,8,17,36,2297,0.18,0.98,0.32,0.23
PF10317,PF10319,17,3,0,17,3,2338,0.0,0.99,0.0,-0.0,3,0,17,3,2338,0.0,0.99,0.0,-0.0
PF05742,PF05719,10,10,1,9,9,2339,0.1,0.99,0.1,0.1,10,1,9,9,2339,0.1,0.99,0.1,0.1
PF06297,PF12315,15,17,4,11,13,2330,0.24,0.99,0.27,0.25,17,4,11,13,2330,0.24,0.99,0.27,0.25
PF11766,PF15427,2,1,0,2,1,2355,0.0,1.0,0.0,-0.0,1,0,2,1,2355,0.0,1.0,0.0,-0.0
PF06650,PF16909,43,47,40,3,7,2308,0.85,1.0,0.93,0.89,47,40,3,7,2308,0.85,1.0,0.93,0.89
PF14489,PF06403,2,2,0,2,2,2354,0.0,1.0,0.0,-0.0,2,0,2,2,2354,0.0,1.0,0.0,-0.0
PF05393,PF08945,1,0,0,1,0,2357,0,1.0,0.0,0,0,0,1,0,2357,0,1.0,0.0,0
PF07830,PF04471,12,4,2,10,2,2344,0.5,0.99,0.17,0.29,4,2,10,2,2344,0.5,0.99,0.17,0.29
PF13683,PF08298,12,0,0,12,0,2346,0,0.99,0.0,0,0,0,12,0,2346,0,0.99,0.0,0
PF09939,PF00425,0,35,0,0,35,2323,0.0,0.99,0,0,35,0,0,35,2323,0.0,0.99,0,0
PF13677,PF13205,0,3,0,0,3,2355,0.0,1.0,0,0,3,0,0,3,2355,0.0,1.0,0,0
PF10807,PF11231,0,0,0,0,0,2358,0,1.0,0,0,0,0,0,0,2358,0,1.0,0,0
PF00852,PF17039,52,34,33,19,1,2305,0.97,0.99,0.63,0.78,34,33,19,1,2305,0.97,0.99,0.63,0.78
PF05063,PF05346,37,30,12,25,18,2303,0.4,0.98,0.32,0.35,30,12,25,18,2303,0.4,0.98,0.32,0.35
PF02065,PF16874,9,5,5,4,0,2349,1.0,1.0,0.56,0.74,5,5,4,0,2349,1.0,1.0,0.56,0.74
PF11467,PF10513,13,46,9,4,37,2308,0.2,0.98,0.69,0.36,46,9,4,37,2308,0.2,0.98,0.69,0.36
PF15759,PF15918,0,0,0,0,0,2358,0,1.0,0,0,0,0,0,0,2358,0,1.0,0,0
PF15843,PF15623,0,0,0,0,0,2358,0,1.0,0,0,0,0,0,0,2358,0,1.0,0,0
PF00393,PF03446,26,59,22,4,37,2295,0.37,0.98,0.85,0.56,59,22,4,37,2295,0.37,0.98,0.85,0.56
PF02519,PF04535,20,8,4,16,4,2334,0.5,0.99,0.2,0.31,8,4,16,4,2334,0.5,0.99,0.2,0.31
PF16498,PF16495,8,11,6,2,5,2345,0.55,1.0,0.75,0.64,11,6,2,5,2345,0.55,1.0,0.75,0.64
PF02847,PF02854,36,67,32,4,35,2287,0.48,0.98,0.89,0.64,67,32,4,35,2287,0.48,0.98,0.89,0.64
PF02759,PF00566,63,169,40,23,129,2166,0.24,0.94,0.63,0.36,169,40,23,129,2166,0.24,0.94,0.63,0.36
PF14159,PF03350,0,1,0,0,1,2357,0.0,1.0,0,0,1,0,0,1,2357,0.0,1.0,0,0
PF00401,PF16886,4,25,3,1,22,2332,0.12,0.99,0.75,0.3,25,3,1,22,2332,0.12,0.99,0.75,0.3
PF05881,PF17157,8,0,0,8,0,2350,0,1.0,0.0,0,0,0,8,0,2350,0,1.0,0.0,0
PF11730,PF09069,0,13,0,0,13,2345,0.0,0.99,0,0,13,0,0,13,2345,0.0,0.99,0,0
PF15907,PF06342,1,3,0,1,3,2354,0.0,1.0,0.0,-0.0,3,0,1,3,2354,0.0,1.0,0.0,-0.0
PF17198,PF09367,0,1,0,0,1,2357,0.0,1.0,0,0,1,0,0,1,2357,0.0,1.0,0,0
PF00645,PF08063,40,11,8,32,3,2315,0.73,0.99,0.2,0.38,11,8,32,3,2315,0.73,0.99,0.2,0.38
PF04371,PF06609,4,18,2,2,16,2338,0.11,0.99,0.5,0.23,18,2,2,16,2338,0.11,0.99,0.5,0.23
PF03831,PF05513,0,4,0,0,4,2354,0.0,1.0,0,0,4,0,0,4,2354,0.0,1.0,0,0
PF08409,PF09295,15,5,1,14,4,2339,0.2,0.99,0.07,0.11,5,1,14,4,2339,0.2,0.99,0.07,0.11
PF12734,PF06127,5,6,0,5,6,2347,0.0,1.0,0.0,-0.0,6,0,5,6,2347,0.0,1.0,0.0,-0.0
PF13619,PF11573,0,7,0,0,7,2351,0.0,1.0,0,0,7,0,0,7,2351,0.0,1.0,0,0
PF04727,PF11841,35,16,15,20,1,2322,0.94,0.99,0.43,0.63,16,15,20,1,2322,0.94,0.99,0.43,0.63
PF04307,PF14985,2,3,0,2,3,2353,0.0,1.0,0.0,-0.0,3,0,2,3,2353,0.0,1.0,0.0,-0.0
PF07259,PF15120,2,2,0,2,2,2354,0.0,1.0,0.0,-0.0,2,0,2,2,2354,0.0,1.0,0.0,-0.0
PF12105,PF17191,6,6,6,0,0,2352,1.0,1.0,1.0,1.0,6,6,0,0,2352,1.0,1.0,1.0,1.0
PF11822,PF12516,13,0,0,13,0,2345,0,0.99,0.0,0,0,0,13,0,2345,0,0.99,0.0,0
PF16687,PF15912,9,4,0,9,4,2345,0.0,0.99,0.0,-0.0,4,0,9,4,2345,0.0,0.99,0.0,-0.0
PF09290,PF08275,5,6,0,5,6,2347,0.0,1.0,0.0,-0.0,6,0,5,6,2347,0.0,1.0,0.0,-0.0
PF00441,PF02770,122,130,116,6,14,2222,0.89,0.99,0.95,0.92,130,116,6,14,2222,0.89,0.99,0.95,0.92
PF10992,PF16649,3,3,0,3,3,2352,0.0,1.0,0.0,-0.0,3,0,3,3,2352,0.0,1.0,0.0,-0.0
PF15207,PF06573,3,4,0,3,4,2351,0.0,1.0,0.0,-0.0,4,0,3,4,2351,0.0,1.0,0.0,-0.0
PF07466,PF04107,8,9,1,7,8,2342,0.11,0.99,0.12,0.11,9,1,7,8,2342,0.11,0.99,0.12,0.11
PF10509,PF07959,22,10,3,19,7,2329,0.3,0.99,0.14,0.2,10,3,19,7,2329,0.3,0.99,0.14,0.2
PF00456,PF13292,22,5,0,22,5,2331,0.0,0.99,0.0,-0.0,5,0,22,5,2331,0.0,0.99,0.0,-0.0
PF00212,PF14769,4,6,0,4,6,2348,0.0,1.0,0.0,-0.0,6,0,4,6,2348,0.0,1.0,0.0,-0.0
PF03636,PF03633,8,2,2,6,0,2350,1.0,1.0,0.25,0.5,2,2,6,0,2350,1.0,1.0,0.25,0.5
PF05697,PF05698,5,2,2,3,0,2353,1.0,1.0,0.4,0.63,2,2,3,0,2353,1.0,1.0,0.4,0.63
PF00614,PF13091,29,48,18,11,30,2299,0.38,0.98,0.62,0.47,48,18,11,30,2299,0.38,0.98,0.62,0.47
PF00306,PF01333,31,10,1,30,9,2318,0.1,0.98,0.03,0.05,10,1,30,9,2318,0.1,0.98,0.03,0.05
PF04908,PF07797,21,11,1,20,10,2327,0.09,0.99,0.05,0.06,11,1,20,10,2327,0.09,0.99,0.05,0.06
PF09334,PF10458,59,13,8,51,5,2294,0.62,0.98,0.14,0.28,13,8,51,5,2294,0.62,0.98,0.14,0.28
PF06119,PF03782,31,30,23,8,7,2320,0.77,0.99,0.74,0.75,30,23,8,7,2320,0.77,0.99,0.74,0.75
PF14025,PF02217,0,4,0,0,4,2354,0.0,1.0,0,0,4,0,0,4,2354,0.0,1.0,0,0
PF00443,PF06337,212,29,27,185,2,2144,0.93,0.92,0.13,0.33,29,27,185,2,2144,0.93,0.92,0.13,0.33
PF02966,PF11221,24,9,3,21,6,2328,0.33,0.99,0.12,0.2,9,3,21,6,2328,0.33,0.99,0.12,0.2
PF16078,PF16870,12,33,12,0,21,2325,0.36,0.99,1.0,0.6,33,12,0,21,2325,0.36,0.99,1.0,0.6
PF08427,PF07035,17,10,1,16,9,2332,0.1,0.99,0.06,0.07,10,1,16,9,2332,0.1,0.99,0.06,0.07
PF13793,PF14572,50,37,36,14,1,2307,0.97,0.99,0.72,0.83,37,36,14,1,2307,0.97,0.99,0.72,0.83
PF17028,PF07540,0,7,0,0,7,2351,0.0,1.0,0,0,7,0,0,7,2351,0.0,1.0,0,0
PF01719,PF10694,4,4,1,3,3,2351,0.25,1.0,0.25,0.25,4,1,3,3,2351,0.25,1.0,0.25,0.25
PF07521,PF11718,45,24,22,23,2,2311,0.92,0.99,0.49,0.67,24,22,23,2,2311,0.92,0.99,0.49,0.67
PF17032,PF10868,0,2,0,0,2,2356,0.0,1.0,0,0,2,0,0,2,2356,0.0,1.0,0,0
PF13547,PF06403,0,2,0,0,2,2356,0.0,1.0,0,0,2,0,0,2,2356,0.0,1.0,0,0
PF07023,PF12416,0,6,0,0,6,2352,0.0,1.0,0,0,6,0,0,6,2352,0.0,1.0,0,0
PF13519,PF08487,62,34,8,54,26,2270,0.24,0.97,0.13,0.16,34,8,54,26,2270,0.24,0.97,0.13,0.16
PF01925,PF04406,18,32,5,13,27,2313,0.16,0.98,0.28,0.2,32,5,13,27,2313,0.16,0.98,0.28,0.2
PF09086,PF04339,0,2,0,0,2,2356,0.0,1.0,0,0,2,0,0,2,2356,0.0,1.0,0,0
PF13502,PF08345,3,4,0,3,4,2351,0.0,1.0,0.0,-0.0,4,0,3,4,2351,0.0,1.0,0.0,-0.0
PF08600,PF07967,9,22,9,0,13,2336,0.41,0.99,1.0,0.64,22,9,0,13,2336,0.41,0.99,1.0,0.64
PF15309,PF15392,7,0,0,7,0,2351,0,1.0,0.0,0,0,0,7,0,2351,0,1.0,0.0,0
PF11360,PF08653,2,6,2,0,4,2352,0.33,1.0,1.0,0.58,6,2,0,4,2352,0.33,1.0,1.0,0.58
PF03454,PF03453,25,39,21,4,18,2315,0.54,0.99,0.84,0.67,39,21,4,18,2315,0.54,0.99,0.84,0.67
PF10079,PF07495,0,3,0,0,3,2355,0.0,1.0,0,0,3,0,0,3,2355,0.0,1.0,0,0
PF15716,PF08093,0,3,0,0,3,2355,0.0,1.0,0,0,3,0,0,3,2355,0.0,1.0,0,0
PF11775,PF03090,0,0,0,0,0,2358,0,1.0,0,0,0,0,0,0,2358,0,1.0,0,0
PF16590,PF02951,2,6,0,2,6,2350,0.0,1.0,0.0,-0.0,6,0,2,6,2350,0.0,1.0,0.0,-0.0
PF11740,PF08291,0,0,0,0,0,2358,0,1.0,0,0,0,0,0,0,2358,0,1.0,0,0
PF05448,PF03745,5,0,0,5,0,2353,0,1.0,0.0,0,0,0,5,0,2353,0,1.0,0.0,0
PF08969,PF11470,24,15,3,21,12,2322,0.2,0.99,0.12,0.15,15,3,21,12,2322,0.2,0.99,0.12,0.15
PF10450,PF17206,1,1,0,1,1,2356,0.0,1.0,0.0,-0.0,1,0,1,1,2356,0.0,1.0,0.0,-0.0
PF01387,PF15252,0,0,0,0,0,2358,0,1.0,0,0,0,0,0,0,2358,0,1.0,0,0
PF00836,PF03285,20,2,0,20,2,2336,0.0,0.99,0.0,-0.0,2,0,20,2,2336,0.0,0.99,0.0,-0.0
PF08537,PF08210,1,15,0,1,15,2342,0.0,0.99,0.0,-0.0,15,0,1,15,2342,0.0,0.99,0.0,-0.0
PF04015,PF05930,3,0,0,3,0,2355,0,1.0,0.0,0,0,0,3,0,2355,0,1.0,0.0,0
PF01229,PF04253,5,29,2,3,27,2326,0.07,0.99,0.4,0.16,29,2,3,27,2326,0.07,0.99,0.4,0.16
PF05162,PF16843,12,1,1,11,0,2346,1.0,1.0,0.08,0.29,1,1,11,0,2346,1.0,1.0,0.08,0.29
PF16263,PF07338,0,9,0,0,9,2349,0.0,1.0,0,0,9,0,0,9,2349,0.0,1.0,0,0
PF01996,PF11403,0,4,0,0,4,2354,0.0,1.0,0,0,4,0,0,4,2354,0.0,1.0,0,0
PF02159,PF11825,17,8,7,10,1,2340,0.88,1.0,0.41,0.6,8,7,10,1,2340,0.88,1.0,0.41,0.6
PF01513,PF01758,30,20,8,22,12,2316,0.4,0.99,0.27,0.32,20,8,22,12,2316,0.4,0.99,0.27,0.32
PF07694,PF13556,12,1,1,11,0,2346,1.0,1.0,0.08,0.29,1,1,11,0,2346,1.0,1.0,0.08,0.29
PF06172,PF01774,3,16,0,3,16,2339,0.0,0.99,0.0,-0.0,16,0,3,16,2339,0.0,0.99,0.0,-0.0
PF16545,PF03823,8,5,1,7,4,2346,0.2,1.0,0.12,0.16,5,1,7,4,2346,0.2,1.0,0.12,0.16
PF11341,PF13367,3,5,1,2,4,2351,0.2,1.0,0.33,0.26,5,1,2,4,2351,0.2,1.0,0.33,0.26
PF15290,PF14722,3,11,0,3,11,2344,0.0,0.99,0.0,-0.0,11,0,3,11,2344,0.0,0.99,0.0,-0.0
PF08602,PF17062,0,0,0,0,0,2358,0,1.0,0,0,0,0,0,0,2358,0,1.0,0,0
PF07699,PF01404,40,14,7,33,7,2311,0.5,0.98,0.17,0.29,14,7,33,7,2311,0.5,0.98,0.17,0.29
PF15830,PF16888,0,0,0,0,0,2358,0,1.0,0,0,0,0,0,0,2358,0,1.0,0,0
PF08631,PF15979,13,19,4,9,15,2330,0.21,0.99,0.31,0.25,19,4,9,15,2330,0.21,0.99,0.31,0.25
PF01568,PF04879,10,9,6,4,3,2345,0.67,1.0,0.6,0.63,9,6,4,3,2345,0.67,1.0,0.6,0.63
PF00997,PF13588,1,4,0,1,4,2353,0.0,1.0,0.0,-0.0,4,0,1,4,2353,0.0,1.0,0.0,-0.0
PF15735,PF11502,5,4,0,5,4,2349,0.0,1.0,0.0,-0.0,4,0,5,4,2349,0.0,1.0,0.0,-0.0
PF01215,PF10183,20,12,0,20,12,2326,0.0,0.99,0.0,-0.01,12,0,20,12,2326,0.0,0.99,0.0,-0.01
PF00095,PF00086,54,53,22,32,31,2273,0.42,0.97,0.41,0.4,53,22,32,31,2273,0.42,0.97,0.41,0.4
PF10043,PF13677,0,0,0,0,0,2358,0,1.0,0,0,0,0,0,0,2358,0,1.0,0,0
PF06542,PF06581,4,2,0,4,2,2352,0.0,1.0,0.0,-0.0,2,0,4,2,2352,0.0,1.0,0.0,-0.0
PF03101,PF04434,52,40,21,31,19,2287,0.53,0.98,0.4,0.45,40,21,31,19,2287,0.53,0.98,0.4,0.45
PF02910,PF00890,27,76,26,1,50,2281,0.34,0.98,0.96,0.57,76,26,1,50,2281,0.34,0.98,0.96,0.57
PF11356,PF07157,5,0,0,5,0,2353,0,1.0,0.0,0,0,0,5,0,2353,0,1.0,0.0,0
PF10221,PF11277,16,14,2,14,12,2330,0.14,0.99,0.12,0.13,14,2,14,12,2330,0.14,0.99,0.12,0.13
PF04837,PF06355,0,4,0,0,4,2354,0.0,1.0,0,0,4,0,0,4,2354,0.0,1.0,0,0
PF09130,PF14833,8,40,4,4,36,2314,0.1,0.98,0.5,0.22,40,4,4,36,2314,0.1,0.98,0.5,0.22
PF00731,PF02222,18,13,9,9,4,2336,0.69,0.99,0.5,0.59,13,9,9,4,2336,0.69,0.99,0.5,0.59
PF03031,PF10213,76,19,9,67,10,2272,0.47,0.97,0.12,0.23,19,9,67,10,2272,0.47,0.97,0.12,0.23
PF14282,PF03847,2,22,1,1,21,2335,0.05,0.99,0.5,0.15,22,1,1,21,2335,0.05,0.99,0.5,0.15
PF04092,PF16321,1,7,1,0,6,2351,0.14,1.0,1.0,0.38,7,1,0,6,2351,0.14,1.0,1.0,0.38
PF17076,PF15281,1,5,0,1,5,2352,0.0,1.0,0.0,-0.0,5,0,1,5,2352,0.0,1.0,0.0,-0.0
PF10514,PF15085,3,2,0,3,2,2353,0.0,1.0,0.0,-0.0,2,0,3,2,2353,0.0,1.0,0.0,-0.0
PF09045,PF15737,1,3,1,0,2,2355,0.33,1.0,1.0,0.58,3,1,0,2,2355,0.33,1.0,1.0,0.58
PF08208,PF13094,11,1,0,11,1,2346,0.0,0.99,0.0,-0.0,1,0,11,1,2346,0.0,0.99,0.0,-0.0
PF06749,PF04720,10,15,2,8,13,2335,0.13,0.99,0.2,0.16,15,2,8,13,2335,0.13,0.99,0.2,0.16
PF09808,PF09816,14,16,3,11,13,2331,0.19,0.99,0.21,0.2,16,3,11,13,2331,0.19,0.99,0.21,0.2
PF15143,PF07805,0,1,0,0,1,2357,0.0,1.0,0,0,1,0,0,1,2357,0.0,1.0,0,0
PF07833,PF05939,10,0,0,10,0,2348,0,1.0,0.0,0,0,0,10,0,2348,0,1.0,0.0,0
PF00380,PF04981,30,10,4,26,6,2322,0.4,0.99,0.13,0.23,10,4,26,6,2322,0.4,0.99,0.13,0.23
PF02953,PF04119,52,5,4,48,1,2305,0.8,0.98,0.08,0.24,5,4,48,1,2305,0.8,0.98,0.08,0.24
PF17088,PF15036,0,4,0,0,4,2354,0.0,1.0,0,0,4,0,0,4,2354,0.0,1.0,0,0
PF07354,PF15053,4,2,0,4,2,2352,0.0,1.0,0.0,-0.0,2,0,4,2,2352,0.0,1.0,0.0,-0.0
PF12451,PF17122,16,10,10,6,0,2342,1.0,1.0,0.62,0.79,10,10,6,0,2342,1.0,1.0,0.62,0.79
PF13162,PF14015,0,0,0,0,0,2358,0,1.0,0,0,0,0,0,0,2358,0,1.0,0,0
PF04852,PF03760,8,3,2,6,1,2349,0.67,1.0,0.25,0.41,3,2,6,1,2349,0.67,1.0,0.25,0.41
PF01346,PF03704,7,4,1,6,3,2348,0.25,1.0,0.14,0.19,4,1,6,3,2348,0.25,1.0,0.14,0.19
PF16417,PF16418,21,18,18,3,0,2337,1.0,1.0,0.86,0.93,18,18,3,0,2337,1.0,1.0,0.86,0.93
PF06206,PF07172,2,1,0,2,1,2355,0.0,1.0,0.0,-0.0,1,0,2,1,2355,0.0,1.0,0.0,-0.0
PF10303,PF09810,5,9,1,4,8,2345,0.11,0.99,0.2,0.15,9,1,4,8,2345,0.11,0.99,0.2,0.15
PF03932,PF06172,42,3,1,41,2,2314,0.33,0.98,0.02,0.09,3,1,41,2,2314,0.33,0.98,0.02,0.09
PF00721,PF09704,2,1,0,2,1,2355,0.0,1.0,0.0,-0.0,1,0,2,1,2355,0.0,1.0,0.0,-0.0
PF05316,PF09950,4,0,0,4,0,2354,0,1.0,0.0,0,0,0,4,0,2354,0,1.0,0.0,0
PF02066,PF06892,0,0,0,0,0,2358,0,1.0,0,0,0,0,0,0,2358,0,1.0,0,0
PF05212,PF02590,23,6,1,22,5,2330,0.17,0.99,0.04,0.08,6,1,22,5,2330,0.17,0.99,0.04,0.08
PF04630,PF00006,0,92,0,0,92,2266,0.0,0.96,0,0,92,0,0,92,2266,0.0,0.96,0,0
PF10396,PF12631,22,12,12,10,0,2336,1.0,1.0,0.55,0.74,12,12,10,0,2336,1.0,1.0,0.55,0.74
PF00873,PF13953,15,16,9,6,7,2336,0.56,0.99,0.6,0.58,16,9,6,7,2336,0.56,0.99,0.6,0.58
PF12442,PF11264,8,3,1,7,2,2348,0.33,1.0,0.12,0.2,3,1,7,2,2348,0.33,1.0,0.12,0.2
PF08338,PF00908,13,9,2,11,7,2338,0.22,0.99,0.15,0.18,9,2,11,7,2338,0.22,0.99,0.15,0.18
PF08806,PF01667,17,25,5,12,20,2321,0.2,0.99,0.29,0.24,25,5,12,20,2321,0.2,0.99,0.29,0.24
PF13291,PF06780,5,1,0,5,1,2352,0.0,1.0,0.0,-0.0,1,0,5,1,2352,0.0,1.0,0.0,-0.0
PF11210,PF01752,1,4,0,1,4,2353,0.0,1.0,0.0,-0.0,4,0,1,4,2353,0.0,1.0,0.0,-0.0
PF15621,PF04370,0,0,0,0,0,2358,0,1.0,0,0,0,0,0,0,2358,0,1.0,0,0
PF01521,PF01025,34,27,8,26,19,2305,0.3,0.98,0.24,0.25,27,8,26,19,2305,0.3,0.98,0.24,0.25
PF05811,PF10195,8,2,0,8,2,2348,0.0,1.0,0.0,-0.0,2,0,8,2,2348,0.0,1.0,0.0,-0.0
PF01222,PF09465,38,11,7,31,4,2316,0.64,0.99,0.18,0.34,11,7,31,4,2316,0.64,0.99,0.18,0.34
PF12443,PF15241,0,0,0,0,0,2358,0,1.0,0,0,0,0,0,0,2358,0,1.0,0,0
PF12827,PF00796,0,4,0,0,4,2354,0.0,1.0,0,0,4,0,0,4,2354,0.0,1.0,0,0
PF08088,PF15676,2,0,0,2,0,2356,0,1.0,0.0,0,0,0,2,0,2356,0,1.0,0.0,0
PF00849,PF12656,68,21,9,59,12,2278,0.43,0.97,0.13,0.23,21,9,59,12,2278,0.43,0.97,0.13,0.23
PF12150,PF07956,7,10,0,7,10,2341,0.0,0.99,0.0,-0.0,10,0,7,10,2341,0.0,0.99,0.0,-0.0
PF12678,PF12861,35,21,5,30,16,2307,0.24,0.98,0.14,0.18,21,5,30,16,2307,0.24,0.98,0.14,0.18
PF06839,PF01396,48,10,8,40,2,2308,0.8,0.98,0.17,0.36,10,8,40,2,2308,0.8,0.98,0.17,0.36
PF02394,PF05324,5,2,0,5,2,2351,0.0,1.0,0.0,-0.0,2,0,5,2,2351,0.0,1.0,0.0,-0.0
PF00150,PF10503,86,18,9,77,9,2263,0.5,0.96,0.1,0.22,18,9,77,9,2263,0.5,0.96,0.1,0.22
PF07061,PF04099,18,34,7,11,27,2313,0.21,0.98,0.39,0.28,34,7,11,27,2313,0.21,0.98,0.39,0.28
PF05365,PF09802,13,5,0,13,5,2340,0.0,0.99,0.0,-0.0,5,0,13,5,2340,0.0,0.99,0.0,-0.0
PF00665,PF05585,208,49,38,170,11,2139,0.78,0.92,0.18,0.35,49,38,170,11,2139,0.78,0.92,0.18,0.35
PF14539,PF05962,0,2,0,0,2,2356,0.0,1.0,0,0,2,0,0,2,2356,0.0,1.0,0,0
PF07081,PF03576,7,2,0,7,2,2349,0.0,1.0,0.0,-0.0,2,0,7,2,2349,0.0,1.0,0.0,-0.0
PF08649,PF11093,7,3,0,7,3,2348,0.0,1.0,0.0,-0.0,3,0,7,3,2348,0.0,1.0,0.0,-0.0
PF12020,PF04901,0,6,0,0,6,2352,0.0,1.0,0,0,6,0,0,6,2352,0.0,1.0,0,0
PF00126,PF00220,12,4,0,12,4,2342,0.0,0.99,0.0,-0.0,4,0,12,4,2342,0.0,0.99,0.0,-0.0
PF02296,PF09066,14,14,4,10,10,2334,0.29,0.99,0.29,0.28,14,4,10,10,2334,0.29,0.99,0.29,0.28
PF14728,PF14727,8,11,8,0,3,2347,0.73,1.0,1.0,0.85,11,8,0,3,2347,0.73,1.0,1.0,0.85
PF00336,PF07569,1,25,0,1,25,2332,0.0,0.99,0.0,-0.0,25,0,1,25,2332,0.0,0.99,0.0,-0.0
PF08227,PF15248,15,9,2,13,7,2336,0.22,0.99,0.13,0.17,9,2,13,7,2336,0.22,0.99,0.13,0.17
PF01015,PF16054,21,8,3,18,5,2332,0.38,0.99,0.14,0.23,8,3,18,5,2332,0.38,0.99,0.14,0.23
PF16190,PF16191,3,6,3,0,3,2352,0.5,1.0,1.0,0.71,6,3,0,3,2352,0.5,1.0,1.0,0.71
PF03062,PF09335,61,46,13,48,33,2264,0.28,0.97,0.21,0.23,46,13,48,33,2264,0.28,0.97,0.21,0.23
PF03527,PF15798,3,2,0,3,2,2353,0.0,1.0,0.0,-0.0,2,0,3,2,2353,0.0,1.0,0.0,-0.0
PF17215,PF17216,11,16,11,0,5,2342,0.69,1.0,1.0,0.83,16,11,0,5,2342,0.69,1.0,1.0,0.83
PF06739,PF15817,5,5,2,3,3,2350,0.4,1.0,0.4,0.4,5,2,3,3,2350,0.4,1.0,0.4,0.4
PF14079,PF02217,0,4,0,0,4,2354,0.0,1.0,0,0,4,0,0,4,2354,0.0,1.0,0,0
PF09363,PF09364,6,6,6,0,0,2352,1.0,1.0,1.0,1.0,6,6,0,0,2352,1.0,1.0,1.0,1.0
PF07119,PF10106,0,1,0,0,1,2357,0.0,1.0,0,0,1,0,0,1,2357,0.0,1.0,0,0
PF13874,PF05064,24,10,2,22,8,2326,0.2,0.99,0.08,0.12,10,2,22,8,2326,0.2,0.99,0.08,0.12
PF15353,PF04087,7,0,0,7,0,2351,0,1.0,0.0,0,0,0,7,0,2351,0,1.0,0.0,0
PF00515,PF07719,111,70,45,66,25,2222,0.64,0.96,0.41,0.49,70,45,66,25,2222,0.64,0.96,0.41,0.49
PF11874,PF17188,0,0,0,0,0,2358,0,1.0,0,0,0,0,0,0,2358,0,1.0,0,0
PF03948,PF17221,12,3,0,12,3,2343,0.0,0.99,0.0,-0.0,3,0,12,3,2343,0.0,0.99,0.0,-0.0
PF02404,PF06387,3,6,0,3,6,2349,0.0,1.0,0.0,-0.0,6,0,3,6,2349,0.0,1.0,0.0,-0.0
PF17147,PF01558,11,9,9,2,0,2347,1.0,1.0,0.82,0.9,9,9,2,0,2347,1.0,1.0,0.82,0.9
PF14040,PF10295,0,8,0,0,8,2350,0.0,1.0,0,0,8,0,0,8,2350,0.0,1.0,0,0
PF08703,PF03490,9,2,0,9,2,2347,0.0,1.0,0.0,-0.0,2,0,9,2,2347,0.0,1.0,0.0,-0.0
PF08337,PF01833,32,79,30,2,49,2277,0.38,0.98,0.94,0.59,79,30,2,49,2277,0.38,0.98,0.94,0.59
PF08627,PF08137,3,1,0,3,1,2354,0.0,1.0,0.0,-0.0,1,0,3,1,2354,0.0,1.0,0.0,-0.0
PF03092,PF04859,24,6,0,24,6,2328,0.0,0.99,0.0,-0.01,6,0,24,6,2328,0.0,0.99,0.0,-0.01
PF03241,PF11794,0,0,0,0,0,2358,0,1.0,0,0,0,0,0,0,2358,0,1.0,0,0
PF12165,PF12269,4,12,1,3,11,2343,0.08,0.99,0.25,0.14,12,1,3,11,2343,0.08,0.99,0.25,0.14
PF05856,PF11017,14,1,1,13,0,2344,1.0,0.99,0.07,0.27,1,1,13,0,2344,1.0,0.99,0.07,0.27
PF15189,PF09733,7,12,2,5,10,2341,0.17,0.99,0.29,0.22,12,2,5,10,2341,0.17,0.99,0.29,0.22
PF02607,PF02965,8,9,8,0,1,2349,0.89,1.0,1.0,0.94,9,8,0,1,2349,0.89,1.0,1.0,0.94
PF00682,PF02436,48,9,9,39,0,2310,1.0,0.98,0.19,0.43,9,9,39,0,2310,1.0,0.98,0.19,0.43
PF07714,PF00069,348,689,268,80,421,1589,0.39,0.79,0.77,0.44,689,268,80,421,1589,0.39,0.79,0.77,0.44
PF07404,PF15482,2,0,0,2,0,2356,0,1.0,0.0,0,0,0,2,0,2356,0,1.0,0.0,0
PF09134,PF13946,0,2,0,0,2,2356,0.0,1.0,0,0,2,0,0,2,2356,0.0,1.0,0,0
PF13911,PF01632,28,10,1,27,9,2321,0.1,0.98,0.04,0.05,10,1,27,9,2321,0.1,0.98,0.04,0.05
PF05303,PF15044,9,10,7,2,3,2346,0.7,1.0,0.78,0.74,10,7,2,3,2346,0.7,1.0,0.78,0.74
PF11255,PF02576,0,2,0,0,2,2356,0.0,1.0,0,0,2,0,0,2,2356,0.0,1.0,0,0
PF10375,PF15453,1,1,0,1,1,2356,0.0,1.0,0.0,-0.0,1,0,1,1,2356,0.0,1.0,0.0,-0.0
PF02667,PF08726,0,23,0,0,23,2335,0.0,0.99,0,0,23,0,0,23,2335,0.0,0.99,0,0
PF04296,PF14690,0,0,0,0,0,2358,0,1.0,0,0,0,0,0,0,2358,0,1.0,0,0
PF15512,PF14077,2,5,1,1,4,2352,0.2,1.0,0.5,0.32,5,1,1,4,2352,0.2,1.0,0.5,0.32
PF04087,PF05334,0,6,0,0,6,2352,0.0,1.0,0,0,6,0,0,6,2352,0.0,1.0,0,0
PF15014,PF08761,2,1,0,2,1,2355,0.0,1.0,0.0,-0.0,1,0,2,1,2355,0.0,1.0,0.0,-0.0
PF10782,PF11751,0,0,0,0,0,2358,0,1.0,0,0,0,0,0,0,2358,0,1.0,0,0
PF12284,PF12045,1,3,1,0,2,2355,0.33,1.0,1.0,0.58,3,1,0,2,2355,0.33,1.0,1.0,0.58
PF06313,PF04856,0,3,0,0,3,2355,0.0,1.0,0,0,3,0,0,3,2355,0.0,1.0,0,0
PF04289,PF13897,0,16,0,0,16,2342,0.0,0.99,0,0,16,0,0,16,2342,0.0,0.99,0,0
PF11677,PF04691,0,6,0,0,6,2352,0.0,1.0,0,0,6,0,0,6,2352,0.0,1.0,0,0
PF00778,PF02377,14,6,4,10,2,2342,0.67,0.99,0.29,0.43,6,4,10,2,2342,0.67,0.99,0.29,0.43
PF01843,PF16521,49,7,4,45,3,2306,0.57,0.98,0.08,0.21,7,4,45,3,2306,0.57,0.98,0.08,0.21
PF04769,PF11025,6,0,0,6,0,2352,0,1.0,0.0,0,0,0,6,0,2352,0,1.0,0.0,0
PF01040,PF09335,61,46,19,42,27,2270,0.41,0.97,0.31,0.34,46,19,42,27,2270,0.41,0.97,0.31,0.34
PF00893,PF11363,3,0,0,3,0,2355,0,1.0,0.0,0,0,0,3,0,2355,0,1.0,0.0,0
PF00141,PF11895,67,4,4,63,0,2291,1.0,0.97,0.06,0.24,4,4,63,0,2291,1.0,0.97,0.06,0.24
PF02178,PF12165,33,4,4,29,0,2325,1.0,0.99,0.12,0.35,4,4,29,0,2325,1.0,0.99,0.12,0.35
PF14676,PF14680,2,2,2,0,0,2356,1.0,1.0,1.0,1.0,2,2,0,0,2356,1.0,1.0,1.0,1.0
PF01399,PF06237,113,5,1,112,4,2241,0.2,0.95,0.01,0.03,5,1,112,4,2241,0.2,0.95,0.01,0.03
PF06259,PF13036,0,1,0,0,1,2357,0.0,1.0,0,0,1,0,0,1,2357,0.0,1.0,0,0
PF08183,PF15082,0,3,0,0,3,2355,0.0,1.0,0,0,3,0,0,3,2355,0.0,1.0,0,0
PF03379,PF02950,4,3,0,4,3,2351,0.0,1.0,0.0,-0.0,3,0,4,3,2351,0.0,1.0,0.0,-0.0
PF12831,PF07976,17,29,10,7,19,2322,0.34,0.99,0.59,0.45,29,10,7,19,2322,0.34,0.99,0.59,0.45
PF11209,PF13205,2,3,0,2,3,2353,0.0,1.0,0.0,-0.0,3,0,2,3,2353,0.0,1.0,0.0,-0.0
PF15003,PF03760,5,3,0,5,3,2350,0.0,1.0,0.0,-0.0,3,0,5,3,2350,0.0,1.0,0.0,-0.0
PF10798,PF03550,2,2,0,2,2,2354,0.0,1.0,0.0,-0.0,2,0,2,2,2354,0.0,1.0,0.0,-0.0
PF14080,PF01466,0,53,0,0,53,2305,0.0,0.98,0,0,53,0,0,53,2305,0.0,0.98,0,0
PF12463,PF08568,3,14,1,2,13,2342,0.07,0.99,0.33,0.15,14,1,2,13,2342,0.07,0.99,0.33,0.15
PF09079,PF16725,15,3,2,13,1,2342,0.67,0.99,0.13,0.3,3,2,13,1,2342,0.67,0.99,0.13,0.3
PF00219,PF00007,16,19,6,10,13,2329,0.32,0.99,0.38,0.34,19,6,10,13,2329,0.32,0.99,0.38,0.34
PF12444,PF09667,1,0,0,1,0,2357,0,1.0,0.0,0,0,0,1,0,2357,0,1.0,0.0,0
PF03950,PF04558,45,22,22,23,0,2313,1.0,0.99,0.49,0.7,22,22,23,0,2313,1.0,0.99,0.49,0.7
PF05769,PF05346,13,30,5,8,25,2320,0.17,0.99,0.38,0.25,30,5,8,25,2320,0.17,0.99,0.38,0.25
PF07743,PF09350,32,8,1,31,7,2319,0.12,0.98,0.03,0.06,8,1,31,7,2319,0.12,0.98,0.03,0.06
PF07999,PF07077,2,3,2,0,1,2355,0.67,1.0,1.0,0.82,3,2,0,1,2355,0.67,1.0,1.0,0.82
PF02757,PF02756,4,0,0,4,0,2354,0,1.0,0.0,0,0,0,4,0,2354,0,1.0,0.0,0
PF16172,PF14429,4,27,4,0,23,2331,0.15,0.99,1.0,0.38,27,4,0,23,2331,0.15,0.99,1.0,0.38
PF03068,PF08527,10,6,6,4,0,2348,1.0,1.0,0.6,0.77,6,6,4,0,2348,1.0,1.0,0.6,0.77
PF05596,PF04691,0,6,0,0,6,2352,0.0,1.0,0,0,6,0,0,6,2352,0.0,1.0,0,0
PF02585,PF10183,28,12,3,25,9,2321,0.25,0.99,0.11,0.16,12,3,25,9,2321,0.25,0.99,0.11,0.16
PF11227,PF17086,0,0,0,0,0,2358,0,1.0,0,0,0,0,0,0,2358,0,1.0,0,0
PF07111,PF13097,5,6,0,5,6,2347,0.0,1.0,0.0,-0.0,6,0,5,6,2347,0.0,1.0,0.0,-0.0
PF02064,PF15811,23,10,3,20,7,2328,0.3,0.99,0.13,0.19,10,3,20,7,2328,0.3,0.99,0.13,0.19
PF14441,PF10155,5,15,0,5,15,2338,0.0,0.99,0.0,-0.0,15,0,5,15,2338,0.0,0.99,0.0,-0.0
PF03445,PF07721,21,10,1,20,9,2328,0.1,0.99,0.05,0.06,10,1,20,9,2328,0.1,0.99,0.05,0.06
PF14904,PF01869,3,25,0,3,25,2330,0.0,0.99,0.0,-0.0,25,0,3,25,2330,0.0,0.99,0.0,-0.0
PF02349,PF00261,0,25,0,0,25,2333,0.0,0.99,0,0,25,0,0,25,2333,0.0,0.99,0,0
PF03103,PF15973,14,0,0,14,0,2344,0,0.99,0.0,0,0,0,14,0,2344,0,0.99,0.0,0
PF05491,PF06934,8,0,0,8,0,2350,0,1.0,0.0,0,0,0,8,0,2350,0,1.0,0.0,0
PF13103,PF03749,8,5,0,8,5,2345,0.0,0.99,0.0,-0.0,5,0,8,5,2345,0.0,0.99,0.0,-0.0
PF07162,PF01757,30,56,8,22,48,2280,0.14,0.97,0.27,0.18,56,8,22,48,2280,0.14,0.97,0.27,0.18
PF12278,PF11671,0,0,0,0,0,2358,0,1.0,0,0,0,0,0,0,2358,0,1.0,0,0
PF07798,PF04729,14,18,5,9,13,2331,0.28,0.99,0.36,0.31,18,5,9,13,2331,0.28,0.99,0.36,0.31
PF12336,PF13775,11,5,0,11,5,2342,0.0,0.99,0.0,-0.0,5,0,11,5,2342,0.0,0.99,0.0,-0.0
PF14699,PF06202,7,9,6,1,3,2348,0.67,1.0,0.86,0.76,9,6,1,3,2348,0.67,1.0,0.86,0.76
PF15996,PF05041,14,11,4,10,7,2337,0.36,0.99,0.29,0.32,11,4,10,7,2337,0.36,0.99,0.29,0.32
PF14496,PF09699,2,0,0,2,0,2356,0,1.0,0.0,0,0,0,2,0,2356,0,1.0,0.0,0
PF06805,PF05939,0,0,0,0,0,2358,0,1.0,0,0,0,0,0,0,2358,0,1.0,0,0
PF05591,PF05943,0,0,0,0,0,2358,0,1.0,0,0,0,0,0,0,2358,0,1.0,0,0
PF02317,PF07479,9,43,6,3,37,2312,0.14,0.98,0.67,0.3,43,6,3,37,2312,0.14,0.98,0.67,0.3
PF11913,PF07816,36,0,0,36,0,2322,0,0.98,0.0,0,0,0,36,0,2322,0,0.98,0.0,0
PF05822,PF00965,22,13,1,21,12,2324,0.08,0.99,0.05,0.05,13,1,21,12,2324,0.08,0.99,0.05,0.05
PF02736,PF01576,54,46,28,26,18,2286,0.61,0.98,0.52,0.55,46,28,26,18,2286,0.61,0.98,0.52,0.55
PF10457,PF07059,16,13,4,12,9,2333,0.31,0.99,0.25,0.27,13,4,12,9,2333,0.31,0.99,0.25,0.27
PF12922,PF12717,30,49,29,1,20,2308,0.59,0.99,0.97,0.75,49,29,1,20,2308,0.59,0.99,0.97,0.75
PF15095,PF06773,1,0,0,1,0,2357,0,1.0,0.0,0,0,0,1,0,2357,0,1.0,0.0,0
PF06662,PF15296,6,7,1,5,6,2346,0.14,1.0,0.17,0.15,7,1,5,6,2346,0.14,1.0,0.17,0.15
PF10118,PF04225,6,10,1,5,9,2343,0.1,0.99,0.17,0.13,10,1,5,9,2343,0.1,0.99,0.17,0.13
PF03128,PF14554,6,3,2,4,1,2351,0.67,1.0,0.33,0.47,3,2,4,1,2351,0.67,1.0,0.33,0.47
PF03881,PF10282,26,24,6,20,18,2314,0.25,0.98,0.23,0.23,24,6,20,18,2314,0.25,0.98,0.23,0.23
PF15358,PF15162,0,0,0,0,0,2358,0,1.0,0,0,0,0,0,0,2358,0,1.0,0,0
PF03297,PF00876,15,41,6,9,35,2308,0.15,0.98,0.4,0.23,41,6,9,35,2308,0.15,0.98,0.4,0.23
PF03522,PF08403,41,5,5,36,0,2317,1.0,0.98,0.12,0.35,5,5,36,0,2317,1.0,0.98,0.12,0.35
PF12430,PF12537,10,10,10,0,0,2348,1.0,1.0,1.0,1.0,10,10,0,0,2348,1.0,1.0,1.0,1.0
PF08519,PF16725,27,3,1,26,2,2329,0.33,0.99,0.04,0.11,3,1,26,2,2329,0.33,0.99,0.04,0.11
PF15258,PF12519,3,15,0,3,15,2340,0.0,0.99,0.0,-0.0,15,0,3,15,2340,0.0,0.99,0.0,-0.0
PF05152,PF11130,0,0,0,0,0,2358,0,1.0,0,0,0,0,0,0,2358,0,1.0,0,0
PF09314,PF07310,0,4,0,0,4,2354,0.0,1.0,0,0,4,0,0,4,2354,0.0,1.0,0,0
PF07776,PF05485,114,106,39,75,67,2177,0.37,0.94,0.34,0.32,106,39,75,67,2177,0.37,0.94,0.34,0.32
PF01964,PF12049,6,0,0,6,0,2352,0,1.0,0.0,0,0,0,6,0,2352,0,1.0,0.0,0
PF12012,PF15273,21,1,1,20,0,2337,1.0,0.99,0.05,0.22,1,1,20,0,2337,1.0,0.99,0.05,0.22
PF00880,PF15149,19,2,1,18,1,2338,0.5,0.99,0.05,0.16,2,1,18,1,2338,0.5,0.99,0.05,0.16
PF04641,PF15906,27,18,6,21,12,2319,0.33,0.99,0.22,0.27,18,6,21,12,2319,0.33,0.99,0.22,0.27
PF05977,PF07523,13,0,0,13,0,2345,0,0.99,0.0,0,0,0,13,0,2345,0,0.99,0.0,0
PF07738,PF09387,55,0,0,55,0,2303,0,0.98,0.0,0,0,0,55,0,2303,0,0.98,0.0,0
PF01014,PF00731,3,18,2,1,16,2339,0.11,0.99,0.67,0.27,18,2,1,16,2339,0.11,0.99,0.67,0.27
PF02909,PF05043,6,10,6,0,4,2348,0.6,1.0,1.0,0.77,10,6,0,4,2348,0.6,1.0,1.0,0.77
PF05416,PF10106,4,1,0,4,1,2353,0.0,1.0,0.0,-0.0,1,0,4,1,2353,0.0,1.0,0.0,-0.0
PF10182,PF04740,5,0,0,5,0,2353,0,1.0,0.0,0,0,0,5,0,2353,0,1.0,0.0,0
PF03871,PF01191,20,17,17,3,0,2338,1.0,1.0,0.85,0.92,17,17,3,0,2338,1.0,1.0,0.85,0.92
PF15835,PF00034,0,32,0,0,32,2326,0.0,0.99,0,0,32,0,0,32,2326,0.0,0.99,0,0
PF02430,PF02915,3,3,0,3,3,2352,0.0,1.0,0.0,-0.0,3,0,3,3,2352,0.0,1.0,0.0,-0.0
PF07001,PF15624,7,5,1,6,4,2347,0.2,1.0,0.14,0.17,5,1,6,4,2347,0.2,1.0,0.14,0.17
PF02957,PF04472,0,1,0,0,1,2357,0.0,1.0,0,0,1,0,0,1,2357,0.0,1.0,0,0
PF11397,PF09132,14,0,0,14,0,2344,0,0.99,0.0,0,0,0,14,0,2344,0,0.99,0.0,0
PF14508,PF08708,0,0,0,0,0,2358,0,1.0,0,0,0,0,0,0,2358,0,1.0,0,0
PF00226,PF11926,224,4,4,220,0,2134,1.0,0.91,0.02,0.13,4,4,220,0,2134,1.0,0.91,0.02,0.13
PF01500,PF05287,2,1,1,1,0,2356,1.0,1.0,0.5,0.71,1,1,1,0,2356,1.0,1.0,0.5,0.71
PF10404,PF10403,14,22,14,0,8,2336,0.64,1.0,1.0,0.8,22,14,0,8,2336,0.64,1.0,1.0,0.8
PF03501,PF00159,13,3,1,12,2,2343,0.33,0.99,0.08,0.16,3,1,12,2,2343,0.33,0.99,0.08,0.16
PF13369,PF08755,15,20,10,5,10,2333,0.5,0.99,0.67,0.57,20,10,5,10,2333,0.5,0.99,0.67,0.57
PF04681,PF09428,11,4,0,11,4,2343,0.0,0.99,0.0,-0.0,4,0,11,4,2343,0.0,0.99,0.0,-0.0
PF10222,PF14308,21,17,3,18,14,2323,0.18,0.99,0.14,0.15,17,3,18,14,2323,0.18,0.99,0.14,0.15
PF04968,PF14050,21,2,0,21,2,2335,0.0,0.99,0.0,-0.0,2,0,21,2,2335,0.0,0.99,0.0,-0.0
PF00331,PF02018,24,13,9,15,4,2330,0.69,0.99,0.38,0.51,13,9,15,4,2330,0.69,0.99,0.38,0.51
PF06902,PF03428,0,0,0,0,0,2358,0,1.0,0,0,0,0,0,0,2358,0,1.0,0,0
PF06567,PF06566,1,1,1,0,0,2357,1.0,1.0,1.0,1.0,1,1,0,0,2357,1.0,1.0,1.0,1.0
PF07392,PF15120,3,2,0,3,2,2353,0.0,1.0,0.0,-0.0,2,0,3,2,2353,0.0,1.0,0.0,-0.0
PF15224,PF06393,0,4,0,0,4,2354,0.0,1.0,0,0,4,0,0,4,2354,0.0,1.0,0,0
PF02096,PF01245,43,25,10,33,15,2300,0.4,0.98,0.23,0.3,25,10,33,15,2300,0.4,0.98,0.23,0.3
PF12883,PF13471,2,8,2,0,6,2350,0.25,1.0,1.0,0.5,8,2,0,6,2350,0.25,1.0,1.0,0.5
PF00729,PF03729,2,0,0,2,0,2356,0,1.0,0.0,0,0,0,2,0,2356,0,1.0,0.0,0
PF10513,PF12064,46,7,3,43,4,2308,0.43,0.98,0.07,0.16,7,3,43,4,2308,0.43,0.98,0.07,0.16
PF14049,PF14047,0,0,0,0,0,2358,0,1.0,0,0,0,0,0,0,2358,0,1.0,0,0
PF09807,PF05497,10,9,0,10,9,2339,0.0,0.99,0.0,-0.0,9,0,10,9,2339,0.0,0.99,0.0,-0.0
PF00876,PF04658,41,19,9,32,10,2307,0.47,0.98,0.22,0.31,19,9,32,10,2307,0.47,0.98,0.22,0.31
PF00886,PF00499,16,6,0,16,6,2336,0.0,0.99,0.0,-0.0,6,0,16,6,2336,0.0,0.99,0.0,-0.0
PF00388,PF00387,41,34,30,11,4,2313,0.88,0.99,0.73,0.8,34,30,11,4,2313,0.88,0.99,0.73,0.8
PF15238,PF15374,1,0,0,1,0,2357,0,1.0,0.0,0,0,0,1,0,2357,0,1.0,0.0,0
PF03223,PF01158,16,16,2,14,14,2328,0.12,0.99,0.12,0.12,16,2,14,14,2328,0.12,0.99,0.12,0.12
PF15936,PF14138,10,16,2,8,14,2334,0.12,0.99,0.2,0.15,16,2,8,14,2334,0.12,0.99,0.2,0.15
PF09291,PF10570,0,1,0,0,1,2357,0.0,1.0,0,0,1,0,0,1,2357,0.0,1.0,0,0
PF07224,PF11017,4,1,0,4,1,2353,0.0,1.0,0.0,-0.0,1,0,4,1,2353,0.0,1.0,0.0,-0.0
PF02662,PF14322,2,0,0,2,0,2356,0,1.0,0.0,0,0,0,2,0,2356,0,1.0,0.0,0
PF01407,PF07882,1,3,0,1,3,2354,0.0,1.0,0.0,-0.0,3,0,1,3,2354,0.0,1.0,0.0,-0.0
PF05730,PF08613,30,50,11,19,39,2289,0.22,0.98,0.37,0.27,50,11,19,39,2289,0.22,0.98,0.37,0.27
PF00290,PF14821,14,17,1,13,16,2328,0.06,0.99,0.07,0.06,17,1,13,16,2328,0.06,0.99,0.07,0.06
PF11790,PF09362,18,19,5,13,14,2326,0.26,0.99,0.28,0.26,19,5,13,14,2326,0.26,0.99,0.28,0.26
PF04357,PF15912,1,4,0,1,4,2353,0.0,1.0,0.0,-0.0,4,0,1,4,2353,0.0,1.0,0.0,-0.0
PF01383,PF00502,4,2,2,2,0,2354,1.0,1.0,0.5,0.71,2,2,2,0,2354,1.0,1.0,0.5,0.71
PF07898,PF15013,7,4,0,7,4,2347,0.0,1.0,0.0,-0.0,4,0,7,4,2347,0.0,1.0,0.0,-0.0
PF00494,PF00828,56,47,21,35,26,2276,0.45,0.97,0.38,0.4,47,21,35,26,2276,0.45,0.97,0.38,0.4
PF16096,PF16097,2,1,1,1,0,2356,1.0,1.0,0.5,0.71,1,1,1,0,2356,1.0,1.0,0.5,0.71
PF09739,PF08303,23,6,0,23,6,2329,0.0,0.99,0.0,-0.01,6,0,23,6,2329,0.0,0.99,0.0,-0.01
PF00109,PF02801,99,97,96,3,1,2258,0.99,1.0,0.97,0.98,97,96,3,1,2258,0.99,1.0,0.97,0.98
PF15150,PF12241,4,2,0,4,2,2352,0.0,1.0,0.0,-0.0,2,0,4,2,2352,0.0,1.0,0.0,-0.0
PF04101,PF06925,23,7,7,16,0,2335,1.0,0.99,0.3,0.55,7,7,16,0,2335,1.0,0.99,0.3,0.55
PF12446,PF15224,0,0,0,0,0,2358,0,1.0,0,0,0,0,0,0,2358,0,1.0,0,0
PF08950,PF17049,0,2,0,0,2,2356,0.0,1.0,0,0,2,0,0,2,2356,0.0,1.0,0,0
PF08570,PF06890,5,0,0,5,0,2353,0,1.0,0.0,0,0,0,5,0,2353,0,1.0,0.0,0
PF02017,PF12278,26,0,0,26,0,2332,0,0.99,0.0,0,0,0,26,0,2332,0,0.99,0.0,0
PF11998,PF03661,6,24,2,4,22,2330,0.08,0.99,0.33,0.16,24,2,4,22,2330,0.08,0.99,0.33,0.16
PF12811,PF11211,0,0,0,0,0,2358,0,1.0,0,0,0,0,0,0,2358,0,1.0,0,0
PF12561,PF11681,0,0,0,0,0,2358,0,1.0,0,0,0,0,0,0,2358,0,1.0,0,0
PF03029,PF10178,49,10,4,45,6,2303,0.4,0.98,0.08,0.17,10,4,45,6,2303,0.4,0.98,0.08,0.17
PF06637,PF16043,1,3,0,1,3,2354,0.0,1.0,0.0,-0.0,3,0,1,3,2354,0.0,1.0,0.0,-0.0
PF14781,PF14782,7,18,7,0,11,2340,0.39,1.0,1.0,0.62,18,7,0,11,2340,0.39,1.0,1.0,0.62
PF08606,PF04158,36,10,5,31,5,2317,0.5,0.98,0.14,0.26,10,5,31,5,2317,0.5,0.98,0.14,0.26
PF09416,PF13625,14,18,7,7,11,2333,0.39,0.99,0.5,0.44,18,7,7,11,2333,0.39,0.99,0.5,0.44
PF03366,PF08123,21,18,7,14,11,2326,0.39,0.99,0.33,0.35,18,7,14,11,2326,0.39,0.99,0.33,0.35
PF00134,PF02984,126,79,74,52,5,2227,0.94,0.98,0.59,0.73,79,74,52,5,2227,0.94,0.98,0.59,0.73
PF15307,PF13011,1,0,0,1,0,2357,0,1.0,0.0,0,0,0,1,0,2357,0,1.0,0.0,0
PF13889,PF15557,15,0,0,15,0,2343,0,0.99,0.0,0,0,0,15,0,2343,0,0.99,0.0,0
PF00749,PF03950,73,45,45,28,0,2285,1.0,0.99,0.62,0.78,45,45,28,0,2285,1.0,0.99,0.62,0.78
PF00255,PF01625,33,32,6,27,26,2299,0.19,0.98,0.18,0.17,32,6,27,26,2299,0.19,0.98,0.18,0.17
PF06347,PF10951,8,0,0,8,0,2350,0,1.0,0.0,0,0,0,8,0,2350,0,1.0,0.0,0
PF12257,PF16646,21,0,0,21,0,2337,0,0.99,0.0,0,0,0,21,0,2337,0,0.99,0.0,0
PF01315,PF02738,35,36,33,2,3,2320,0.92,1.0,0.94,0.93,36,33,2,3,2320,0.92,1.0,0.94,0.93
PF05837,PF13096,7,2,0,7,2,2349,0.0,1.0,0.0,-0.0,2,0,7,2,2349,0.0,1.0,0.0,-0.0
PF05825,PF15071,2,0,0,2,0,2356,0,1.0,0.0,0,0,0,2,0,2356,0,1.0,0.0,0
PF01280,PF05129,29,23,2,27,21,2308,0.09,0.98,0.07,0.07,23,2,27,21,2308,0.09,0.98,0.07,0.07
PF01485,PF05773,108,61,32,76,29,2221,0.52,0.96,0.3,0.37,61,32,76,29,2221,0.52,0.96,0.3,0.37
PF07717,PF04408,133,148,130,3,18,2207,0.88,0.99,0.98,0.92,148,130,3,18,2207,0.88,0.99,0.98,0.92
PF15455,PF10912,3,1,1,2,0,2355,1.0,1.0,0.33,0.58,1,1,2,0,2355,1.0,1.0,0.33,0.58
PF01144,PF02886,30,22,6,24,16,2312,0.27,0.98,0.2,0.23,22,6,24,16,2312,0.27,0.98,0.2,0.23
PF05345,PF12509,9,9,0,9,9,2340,0.0,0.99,0.0,-0.0,9,0,9,9,2340,0.0,0.99,0.0,-0.0
PF03401,PF13247,2,0,0,2,0,2356,0,1.0,0.0,0,0,0,2,0,2356,0,1.0,0.0,0
PF03575,PF05405,2,16,0,2,16,2340,0.0,0.99,0.0,-0.0,16,0,2,16,2340,0.0,0.99,0.0,-0.0
PF07262,PF05838,0,0,0,0,0,2358,0,1.0,0,0,0,0,0,0,2358,0,1.0,0,0
PF01007,PF08466,30,3,3,27,0,2328,1.0,0.99,0.1,0.31,3,3,27,0,2328,1.0,0.99,0.1,0.31
PF02578,PF01669,4,1,0,4,1,2353,0.0,1.0,0.0,-0.0,1,0,4,1,2353,0.0,1.0,0.0,-0.0
PF06022,PF07418,0,0,0,0,0,2358,0,1.0,0,0,0,0,0,0,2358,0,1.0,0,0
PF07646,PF06588,27,6,1,26,5,2326,0.17,0.99,0.04,0.07,6,1,26,5,2326,0.17,0.99,0.04,0.07
PF08022,PF08030,72,84,72,0,12,2274,0.86,0.99,1.0,0.92,84,72,0,12,2274,0.86,0.99,1.0,0.92
PF16541,PF01097,4,7,0,4,7,2347,0.0,1.0,0.0,-0.0,7,0,4,7,2347,0.0,1.0,0.0,-0.0
PF00837,PF02106,5,1,0,5,1,2352,0.0,1.0,0.0,-0.0,1,0,5,1,2352,0.0,1.0,0.0,-0.0
PF15337,PF15553,12,0,0,12,0,2346,0,0.99,0.0,0,0,0,12,0,2346,0,0.99,0.0,0
PF09398,PF06541,9,0,0,9,0,2349,0,1.0,0.0,0,0,0,9,0,2349,0,1.0,0.0,0
PF14785,PF05591,0,0,0,0,0,2358,0,1.0,0,0,0,0,0,0,2358,0,1.0,0,0
PF15298,PF07809,0,2,0,0,2,2356,0.0,1.0,0,0,2,0,0,2,2356,0.0,1.0,0,0
PF07741,PF08271,16,25,7,9,18,2324,0.28,0.99,0.44,0.34,25,7,9,18,2324,0.28,0.99,0.44,0.34
PF00151,PF01477,57,55,20,37,35,2266,0.36,0.97,0.35,0.34,55,20,37,35,2266,0.36,0.97,0.35,0.34
PF14602,PF12464,42,27,19,23,8,2308,0.7,0.99,0.45,0.56,27,19,23,8,2308,0.7,0.99,0.45,0.56
PF13387,PF03726,0,14,0,0,14,2344,0.0,0.99,0,0,14,0,0,14,2344,0.0,0.99,0,0
PF11033,PF00025,0,128,0,0,128,2230,0.0,0.95,0,0,128,0,0,128,2230,0.0,0.95,0,0
PF03412,PF03459,8,6,3,5,3,2347,0.5,1.0,0.38,0.43,6,3,5,3,2347,0.5,1.0,0.38,0.43
PF02762,PF02761,8,12,7,1,5,2345,0.58,1.0,0.88,0.71,12,7,1,5,2345,0.58,1.0,0.88,0.71
PF16313,PF03241,3,0,0,3,0,2355,0,1.0,0.0,0,0,0,3,0,2355,0,1.0,0.0,0
PF09012,PF11975,5,15,0,5,15,2338,0.0,0.99,0.0,-0.0,15,0,5,15,2338,0.0,0.99,0.0,-0.0
PF04450,PF04690,3,3,0,3,3,2352,0.0,1.0,0.0,-0.0,3,0,3,3,2352,0.0,1.0,0.0,-0.0
PF00032,PF03980,19,9,3,16,6,2333,0.33,0.99,0.16,0.23,9,3,16,6,2333,0.33,0.99,0.16,0.23
PF05488,PF17188,0,0,0,0,0,2358,0,1.0,0,0,0,0,0,0,2358,0,1.0,0,0
PF00231,PF05497,32,9,0,32,9,2317,0.0,0.98,0.0,-0.01,9,0,32,9,2317,0.0,0.98,0.0,-0.01
PF02874,PF07497,79,6,1,78,5,2274,0.17,0.96,0.01,0.04,6,1,78,5,2274,0.17,0.96,0.01,0.04
PF16403,PF08305,16,8,3,13,5,2337,0.38,0.99,0.19,0.26,8,3,13,5,2337,0.38,0.99,0.19,0.26
PF15273,PF15997,1,0,0,1,0,2357,0,1.0,0.0,0,0,0,1,0,2357,0,1.0,0.0,0
PF00957,PF13774,62,36,30,32,6,2290,0.83,0.98,0.48,0.63,36,30,32,6,2290,0.83,0.98,0.48,0.63
PF00074,PF02422,3,4,0,3,4,2351,0.0,1.0,0.0,-0.0,4,0,3,4,2351,0.0,1.0,0.0,-0.0
PF10242,PF06951,11,18,4,7,14,2333,0.22,0.99,0.36,0.28,18,4,7,14,2333,0.22,0.99,0.36,0.28
PF15050,PF05853,6,2,0,6,2,2350,0.0,1.0,0.0,-0.0,2,0,6,2,2350,0.0,1.0,0.0,-0.0
PF04339,PF15216,2,1,0,2,1,2355,0.0,1.0,0.0,-0.0,1,0,2,1,2355,0.0,1.0,0.0,-0.0
PF15377,PF01959,1,5,0,1,5,2352,0.0,1.0,0.0,-0.0,5,0,1,5,2352,0.0,1.0,0.0,-0.0
PF04925,PF04795,15,9,3,12,6,2337,0.33,0.99,0.2,0.25,9,3,12,6,2337,0.33,0.99,0.2,0.25
PF13026,PF10370,0,2,0,0,2,2356,0.0,1.0,0,0,2,0,0,2,2356,0.0,1.0,0,0
PF02704,PF05498,10,10,1,9,9,2339,0.1,0.99,0.1,0.1,10,1,9,9,2339,0.1,0.99,0.1,0.1
PF10261,PF02560,6,10,0,6,10,2342,0.0,0.99,0.0,-0.0,10,0,6,10,2342,0.0,0.99,0.0,-0.0
PF17051,PF15046,1,6,0,1,6,2351,0.0,1.0,0.0,-0.0,6,0,1,6,2351,0.0,1.0,0.0,-0.0
PF00850,PF09757,91,7,5,86,2,2265,0.71,0.96,0.05,0.19,7,5,86,2,2265,0.71,0.96,0.05,0.19
PF10561,PF01106,6,28,2,4,26,2326,0.07,0.99,0.33,0.15,28,2,4,26,2326,0.07,0.99,0.33,0.15
PF14777,PF14886,7,5,4,3,1,2350,0.8,1.0,0.57,0.68,5,4,3,1,2350,0.8,1.0,0.57,0.68
PF00479,PF02781,30,29,28,2,1,2327,0.97,1.0,0.93,0.95,29,28,2,1,2327,0.97,1.0,0.93,0.95
PF03330,PF01357,33,27,21,12,6,2319,0.78,0.99,0.64,0.7,27,21,12,6,2319,0.78,0.99,0.64,0.7
PF04397,PF00196,3,16,3,0,13,2342,0.19,0.99,1.0,0.43,16,3,0,13,2342,0.19,0.99,1.0,0.43
PF05953,PF04120,1,1,0,1,1,2356,0.0,1.0,0.0,-0.0,1,0,1,1,2356,0.0,1.0,0.0,-0.0
PF10246,PF15013,17,4,0,17,4,2337,0.0,0.99,0.0,-0.0,4,0,17,4,2337,0.0,0.99,0.0,-0.0
PF01781,PF08269,22,0,0,22,0,2336,0,0.99,0.0,0,0,0,22,0,2336,0,0.99,0.0,0
PF01737,PF03819,4,3,0,4,3,2351,0.0,1.0,0.0,-0.0,3,0,4,3,2351,0.0,1.0,0.0,-0.0
PF13407,PF04069,29,13,7,22,6,2323,0.54,0.99,0.24,0.36,13,7,22,6,2323,0.54,0.99,0.24,0.36
PF12921,PF17177,4,67,2,2,65,2289,0.03,0.97,0.5,0.12,67,2,2,65,2289,0.03,0.97,0.5,0.12
PF04114,PF01694,34,83,14,20,69,2255,0.17,0.96,0.41,0.25,83,14,20,69,2255,0.17,0.96,0.41,0.25
PF02458,PF01063,49,39,15,34,24,2285,0.38,0.98,0.31,0.33,39,15,34,24,2285,0.38,0.98,0.31,0.33
PF07685,PF11642,4,0,0,4,0,2354,0,1.0,0.0,0,0,0,4,0,2354,0,1.0,0.0,0
PF10597,PF10596,24,29,24,0,5,2329,0.83,1.0,1.0,0.91,29,24,0,5,2329,0.83,1.0,1.0,0.91
PF12619,PF14551,29,88,29,0,59,2270,0.33,0.97,1.0,0.57,88,29,0,59,2270,0.33,0.97,1.0,0.57
PF09333,PF12624,32,54,17,15,37,2289,0.31,0.98,0.53,0.4,54,17,15,37,2289,0.31,0.98,0.53,0.4
PF02739,PF11671,8,0,0,8,0,2350,0,1.0,0.0,0,0,0,8,0,2350,0,1.0,0.0,0
PF16168,PF15355,0,0,0,0,0,2358,0,1.0,0,0,0,0,0,0,2358,0,1.0,0,0
PF15304,PF01430,3,3,0,3,3,2352,0.0,1.0,0.0,-0.0,3,0,3,3,2352,0.0,1.0,0.0,-0.0
PF04438,PF14773,46,11,5,41,6,2306,0.45,0.98,0.11,0.22,11,5,41,6,2306,0.45,0.98,0.11,0.22
PF03662,PF07542,15,22,3,12,19,2324,0.14,0.99,0.2,0.16,22,3,12,19,2324,0.14,0.99,0.2,0.16
PF03160,PF07965,38,8,5,33,3,2317,0.62,0.98,0.13,0.28,8,5,33,3,2317,0.62,0.98,0.13,0.28
PF12552,PF14383,7,4,2,5,2,2349,0.5,1.0,0.29,0.38,4,2,5,2,2349,0.5,1.0,0.29,0.38
PF07759,PF00040,0,35,0,0,35,2323,0.0,0.99,0,0,35,0,0,35,2323,0.0,0.99,0,0
PF03038,PF17083,0,0,0,0,0,2358,0,1.0,0,0,0,0,0,0,2358,0,1.0,0,0
PF04119,PF12900,5,6,0,5,6,2347,0.0,1.0,0.0,-0.0,6,0,5,6,2347,0.0,1.0,0.0,-0.0
PF15473,PF00162,16,42,12,4,30,2312,0.29,0.99,0.75,0.46,42,12,4,30,2312,0.29,0.99,0.75,0.46
PF10391,PF14792,24,31,24,0,7,2327,0.77,1.0,1.0,0.88,31,24,0,7,2327,0.77,1.0,1.0,0.88
PF10662,PF05128,5,1,1,4,0,2353,1.0,1.0,0.2,0.45,1,1,4,0,2353,1.0,1.0,0.2,0.45
PF15949,PF10358,9,33,2,7,31,2318,0.06,0.98,0.22,0.11,33,2,7,31,2318,0.06,0.98,0.22,0.11
PF11232,PF11235,6,2,0,6,2,2350,0.0,1.0,0.0,-0.0,2,0,6,2,2350,0.0,1.0,0.0,-0.0
PF11873,PF04466,0,1,0,0,1,2357,0.0,1.0,0,0,1,0,0,1,2357,0.0,1.0,0,0
PF14136,PF11245,0,0,0,0,0,2358,0,1.0,0,0,0,0,0,0,2358,0,1.0,0,0
PF06816,PF07684,13,17,13,0,4,2341,0.76,1.0,1.0,0.87,17,13,0,4,2341,0.76,1.0,1.0,0.87
PF13826,PF08656,1,6,0,1,6,2351,0.0,1.0,0.0,-0.0,6,0,1,6,2351,0.0,1.0,0.0,-0.0
PF05715,PF15914,5,3,1,4,2,2351,0.33,1.0,0.2,0.26,3,1,4,2,2351,0.33,1.0,0.2,0.26
PF05787,PF08411,0,2,0,0,2,2356,0.0,1.0,0,0,2,0,0,2,2356,0.0,1.0,0,0
PF06631,PF11618,8,5,2,6,3,2347,0.4,1.0,0.25,0.31,5,2,6,3,2347,0.4,1.0,0.25,0.31
PF08494,PF07077,3,3,3,0,0,2355,1.0,1.0,1.0,1.0,3,3,0,0,2355,1.0,1.0,1.0,1.0
PF02668,PF10609,63,38,16,47,22,2273,0.42,0.97,0.25,0.31,38,16,47,22,2273,0.42,0.97,0.25,0.31
PF05210,PF08776,4,18,1,3,17,2337,0.06,0.99,0.25,0.11,18,1,3,17,2337,0.06,0.99,0.25,0.11
PF16523,PF15441,3,3,3,0,0,2355,1.0,1.0,1.0,1.0,3,3,0,0,2355,1.0,1.0,1.0,1.0
PF02659,PF07376,0,0,0,0,0,2358,0,1.0,0,0,0,0,0,0,2358,0,1.0,0,0
PF01066,PF08652,70,12,6,64,6,2282,0.5,0.97,0.09,0.2,12,6,64,6,2282,0.5,0.97,0.09,0.2
PF05920,PF00907,48,37,17,31,20,2290,0.46,0.98,0.35,0.39,37,17,31,20,2290,0.46,0.98,0.35,0.39
PF02772,PF02773,16,14,14,2,0,2342,1.0,1.0,0.88,0.94,14,14,2,0,2342,1.0,1.0,0.88,0.94
PF06087,PF10283,49,32,18,31,14,2295,0.56,0.98,0.37,0.45,32,18,31,14,2295,0.56,0.98,0.37,0.45
PF04529,PF05979,1,3,0,1,3,2354,0.0,1.0,0.0,-0.0,3,0,1,3,2354,0.0,1.0,0.0,-0.0
PF16697,PF12479,4,0,0,4,0,2354,0,1.0,0.0,0,0,0,4,0,2354,0,1.0,0.0,0
PF04898,PF01645,14,13,13,1,0,2344,1.0,1.0,0.93,0.96,13,13,1,0,2344,1.0,1.0,0.93,0.96
PF14213,PF08881,0,17,0,0,17,2341,0.0,0.99,0,0,17,0,0,17,2341,0.0,0.99,0,0
PF04685,PF12215,14,19,14,0,5,2339,0.74,1.0,1.0,0.86,19,14,0,5,2339,0.74,1.0,1.0,0.86
PF00370,PF02782,74,65,57,17,8,2276,0.88,0.99,0.77,0.82,65,57,17,8,2276,0.88,0.99,0.77,0.82
PF14586,PF15667,1,0,0,1,0,2357,0,1.0,0.0,0,0,0,1,0,2357,0,1.0,0.0,0
PF06150,PF04023,0,1,0,0,1,2357,0.0,1.0,0,0,1,0,0,1,2357,0.0,1.0,0,0
PF14985,PF00770,3,2,1,2,1,2354,0.5,1.0,0.33,0.41,2,1,2,1,2354,0.5,1.0,0.33,0.41
PF05633,PF16803,10,12,1,9,11,2337,0.08,0.99,0.1,0.09,12,1,9,11,2337,0.08,0.99,0.1,0.09
PF00694,PF00330,51,61,47,4,14,2293,0.77,0.99,0.92,0.84,61,47,4,14,2293,0.77,0.99,0.92,0.84
PF04227,PF00294,12,77,11,1,66,2280,0.14,0.97,0.92,0.36,77,11,1,66,2280,0.14,0.97,0.92,0.36
PF01073,PF02453,34,26,8,26,18,2306,0.31,0.98,0.24,0.26,26,8,26,18,2306,0.31,0.98,0.24,0.26
PF07145,PF06741,23,21,8,15,13,2322,0.38,0.99,0.35,0.36,21,8,15,13,2322,0.38,0.99,0.35,0.36
PF00499,PF00507,6,10,3,3,7,2345,0.3,1.0,0.5,0.39,10,3,3,7,2345,0.3,1.0,0.5,0.39
PF03074,PF07971,14,26,3,11,23,2321,0.12,0.99,0.21,0.15,26,3,11,23,2321,0.12,0.99,0.21,0.15
PF11019,PF05840,0,5,0,0,5,2353,0.0,1.0,0,0,5,0,0,5,2353,0.0,1.0,0,0
PF11413,PF08778,8,6,3,5,3,2347,0.5,1.0,0.38,0.43,6,3,5,3,2347,0.5,1.0,0.38,0.43
PF03281,PF07693,33,14,5,28,9,2316,0.36,0.98,0.15,0.23,14,5,28,9,2316,0.36,0.98,0.15,0.23
PF09472,PF14421,3,0,0,3,0,2355,0,1.0,0.0,0,0,0,3,0,2355,0,1.0,0.0,0
PF12440,PF01454,4,26,4,0,22,2332,0.15,0.99,1.0,0.39,26,4,0,22,2332,0.15,0.99,1.0,0.39
PF00292,PF16719,23,6,2,21,4,2331,0.33,0.99,0.09,0.17,6,2,21,4,2331,0.33,0.99,0.09,0.17
PF12760,PF03831,1,0,0,1,0,2357,0,1.0,0.0,0,0,0,1,0,2357,0,1.0,0.0,0
PF10000,PF13840,4,26,2,2,24,2330,0.08,0.99,0.5,0.19,26,2,2,24,2330,0.08,0.99,0.5,0.19
PF06405,PF09585,4,4,0,4,4,2350,0.0,1.0,0.0,-0.0,4,0,4,4,2350,0.0,1.0,0.0,-0.0
PF00488,PF05192,88,79,73,15,6,2264,0.92,0.99,0.83,0.87,79,73,15,6,2264,0.92,0.99,0.83,0.87
PF09330,PF02873,9,9,3,6,6,2343,0.33,0.99,0.33,0.33,9,3,6,6,2343,0.33,0.99,0.33,0.33
PF13545,PF10137,5,0,0,5,0,2353,0,1.0,0.0,0,0,0,5,0,2353,0,1.0,0.0,0
PF07516,PF01043,5,5,5,0,0,2353,1.0,1.0,1.0,1.0,5,5,0,0,2353,1.0,1.0,1.0,1.0
PF07916,PF12255,0,1,0,0,1,2357,0.0,1.0,0,0,1,0,0,1,2357,0.0,1.0,0,0
PF09876,PF08206,1,1,1,0,0,2357,1.0,1.0,1.0,1.0,1,1,0,0,2357,1.0,1.0,1.0,1.0
PF06444,PF01059,3,2,2,1,0,2355,1.0,1.0,0.67,0.82,2,2,1,0,2355,1.0,1.0,0.67,0.82
PF03232,PF00708,19,15,5,14,10,2329,0.33,0.99,0.26,0.29,15,5,14,10,2329,0.33,0.99,0.26,0.29
PF17007,PF11751,0,0,0,0,0,2358,0,1.0,0,0,0,0,0,0,2358,0,1.0,0,0
PF04391,PF03241,0,0,0,0,0,2358,0,1.0,0,0,0,0,0,0,2358,0,1.0,0,0
PF09684,PF06082,1,0,0,1,0,2357,0,1.0,0.0,0,0,0,1,0,2357,0,1.0,0.0,0
PF00285,PF08442,40,25,12,28,13,2305,0.48,0.98,0.3,0.37,25,12,28,13,2305,0.48,0.98,0.3,0.37
PF07558,PF14818,7,12,1,6,11,2340,0.08,0.99,0.14,0.11,12,1,6,11,2340,0.08,0.99,0.14,0.11
PF12402,PF08014,0,4,0,0,4,2354,0.0,1.0,0,0,4,0,0,4,2354,0.0,1.0,0,0
PF03423,PF16338,4,2,2,2,0,2354,1.0,1.0,0.5,0.71,2,2,2,0,2354,1.0,1.0,0.5,0.71
PF05351,PF08038,12,5,0,12,5,2341,0.0,0.99,0.0,-0.0,5,0,12,5,2341,0.0,0.99,0.0,-0.0
PF14046,PF12743,2,9,2,0,7,2349,0.22,1.0,1.0,0.47,9,2,0,7,2349,0.22,1.0,1.0,0.47
PF08712,PF01106,22,28,22,0,6,2330,0.79,1.0,1.0,0.89,28,22,0,6,2330,0.79,1.0,1.0,0.89
PF15919,PF00351,0,41,0,0,41,2317,0.0,0.98,0,0,41,0,0,41,2317,0.0,0.98,0,0
PF01030,PF00757,26,21,18,8,3,2329,0.86,1.0,0.69,0.77,21,18,8,3,2329,0.86,1.0,0.69,0.77
PF15805,PF15803,0,0,0,0,0,2358,0,1.0,0,0,0,0,0,0,2358,0,1.0,0,0
PF15817,PF11751,5,0,0,5,0,2353,0,1.0,0.0,0,0,0,5,0,2353,0,1.0,0.0,0
PF13020,PF14908,8,8,1,7,7,2343,0.12,0.99,0.12,0.12,8,1,7,7,2343,0.12,0.99,0.12,0.12
PF06481,PF02790,7,23,6,1,17,2334,0.26,0.99,0.86,0.47,23,6,1,17,2334,0.26,0.99,0.86,0.47
PF03792,PF00157,14,14,7,7,7,2337,0.5,0.99,0.5,0.5,14,7,7,7,2337,0.5,0.99,0.5,0.5
PF00215,PF04275,48,20,8,40,12,2298,0.4,0.98,0.17,0.25,20,8,40,12,2298,0.4,0.98,0.17,0.25
PF03669,PF11336,16,0,0,16,0,2342,0,0.99,0.0,0,0,0,16,0,2342,0,0.99,0.0,0
PF12461,PF11975,0,15,0,0,15,2343,0.0,0.99,0,0,15,0,0,15,2343,0.0,0.99,0,0
PF01743,PF01144,24,30,5,19,25,2309,0.17,0.98,0.21,0.18,30,5,19,25,2309,0.17,0.98,0.21,0.18
PF11751,PF03090,0,0,0,0,0,2358,0,1.0,0,0,0,0,0,0,2358,0,1.0,0,0
PF15346,PF14279,5,0,0,5,0,2353,0,1.0,0.0,0,0,0,5,0,2353,0,1.0,0.0,0
PF09689,PF03979,0,9,0,0,9,2349,0.0,1.0,0,0,9,0,0,9,2349,0.0,1.0,0,0
PF03104,PF00136,59,60,57,2,3,2296,0.95,1.0,0.97,0.96,60,57,2,3,2296,0.95,1.0,0.97,0.96
PF01853,PF05712,57,50,17,40,33,2268,0.34,0.97,0.3,0.3,50,17,40,33,2268,0.34,0.97,0.3,0.3
PF07474,PF12662,12,44,10,2,34,2312,0.23,0.98,0.83,0.43,44,10,2,34,2312,0.23,0.98,0.83,0.43
PF02306,PF17193,3,0,0,3,0,2355,0,1.0,0.0,0,0,0,3,0,2355,0,1.0,0.0,0
PF09303,PF03185,5,13,5,0,8,2345,0.38,1.0,1.0,0.62,13,5,0,8,2345,0.38,1.0,1.0,0.62
PF06161,PF15832,0,3,0,0,3,2355,0.0,1.0,0,0,3,0,0,3,2355,0.0,1.0,0,0
PF07295,PF09676,0,0,0,0,0,2358,0,1.0,0,0,0,0,0,0,2358,0,1.0,0,0
PF04983,PF00623,60,57,57,3,0,2298,1.0,1.0,0.95,0.97,57,57,3,0,2298,1.0,1.0,0.95,0.97
PF09183,PF11720,1,1,1,0,0,2357,1.0,1.0,1.0,1.0,1,1,0,0,2357,1.0,1.0,1.0,1.0
PF01612,PF00570,106,60,47,59,13,2239,0.78,0.97,0.44,0.58,60,47,59,13,2239,0.78,0.97,0.44,0.58
PF11837,PF08244,2,21,2,0,19,2337,0.1,0.99,1.0,0.31,21,2,0,19,2337,0.1,0.99,1.0,0.31
PF13662,PF00772,10,9,4,6,5,2343,0.44,1.0,0.4,0.42,9,4,6,5,2343,0.44,1.0,0.4,0.42
PF15373,PF15748,0,1,0,0,1,2357,0.0,1.0,0,0,1,0,0,1,2357,0.0,1.0,0,0
PF15027,PF13910,0,3,0,0,3,2355,0.0,1.0,0,0,3,0,0,3,2355,0.0,1.0,0,0
PF14524,PF11803,3,3,0,3,3,2352,0.0,1.0,0.0,-0.0,3,0,3,3,2352,0.0,1.0,0.0,-0.0
PF16829,PF15872,0,0,0,0,0,2358,0,1.0,0,0,0,0,0,0,2358,0,1.0,0,0
PF00572,PF01192,42,11,3,39,8,2308,0.27,0.98,0.07,0.13,11,3,39,8,2308,0.27,0.98,0.07,0.13
PF10998,PF10226,6,6,0,6,6,2346,0.0,0.99,0.0,-0.0,6,0,6,6,2346,0.0,0.99,0.0,-0.0
PF00855,PF10513,63,46,25,38,21,2274,0.54,0.97,0.4,0.45,46,25,38,21,2274,0.54,0.97,0.4,0.45
PF04704,PF15350,4,0,0,4,0,2354,0,1.0,0.0,0,0,0,4,0,2354,0,1.0,0.0,0
PF05324,PF04644,2,3,1,1,2,2354,0.33,1.0,0.5,0.41,3,1,1,2,2354,0.33,1.0,0.5,0.41
PF10639,PF09415,22,6,0,22,6,2330,0.0,0.99,0.0,-0.0,6,0,22,6,2330,0.0,0.99,0.0,-0.0
PF11352,PF04461,0,0,0,0,0,2358,0,1.0,0,0,0,0,0,0,2358,0,1.0,0,0
PF13390,PF09829,0,0,0,0,0,2358,0,1.0,0,0,0,0,0,0,2358,0,1.0,0,0
PF04993,PF15529,0,0,0,0,0,2358,0,1.0,0,0,0,0,0,0,2358,0,1.0,0,0
PF16381,PF08752,15,15,15,0,0,2343,1.0,1.0,1.0,1.0,15,15,0,0,2343,1.0,1.0,1.0,1.0
PF12239,PF06172,18,3,1,17,2,2338,0.33,0.99,0.06,0.13,3,1,17,2,2338,0.33,0.99,0.06,0.13
PF09065,PF02788,0,7,0,0,7,2351,0.0,1.0,0,0,7,0,0,7,2351,0.0,1.0,0,0
PF02689,PF05970,10,78,9,1,69,2279,0.12,0.97,0.9,0.32,78,9,1,69,2279,0.12,0.97,0.9,0.32
PF15296,PF14764,7,8,1,6,7,2344,0.12,0.99,0.14,0.13,8,1,6,7,2344,0.12,0.99,0.14,0.13
PF03657,PF01097,15,7,2,13,5,2338,0.29,0.99,0.13,0.19,7,2,13,5,2338,0.29,0.99,0.13,0.19
PF09468,PF07106,13,11,2,11,9,2336,0.18,0.99,0.15,0.16,11,2,11,9,2336,0.18,0.99,0.15,0.16
PF04082,PF11951,267,137,97,170,40,2051,0.71,0.91,0.36,0.47,137,97,170,40,2051,0.71,0.91,0.36,0.47
PF09816,PF07545,16,3,1,15,2,2340,0.33,0.99,0.06,0.14,3,1,15,2,2340,0.33,0.99,0.06,0.14
PF10429,PF15212,0,0,0,0,0,2358,0,1.0,0,0,0,0,0,0,2358,0,1.0,0,0
PF05069,PF10077,0,6,0,0,6,2352,0.0,1.0,0,0,6,0,0,6,2352,0.0,1.0,0,0
PF14738,PF16501,9,1,0,9,1,2348,0.0,1.0,0.0,-0.0,1,0,9,1,2348,0.0,1.0,0.0,-0.0
PF13421,PF06744,0,0,0,0,0,2358,0,1.0,0,0,0,0,0,0,2358,0,1.0,0,0
PF03943,PF09162,15,12,11,4,1,2342,0.92,1.0,0.73,0.82,12,11,4,1,2342,0.92,1.0,0.73,0.82
PF04972,PF13580,10,3,3,7,0,2348,1.0,1.0,0.3,0.55,3,3,7,0,2348,1.0,1.0,0.3,0.55
PF08271,PF00382,25,42,25,0,17,2316,0.6,0.99,1.0,0.77,42,25,0,17,2316,0.6,0.99,1.0,0.77
PF12276,PF08260,0,0,0,0,0,2358,0,1.0,0,0,0,0,0,0,2358,0,1.0,0,0
PF10275,PF11303,8,2,1,7,1,2349,0.5,1.0,0.12,0.25,2,1,7,1,2349,0.5,1.0,0.12,0.25
PF09180,PF00458,19,40,13,6,27,2312,0.33,0.99,0.68,0.47,40,13,6,27,2312,0.33,0.99,0.68,0.47
PF02617,PF02207,16,30,12,4,18,2324,0.4,0.99,0.75,0.54,30,12,4,18,2324,0.4,0.99,0.75,0.54
PF08740,PF14629,28,15,4,24,11,2319,0.27,0.99,0.14,0.19,15,4,24,11,2319,0.27,0.99,0.14,0.19
PF15400,PF15482,0,0,0,0,0,2358,0,1.0,0,0,0,0,0,0,2358,0,1.0,0,0
PF05712,PF01853,50,57,17,33,40,2268,0.3,0.97,0.34,0.3,57,17,33,40,2268,0.3,0.97,0.34,0.3
PF02614,PF07523,3,0,0,3,0,2355,0,1.0,0.0,0,0,0,3,0,2355,0,1.0,0.0,0
PF05361,PF15359,7,3,1,6,2,2349,0.33,1.0,0.14,0.22,3,1,6,2,2349,0.33,1.0,0.14,0.22
PF05378,PF02538,43,37,37,6,0,2315,1.0,1.0,0.86,0.93,37,37,6,0,2315,1.0,1.0,0.86,0.93
PF00355,PF01180,75,43,14,61,29,2254,0.33,0.96,0.19,0.23,43,14,61,29,2254,0.33,0.96,0.19,0.23
PF01275,PF14798,10,3,0,10,3,2345,0.0,0.99,0.0,-0.0,3,0,10,3,2345,0.0,0.99,0.0,-0.0
PF01235,PF02741,12,2,0,12,2,2344,0.0,0.99,0.0,-0.0,2,0,12,2,2344,0.0,0.99,0.0,-0.0
PF04232,PF07963,3,10,0,3,10,2345,0.0,0.99,0.0,-0.0,10,0,3,10,2345,0.0,0.99,0.0,-0.0
PF12029,PF07999,2,2,2,0,0,2356,1.0,1.0,1.0,1.0,2,2,0,0,2356,1.0,1.0,1.0,1.0
PF01170,PF13391,25,21,3,22,18,2315,0.14,0.98,0.12,0.12,21,3,22,18,2315,0.14,0.98,0.12,0.12
PF12362,PF15182,1,1,0,1,1,2356,0.0,1.0,0.0,-0.0,1,0,1,1,2356,0.0,1.0,0.0,-0.0
PF01597,PF06244,43,15,5,38,10,2305,0.33,0.98,0.12,0.19,15,5,38,10,2305,0.33,0.98,0.12,0.19
PF00696,PF00171,69,198,44,25,154,2135,0.22,0.92,0.64,0.35,198,44,25,154,2135,0.22,0.92,0.64,0.35
PF15368,PF11577,0,12,0,0,12,2346,0.0,0.99,0,0,12,0,0,12,2346,0.0,0.99,0,0
PF13971,PF15556,3,2,0,3,2,2353,0.0,1.0,0.0,-0.0,2,0,3,2,2353,0.0,1.0,0.0,-0.0
PF06764,PF00737,0,5,0,0,5,2353,0.0,1.0,0,0,5,0,0,5,2353,0.0,1.0,0,0
PF11055,PF08093,0,3,0,0,3,2355,0.0,1.0,0,0,3,0,0,3,2355,0.0,1.0,0,0
PF00403,PF00080,58,38,16,42,22,2278,0.42,0.97,0.28,0.33,38,16,42,22,2278,0.42,0.97,0.28,0.33
PF05086,PF05109,0,2,0,0,2,2356,0.0,1.0,0,0,2,0,0,2,2356,0.0,1.0,0,0
PF12718,PF00261,2,25,2,0,23,2333,0.08,0.99,1.0,0.28,25,2,0,23,2333,0.08,0.99,1.0,0.28
PF04037,PF04910,7,18,2,5,16,2335,0.11,0.99,0.29,0.17,18,2,5,16,2335,0.11,0.99,0.29,0.17
PF01386,PF14693,4,5,4,0,1,2353,0.8,1.0,1.0,0.89,5,4,0,1,2353,0.8,1.0,1.0,0.89
PF15503,PF15062,3,0,0,3,0,2355,0,1.0,0.0,0,0,0,3,0,2355,0,1.0,0.0,0
PF02088,PF00010,3,183,1,2,182,2173,0.01,0.92,0.33,0.03,183,1,2,182,2173,0.01,0.92,0.33,0.03
PF10306,PF12716,6,0,0,6,0,2352,0,1.0,0.0,0,0,0,6,0,2352,0,1.0,0.0,0
PF07565,PF00955,19,34,16,3,18,2321,0.47,0.99,0.84,0.63,34,16,3,18,2321,0.47,0.99,0.84,0.63
PF00940,PF14700,15,16,13,2,3,2340,0.81,1.0,0.87,0.84,16,13,2,3,2340,0.81,1.0,0.87,0.84
PF01287,PF11937,30,14,4,26,10,2318,0.29,0.98,0.13,0.19,14,4,26,10,2318,0.29,0.98,0.13,0.19
PF09422,PF09305,0,0,0,0,0,2358,0,1.0,0,0,0,0,0,0,2358,0,1.0,0,0
PF15490,PF14494,6,0,0,6,0,2352,0,1.0,0.0,0,0,0,6,0,2352,0,1.0,0.0,0
PF15265,PF15302,0,0,0,0,0,2358,0,1.0,0,0,0,0,0,0,2358,0,1.0,0,0
PF15276,PF13325,1,11,1,0,10,2347,0.09,1.0,1.0,0.3,11,1,0,10,2347,0.09,1.0,1.0,0.3
PF06954,PF14672,4,1,0,4,1,2353,0.0,1.0,0.0,-0.0,1,0,4,1,2353,0.0,1.0,0.0,-0.0
PF09149,PF03724,7,0,0,7,0,2351,0,1.0,0.0,0,0,0,7,0,2351,0,1.0,0.0,0
PF13182,PF15182,0,1,0,0,1,2357,0.0,1.0,0,0,1,0,0,1,2357,0.0,1.0,0,0
PF05025,PF08334,8,5,0,8,5,2345,0.0,0.99,0.0,-0.0,5,0,8,5,2345,0.0,0.99,0.0,-0.0
PF00528,PF08402,65,11,10,55,1,2292,0.91,0.98,0.15,0.37,11,10,55,1,2292,0.91,0.98,0.15,0.37
PF05552,PF04586,2,1,0,2,1,2355,0.0,1.0,0.0,-0.0,1,0,2,1,2355,0.0,1.0,0.0,-0.0
PF01118,PF02774,22,24,16,6,8,2328,0.67,0.99,0.73,0.69,24,16,6,8,2328,0.67,0.99,0.73,0.69
PF02087,PF09252,2,1,0,2,1,2355,0.0,1.0,0.0,-0.0,1,0,2,1,2355,0.0,1.0,0.0,-0.0
PF03059,PF02897,9,27,2,7,25,2324,0.07,0.99,0.22,0.12,27,2,7,25,2324,0.07,0.99,0.22,0.12
PF08713,PF04691,0,6,0,0,6,2352,0.0,1.0,0,0,6,0,0,6,2352,0.0,1.0,0,0
PF03660,PF08400,9,0,0,9,0,2349,0,1.0,0.0,0,0,0,9,0,2349,0,1.0,0.0,0
PF02142,PF00185,40,38,19,21,19,2299,0.5,0.98,0.47,0.48,38,19,21,19,2299,0.5,0.98,0.47,0.48
PF00686,PF16387,66,2,2,64,0,2292,1.0,0.97,0.03,0.17,2,2,64,0,2292,1.0,0.97,0.03,0.17
PF14771,PF15057,4,22,2,2,20,2334,0.09,0.99,0.5,0.21,22,2,2,20,2334,0.09,0.99,0.5,0.21
PF15802,PF12243,3,6,0,3,6,2349,0.0,1.0,0.0,-0.0,6,0,3,6,2349,0.0,1.0,0.0,-0.0
PF14497,PF00043,64,91,41,23,50,2244,0.45,0.97,0.64,0.52,91,41,23,50,2244,0.45,0.97,0.64,0.52
PF00974,PF02465,1,4,0,1,4,2353,0.0,1.0,0.0,-0.0,4,0,1,4,2353,0.0,1.0,0.0,-0.0
PF13057,PF10057,0,0,0,0,0,2358,0,1.0,0,0,0,0,0,0,2358,0,1.0,0,0
PF06897,PF15281,0,5,0,0,5,2353,0.0,1.0,0,0,5,0,0,5,2353,0.0,1.0,0,0
PF03222,PF14159,5,0,0,5,0,2353,0,1.0,0.0,0,0,0,5,0,2353,0,1.0,0.0,0
PF10149,PF08356,11,20,4,7,16,2331,0.2,0.99,0.36,0.27,20,4,7,16,2331,0.2,0.99,0.36,0.27
PF15235,PF07891,1,4,0,1,4,2353,0.0,1.0,0.0,-0.0,4,0,1,4,2353,0.0,1.0,0.0,-0.0
PF10565,PF04069,3,13,1,2,12,2343,0.08,0.99,0.33,0.16,13,1,2,12,2343,0.08,0.99,0.33,0.16
PF04693,PF14862,0,2,0,0,2,2356,0.0,1.0,0,0,2,0,0,2,2356,0.0,1.0,0,0
PF11146,PF16824,0,0,0,0,0,2358,0,1.0,0,0,0,0,0,0,2358,0,1.0,0,0
PF09790,PF15247,14,11,3,11,8,2336,0.27,0.99,0.21,0.24,11,3,11,8,2336,0.27,0.99,0.21,0.24
PF16454,PF12162,12,4,1,11,3,2343,0.25,0.99,0.08,0.14,4,1,11,3,2343,0.25,0.99,0.08,0.14
PF13206,PF00913,0,1,0,0,1,2357,0.0,1.0,0,0,1,0,0,1,2357,0.0,1.0,0,0
PF08240,PF00107,184,171,144,40,27,2147,0.84,0.97,0.78,0.8,171,144,40,27,2147,0.84,0.97,0.78,0.8
PF12350,PF12243,9,6,6,3,0,2349,1.0,1.0,0.67,0.82,6,6,3,0,2349,1.0,1.0,0.67,0.82
PF15376,PF12509,3,9,3,0,6,2349,0.33,1.0,1.0,0.58,9,3,0,6,2349,0.33,1.0,1.0,0.58
PF07430,PF15722,1,0,0,1,0,2357,0,1.0,0.0,0,0,0,1,0,2357,0,1.0,0.0,0
PF04563,PF04561,44,7,5,39,2,2312,0.71,0.98,0.11,0.28,7,5,39,2,2312,0.71,0.98,0.11,0.28
PF00376,PF09278,3,3,3,0,0,2355,1.0,1.0,1.0,1.0,3,3,0,0,2355,1.0,1.0,1.0,1.0
PF08999,PF11636,3,1,0,3,1,2354,0.0,1.0,0.0,-0.0,1,0,3,1,2354,0.0,1.0,0.0,-0.0
PF15081,PF01110,2,5,0,2,5,2351,0.0,1.0,0.0,-0.0,5,0,2,5,2351,0.0,1.0,0.0,-0.0
PF13812,PF17177,102,67,47,55,20,2236,0.7,0.97,0.46,0.55,67,47,55,20,2236,0.7,0.97,0.46,0.55
PF06103,PF09986,0,0,0,0,0,2358,0,1.0,0,0,0,0,0,0,2358,0,1.0,0,0
PF04444,PF10437,32,3,1,31,2,2324,0.33,0.99,0.03,0.1,3,1,31,2,2324,0.33,0.99,0.03,0.1
PF12247,PF12246,6,6,6,0,0,2352,1.0,1.0,1.0,1.0,6,6,0,0,2352,1.0,1.0,1.0,1.0
PF01540,PF00201,0,119,0,0,119,2239,0.0,0.95,0,0,119,0,0,119,2239,0.0,0.95,0,0
PF16413,PF08676,27,43,10,17,33,2298,0.23,0.98,0.37,0.28,43,10,17,33,2298,0.23,0.98,0.37,0.28
PF10035,PF02588,3,3,3,0,0,2355,1.0,1.0,1.0,1.0,3,3,0,0,2355,1.0,1.0,1.0,1.0
PF01975,PF03133,23,66,12,11,54,2281,0.18,0.97,0.52,0.3,66,12,11,54,2281,0.18,0.97,0.52,0.3
PF14761,PF14763,6,0,0,6,0,2352,0,1.0,0.0,0,0,0,6,0,2352,0,1.0,0.0,0
PF15086,PF05128,3,1,1,2,0,2355,1.0,1.0,0.33,0.58,1,1,2,0,2355,1.0,1.0,0.33,0.58
PF16965,PF02277,5,4,0,5,4,2349,0.0,1.0,0.0,-0.0,4,0,5,4,2349,0.0,1.0,0.0,-0.0
PF03637,PF01025,39,27,10,29,17,2302,0.37,0.98,0.26,0.3,27,10,29,17,2302,0.37,0.98,0.26,0.3
PF12437,PF16952,3,4,2,1,2,2353,0.5,1.0,0.67,0.58,4,2,1,2,2353,0.5,1.0,0.67,0.58
PF03847,PF07816,22,0,0,22,0,2336,0,0.99,0.0,0,0,0,22,0,2336,0,0.99,0.0,0
PF02577,PF13474,2,4,1,1,3,2353,0.25,1.0,0.5,0.35,4,1,1,3,2353,0.25,1.0,0.5,0.35
PF09165,PF08802,8,5,3,5,2,2348,0.6,1.0,0.38,0.47,5,3,5,2,2348,0.6,1.0,0.38,0.47
PF10215,PF11093,9,3,0,9,3,2346,0.0,0.99,0.0,-0.0,3,0,9,3,2346,0.0,0.99,0.0,-0.0
PF08235,PF16876,18,14,14,4,0,2340,1.0,1.0,0.78,0.88,14,14,4,0,2340,1.0,1.0,0.78,0.88
PF00230,PF04535,71,8,6,65,2,2285,0.75,0.97,0.08,0.25,8,6,65,2,2285,0.75,0.97,0.08,0.25
PF00271,PF16203,450,26,24,426,2,1906,0.92,0.82,0.05,0.2,26,24,426,2,1906,0.92,0.82,0.05,0.2
PF05506,PF13007,3,0,0,3,0,2355,0,1.0,0.0,0,0,0,3,0,2355,0,1.0,0.0,0
PF06479,PF14593,18,5,4,14,1,2339,0.8,0.99,0.22,0.42,5,4,14,1,2339,0.8,0.99,0.22,0.42
PF09722,PF04451,0,2,0,0,2,2356,0.0,1.0,0,0,2,0,0,2,2356,0.0,1.0,0,0
PF03415,PF15888,1,0,0,1,0,2357,0,1.0,0.0,0,0,0,1,0,2357,0,1.0,0.0,0
PF14283,PF13098,4,12,1,3,11,2343,0.08,0.99,0.25,0.14,12,1,3,11,2343,0.08,0.99,0.25,0.14
PF12142,PF12143,5,5,5,0,0,2353,1.0,1.0,1.0,1.0,5,5,0,0,2353,1.0,1.0,1.0,1.0
PF16530,PF11057,0,1,0,0,1,2357,0.0,1.0,0,0,1,0,0,1,2357,0.0,1.0,0,0
PF01137,PF05189,25,10,5,20,5,2328,0.5,0.99,0.2,0.31,10,5,20,5,2328,0.5,0.99,0.2,0.31
PF08642,PF15553,1,0,0,1,0,2357,0,1.0,0.0,0,0,0,1,0,2357,0,1.0,0.0,0
PF14817,PF17167,9,6,1,8,5,2344,0.17,0.99,0.11,0.13,6,1,8,5,2344,0.17,0.99,0.11,0.13
PF08317,PF05513,8,4,1,7,3,2347,0.25,1.0,0.12,0.17,4,1,7,3,2347,0.25,1.0,0.12,0.17
PF03967,PF08748,3,0,0,3,0,2355,0,1.0,0.0,0,0,0,3,0,2355,0,1.0,0.0,0
PF01258,PF12465,12,9,3,9,6,2340,0.33,0.99,0.25,0.29,9,3,9,6,2340,0.33,0.99,0.25,0.29
PF06529,PF12498,6,3,3,3,0,2352,1.0,1.0,0.5,0.71,3,3,3,0,2352,1.0,1.0,0.5,0.71
PF02652,PF06826,9,2,0,9,2,2347,0.0,1.0,0.0,-0.0,2,0,9,2,2347,0.0,1.0,0.0,-0.0
PF03797,PF14449,3,0,0,3,0,2355,0,1.0,0.0,0,0,0,3,0,2355,0,1.0,0.0,0
PF02544,PF13506,50,14,0,50,14,2294,0.0,0.97,0.0,-0.01,14,0,50,14,2294,0.0,0.97,0.0,-0.01
PF04230,PF03151,4,64,1,3,63,2291,0.02,0.97,0.25,0.06,64,1,3,63,2291,0.02,0.97,0.25,0.06
PF01361,PF09500,2,0,0,2,0,2356,0,1.0,0.0,0,0,0,2,0,2356,0,1.0,0.0,0
PF12505,PF07173,7,18,1,6,17,2334,0.06,0.99,0.14,0.08,18,1,6,17,2334,0.06,0.99,0.14,0.08
PF08900,PF01778,0,28,0,0,28,2330,0.0,0.99,0,0,28,0,0,28,2330,0.0,0.99,0,0
PF14250,PF11128,0,0,0,0,0,2358,0,1.0,0,0,0,0,0,0,2358,0,1.0,0,0
PF01355,PF09826,3,2,0,3,2,2353,0.0,1.0,0.0,-0.0,2,0,3,2,2353,0.0,1.0,0.0,-0.0
PF17084,PF04612,0,5,0,0,5,2353,0.0,1.0,0,0,5,0,0,5,2353,0.0,1.0,0,0
PF03898,PF08795,1,0,0,1,0,2357,0,1.0,0.0,0,0,0,1,0,2357,0,1.0,0.0,0
PF10340,PF03576,2,2,0,2,2,2354,0.0,1.0,0.0,-0.0,2,0,2,2,2354,0.0,1.0,0.0,-0.0
PF06546,PF00447,6,55,6,0,49,2303,0.11,0.98,1.0,0.33,55,6,0,49,2303,0.11,0.98,1.0,0.33
PF05541,PF05366,0,2,0,0,2,2356,0.0,1.0,0,0,2,0,0,2,2356,0.0,1.0,0,0
PF00033,PF00115,20,28,17,3,11,2327,0.61,0.99,0.85,0.72,28,17,3,11,2327,0.61,0.99,0.85,0.72
PF01033,PF09412,29,21,10,19,11,2318,0.48,0.99,0.34,0.4,21,10,19,11,2318,0.48,0.99,0.34,0.4
PF15938,PF14996,1,1,1,0,0,2357,1.0,1.0,1.0,1.0,1,1,0,0,2357,1.0,1.0,1.0,1.0
PF16752,PF06374,12,5,0,12,5,2341,0.0,0.99,0.0,-0.0,5,0,12,5,2341,0.0,0.99,0.0,-0.0
PF11856,PF11019,1,0,0,1,0,2357,0,1.0,0.0,0,0,0,1,0,2357,0,1.0,0.0,0
PF15780,PF12510,18,1,1,17,0,2340,1.0,0.99,0.06,0.23,1,1,17,0,2340,1.0,0.99,0.06,0.23
PF09687,PF10332,0,0,0,0,0,2358,0,1.0,0,0,0,0,0,0,2358,0,1.0,0,0
PF13375,PF15483,0,3,0,0,3,2355,0.0,1.0,0,0,3,0,0,3,2355,0.0,1.0,0,0
PF11326,PF01987,9,14,2,7,12,2337,0.14,0.99,0.22,0.17,14,2,7,12,2337,0.14,0.99,0.22,0.17
PF08539,PF05841,6,3,0,6,3,2349,0.0,1.0,0.0,-0.0,3,0,6,3,2349,0.0,1.0,0.0,-0.0
PF15060,PF15231,2,0,0,2,0,2356,0,1.0,0.0,0,0,0,2,0,2356,0,1.0,0.0,0
PF09649,PF13836,3,0,0,3,0,2355,0,1.0,0.0,0,0,0,3,0,2355,0,1.0,0.0,0
PF02912,PF03147,8,31,7,1,24,2326,0.23,0.99,0.88,0.44,31,7,1,24,2326,0.23,0.99,0.88,0.44
PF12155,PF03237,0,9,0,0,9,2349,0.0,1.0,0,0,9,0,0,9,2349,0.0,1.0,0,0
PF14361,PF02070,3,1,0,3,1,2354,0.0,1.0,0.0,-0.0,1,0,3,1,2354,0.0,1.0,0.0,-0.0
PF13408,PF07508,3,3,3,0,0,2355,1.0,1.0,1.0,1.0,3,3,0,0,2355,1.0,1.0,1.0,1.0
PF14685,PF04225,2,10,1,1,9,2347,0.1,1.0,0.5,0.22,10,1,1,9,2347,0.1,1.0,0.5,0.22
PF08017,PF15485,11,0,0,11,0,2347,0,1.0,0.0,0,0,0,11,0,2347,0,1.0,0.0,0
PF03255,PF12297,25,1,0,25,1,2332,0.0,0.99,0.0,-0.0,1,0,25,1,2332,0.0,0.99,0.0,-0.0
PF10787,PF15826,0,4,0,0,4,2354,0.0,1.0,0,0,4,0,0,4,2354,0.0,1.0,0,0
PF08529,PF13184,7,7,7,0,0,2351,1.0,1.0,1.0,1.0,7,7,0,0,2351,1.0,1.0,1.0,1.0
PF06020,PF15343,0,0,0,0,0,2358,0,1.0,0,0,0,0,0,0,2358,0,1.0,0,0
PF08595,PF15400,8,0,0,8,0,2350,0,1.0,0.0,0,0,0,8,0,2350,0,1.0,0.0,0
PF06892,PF09095,0,3,0,0,3,2355,0.0,1.0,0,0,3,0,0,3,2355,0.0,1.0,0,0
PF03918,PF15104,3,0,0,3,0,2355,0,1.0,0.0,0,0,0,3,0,2355,0,1.0,0.0,0
PF11138,PF03963,0,3,0,0,3,2355,0.0,1.0,0,0,3,0,0,3,2355,0.0,1.0,0,0
PF00853,PF12540,10,2,0,10,2,2346,0.0,0.99,0.0,-0.0,2,0,10,2,2346,0.0,0.99,0.0,-0.0
PF10250,PF09335,58,46,13,45,33,2267,0.28,0.97,0.22,0.23,46,13,45,33,2267,0.28,0.97,0.22,0.23
PF07112,PF07390,0,0,0,0,0,2358,0,1.0,0,0,0,0,0,0,2358,0,1.0,0,0
PF16482,PF14622,5,37,2,3,35,2318,0.05,0.98,0.4,0.14,37,2,3,35,2318,0.05,0.98,0.4,0.14
PF04562,PF15485,0,0,0,0,0,2358,0,1.0,0,0,0,0,0,0,2358,0,1.0,0,0
PF08015,PF13266,3,1,0,3,1,2354,0.0,1.0,0.0,-0.0,1,0,3,1,2354,0.0,1.0,0.0,-0.0
PF08356,PF08355,20,21,20,0,1,2337,0.95,1.0,1.0,0.98,21,20,0,1,2337,0.95,1.0,1.0,0.98
PF03661,PF11998,24,6,2,22,4,2330,0.33,0.99,0.08,0.16,6,2,22,4,2330,0.33,0.99,0.08,0.16
PF14534,PF17050,1,5,0,1,5,2352,0.0,1.0,0.0,-0.0,5,0,1,5,2352,0.0,1.0,0.0,-0.0
PF11852,PF03714,3,3,3,0,0,2355,1.0,1.0,1.0,1.0,3,3,0,0,2355,1.0,1.0,1.0,1.0
PF06237,PF07786,5,10,0,5,10,2343,0.0,0.99,0.0,-0.0,10,0,5,10,2343,0.0,0.99,0.0,-0.0
PF14724,PF10221,4,16,1,3,15,2339,0.06,0.99,0.25,0.12,16,1,3,15,2339,0.06,0.99,0.25,0.12
PF15693,PF15694,1,1,1,0,0,2357,1.0,1.0,1.0,1.0,1,1,0,0,2357,1.0,1.0,1.0,1.0
PF02589,PF11870,8,0,0,8,0,2350,0,1.0,0.0,0,0,0,8,0,2350,0,1.0,0.0,0
PF06681,PF03238,0,0,0,0,0,2358,0,1.0,0,0,0,0,0,0,2358,0,1.0,0,0
PF02882,PF01268,44,20,17,27,3,2311,0.85,0.99,0.39,0.57,20,17,27,3,2311,0.85,0.99,0.39,0.57
PF05097,PF06136,9,12,1,8,11,2338,0.08,0.99,0.11,0.09,12,1,8,11,2338,0.08,0.99,0.11,0.09
PF07804,PF08404,1,1,0,1,1,2356,0.0,1.0,0.0,-0.0,1,0,1,1,2356,0.0,1.0,0.0,-0.0
PF07899,PF09730,11,12,2,9,10,2337,0.17,0.99,0.18,0.17,12,2,9,10,2337,0.17,0.99,0.18,0.17
PF02014,PF06468,25,14,9,16,5,2328,0.64,0.99,0.36,0.48,14,9,16,5,2328,0.64,0.99,0.36,0.48
PF15837,PF06681,0,0,0,0,0,2358,0,1.0,0,0,0,0,0,0,2358,0,1.0,0,0
PF03969,PF04144,26,23,7,19,16,2316,0.3,0.99,0.27,0.28,23,7,19,16,2316,0.3,0.99,0.27,0.28
PF05664,PF01735,22,30,6,16,24,2312,0.2,0.98,0.27,0.23,30,6,16,24,2312,0.2,0.98,0.27,0.23
PF12951,PF12779,2,0,0,2,0,2356,0,1.0,0.0,0,0,0,2,0,2356,0,1.0,0.0,0
PF04376,PF04377,16,18,15,1,3,2339,0.83,1.0,0.94,0.88,18,15,1,3,2339,0.83,1.0,0.94,0.88
PF03798,PF03826,69,11,5,64,6,2283,0.45,0.97,0.07,0.17,11,5,64,6,2283,0.45,0.97,0.07,0.17
PF15301,PF03285,6,2,0,6,2,2350,0.0,1.0,0.0,-0.0,2,0,6,2,2350,0.0,1.0,0.0,-0.0
PF11032,PF15109,3,0,0,3,0,2355,0,1.0,0.0,0,0,0,3,0,2355,0,1.0,0.0,0
PF01395,PF05405,34,16,3,31,13,2311,0.19,0.98,0.09,0.12,16,3,31,13,2311,0.19,0.98,0.09,0.12
PF02488,PF16541,0,4,0,0,4,2354,0.0,1.0,0,0,4,0,0,4,2354,0.0,1.0,0,0
PF04739,PF00478,15,34,4,11,30,2313,0.12,0.98,0.27,0.17,34,4,11,30,2313,0.12,0.98,0.27,0.17
PF06367,PF06371,51,50,50,1,0,2307,1.0,1.0,0.98,0.99,50,50,1,0,2307,1.0,1.0,0.98,0.99
PF04139,PF09755,25,8,2,23,6,2327,0.25,0.99,0.08,0.14,8,2,23,6,2327,0.25,0.99,0.08,0.14
PF15765,PF15856,0,1,0,0,1,2357,0.0,1.0,0,0,1,0,0,1,2357,0.0,1.0,0,0
PF15089,PF08795,0,0,0,0,0,2358,0,1.0,0,0,0,0,0,0,2358,0,1.0,0,0
PF17203,PF09239,9,3,0,9,3,2346,0.0,0.99,0.0,-0.0,3,0,9,3,2346,0.0,0.99,0.0,-0.0
PF08099,PF01668,3,5,0,3,5,2350,0.0,1.0,0.0,-0.0,5,0,3,5,2350,0.0,1.0,0.0,-0.0
PF10412,PF12615,0,0,0,0,0,2358,0,1.0,0,0,0,0,0,0,2358,0,1.0,0,0
PF14933,PF15444,3,0,0,3,0,2355,0,1.0,0.0,0,0,0,3,0,2355,0,1.0,0.0,0
PF14829,PF16076,5,39,3,2,36,2317,0.08,0.98,0.6,0.21,39,3,2,36,2317,0.08,0.98,0.6,0.21
PF12361,PF11556,4,4,4,0,0,2354,1.0,1.0,1.0,1.0,4,4,0,0,2354,1.0,1.0,1.0,1.0
PF03060,PF06052,40,5,3,37,2,2316,0.6,0.98,0.07,0.21,5,3,37,2,2316,0.6,0.98,0.07,0.21
PF07751,PF14866,0,0,0,0,0,2358,0,1.0,0,0,0,0,0,0,2358,0,1.0,0,0
PF03754,PF07939,4,2,0,4,2,2352,0.0,1.0,0.0,-0.0,2,0,4,2,2352,0.0,1.0,0.0,-0.0
PF06115,PF07270,0,0,0,0,0,2358,0,1.0,0,0,0,0,0,0,2358,0,1.0,0,0
PF12717,PF15246,49,1,0,49,1,2308,0.0,0.98,0.0,-0.0,1,0,49,1,2308,0.0,0.98,0.0,-0.0
PF16524,PF07695,4,4,3,1,1,2353,0.75,1.0,0.75,0.75,4,3,1,1,2353,0.75,1.0,0.75,0.75
PF06315,PF16216,12,1,0,12,1,2345,0.0,0.99,0.0,-0.0,1,0,12,1,2345,0.0,0.99,0.0,-0.0
PF11838,PF01433,63,83,59,4,24,2271,0.71,0.99,0.94,0.81,83,59,4,24,2271,0.71,0.99,0.94,0.81
PF07313,PF16731,0,0,0,0,0,2358,0,1.0,0,0,0,0,0,0,2358,0,1.0,0,0
PF12835,PF04375,1,3,1,0,2,2355,0.33,1.0,1.0,0.58,3,1,0,2,2355,0.33,1.0,1.0,0.58
PF08567,PF03909,15,34,15,0,19,2324,0.44,0.99,1.0,0.66,34,15,0,19,2324,0.44,0.99,1.0,0.66
PF11770,PF10295,1,8,0,1,8,2349,0.0,1.0,0.0,-0.0,8,0,1,8,2349,0.0,1.0,0.0,-0.0
PF04163,PF15877,4,0,0,4,0,2354,0,1.0,0.0,0,0,0,4,0,2354,0,1.0,0.0,0
PF14955,PF14935,15,3,0,15,3,2340,0.0,0.99,0.0,-0.0,3,0,15,3,2340,0.0,0.99,0.0,-0.0
PF12260,PF14875,14,3,1,13,2,2342,0.33,0.99,0.07,0.15,3,1,13,2,2342,0.33,0.99,0.07,0.15
PF00747,PF11819,3,19,0,3,19,2336,0.0,0.99,0.0,-0.0,19,0,3,19,2336,0.0,0.99,0.0,-0.0
PF09348,PF08576,2,3,0,2,3,2353,0.0,1.0,0.0,-0.0,3,0,2,3,2353,0.0,1.0,0.0,-0.0
PF13994,PF17029,1,0,0,1,0,2357,0,1.0,0.0,0,0,0,1,0,2357,0,1.0,0.0,0
PF04279,PF13145,2,13,1,1,12,2344,0.08,0.99,0.5,0.19,13,1,1,12,2344,0.08,0.99,0.5,0.19
PF16769,PF16768,1,2,1,0,1,2356,0.5,1.0,1.0,0.71,2,1,0,1,2356,0.5,1.0,1.0,0.71
PF06224,PF09614,0,0,0,0,0,2358,0,1.0,0,0,0,0,0,0,2358,0,1.0,0,0
PF13878,PF13880,7,5,5,2,0,2351,1.0,1.0,0.71,0.84,5,5,2,0,2351,1.0,1.0,0.71,0.84
PF08726,PF13499,23,250,18,5,232,2103,0.07,0.9,0.78,0.22,250,18,5,232,2103,0.07,0.9,0.78,0.22
PF11380,PF17101,13,7,7,6,0,2345,1.0,1.0,0.54,0.73,7,7,6,0,2345,1.0,1.0,0.54,0.73
PF15816,PF15829,1,1,0,1,1,2356,0.0,1.0,0.0,-0.0,1,0,1,1,2356,0.0,1.0,0.0,-0.0
PF09302,PF04004,13,22,0,13,22,2323,0.0,0.99,0.0,-0.01,22,0,13,22,2323,0.0,0.99,0.0,-0.01
PF12141,PF09775,3,3,0,3,3,2352,0.0,1.0,0.0,-0.0,3,0,3,3,2352,0.0,1.0,0.0,-0.0
PF05395,PF15260,3,3,0,3,3,2352,0.0,1.0,0.0,-0.0,3,0,3,3,2352,0.0,1.0,0.0,-0.0
PF06011,PF06333,18,14,4,14,10,2330,0.29,0.99,0.22,0.25,14,4,14,10,2330,0.29,0.99,0.22,0.25
PF08727,PF00947,18,18,18,0,0,2340,1.0,1.0,1.0,1.0,18,18,0,0,2340,1.0,1.0,1.0,1.0
PF16156,PF13780,1,0,0,1,0,2357,0,1.0,0.0,0,0,0,1,0,2357,0,1.0,0.0,0
PF02080,PF02254,9,28,7,2,21,2328,0.25,0.99,0.78,0.44,28,7,2,21,2328,0.25,0.99,0.78,0.44
PF00342,PF04668,38,5,4,34,1,2319,0.8,0.99,0.11,0.29,5,4,34,1,2319,0.8,0.99,0.11,0.29
PF09383,PF01032,4,8,3,1,5,2349,0.38,1.0,0.75,0.53,8,3,1,5,2349,0.38,1.0,0.75,0.53
PF02540,PF00977,46,29,10,36,19,2293,0.34,0.98,0.22,0.26,29,10,36,19,2293,0.34,0.98,0.22,0.26
PF10281,PF07543,13,11,4,9,7,2338,0.36,0.99,0.31,0.33,11,4,9,7,2338,0.36,0.99,0.31,0.33
PF12932,PF12931,18,25,16,2,9,2331,0.64,1.0,0.89,0.75,25,16,2,9,2331,0.64,1.0,0.89,0.75
PF07471,PF11744,0,14,0,0,14,2344,0.0,0.99,0,0,14,0,0,14,2344,0.0,0.99,0,0
PF00375,PF03096,30,13,3,27,10,2318,0.23,0.98,0.1,0.14,13,3,27,10,2318,0.23,0.98,0.1,0.14
PF05532,PF03823,1,5,1,0,4,2353,0.2,1.0,1.0,0.45,5,1,0,4,2353,0.2,1.0,1.0,0.45
PF02321,PF01114,21,4,0,21,4,2333,0.0,0.99,0.0,-0.0,4,0,21,4,2333,0.0,0.99,0.0,-0.0
PF08922,PF09074,2,2,0,2,2,2354,0.0,1.0,0.0,-0.0,2,0,2,2,2354,0.0,1.0,0.0,-0.0
PF07786,PF16401,10,4,3,7,1,2347,0.75,1.0,0.3,0.47,4,3,7,1,2347,0.75,1.0,0.3,0.47
PF03392,PF08122,3,9,0,3,9,2346,0.0,0.99,0.0,-0.0,9,0,3,9,2346,0.0,0.99,0.0,-0.0
PF09287,PF01337,0,0,0,0,0,2358,0,1.0,0,0,0,0,0,0,2358,0,1.0,0,0
PF13713,PF16696,14,2,2,12,0,2344,1.0,0.99,0.14,0.38,2,2,12,0,2344,1.0,0.99,0.14,0.38
PF07957,PF02277,0,4,0,0,4,2354,0.0,1.0,0,0,4,0,0,4,2354,0.0,1.0,0,0
PF17157,PF16931,0,0,0,0,0,2358,0,1.0,0,0,0,0,0,0,2358,0,1.0,0,0
PF05251,PF03348,6,29,4,2,25,2327,0.14,0.99,0.67,0.3,29,4,2,25,2327,0.14,0.99,0.67,0.3
PF01432,PF05652,46,26,15,31,11,2301,0.58,0.98,0.33,0.43,26,15,31,11,2301,0.58,0.98,0.33,0.43
PF06028,PF06718,7,2,2,5,0,2351,1.0,1.0,0.29,0.53,2,2,5,0,2351,1.0,1.0,0.29,0.53
PF06832,PF04355,1,3,0,1,3,2354,0.0,1.0,0.0,-0.0,3,0,1,3,2354,0.0,1.0,0.0,-0.0
PF11861,PF07780,25,23,23,2,0,2333,1.0,1.0,0.92,0.96,23,23,2,0,2333,1.0,1.0,0.92,0.96
PF12782,PF15362,0,2,0,0,2,2356,0.0,1.0,0,0,2,0,0,2,2356,0.0,1.0,0,0
PF11416,PF09177,7,14,2,5,12,2339,0.14,0.99,0.29,0.2,14,2,5,12,2339,0.14,0.99,0.29,0.2
PF07096,PF04110,11,16,2,9,14,2333,0.12,0.99,0.18,0.15,16,2,9,14,2333,0.12,0.99,0.18,0.15
PF00543,PF11264,5,3,1,4,2,2351,0.33,1.0,0.2,0.26,3,1,4,2,2351,0.33,1.0,0.2,0.26
PF17132,PF12735,10,3,0,10,3,2345,0.0,0.99,0.0,-0.0,3,0,10,3,2345,0.0,0.99,0.0,-0.0
PF16881,PF06463,21,17,5,16,12,2325,0.29,0.99,0.24,0.26,17,5,16,12,2325,0.29,0.99,0.24,0.26
PF08123,PF14722,18,11,3,15,8,2332,0.27,0.99,0.17,0.21,11,3,15,8,2332,0.27,0.99,0.17,0.21
PF14051,PF14061,14,9,1,13,8,2336,0.11,0.99,0.07,0.08,9,1,13,8,2336,0.11,0.99,0.07,0.08
PF03928,PF06912,10,7,1,9,6,2342,0.14,0.99,0.1,0.12,7,1,9,6,2342,0.14,0.99,0.1,0.12
PF07498,PF07497,19,6,6,13,0,2339,1.0,0.99,0.32,0.56,6,6,13,0,2339,1.0,0.99,0.32,0.56
PF01426,PF01448,79,26,14,65,12,2267,0.54,0.97,0.18,0.3,26,14,65,12,2267,0.54,0.97,0.18,0.3
PF08008,PF02217,0,4,0,0,4,2354,0.0,1.0,0,0,4,0,0,4,2354,0.0,1.0,0,0
PF05191,PF11789,23,13,5,18,8,2327,0.38,0.99,0.22,0.28,13,5,18,8,2327,0.38,0.99,0.22,0.28
PF11957,PF09034,7,4,2,5,2,2349,0.5,1.0,0.29,0.38,4,2,5,2,2349,0.5,1.0,0.29,0.38
PF02861,PF02577,17,2,1,16,1,2340,0.5,0.99,0.06,0.17,2,1,16,1,2340,0.5,0.99,0.06,0.17
PF14289,PF05421,3,3,3,0,0,2355,1.0,1.0,1.0,1.0,3,3,0,0,2355,1.0,1.0,1.0,1.0
PF10193,PF16018,23,1,0,23,1,2334,0.0,0.99,0.0,-0.0,1,0,23,1,2334,0.0,0.99,0.0,-0.0
PF01807,PF08275,8,6,6,2,0,2350,1.0,1.0,0.75,0.87,6,6,2,0,2350,1.0,1.0,0.75,0.87
PF04184,PF16720,7,3,0,7,3,2348,0.0,1.0,0.0,-0.0,3,0,7,3,2348,0.0,1.0,0.0,-0.0
PF09235,PF16517,3,18,3,0,15,2340,0.17,0.99,1.0,0.41,18,3,0,15,2340,0.17,0.99,1.0,0.41
PF01396,PF01131,10,43,9,1,34,2314,0.21,0.99,0.9,0.43,43,9,1,34,2314,0.21,0.99,0.9,0.43
PF13844,PF13414,32,80,28,4,52,2274,0.35,0.98,0.88,0.54,80,28,4,52,2274,0.35,0.98,0.88,0.54
PF13884,PF13887,12,10,10,2,0,2346,1.0,1.0,0.83,0.91,10,10,2,0,2346,1.0,1.0,0.83,0.91
PF05845,PF03471,1,12,0,1,12,2345,0.0,0.99,0.0,-0.0,12,0,1,12,2345,0.0,0.99,0.0,-0.0
PF01271,PF01093,1,0,0,1,0,2357,0,1.0,0.0,0,0,0,1,0,2357,0,1.0,0.0,0
PF13486,PF10974,0,0,0,0,0,2358,0,1.0,0,0,0,0,0,0,2358,0,1.0,0,0
PF02465,PF08497,4,0,0,4,0,2354,0,1.0,0.0,0,0,0,4,0,2354,0,1.0,0.0,0
PF07958,PF05658,9,2,0,9,2,2347,0.0,1.0,0.0,-0.0,2,0,9,2,2347,0.0,1.0,0.0,-0.0
PF15999,PF05841,3,3,0,3,3,2352,0.0,1.0,0.0,-0.0,3,0,3,3,2352,0.0,1.0,0.0,-0.0
PF10454,PF06695,0,0,0,0,0,2358,0,1.0,0,0,0,0,0,0,2358,0,1.0,0,0
PF06235,PF02378,3,15,2,1,13,2342,0.13,0.99,0.67,0.3,15,2,1,13,2342,0.13,0.99,0.67,0.3
PF04757,PF06803,50,12,5,45,7,2301,0.42,0.98,0.1,0.2,12,5,45,7,2301,0.42,0.98,0.1,0.2
PF09736,PF15280,13,7,0,13,7,2338,0.0,0.99,0.0,-0.0,7,0,13,7,2338,0.0,0.99,0.0,-0.0
PF11357,PF02186,18,24,3,15,21,2319,0.12,0.98,0.17,0.14,24,3,15,21,2319,0.12,0.98,0.17,0.14
PF03168,PF06749,18,10,8,10,2,2338,0.8,0.99,0.44,0.59,10,8,10,2,2338,0.8,0.99,0.44,0.59
PF10574,PF09786,0,19,0,0,19,2339,0.0,0.99,0,0,19,0,0,19,2339,0.0,0.99,0,0
PF04288,PF03882,3,3,3,0,0,2355,1.0,1.0,1.0,1.0,3,3,0,0,2355,1.0,1.0,1.0,1.0
PF15557,PF07001,0,7,0,0,7,2351,0.0,1.0,0,0,7,0,0,7,2351,0.0,1.0,0,0
PF03939,PF00525,30,3,1,29,2,2326,0.33,0.99,0.03,0.1,3,1,29,2,2326,0.33,0.99,0.03,0.1
PF14099,PF12716,2,0,0,2,0,2356,0,1.0,0.0,0,0,0,2,0,2356,0,1.0,0.0,0
PF17168,PF16335,6,6,6,0,0,2352,1.0,1.0,1.0,1.0,6,6,0,0,2352,1.0,1.0,1.0,1.0
PF10873,PF09461,0,0,0,0,0,2358,0,1.0,0,0,0,0,0,0,2358,0,1.0,0,0
PF01277,PF07172,3,1,0,3,1,2354,0.0,1.0,0.0,-0.0,1,0,3,1,2354,0.0,1.0,0.0,-0.0
PF05352,PF16838,0,0,0,0,0,2358,0,1.0,0,0,0,0,0,0,2358,0,1.0,0,0
PF05466,PF15128,0,2,0,0,2,2356,0.0,1.0,0,0,2,0,0,2,2356,0.0,1.0,0,0
PF15149,PF15395,2,0,0,2,0,2356,0,1.0,0.0,0,0,0,2,0,2356,0,1.0,0.0,0
PF03888,PF17188,0,0,0,0,0,2358,0,1.0,0,0,0,0,0,0,2358,0,1.0,0,0
PF03097,PF13949,63,36,34,29,2,2293,0.94,0.99,0.54,0.71,36,34,29,2,2293,0.94,0.99,0.54,0.71
PF08378,PF10333,3,0,0,3,0,2355,0,1.0,0.0,0,0,0,3,0,2355,0,1.0,0.0,0
PF14399,PF09260,8,9,1,7,8,2342,0.11,0.99,0.12,0.11,9,1,7,8,2342,0.11,0.99,0.12,0.11
PF11886,PF04548,5,42,5,0,37,2316,0.12,0.98,1.0,0.34,42,5,0,37,2316,0.12,0.98,1.0,0.34
PF05392,PF07391,5,0,0,5,0,2353,0,1.0,0.0,0,0,0,5,0,2353,0,1.0,0.0,0
PF04406,PF01066,32,70,12,20,58,2268,0.17,0.97,0.38,0.24,70,12,20,58,2268,0.17,0.97,0.38,0.24
PF10971,PF12147,2,2,2,0,0,2356,1.0,1.0,1.0,1.0,2,2,0,0,2356,1.0,1.0,1.0,1.0
PF07527,PF12533,10,6,2,8,4,2344,0.33,0.99,0.2,0.26,6,2,8,4,2344,0.33,0.99,0.2,0.26
PF14762,PF14763,0,0,0,0,0,2358,0,1.0,0,0,0,0,0,0,2358,0,1.0,0,0
PF10447,PF15985,13,22,2,11,20,2325,0.09,0.99,0.15,0.11,22,2,11,20,2325,0.09,0.99,0.15,0.11
PF05309,PF06586,4,4,4,0,0,2354,1.0,1.0,1.0,1.0,4,4,0,0,2354,1.0,1.0,1.0,1.0
PF09418,PF12126,5,9,2,3,7,2346,0.22,1.0,0.4,0.3,9,2,3,7,2346,0.22,1.0,0.4,0.3
PF11744,PF04535,14,8,1,13,7,2337,0.12,0.99,0.07,0.09,8,1,13,7,2337,0.12,0.99,0.07,0.09
PF02625,PF01325,3,3,1,2,2,2353,0.33,1.0,0.33,0.33,3,1,2,2,2353,0.33,1.0,0.33,0.33
PF03605,PF06890,3,0,0,3,0,2355,0,1.0,0.0,0,0,0,3,0,2355,0,1.0,0.0,0
PF12234,PF09453,12,24,1,11,23,2323,0.04,0.99,0.08,0.05,24,1,11,23,2323,0.04,0.99,0.08,0.05
PF08345,PF03428,4,0,0,4,0,2354,0,1.0,0.0,0,0,0,4,0,2354,0,1.0,0.0,0
PF00437,PF09079,34,15,5,29,10,2314,0.33,0.98,0.15,0.21,15,5,29,10,2314,0.33,0.98,0.15,0.21
PF16824,PF16822,0,0,0,0,0,2358,0,1.0,0,0,0,0,0,0,2358,0,1.0,0,0
PF01225,PF02875,16,30,15,1,15,2327,0.5,0.99,0.94,0.68,30,15,1,15,2327,0.5,0.99,0.94,0.68
PF02740,PF01114,4,4,4,0,0,2354,1.0,1.0,1.0,1.0,4,4,0,0,2354,1.0,1.0,1.0,1.0
PF00128,PF02922,72,31,28,44,3,2283,0.9,0.98,0.39,0.59,31,28,44,3,2283,0.9,0.98,0.39,0.59
PF12194,PF08291,1,0,0,1,0,2357,0,1.0,0.0,0,0,0,1,0,2357,0,1.0,0.0,0
PF04311,PF04533,0,0,0,0,0,2358,0,1.0,0,0,0,0,0,0,2358,0,1.0,0,0
PF02497,PF10380,3,2,0,3,2,2353,0.0,1.0,0.0,-0.0,2,0,3,2,2353,0.0,1.0,0.0,-0.0
PF06268,PF06229,17,14,5,12,9,2332,0.36,0.99,0.29,0.32,14,5,12,9,2332,0.36,0.99,0.29,0.32
PF01424,PF11952,73,7,7,66,0,2285,1.0,0.97,0.1,0.31,7,7,66,0,2285,1.0,0.97,0.1,0.31
PF07897,PF16136,3,3,3,0,0,2355,1.0,1.0,1.0,1.0,3,3,0,0,2355,1.0,1.0,1.0,1.0
PF09019,PF15427,3,1,0,3,1,2354,0.0,1.0,0.0,-0.0,1,0,3,1,2354,0.0,1.0,0.0,-0.0
PF12916,PF05552,2,2,0,2,2,2354,0.0,1.0,0.0,-0.0,2,0,2,2,2354,0.0,1.0,0.0,-0.0
PF00152,PF01336,114,92,74,40,18,2226,0.8,0.98,0.65,0.71,92,74,40,18,2226,0.8,0.98,0.65,0.71
PF04204,PF03049,0,0,0,0,0,2358,0,1.0,0,0,0,0,0,0,2358,0,1.0,0,0
PF10327,PF10325,8,4,1,7,3,2347,0.25,1.0,0.12,0.17,4,1,7,3,2347,0.25,1.0,0.12,0.17
PF01474,PF07168,27,6,1,26,5,2326,0.17,0.99,0.04,0.07,6,1,26,5,2326,0.17,0.99,0.04,0.07
PF01713,PF08590,22,26,20,2,6,2330,0.77,1.0,0.91,0.83,26,20,2,6,2330,0.77,1.0,0.91,0.83
PF14765,PF16073,64,33,26,38,7,2287,0.79,0.98,0.41,0.56,33,26,38,7,2287,0.79,0.98,0.41,0.56
PF11559,PF10506,14,8,0,14,8,2336,0.0,0.99,0.0,-0.0,8,0,14,8,2336,0.0,0.99,0.0,-0.0
PF16496,PF16498,9,8,5,4,3,2346,0.62,1.0,0.56,0.59,8,5,4,3,2346,0.62,1.0,0.56,0.59
PF08320,PF06293,25,25,6,19,19,2314,0.24,0.98,0.24,0.23,25,6,19,19,2314,0.24,0.98,0.24,0.23
PF15324,PF07260,8,3,0,8,3,2347,0.0,1.0,0.0,-0.0,3,0,8,3,2347,0.0,1.0,0.0,-0.0
PF04801,PF03299,26,20,4,22,16,2316,0.2,0.98,0.15,0.17,20,4,22,16,2316,0.2,0.98,0.15,0.17
PF10432,PF16265,3,0,0,3,0,2355,0,1.0,0.0,0,0,0,3,0,2355,0,1.0,0.0,0
PF15321,PF06403,0,2,0,0,2,2356,0.0,1.0,0,0,2,0,0,2,2356,0.0,1.0,0,0
PF08323,PF00862,11,17,3,8,14,2333,0.18,0.99,0.27,0.21,17,3,8,14,2333,0.18,0.99,0.27,0.21
PF01456,PF10322,5,0,0,5,0,2353,0,1.0,0.0,0,0,0,5,0,2353,0,1.0,0.0,0
PF07045,PF06890,1,0,0,1,0,2357,0,1.0,0.0,0,0,0,1,0,2357,0,1.0,0.0,0
PF02810,PF13373,10,8,1,9,7,2341,0.12,0.99,0.1,0.11,8,1,9,7,2341,0.12,0.99,0.1,0.11
PF14876,PF17219,3,1,0,3,1,2354,0.0,1.0,0.0,-0.0,1,0,3,1,2354,0.0,1.0,0.0,-0.0
PF02161,PF12577,9,6,6,3,0,2349,1.0,1.0,0.67,0.82,6,6,3,0,2349,1.0,1.0,0.67,0.82
PF05915,PF04716,2,28,1,1,27,2329,0.04,0.99,0.5,0.13,28,1,1,27,2329,0.04,0.99,0.5,0.13
PF15916,PF09297,4,8,1,3,7,2347,0.12,1.0,0.25,0.17,8,1,3,7,2347,0.12,1.0,0.25,0.17
PF05050,PF13532,30,83,12,18,71,2257,0.14,0.96,0.4,0.22,83,12,18,71,2257,0.14,0.96,0.4,0.22
PF09774,PF02569,12,22,2,10,20,2326,0.09,0.99,0.17,0.12,22,2,10,20,2326,0.09,0.99,0.17,0.12
PF12785,PF16704,0,3,0,0,3,2355,0.0,1.0,0,0,3,0,0,3,2355,0.0,1.0,0,0
PF05930,PF15529,0,0,0,0,0,2358,0,1.0,0,0,0,0,0,0,2358,0,1.0,0,0
PF05222,PF12769,36,9,9,27,0,2322,1.0,0.99,0.25,0.5,9,9,27,0,2322,1.0,0.99,0.25,0.5
PF14755,PF00063,3,143,3,0,140,2215,0.02,0.94,1.0,0.14,143,3,0,140,2215,0.02,0.94,1.0,0.14
PF06027,PF08704,18,15,2,16,13,2327,0.13,0.99,0.11,0.12,15,2,16,13,2327,0.13,0.99,0.11,0.12
PF05695,PF09262,15,20,4,11,16,2327,0.2,0.99,0.27,0.23,20,4,11,16,2327,0.2,0.99,0.27,0.23
PF00566,PF00581,169,115,61,108,54,2135,0.53,0.93,0.36,0.4,115,61,108,54,2135,0.53,0.93,0.36,0.4
PF00172,PF12013,238,20,18,220,2,2118,0.9,0.91,0.08,0.25,20,18,220,2,2118,0.9,0.91,0.08,0.25
PF02501,PF03934,7,8,7,0,1,2350,0.88,1.0,1.0,0.94,8,7,0,1,2350,0.88,1.0,1.0,0.94
PF10707,PF15727,0,0,0,0,0,2358,0,1.0,0,0,0,0,0,0,2358,0,1.0,0,0
PF02110,PF02581,11,12,8,3,4,2343,0.67,1.0,0.73,0.69,12,8,3,4,2343,0.67,1.0,0.73,0.69
PF11347,PF15085,2,2,0,2,2,2354,0.0,1.0,0.0,-0.0,2,0,2,2,2354,0.0,1.0,0.0,-0.0
PF00681,PF06202,10,9,0,10,9,2339,0.0,0.99,0.0,-0.0,9,0,10,9,2339,0.0,0.99,0.0,-0.0
PF06250,PF12161,3,3,3,0,0,2355,1.0,1.0,1.0,1.0,3,3,0,0,2355,1.0,1.0,1.0,1.0
PF08278,PF13612,6,4,1,5,3,2349,0.25,1.0,0.17,0.2,4,1,5,3,2349,0.25,1.0,0.17,0.2
PF11587,PF11466,2,2,2,0,0,2356,1.0,1.0,1.0,1.0,2,2,0,0,2356,1.0,1.0,1.0,1.0
PF04722,PF10166,18,2,1,17,1,2339,0.5,0.99,0.06,0.16,2,1,17,1,2339,0.5,0.99,0.06,0.16
PF03908,PF09496,23,10,3,20,7,2328,0.3,0.99,0.13,0.19,10,3,20,7,2328,0.3,0.99,0.13,0.19
PF02677,PF01312,3,3,0,3,3,2352,0.0,1.0,0.0,-0.0,3,0,3,3,2352,0.0,1.0,0.0,-0.0
PF02079,PF14903,4,0,0,4,0,2354,0,1.0,0.0,0,0,0,4,0,2354,0,1.0,0.0,0
PF01330,PF07157,5,0,0,5,0,2353,0,1.0,0.0,0,0,0,5,0,2353,0,1.0,0.0,0
PF10618,PF10109,0,0,0,0,0,2358,0,1.0,0,0,0,0,0,0,2358,0,1.0,0,0
PF11134,PF02979,0,4,0,0,4,2354,0.0,1.0,0,0,4,0,0,4,2354,0.0,1.0,0,0
PF00553,PF09478,4,13,4,0,9,2345,0.31,1.0,1.0,0.55,13,4,0,9,2345,0.31,1.0,1.0,0.55
PF13478,PF04290,9,9,9,0,0,2349,1.0,1.0,1.0,1.0,9,9,0,0,2349,1.0,1.0,1.0,1.0
PF04390,PF10458,10,13,2,8,11,2337,0.15,0.99,0.2,0.17,13,2,8,11,2337,0.15,0.99,0.2,0.17
PF15858,PF02931,0,138,0,0,138,2220,0.0,0.94,0,0,138,0,0,138,2220,0.0,0.94,0,0
PF14943,PF10853,17,6,3,14,3,2338,0.5,0.99,0.18,0.29,6,3,14,3,2338,0.5,0.99,0.18,0.29
PF00218,PF00697,5,7,3,2,4,2349,0.43,1.0,0.6,0.51,7,3,2,4,2349,0.43,1.0,0.6,0.51
PF04152,PF16891,28,26,9,19,17,2313,0.35,0.98,0.32,0.33,26,9,19,17,2313,0.35,0.98,0.32,0.33
PF00909,PF03595,62,35,14,48,21,2275,0.4,0.97,0.23,0.29,35,14,48,21,2275,0.4,0.97,0.23,0.29
PF06626,PF06724,1,0,0,1,0,2357,0,1.0,0.0,0,0,0,1,0,2357,0,1.0,0.0,0
PF16822,PF08497,0,0,0,0,0,2358,0,1.0,0,0,0,0,0,0,2358,0,1.0,0,0
PF03864,PF02924,3,1,1,2,0,2355,1.0,1.0,0.33,0.58,1,1,2,0,2355,1.0,1.0,0.33,0.58
PF15240,PF05238,2,4,0,2,4,2352,0.0,1.0,0.0,-0.0,4,0,2,4,2352,0.0,1.0,0.0,-0.0
PF08832,PF16279,10,10,10,0,0,2348,1.0,1.0,1.0,1.0,10,10,0,0,2348,1.0,1.0,1.0,1.0
PF02268,PF02751,25,28,24,1,4,2329,0.86,1.0,0.96,0.91,28,24,1,4,2329,0.86,1.0,0.96,0.91
PF11892,PF14793,0,0,0,0,0,2358,0,1.0,0,0,0,0,0,0,2358,0,1.0,0,0
PF15831,PF15063,0,0,0,0,0,2358,0,1.0,0,0,0,0,0,0,2358,0,1.0,0,0
PF07691,PF10162,28,18,6,22,12,2318,0.33,0.99,0.21,0.26,18,6,22,12,2318,0.33,0.99,0.21,0.26
PF15164,PF02543,0,4,0,0,4,2354,0.0,1.0,0,0,4,0,0,4,2354,0.0,1.0,0,0
PF02635,PF10279,0,0,0,0,0,2358,0,1.0,0,0,0,0,0,0,2358,0,1.0,0,0
PF15973,PF03103,0,14,0,0,14,2344,0.0,0.99,0,0,14,0,0,14,2344,0.0,0.99,0,0
PF00535,PF00652,118,84,66,52,18,2222,0.79,0.97,0.56,0.65,84,66,52,18,2222,0.79,0.97,0.56,0.65
PF00888,PF10557,76,50,50,26,0,2282,1.0,0.99,0.66,0.81,50,50,26,0,2282,1.0,0.99,0.66,0.81
PF01270,PF05448,2,5,0,2,5,2351,0.0,1.0,0.0,-0.0,5,0,2,5,2351,0.0,1.0,0.0,-0.0
PF15798,PF15089,2,0,0,2,0,2356,0,1.0,0.0,0,0,0,2,0,2356,0,1.0,0.0,0
PF08314,PF15492,9,2,2,7,0,2349,1.0,1.0,0.22,0.47,2,2,7,0,2349,1.0,1.0,0.22,0.47
PF07817,PF11527,8,8,1,7,7,2343,0.12,0.99,0.12,0.12,8,1,7,7,2343,0.12,0.99,0.12,0.12
PF00621,PF08174,129,14,9,120,5,2224,0.64,0.95,0.07,0.2,14,9,120,5,2224,0.64,0.95,0.07,0.2
PF00211,PF07701,117,39,38,79,1,2240,0.97,0.97,0.32,0.55,39,38,79,1,2240,0.97,0.97,0.32,0.55
PF11086,PF03860,0,0,0,0,0,2358,0,1.0,0,0,0,0,0,0,2358,0,1.0,0,0
PF16484,PF00755,13,56,13,0,43,2302,0.23,0.98,1.0,0.48,56,13,0,43,2302,0.23,0.98,1.0,0.48
PF08308,PF17049,0,2,0,0,2,2356,0.0,1.0,0,0,2,0,0,2,2356,0.0,1.0,0,0
PF08220,PF03829,11,7,7,4,0,2347,1.0,1.0,0.64,0.8,7,7,4,0,2347,1.0,1.0,0.64,0.8
PF01488,PF08501,29,29,18,11,11,2318,0.62,0.99,0.62,0.62,29,18,11,11,2318,0.62,0.99,0.62,0.62
PF03601,PF05874,1,3,0,1,3,2354,0.0,1.0,0.0,-0.0,3,0,1,3,2354,0.0,1.0,0.0,-0.0
PF06514,PF14866,5,0,0,5,0,2353,0,1.0,0.0,0,0,0,5,0,2353,0,1.0,0.0,0
PF14531,PF15067,1,8,0,1,8,2349,0.0,1.0,0.0,-0.0,8,0,1,8,2349,0.0,1.0,0.0,-0.0
PF05979,PF07301,3,3,3,0,0,2355,1.0,1.0,1.0,1.0,3,3,0,0,2355,1.0,1.0,1.0,1.0
PF07572,PF02631,17,4,1,16,3,2338,0.25,0.99,0.06,0.12,4,1,16,3,2338,0.25,0.99,0.06,0.12
PF01916,PF03345,13,25,2,11,23,2322,0.08,0.99,0.15,0.1,25,2,11,23,2322,0.08,0.99,0.15,0.1
PF07014,PF09051,1,0,0,1,0,2357,0,1.0,0.0,0,0,0,1,0,2357,0,1.0,0.0,0
PF07818,PF14610,21,7,0,21,7,2330,0.0,0.99,0.0,-0.01,7,0,21,7,2330,0.0,0.99,0.0,-0.01
PF00189,PF12333,26,9,2,24,7,2325,0.22,0.99,0.08,0.13,9,2,24,7,2325,0.22,0.99,0.08,0.13
PF01520,PF03244,6,3,0,6,3,2349,0.0,1.0,0.0,-0.0,3,0,6,3,2349,0.0,1.0,0.0,-0.0
PF03781,PF12867,16,12,10,6,2,2340,0.83,1.0,0.62,0.72,12,10,6,2,2340,0.83,1.0,0.62,0.72
PF13151,PF06681,0,0,0,0,0,2358,0,1.0,0,0,0,0,0,0,2358,0,1.0,0,0
PF15184,PF15776,2,4,0,2,4,2352,0.0,1.0,0.0,-0.0,4,0,2,4,2352,0.0,1.0,0.0,-0.0
PF03668,PF06070,7,1,0,7,1,2350,0.0,1.0,0.0,-0.0,1,0,7,1,2350,0.0,1.0,0.0,-0.0
PF11728,PF10559,0,20,0,0,20,2338,0.0,0.99,0,0,20,0,0,20,2338,0.0,0.99,0,0
PF06925,PF08660,7,18,2,5,16,2335,0.11,0.99,0.29,0.17,18,2,5,16,2335,0.11,0.99,0.29,0.17
PF01943,PF02465,1,4,0,1,4,2353,0.0,1.0,0.0,-0.0,4,0,1,4,2353,0.0,1.0,0.0,-0.0
PF06382,PF02101,5,9,0,5,9,2344,0.0,0.99,0.0,-0.0,9,0,5,9,2344,0.0,0.99,0.0,-0.0
PF12569,PF04049,29,25,8,21,17,2312,0.32,0.98,0.28,0.29,25,8,21,17,2312,0.32,0.98,0.28,0.29
PF00521,PF16898,35,17,15,20,2,2321,0.88,0.99,0.43,0.61,17,15,20,2,2321,0.88,0.99,0.43,0.61
PF08650,PF16799,9,5,4,5,1,2348,0.8,1.0,0.44,0.6,5,4,5,1,2348,0.8,1.0,0.44,0.6
PF08214,PF06001,40,25,25,15,0,2318,1.0,0.99,0.62,0.79,25,25,15,0,2318,1.0,0.99,0.62,0.79
PF09945,PF00594,0,18,0,0,18,2340,0.0,0.99,0,0,18,0,0,18,2340,0.0,0.99,0,0
PF15423,PF04500,1,41,1,0,40,2317,0.02,0.98,1.0,0.15,41,1,0,40,2317,0.02,0.98,1.0,0.15
PF04895,PF00626,0,96,0,0,96,2262,0.0,0.96,0,0,96,0,0,96,2262,0.0,0.96,0,0
PF00081,PF02777,38,38,38,0,0,2320,1.0,1.0,1.0,1.0,38,38,0,0,2320,1.0,1.0,1.0,1.0
PF04293,PF01624,0,55,0,0,55,2303,0.0,0.98,0,0,55,0,0,55,2303,0.0,0.98,0,0
PF05092,PF05787,0,0,0,0,0,2358,0,1.0,0,0,0,0,0,0,2358,0,1.0,0,0
PF14060,PF09685,0,0,0,0,0,2358,0,1.0,0,0,0,0,0,0,2358,0,1.0,0,0
PF00184,PF02740,4,4,1,3,3,2351,0.25,1.0,0.25,0.25,4,1,3,3,2351,0.25,1.0,0.25,0.25
PF04610,PF11751,10,0,0,10,0,2348,0,1.0,0.0,0,0,0,10,0,2348,0,1.0,0.0,0
PF04030,PF08031,36,68,14,22,54,2268,0.21,0.97,0.39,0.27,68,14,22,54,2268,0.21,0.97,0.39,0.27
PF06097,PF15771,0,0,0,0,0,2358,0,1.0,0,0,0,0,0,0,2358,0,1.0,0,0
PF12867,PF10017,12,11,5,7,6,2340,0.45,0.99,0.42,0.43,11,5,7,6,2340,0.45,0.99,0.42,0.43
PF07528,PF16482,19,5,3,16,2,2337,0.6,0.99,0.16,0.31,5,3,16,2,2337,0.6,0.99,0.16,0.31
PF02378,PF09648,15,1,0,15,1,2342,0.0,0.99,0.0,-0.0,1,0,15,1,2342,0.0,0.99,0.0,-0.0
PF06071,PF01018,20,17,6,14,11,2327,0.35,0.99,0.3,0.32,17,6,14,11,2327,0.35,0.99,0.3,0.32
PF14701,PF06202,6,9,6,0,3,2349,0.67,1.0,1.0,0.82,9,6,0,3,2349,0.67,1.0,1.0,0.82
PF11464,PF16696,25,2,1,24,1,2332,0.5,0.99,0.04,0.14,2,1,24,1,2332,0.5,0.99,0.04,0.14
PF03983,PF12026,9,5,1,8,4,2345,0.2,0.99,0.11,0.15,5,1,8,4,2345,0.2,0.99,0.11,0.15
PF16566,PF04818,20,60,15,5,45,2293,0.25,0.98,0.75,0.43,60,15,5,45,2293,0.25,0.98,0.75,0.43
PF00221,PF12053,20,9,0,20,9,2329,0.0,0.99,0.0,-0.01,9,0,20,9,2329,0.0,0.99,0.0,-0.01
PF00303,PF00186,15,20,7,8,13,2330,0.35,0.99,0.47,0.4,20,7,8,13,2330,0.35,0.99,0.47,0.4
PF15854,PF12571,3,0,0,3,0,2355,0,1.0,0.0,0,0,0,3,0,2355,0,1.0,0.0,0
PF04398,PF06749,16,10,2,14,8,2334,0.2,0.99,0.12,0.15,10,2,14,8,2334,0.2,0.99,0.12,0.15
PF02107,PF02501,6,7,0,6,7,2345,0.0,0.99,0.0,-0.0,7,0,6,7,2345,0.0,0.99,0.0,-0.0
PF07947,PF04241,14,28,4,10,24,2320,0.14,0.99,0.29,0.2,28,4,10,24,2320,0.14,0.99,0.29,0.2
PF08669,PF01571,52,53,46,6,7,2299,0.87,0.99,0.88,0.87,53,46,6,7,2299,0.87,0.99,0.88,0.87
PF08586,PF05204,2,7,0,2,7,2349,0.0,1.0,0.0,-0.0,7,0,2,7,2349,0.0,1.0,0.0,-0.0
PF03592,PF06381,1,1,1,0,0,2357,1.0,1.0,1.0,1.0,1,1,0,0,2357,1.0,1.0,1.0,1.0
PF07975,PF04056,10,24,10,0,14,2334,0.42,0.99,1.0,0.64,24,10,0,14,2334,0.42,0.99,1.0,0.64
PF03472,PF09614,1,0,0,1,0,2357,0,1.0,0.0,0,0,0,1,0,2357,0,1.0,0.0,0
PF16521,PF01843,7,49,4,3,45,2306,0.08,0.98,0.57,0.21,49,4,3,45,2306,0.08,0.98,0.57,0.21
PF05515,PF15856,1,1,0,1,1,2356,0.0,1.0,0.0,-0.0,1,0,1,1,2356,0.0,1.0,0.0,-0.0
PF01876,PF08347,24,1,0,24,1,2333,0.0,0.99,0.0,-0.0,1,0,24,1,2333,0.0,0.99,0.0,-0.0
PF08169,PF12031,17,13,2,15,11,2330,0.15,0.99,0.12,0.13,13,2,15,11,2330,0.15,0.99,0.12,0.13
PF05981,PF06070,8,1,0,8,1,2349,0.0,1.0,0.0,-0.0,1,0,8,1,2349,0.0,1.0,0.0,-0.0
PF14721,PF16020,9,5,3,6,2,2347,0.6,1.0,0.33,0.45,5,3,6,2,2347,0.6,1.0,0.33,0.45
PF13230,PF02683,7,11,0,7,11,2340,0.0,0.99,0.0,-0.0,11,0,7,11,2340,0.0,0.99,0.0,-0.0
PF06487,PF03760,10,3,0,10,3,2345,0.0,0.99,0.0,-0.0,3,0,10,3,2345,0.0,0.99,0.0,-0.0
PF03745,PF03238,0,0,0,0,0,2358,0,1.0,0,0,0,0,0,0,2358,0,1.0,0,0
PF11597,PF06333,9,14,9,0,5,2344,0.64,1.0,1.0,0.8,14,9,0,5,2344,0.64,1.0,1.0,0.8
PF05337,PF07199,3,0,0,3,0,2355,0,1.0,0.0,0,0,0,3,0,2355,0,1.0,0.0,0
PF01021,PF13929,3,1,0,3,1,2354,0.0,1.0,0.0,-0.0,1,0,3,1,2354,0.0,1.0,0.0,-0.0
PF12376,PF15120,0,2,0,0,2,2356,0.0,1.0,0,0,2,0,0,2,2356,0.0,1.0,0,0
PF14971,PF11052,1,4,0,1,4,2353,0.0,1.0,0.0,-0.0,4,0,1,4,2353,0.0,1.0,0.0,-0.0
PF08638,PF04048,15,25,2,13,23,2320,0.08,0.98,0.13,0.1,25,2,13,23,2320,0.08,0.98,0.13,0.1
PF04201,PF10246,7,17,1,6,16,2335,0.06,0.99,0.14,0.09,17,1,6,16,2335,0.06,0.99,0.14,0.09
PF03028,PF12777,80,78,75,5,3,2275,0.96,1.0,0.94,0.95,78,75,5,3,2275,0.96,1.0,0.94,0.95
PF05990,PF04632,1,2,0,1,2,2355,0.0,1.0,0.0,-0.0,2,0,1,2,2355,0.0,1.0,0.0,-0.0
PF00839,PF04815,6,52,1,5,51,2301,0.02,0.98,0.17,0.05,52,1,5,51,2301,0.02,0.98,0.17,0.05
PF08387,PF03478,52,54,20,32,34,2272,0.37,0.97,0.38,0.36,54,20,32,34,2272,0.37,0.97,0.38,0.36
PF11282,PF11623,2,1,0,2,1,2355,0.0,1.0,0.0,-0.0,1,0,2,1,2355,0.0,1.0,0.0,-0.0
PF15144,PF17075,0,0,0,0,0,2358,0,1.0,0,0,0,0,0,0,2358,0,1.0,0,0
PF07240,PF15883,0,0,0,0,0,2358,0,1.0,0,0,0,0,0,0,2358,0,1.0,0,0
PF07175,PF11510,0,9,0,0,9,2349,0.0,1.0,0,0,9,0,0,9,2349,0.0,1.0,0,0
PF13503,PF09287,0,0,0,0,0,2358,0,1.0,0,0,0,0,0,0,2358,0,1.0,0,0
PF00817,PF11798,47,8,8,39,0,2311,1.0,0.98,0.17,0.41,8,8,39,0,2311,1.0,0.98,0.17,0.41
PF10124,PF03264,0,0,0,0,0,2358,0,1.0,0,0,0,0,0,0,2358,0,1.0,0,0
PF07249,PF01241,5,3,0,5,3,2350,0.0,1.0,0.0,-0.0,3,0,5,3,2350,0.0,1.0,0.0,-0.0
PF06355,PF15662,4,0,0,4,0,2354,0,1.0,0.0,0,0,0,4,0,2354,0,1.0,0.0,0
PF09344,PF01303,0,1,0,0,1,2357,0.0,1.0,0,0,1,0,0,1,2357,0.0,1.0,0,0
PF10106,PF17206,1,1,0,1,1,2356,0.0,1.0,0.0,-0.0,1,0,1,1,2356,0.0,1.0,0.0,-0.0
PF16978,PF05422,23,5,2,21,3,2332,0.4,0.99,0.09,0.18,5,2,21,3,2332,0.4,0.99,0.09,0.18
PF10937,PF14495,5,2,0,5,2,2351,0.0,1.0,0.0,-0.0,2,0,5,2,2351,0.0,1.0,0.0,-0.0
PF16492,PF08374,5,3,3,2,0,2353,1.0,1.0,0.6,0.77,3,3,2,0,2353,1.0,1.0,0.6,0.77
PF10791,PF03389,7,0,0,7,0,2351,0,1.0,0.0,0,0,0,7,0,2351,0,1.0,0.0,0
PF15212,PF03050,0,0,0,0,0,2358,0,1.0,0,0,0,0,0,0,2358,0,1.0,0,0
PF07653,PF00018,113,203,76,37,127,2118,0.37,0.93,0.67,0.47,203,76,37,127,2118,0.37,0.93,0.67,0.47
PF03116,PF14026,2,0,0,2,0,2356,0,1.0,0.0,0,0,0,2,0,2356,0,1.0,0.0,0
PF09170,PF08784,2,26,1,1,25,2331,0.04,0.99,0.5,0.14,26,1,1,25,2331,0.04,0.99,0.5,0.14
PF05992,PF03459,5,6,3,2,3,2350,0.5,1.0,0.6,0.55,6,3,2,3,2350,0.5,1.0,0.6,0.55
PF10385,PF04561,8,7,3,5,4,2346,0.43,1.0,0.38,0.4,7,3,5,4,2346,0.43,1.0,0.38,0.4
PF00197,PF04520,1,0,0,1,0,2357,0,1.0,0.0,0,0,0,1,0,2357,0,1.0,0.0,0
PF13225,PF00468,8,12,1,7,11,2339,0.08,0.99,0.12,0.1,12,1,7,11,2339,0.08,0.99,0.12,0.1
PF13192,PF14721,4,9,2,2,7,2347,0.22,1.0,0.5,0.33,9,2,2,7,2347,0.22,1.0,0.5,0.33
PF06684,PF03222,0,5,0,0,5,2353,0.0,1.0,0,0,5,0,0,5,2353,0.0,1.0,0,0
PF16029,PF11029,10,5,2,8,3,2345,0.4,1.0,0.2,0.28,5,2,8,3,2345,0.4,1.0,0.2,0.28
PF03036,PF15388,13,3,2,11,1,2344,0.67,0.99,0.15,0.32,3,2,11,1,2344,0.67,0.99,0.15,0.32
PF12435,PF02041,8,3,0,8,3,2347,0.0,1.0,0.0,-0.0,3,0,8,3,2347,0.0,1.0,0.0,-0.0
PF11658,PF05001,0,13,0,0,13,2345,0.0,0.99,0,0,13,0,0,13,2345,0.0,0.99,0,0
PF12729,PF04738,3,0,0,3,0,2355,0,1.0,0.0,0,0,0,3,0,2355,0,1.0,0.0,0
PF05534,PF02329,0,2,0,0,2,2356,0.0,1.0,0,0,2,0,0,2,2356,0.0,1.0,0,0
PF07522,PF13691,41,23,9,32,14,2303,0.39,0.98,0.22,0.28,23,9,32,14,2303,0.39,0.98,0.22,0.28
PF05317,PF17062,0,0,0,0,0,2358,0,1.0,0,0,0,0,0,0,2358,0,1.0,0,0
PF11405,PF01552,0,18,0,0,18,2340,0.0,0.99,0,0,18,0,0,18,2340,0.0,0.99,0,0
PF06210,PF05065,0,2,0,0,2,2356,0.0,1.0,0,0,2,0,0,2,2356,0.0,1.0,0,0
PF07030,PF09481,0,0,0,0,0,2358,0,1.0,0,0,0,0,0,0,2358,0,1.0,0,0
PF10292,PF02115,21,22,4,17,18,2319,0.18,0.99,0.19,0.18,22,4,17,18,2319,0.18,0.99,0.19,0.18
PF02116,PF10180,6,21,0,6,21,2331,0.0,0.99,0.0,-0.0,21,0,6,21,2331,0.0,0.99,0.0,-0.0
PF08468,PF11697,3,0,0,3,0,2355,0,1.0,0.0,0,0,0,3,0,2355,0,1.0,0.0,0
PF12901,PF14437,13,10,2,11,8,2337,0.2,0.99,0.15,0.17,10,2,11,8,2337,0.2,0.99,0.15,0.17
PF11489,PF06420,0,3,0,0,3,2355,0.0,1.0,0,0,3,0,0,3,2355,0.0,1.0,0,0
PF04466,PF01580,1,7,0,1,7,2350,0.0,1.0,0.0,-0.0,7,0,1,7,2350,0.0,1.0,0.0,-0.0
PF16207,PF08941,15,17,3,12,14,2329,0.18,0.99,0.2,0.18,17,3,12,14,2329,0.18,0.99,0.2,0.18
PF02925,PF13639,1,221,0,1,221,2136,0.0,0.91,0.0,-0.01,221,0,1,221,2136,0.0,0.91,0.0,-0.01
PF14954,PF14935,3,3,0,3,3,2352,0.0,1.0,0.0,-0.0,3,0,3,3,2352,0.0,1.0,0.0,-0.0
PF13490,PF15750,5,1,0,5,1,2352,0.0,1.0,0.0,-0.0,1,0,5,1,2352,0.0,1.0,0.0,-0.0
PF00482,PF07963,5,10,5,0,5,2348,0.5,1.0,1.0,0.71,10,5,0,5,2348,0.5,1.0,1.0,0.71
PF05508,PF16944,1,7,0,1,7,2350,0.0,1.0,0.0,-0.0,7,0,1,7,2350,0.0,1.0,0.0,-0.0
PF03135,PF07499,12,5,1,11,4,2342,0.2,0.99,0.08,0.13,5,1,11,4,2342,0.2,0.99,0.08,0.13
PF01182,PF02585,29,28,10,19,18,2311,0.36,0.98,0.34,0.34,28,10,19,18,2311,0.36,0.98,0.34,0.34
PF01389,PF14334,2,0,0,2,0,2356,0,1.0,0.0,0,0,0,2,0,2356,0,1.0,0.0,0
PF09029,PF07706,5,4,2,3,2,2351,0.5,1.0,0.4,0.45,4,2,3,2,2351,0.5,1.0,0.4,0.45
PF04387,PF01370,36,114,14,22,100,2222,0.12,0.95,0.39,0.2,114,14,22,100,2222,0.12,0.95,0.39,0.2
PF03822,PF12605,9,9,3,6,6,2343,0.33,0.99,0.33,0.33,9,3,6,6,2343,0.33,0.99,0.33,0.33
PF16055,PF08497,0,0,0,0,0,2358,0,1.0,0,0,0,0,0,0,2358,0,1.0,0,0
PF09409,PF16678,49,12,9,40,3,2306,0.75,0.98,0.18,0.37,12,9,40,3,2306,0.75,0.98,0.18,0.37
PF04643,PF00323,4,2,1,3,1,2353,0.5,1.0,0.25,0.35,2,1,3,1,2353,0.5,1.0,0.25,0.35
PF08354,PF16073,13,33,13,0,20,2325,0.39,0.99,1.0,0.62,33,13,0,20,2325,0.39,0.99,1.0,0.62
PF07573,PF11702,7,3,0,7,3,2348,0.0,1.0,0.0,-0.0,3,0,7,3,2348,0.0,1.0,0.0,-0.0
PF09227,PF00796,0,4,0,0,4,2354,0.0,1.0,0,0,4,0,0,4,2354,0.0,1.0,0,0
PF04583,PF07927,2,2,0,2,2,2354,0.0,1.0,0.0,-0.0,2,0,2,2,2354,0.0,1.0,0.0,-0.0
PF13679,PF04577,41,36,11,30,25,2292,0.31,0.98,0.27,0.27,36,11,30,25,2292,0.31,0.98,0.27,0.27
PF11567,PF03934,0,8,0,0,8,2350,0.0,1.0,0,0,8,0,0,8,2350,0.0,1.0,0,0
PF05380,PF05585,62,49,29,33,20,2276,0.59,0.98,0.47,0.51,49,29,33,20,2276,0.59,0.98,0.47,0.51
PF04437,PF08318,30,24,8,22,16,2312,0.33,0.98,0.27,0.29,24,8,22,16,2312,0.33,0.98,0.27,0.29
PF11016,PF06695,0,0,0,0,0,2358,0,1.0,0,0,0,0,0,0,2358,0,1.0,0,0
PF10160,PF04176,0,16,0,0,16,2342,0.0,0.99,0,0,16,0,0,16,2342,0.0,0.99,0,0
PF04084,PF15929,17,0,0,17,0,2341,0,0.99,0.0,0,0,0,17,0,2341,0,0.99,0.0,0
PF14692,PF12782,0,0,0,0,0,2358,0,1.0,0,0,0,0,0,0,2358,0,1.0,0,0
PF13843,PF13842,96,4,4,92,0,2262,1.0,0.96,0.04,0.2,4,4,92,0,2262,1.0,0.96,0.04,0.2
PF02682,PF02626,22,22,22,0,0,2336,1.0,1.0,1.0,1.0,22,22,0,0,2336,1.0,1.0,1.0,1.0
PF05154,PF09350,32,8,2,30,6,2320,0.25,0.98,0.06,0.12,8,2,30,6,2320,0.25,0.98,0.06,0.12
PF09307,PF08831,10,10,10,0,0,2348,1.0,1.0,1.0,1.0,10,10,0,0,2348,1.0,1.0,1.0,1.0
PF02086,PF11019,3,0,0,3,0,2355,0,1.0,0.0,0,0,0,3,0,2355,0,1.0,0.0,0
PF04280,PF16516,15,10,0,15,10,2333,0.0,0.99,0.0,-0.01,10,0,15,10,2333,0.0,0.99,0.0,-0.01
PF15343,PF15776,0,4,0,0,4,2354,0.0,1.0,0,0,4,0,0,4,2354,0.0,1.0,0,0
PF02502,PF05899,10,6,1,9,5,2343,0.17,0.99,0.1,0.13,6,1,9,5,2343,0.17,0.99,0.1,0.13
PF08725,PF07965,16,8,6,10,2,2340,0.75,0.99,0.38,0.53,8,6,10,2,2340,0.75,0.99,0.38,0.53
PF00210,PF02284,29,9,4,25,5,2324,0.44,0.99,0.14,0.24,9,4,25,5,2324,0.44,0.99,0.14,0.24
PF03382,PF11260,5,0,0,5,0,2353,0,1.0,0.0,0,0,0,5,0,2353,0,1.0,0.0,0
PF10927,PF07652,0,8,0,0,8,2350,0.0,1.0,0,0,8,0,0,8,2350,0.0,1.0,0,0
PF11863,PF03592,1,1,1,0,0,2357,1.0,1.0,1.0,1.0,1,1,0,0,2357,1.0,1.0,1.0,1.0
PF02230,PF08975,46,1,1,45,0,2312,1.0,0.98,0.02,0.15,1,1,45,0,2312,1.0,0.98,0.02,0.15
PF02117,PF01387,5,0,0,5,0,2353,0,1.0,0.0,0,0,0,5,0,2353,0,1.0,0.0,0
PF07127,PF16029,12,10,4,8,6,2340,0.4,0.99,0.33,0.36,10,4,8,6,2340,0.4,0.99,0.33,0.36
PF15872,PF15703,0,2,0,0,2,2356,0.0,1.0,0,0,2,0,0,2,2356,0.0,1.0,0,0
PF03819,PF15809,3,0,0,3,0,2355,0,1.0,0.0,0,0,0,3,0,2355,0,1.0,0.0,0
PF03314,PF02098,10,5,0,10,5,2343,0.0,0.99,0.0,-0.0,5,0,10,5,2343,0.0,0.99,0.0,-0.0
PF03467,PF04098,19,19,2,17,17,2322,0.11,0.99,0.11,0.1,19,2,17,17,2322,0.11,0.99,0.11,0.1
PF10270,PF00831,13,21,0,13,21,2324,0.0,0.99,0.0,-0.01,21,0,13,21,2324,0.0,0.99,0.0,-0.01
PF10508,PF16689,14,4,1,13,3,2341,0.25,0.99,0.07,0.13,4,1,13,3,2341,0.25,0.99,0.07,0.13
PF07072,PF01467,3,73,3,0,70,2285,0.04,0.97,1.0,0.2,73,3,0,70,2285,0.04,0.97,1.0,0.2
PF05308,PF14798,5,3,1,4,2,2351,0.33,1.0,0.2,0.26,3,1,4,2,2351,0.33,1.0,0.2,0.26
PF02121,PF02862,23,27,11,12,16,2319,0.41,0.99,0.48,0.44,27,11,12,16,2319,0.41,0.99,0.48,0.44
PF13613,PF12596,13,7,4,9,3,2342,0.57,0.99,0.31,0.42,7,4,9,3,2342,0.57,0.99,0.31,0.42
PF08571,PF17221,16,3,1,15,2,2340,0.33,0.99,0.06,0.14,3,1,15,2,2340,0.33,0.99,0.06,0.14
PF12316,PF02377,11,6,5,6,1,2346,0.83,1.0,0.45,0.61,6,5,6,1,2346,0.83,1.0,0.45,0.61
PF12753,PF08310,2,2,0,2,2,2354,0.0,1.0,0.0,-0.0,2,0,2,2,2354,0.0,1.0,0.0,-0.0
PF03114,PF08824,55,1,1,54,0,2303,1.0,0.98,0.02,0.13,1,1,54,0,2303,1.0,0.98,0.02,0.13
PF06723,PF10712,13,8,3,10,5,2340,0.38,0.99,0.23,0.29,8,3,10,5,2340,0.38,0.99,0.23,0.29
PF07765,PF11577,10,12,2,8,10,2338,0.17,0.99,0.2,0.18,12,2,8,10,2338,0.17,0.99,0.2,0.18
PF03633,PF03636,2,8,2,0,6,2350,0.25,1.0,1.0,0.5,8,2,0,6,2350,0.25,1.0,1.0,0.5
PF05511,PF15158,15,0,0,15,0,2343,0,0.99,0.0,0,0,0,15,0,2343,0,0.99,0.0,0
PF14596,PF12162,3,4,3,0,1,2354,0.75,1.0,1.0,0.87,4,3,0,1,2354,0.75,1.0,1.0,0.87
PF02694,PF03459,5,6,3,2,3,2350,0.5,1.0,0.6,0.55,6,3,2,3,2350,0.5,1.0,0.6,0.55
PF14330,PF07287,5,18,5,0,13,2340,0.28,0.99,1.0,0.53,18,5,0,13,2340,0.28,0.99,1.0,0.53
PF04881,PF11593,2,4,0,2,4,2352,0.0,1.0,0.0,-0.0,4,0,2,4,2352,0.0,1.0,0.0,-0.0
PF05542,PF02470,4,8,0,4,8,2346,0.0,0.99,0.0,-0.0,8,0,4,8,2346,0.0,0.99,0.0,-0.0
PF04464,PF17164,2,0,0,2,0,2356,0,1.0,0.0,0,0,0,2,0,2356,0,1.0,0.0,0
PF13167,PF16360,8,9,1,7,8,2342,0.11,0.99,0.12,0.11,9,1,7,8,2342,0.11,0.99,0.12,0.11
PF05645,PF08221,13,15,10,3,5,2340,0.67,1.0,0.77,0.71,15,10,3,5,2340,0.67,1.0,0.77,0.71
PF12805,PF08497,0,0,0,0,0,2358,0,1.0,0,0,0,0,0,0,2358,0,1.0,0,0
PF01931,PF04681,2,11,0,2,11,2345,0.0,0.99,0.0,-0.0,11,0,2,11,2345,0.0,0.99,0.0,-0.0
PF09713,PF11669,14,6,0,14,6,2338,0.0,0.99,0.0,-0.0,6,0,14,6,2338,0.0,0.99,0.0,-0.0
PF03024,PF07995,19,24,12,7,12,2327,0.5,0.99,0.63,0.56,24,12,7,12,2327,0.5,0.99,0.63,0.56
PF00318,PF16122,49,27,18,31,9,2300,0.67,0.98,0.37,0.49,27,18,31,9,2300,0.67,0.98,0.37,0.49
PF14989,PF10195,2,2,0,2,2,2354,0.0,1.0,0.0,-0.0,2,0,2,2,2354,0.0,1.0,0.0,-0.0
PF02271,PF12680,20,12,6,14,6,2332,0.5,0.99,0.3,0.38,12,6,14,6,2332,0.5,0.99,0.3,0.38
PF01207,PF00035,73,95,28,45,67,2218,0.29,0.95,0.38,0.31,95,28,45,67,2218,0.29,0.95,0.38,0.31
PF05089,PF12971,21,12,12,9,0,2337,1.0,1.0,0.57,0.75,12,12,9,0,2337,1.0,1.0,0.57,0.75
PF04740,PF13780,0,0,0,0,0,2358,0,1.0,0,0,0,0,0,0,2358,0,1.0,0,0
PF08746,PF05129,19,23,5,14,18,2321,0.22,0.99,0.26,0.23,23,5,14,18,2321,0.22,0.99,0.26,0.23
PF05562,PF01387,7,0,0,7,0,2351,0,1.0,0.0,0,0,0,7,0,2351,0,1.0,0.0,0
PF15545,PF02741,0,2,0,0,2,2356,0.0,1.0,0,0,2,0,0,2,2356,0.0,1.0,0,0
PF05698,PF05697,2,5,2,0,3,2353,0.4,1.0,1.0,0.63,5,2,0,3,2353,0.4,1.0,1.0,0.63
PF12204,PF17062,3,0,0,3,0,2355,0,1.0,0.0,0,0,0,3,0,2355,0,1.0,0.0,0
PF09113,PF09112,0,0,0,0,0,2358,0,1.0,0,0,0,0,0,0,2358,0,1.0,0,0
PF03261,PF14735,7,8,1,6,7,2344,0.12,0.99,0.14,0.13,8,1,6,7,2344,0.12,0.99,0.14,0.13
PF16684,PF16457,0,31,0,0,31,2327,0.0,0.99,0,0,31,0,0,31,2327,0.0,0.99,0,0
PF08411,PF08461,2,0,0,2,0,2356,0,1.0,0.0,0,0,0,2,0,2356,0,1.0,0.0,0
PF01285,PF14764,8,8,2,6,6,2344,0.25,0.99,0.25,0.25,8,2,6,6,2344,0.25,0.99,0.25,0.25
PF07664,PF01773,4,21,0,4,21,2333,0.0,0.99,0.0,-0.0,21,0,4,21,2333,0.0,0.99,0.0,-0.0
PF04068,PF00037,42,24,20,22,4,2312,0.83,0.99,0.48,0.63,24,20,22,4,2312,0.83,0.99,0.48,0.63
PF08389,PF08506,68,29,16,52,13,2277,0.55,0.97,0.24,0.35,29,16,52,13,2277,0.55,0.97,0.24,0.35
PF05571,PF02792,13,12,1,12,11,2334,0.08,0.99,0.08,0.08,12,1,12,11,2334,0.08,0.99,0.08,0.08
PF01200,PF15216,25,1,0,25,1,2332,0.0,0.99,0.0,-0.0,1,0,25,1,2332,0.0,0.99,0.0,-0.0
PF01585,PF12457,136,16,16,120,0,2222,1.0,0.95,0.12,0.33,16,16,120,0,2222,1.0,0.95,0.12,0.33
PF05153,PF05995,19,19,6,13,13,2326,0.32,0.99,0.32,0.31,19,6,13,13,2326,0.32,0.99,0.32,0.31
PF12686,PF04222,0,0,0,0,0,2358,0,1.0,0,0,0,0,0,0,2358,0,1.0,0,0
PF04471,PF00555,4,3,0,4,3,2351,0.0,1.0,0.0,-0.0,3,0,4,3,2351,0.0,1.0,0.0,-0.0
PF06500,PF06108,4,12,0,4,12,2342,0.0,0.99,0.0,-0.0,12,0,4,12,2342,0.0,0.99,0.0,-0.0
PF16312,PF12772,1,1,1,0,0,2357,1.0,1.0,1.0,1.0,1,1,0,0,2357,1.0,1.0,1.0,1.0
PF06663,PF10534,4,7,4,0,3,2351,0.57,1.0,1.0,0.76,7,4,0,3,2351,0.57,1.0,1.0,0.76
PF06985,PF01048,114,51,32,82,19,2225,0.63,0.96,0.28,0.4,51,32,82,19,2225,0.63,0.96,0.28,0.4
PF13000,PF01227,15,8,2,13,6,2337,0.25,0.99,0.13,0.18,8,2,13,6,2337,0.25,0.99,0.13,0.18
PF15328,PF02116,1,6,0,1,6,2351,0.0,1.0,0.0,-0.0,6,0,1,6,2351,0.0,1.0,0.0,-0.0
PF17049,PF15856,2,1,0,2,1,2355,0.0,1.0,0.0,-0.0,1,0,2,1,2355,0.0,1.0,0.0,-0.0
PF07123,PF05936,12,2,2,10,0,2346,1.0,1.0,0.17,0.41,2,2,10,0,2346,1.0,1.0,0.17,0.41
PF17216,PF17215,16,11,11,5,0,2342,1.0,1.0,0.69,0.83,11,11,5,0,2342,1.0,1.0,0.69,0.83
PF05621,PF10563,0,1,0,0,1,2357,0.0,1.0,0,0,1,0,0,1,2357,0.0,1.0,0,0
PF11905,PF03647,48,25,8,40,17,2293,0.32,0.98,0.17,0.22,25,8,40,17,2293,0.32,0.98,0.17,0.22
PF15985,PF10447,22,13,2,20,11,2325,0.15,0.99,0.09,0.11,13,2,20,11,2325,0.15,0.99,0.09,0.11
PF01136,PF01706,2,1,0,2,1,2355,0.0,1.0,0.0,-0.0,1,0,2,1,2355,0.0,1.0,0.0,-0.0
PF00378,PF00725,108,44,32,76,12,2238,0.73,0.96,0.3,0.45,44,32,76,12,2238,0.73,0.96,0.3,0.45
PF14517,PF08535,2,2,0,2,2,2354,0.0,1.0,0.0,-0.0,2,0,2,2,2354,0.0,1.0,0.0,-0.0
PF02533,PF15171,10,2,0,10,2,2346,0.0,0.99,0.0,-0.0,2,0,10,2,2346,0.0,0.99,0.0,-0.0
PF10255,PF01896,19,18,5,14,13,2326,0.28,0.99,0.26,0.26,18,5,14,13,2326,0.28,0.99,0.26,0.26
PF06330,PF06581,4,2,0,4,2,2352,0.0,1.0,0.0,-0.0,2,0,4,2,2352,0.0,1.0,0.0,-0.0
PF04732,PF16208,10,8,2,8,6,2342,0.25,0.99,0.2,0.22,8,2,8,6,2342,0.25,0.99,0.2,0.22
PF15241,PF15259,0,1,0,0,1,2357,0.0,1.0,0,0,1,0,0,1,2357,0.0,1.0,0,0
PF06936,PF14340,10,5,3,7,2,2346,0.6,1.0,0.3,0.42,5,3,7,2,2346,0.6,1.0,0.3,0.42
PF09072,PF16499,16,37,8,8,29,2313,0.22,0.98,0.5,0.32,37,8,8,29,2313,0.22,0.98,0.5,0.32
PF06356,PF06724,0,0,0,0,0,2358,0,1.0,0,0,0,0,0,0,2358,0,1.0,0,0
PF12770,PF17109,22,9,3,19,6,2330,0.33,0.99,0.14,0.21,9,3,19,6,2330,0.33,0.99,0.14,0.21
PF05585,PF05380,49,62,29,20,33,2276,0.47,0.98,0.59,0.51,62,29,20,33,2276,0.47,0.98,0.59,0.51
PF02653,PF12399,16,13,13,3,0,2342,1.0,1.0,0.81,0.9,13,13,3,0,2342,1.0,1.0,0.81,0.9
PF05553,PF02701,10,18,3,7,15,2333,0.17,0.99,0.3,0.22,18,3,7,15,2333,0.17,0.99,0.3,0.22
PF06699,PF06218,29,16,9,20,7,2322,0.56,0.99,0.31,0.41,16,9,20,7,2322,0.56,0.99,0.31,0.41
PF14144,PF02173,13,9,4,9,5,2340,0.44,0.99,0.31,0.37,9,4,9,5,2340,0.44,0.99,0.31,0.37
PF00788,PF16517,96,18,17,79,1,2261,0.94,0.97,0.18,0.4,18,17,79,1,2261,0.94,0.97,0.18,0.4
PF13160,PF10734,0,0,0,0,0,2358,0,1.0,0,0,0,0,0,0,2358,0,1.0,0,0
PF00583,PF13673,157,39,27,130,12,2189,0.69,0.94,0.17,0.33,39,27,130,12,2189,0.69,0.94,0.17,0.33
PF16418,PF16417,18,21,18,0,3,2337,0.86,1.0,1.0,0.93,21,18,0,3,2337,0.86,1.0,1.0,0.93
PF11308,PF04320,0,2,0,0,2,2356,0.0,1.0,0,0,2,0,0,2,2356,0.0,1.0,0,0
PF10596,PF10597,29,24,24,5,0,2329,1.0,1.0,0.83,0.91,24,24,5,0,2329,1.0,1.0,0.83,0.91
PF03417,PF07542,14,22,3,11,19,2325,0.14,0.99,0.21,0.16,22,3,11,19,2325,0.14,0.99,0.21,0.16
PF13244,PF17152,0,3,0,0,3,2355,0.0,1.0,0,0,3,0,0,3,2355,0.0,1.0,0,0
PF12320,PF01340,0,3,0,0,3,2355,0.0,1.0,0,0,3,0,0,3,2355,0.0,1.0,0,0
PF01176,PF01907,27,20,10,17,10,2321,0.5,0.99,0.37,0.42,20,10,17,10,2321,0.5,0.99,0.37,0.42
PF03720,PF00984,9,11,9,0,2,2347,0.82,1.0,1.0,0.9,11,9,0,2,2347,0.82,1.0,1.0,0.9
PF14229,PF07652,2,8,1,1,7,2349,0.12,1.0,0.5,0.25,8,1,1,7,2349,0.12,1.0,0.5,0.25
PF00329,PF01058,27,30,10,17,20,2311,0.33,0.98,0.37,0.34,30,10,17,20,2311,0.33,0.98,0.37,0.34
PF02253,PF15750,3,1,0,3,1,2354,0.0,1.0,0.0,-0.0,1,0,3,1,2354,0.0,1.0,0.0,-0.0
PF15877,PF14775,0,11,0,0,11,2347,0.0,1.0,0,0,11,0,0,11,2347,0.0,1.0,0,0
PF16910,PF12624,33,54,30,3,24,2301,0.56,0.99,0.91,0.71,54,30,3,24,2301,0.56,0.99,0.91,0.71
PF03896,PF05676,26,11,2,24,9,2323,0.18,0.99,0.08,0.11,11,2,24,9,2323,0.18,0.99,0.08,0.11
PF12738,PF00533,52,94,41,11,53,2253,0.44,0.97,0.79,0.57,94,41,11,53,2253,0.44,0.97,0.79,0.57
PF04963,PF04552,3,3,3,0,0,2355,1.0,1.0,1.0,1.0,3,3,0,0,2355,1.0,1.0,1.0,1.0
PF07720,PF07721,12,10,5,7,5,2341,0.5,0.99,0.42,0.45,10,5,7,5,2341,0.5,0.99,0.42,0.45
PF09493,PF08497,0,0,0,0,0,2358,0,1.0,0,0,0,0,0,0,2358,0,1.0,0,0
PF04495,PF15279,6,3,0,6,3,2349,0.0,1.0,0.0,-0.0,3,0,6,3,2349,0.0,1.0,0.0,-0.0
PF05208,PF07096,22,11,4,18,7,2329,0.36,0.99,0.18,0.25,11,4,18,7,2329,0.36,0.99,0.18,0.25
PF00605,PF10401,21,19,17,4,2,2335,0.89,1.0,0.81,0.85,19,17,4,2,2335,0.89,1.0,0.81,0.85
PF06458,PF07523,0,0,0,0,0,2358,0,1.0,0,0,0,0,0,0,2358,0,1.0,0,0
PF03748,PF14882,3,0,0,3,0,2355,0,1.0,0.0,0,0,0,3,0,2355,0,1.0,0.0,0
PF04795,PF04925,9,15,3,6,12,2337,0.2,0.99,0.33,0.25,15,3,6,12,2337,0.2,0.99,0.33,0.25
PF00988,PF00185,30,38,17,13,21,2307,0.45,0.99,0.57,0.5,38,17,13,21,2307,0.45,0.99,0.57,0.5
PF08280,PF08453,0,4,0,0,4,2354,0.0,1.0,0,0,4,0,0,4,2354,0.0,1.0,0,0
PF10924,PF08744,0,0,0,0,0,2358,0,1.0,0,0,0,0,0,0,2358,0,1.0,0,0
PF01140,PF01141,9,7,7,2,0,2349,1.0,1.0,0.78,0.88,7,7,2,0,2349,1.0,1.0,0.78,0.88
PF01402,PF05939,2,0,0,2,0,2356,0,1.0,0.0,0,0,0,2,0,2356,0,1.0,0.0,0
PF02916,PF11604,2,0,0,2,0,2356,0,1.0,0.0,0,0,0,2,0,2356,0,1.0,0.0,0
PF12051,PF10276,11,4,1,10,3,2344,0.25,0.99,0.09,0.15,4,1,10,3,2344,0.25,0.99,0.09,0.15
PF03874,PF05676,21,11,4,17,7,2330,0.36,0.99,0.19,0.26,11,4,17,7,2330,0.36,0.99,0.19,0.26
PF03143,PF09173,52,7,4,48,3,2303,0.57,0.98,0.08,0.2,7,4,48,3,2303,0.57,0.98,0.08,0.2
PF16049,PF10410,2,6,0,2,6,2350,0.0,1.0,0.0,-0.0,6,0,2,6,2350,0.0,1.0,0.0,-0.0
PF16880,PF12761,27,15,7,20,8,2323,0.47,0.99,0.26,0.34,15,7,20,8,2323,0.47,0.99,0.26,0.34
PF15012,PF02366,3,25,1,2,24,2331,0.04,0.99,0.33,0.11,25,1,2,24,2331,0.04,0.99,0.33,0.11
PF06554,PF13548,6,3,3,3,0,2352,1.0,1.0,0.5,0.71,3,3,3,0,2352,1.0,1.0,0.5,0.71
PF15807,PF15046,2,6,0,2,6,2350,0.0,1.0,0.0,-0.0,6,0,2,6,2350,0.0,1.0,0.0,-0.0
PF16071,PF10933,0,0,0,0,0,2358,0,1.0,0,0,0,0,0,0,2358,0,1.0,0,0
PF14845,PF02838,39,15,6,33,9,2310,0.4,0.98,0.15,0.24,15,6,33,9,2310,0.4,0.98,0.15,0.24
PF11303,PF12328,2,8,1,1,7,2349,0.12,1.0,0.5,0.25,8,1,1,7,2349,0.12,1.0,0.5,0.25
PF15005,PF14049,13,0,0,13,0,2345,0,0.99,0.0,0,0,0,13,0,2345,0,0.99,0.0,0
PF10846,PF15211,15,0,0,15,0,2343,0,0.99,0.0,0,0,0,15,0,2343,0,0.99,0.0,0
PF11818,PF14684,3,3,3,0,0,2355,1.0,1.0,1.0,1.0,3,3,0,0,2355,1.0,1.0,1.0,1.0
PF03239,PF13741,13,3,0,13,3,2342,0.0,0.99,0.0,-0.0,3,0,13,3,2342,0.0,0.99,0.0,-0.0
PF04911,PF02565,6,3,0,6,3,2349,0.0,1.0,0.0,-0.0,3,0,6,3,2349,0.0,1.0,0.0,-0.0
PF17022,PF15334,0,1,0,0,1,2357,0.0,1.0,0,0,1,0,0,1,2357,0.0,1.0,0,0
PF12315,PF15936,17,10,2,15,8,2333,0.2,0.99,0.12,0.15,10,2,15,8,2333,0.2,0.99,0.12,0.15
PF03444,PF01580,2,7,1,1,6,2350,0.14,1.0,0.5,0.27,7,1,1,6,2350,0.14,1.0,0.5,0.27
PF06579,PF10259,7,18,2,5,16,2335,0.11,0.99,0.29,0.17,18,2,5,16,2335,0.11,0.99,0.29,0.17
PF17082,PF00170,3,70,0,3,70,2285,0.0,0.97,0.0,-0.01,70,0,3,70,2285,0.0,0.97,0.0,-0.01
PF10203,PF10310,8,3,1,7,2,2348,0.33,1.0,0.12,0.2,3,1,7,2,2348,0.33,1.0,0.12,0.2
PF04827,PF03407,55,28,12,43,16,2287,0.43,0.97,0.22,0.29,28,12,43,16,2287,0.43,0.97,0.22,0.29
PF02797,PF00195,30,34,28,2,6,2322,0.82,1.0,0.93,0.88,34,28,2,6,2322,0.82,1.0,0.93,0.88
PF05048,PF02617,6,16,3,3,13,2339,0.19,0.99,0.5,0.3,16,3,3,13,2339,0.19,0.99,0.5,0.3
PF15886,PF06955,11,15,3,8,12,2335,0.2,0.99,0.27,0.23,15,3,8,12,2335,0.2,0.99,0.27,0.23
PF05239,PF03468,7,10,0,7,10,2341,0.0,0.99,0.0,-0.0,10,0,7,10,2341,0.0,0.99,0.0,-0.0
PF08416,PF08919,24,13,2,22,11,2323,0.15,0.99,0.08,0.11,13,2,22,11,2323,0.15,0.99,0.08,0.11
PF03000,PF09494,30,21,6,24,15,2313,0.29,0.98,0.2,0.23,21,6,24,15,2313,0.29,0.98,0.2,0.23
PF04014,PF09074,1,2,0,1,2,2355,0.0,1.0,0.0,-0.0,2,0,1,2,2355,0.0,1.0,0.0,-0.0
PF12972,PF12971,17,12,9,8,3,2338,0.75,1.0,0.53,0.63,12,9,8,3,2338,0.75,1.0,0.53,0.63
PF06809,PF03359,11,21,4,7,17,2330,0.19,0.99,0.36,0.26,21,4,7,17,2330,0.19,0.99,0.36,0.26
PF06089,PF02604,13,0,0,13,0,2345,0,0.99,0.0,0,0,0,13,0,2345,0,0.99,0.0,0
PF05454,PF10383,7,9,1,6,8,2343,0.11,0.99,0.14,0.12,9,1,6,8,2343,0.11,0.99,0.14,0.12
PF07452,PF00093,1,48,1,0,47,2310,0.02,0.98,1.0,0.14,48,1,0,47,2310,0.02,0.98,1.0,0.14
PF14885,PF17049,3,2,0,3,2,2353,0.0,1.0,0.0,-0.0,2,0,3,2,2353,0.0,1.0,0.0,-0.0
PF10965,PF07295,0,0,0,0,0,2358,0,1.0,0,0,0,0,0,0,2358,0,1.0,0,0
PF00179,PF07933,198,21,15,183,6,2154,0.71,0.92,0.08,0.22,21,15,183,6,2154,0.71,0.92,0.08,0.22
PF15888,PF12478,0,10,0,0,10,2348,0.0,1.0,0,0,10,0,0,10,2348,0.0,1.0,0,0
PF13695,PF00468,6,12,1,5,11,2341,0.08,0.99,0.17,0.11,12,1,5,11,2341,0.08,0.99,0.17,0.11
PF14536,PF15770,0,0,0,0,0,2358,0,1.0,0,0,0,0,0,0,2358,0,1.0,0,0
PF07445,PF04489,0,0,0,0,0,2358,0,1.0,0,0,0,0,0,0,2358,0,1.0,0,0
PF06283,PF03883,3,4,0,3,4,2351,0.0,1.0,0.0,-0.0,4,0,3,4,2351,0.0,1.0,0.0,-0.0
PF00629,PF01033,72,29,20,52,9,2277,0.69,0.97,0.28,0.43,29,20,52,9,2277,0.69,0.97,0.28,0.43
PF02181,PF06345,87,8,8,79,0,2271,1.0,0.97,0.09,0.3,8,8,79,0,2271,1.0,0.97,0.09,0.3
PF08311,PF12202,16,20,5,11,15,2327,0.25,0.99,0.31,0.27,20,5,11,15,2327,0.25,0.99,0.31,0.27
PF08329,PF03427,3,5,2,1,3,2352,0.4,1.0,0.67,0.52,5,2,1,3,2352,0.4,1.0,0.67,0.52
PF15799,PF12904,1,0,0,1,0,2357,0,1.0,0.0,0,0,0,1,0,2357,0,1.0,0.0,0
PF02133,PF13023,43,17,7,36,10,2305,0.41,0.98,0.16,0.25,17,7,36,10,2305,0.41,0.98,0.16,0.25
PF03229,PF17110,4,0,0,4,0,2354,0,1.0,0.0,0,0,0,4,0,2354,0,1.0,0.0,0
PF12137,PF07652,6,8,2,4,6,2346,0.25,1.0,0.33,0.29,8,2,4,6,2346,0.25,1.0,0.33,0.29
PF00243,PF01731,6,8,0,6,8,2344,0.0,0.99,0.0,-0.0,8,0,6,8,2344,0.0,0.99,0.0,-0.0
PF05209,PF07499,11,5,1,10,4,2343,0.2,0.99,0.09,0.13,5,1,10,4,2343,0.2,0.99,0.09,0.13
PF08525,PF16824,0,0,0,0,0,2358,0,1.0,0,0,0,0,0,0,2358,0,1.0,0,0
PF01747,PF14306,17,17,17,0,0,2341,1.0,1.0,1.0,1.0,17,17,0,0,2341,1.0,1.0,1.0,1.0
PF17068,PF15334,1,1,0,1,1,2356,0.0,1.0,0.0,-0.0,1,0,1,1,2356,0.0,1.0,0.0,-0.0
PF16086,PF04845,0,14,0,0,14,2344,0.0,0.99,0,0,14,0,0,14,2344,0.0,0.99,0,0
PF02203,PF00015,9,20,9,0,11,2338,0.45,1.0,1.0,0.67,20,9,0,11,2338,0.45,1.0,1.0,0.67
PF05512,PF03386,5,0,0,5,0,2353,0,1.0,0.0,0,0,0,5,0,2353,0,1.0,0.0,0
PF01093,PF02267,0,7,0,0,7,2351,0.0,1.0,0,0,7,0,0,7,2351,0.0,1.0,0,0
PF11901,PF12248,32,29,11,21,18,2308,0.38,0.98,0.34,0.35,29,11,21,18,2308,0.38,0.98,0.34,0.35
PF12485,PF16533,1,2,1,0,1,2356,0.5,1.0,1.0,0.71,2,1,0,1,2356,0.5,1.0,1.0,0.71
PF12965,PF02557,0,3,0,0,3,2355,0.0,1.0,0,0,3,0,0,3,2355,0.0,1.0,0,0
PF01025,PF01871,27,10,2,25,8,2323,0.2,0.99,0.07,0.12,10,2,25,8,2323,0.2,0.99,0.07,0.12
PF09759,PF14764,17,8,1,16,7,2334,0.12,0.99,0.06,0.08,8,1,16,7,2334,0.12,0.99,0.06,0.08
PF16868,PF12477,2,0,0,2,0,2356,0,1.0,0.0,0,0,0,2,0,2356,0,1.0,0.0,0
PF01915,PF00933,55,62,53,2,9,2294,0.85,1.0,0.96,0.91,62,53,2,9,2294,0.85,1.0,0.96,0.91
PF11198,PF04001,0,0,0,0,0,2358,0,1.0,0,0,0,0,0,0,2358,0,1.0,0,0
PF08458,PF05703,10,10,10,0,0,2348,1.0,1.0,1.0,1.0,10,10,0,0,2348,1.0,1.0,1.0,1.0
PF09110,PF09111,24,24,24,0,0,2334,1.0,1.0,1.0,1.0,24,24,0,0,2334,1.0,1.0,1.0,1.0
PF04778,PF15856,0,1,0,0,1,2357,0.0,1.0,0,0,1,0,0,1,2357,0.0,1.0,0,0
PF12968,PF05979,3,3,0,3,3,2352,0.0,1.0,0.0,-0.0,3,0,3,3,2352,0.0,1.0,0.0,-0.0
PF04110,PF06388,16,2,0,16,2,2340,0.0,0.99,0.0,-0.0,2,0,16,2,2340,0.0,0.99,0.0,-0.0
PF16696,PF11464,2,25,1,1,24,2332,0.04,0.99,0.5,0.14,25,1,1,24,2332,0.04,0.99,0.5,0.14
PF02112,PF11970,7,4,0,7,4,2347,0.0,1.0,0.0,-0.0,4,0,7,4,2347,0.0,1.0,0.0,-0.0
PF05255,PF16839,19,1,0,19,1,2338,0.0,0.99,0.0,-0.0,1,0,19,1,2338,0.0,0.99,0.0,-0.0
PF01717,PF08267,24,6,6,18,0,2334,1.0,0.99,0.25,0.5,6,6,18,0,2334,1.0,0.99,0.25,0.5
PF07156,PF08911,32,14,7,25,7,2319,0.5,0.99,0.22,0.32,14,7,25,7,2319,0.5,0.99,0.22,0.32
PF02996,PF01956,59,21,10,49,11,2288,0.48,0.97,0.17,0.27,21,10,49,11,2288,0.48,0.97,0.17,0.27
PF16286,PF11764,0,11,0,0,11,2347,0.0,1.0,0,0,11,0,0,11,2347,0.0,1.0,0,0
PF14308,PF14901,17,5,0,17,5,2336,0.0,0.99,0.0,-0.0,5,0,17,5,2336,0.0,0.99,0.0,-0.0
PF05958,PF03467,35,19,10,25,9,2314,0.53,0.99,0.29,0.38,19,10,25,9,2314,0.53,0.99,0.29,0.38
PF11860,PF13421,0,0,0,0,0,2358,0,1.0,0,0,0,0,0,0,2358,0,1.0,0,0
PF00910,PF00680,23,18,18,5,0,2335,1.0,1.0,0.78,0.88,18,18,5,0,2335,1.0,1.0,0.78,0.88
PF00750,PF03485,50,30,26,24,4,2304,0.87,0.99,0.52,0.67,30,26,24,4,2304,0.87,0.99,0.52,0.67
PF08259,PF11751,0,0,0,0,0,2358,0,1.0,0,0,0,0,0,0,2358,0,1.0,0,0
PF03645,PF03358,39,30,10,29,20,2299,0.33,0.98,0.26,0.28,30,10,29,20,2299,0.33,0.98,0.26,0.28
PF04644,PF04643,3,4,3,0,1,2354,0.75,1.0,1.0,0.87,4,3,0,1,2354,0.75,1.0,1.0,0.87
PF00992,PF04144,11,23,6,5,17,2330,0.26,0.99,0.55,0.37,23,6,5,17,2330,0.26,0.99,0.55,0.37
PF00606,PF13721,7,5,0,7,5,2346,0.0,0.99,0.0,-0.0,5,0,7,5,2346,0.0,0.99,0.0,-0.0
PF11375,PF04567,0,22,0,0,22,2336,0.0,0.99,0,0,22,0,0,22,2336,0.0,0.99,0,0
PF13346,PF00297,0,36,0,0,36,2322,0.0,0.98,0,0,36,0,0,36,2322,0.0,0.98,0,0
PF08497,PF07805,0,1,0,0,1,2357,0.0,1.0,0,0,1,0,0,1,2357,0.0,1.0,0,0
PF00410,PF09341,34,14,4,30,10,2314,0.29,0.98,0.12,0.18,14,4,30,10,2314,0.29,0.98,0.12,0.18
PF01291,PF15055,3,0,0,3,0,2355,0,1.0,0.0,0,0,0,3,0,2355,0,1.0,0.0,0
PF01290,PF03466,8,18,0,8,18,2332,0.0,0.99,0.0,-0.01,18,0,8,18,2332,0.0,0.99,0.0,-0.01
PF04278,PF15311,9,11,1,8,10,2339,0.09,0.99,0.11,0.1,11,1,8,10,2339,0.09,0.99,0.11,0.1
PF05792,PF11766,1,2,1,0,1,2356,0.5,1.0,1.0,0.71,2,1,0,1,2356,0.5,1.0,1.0,0.71
PF08166,PF08167,4,10,4,0,6,2348,0.4,1.0,1.0,0.63,10,4,0,6,2348,0.4,1.0,1.0,0.63
PF15435,PF05869,0,7,0,0,7,2351,0.0,1.0,0,0,7,0,0,7,2351,0.0,1.0,0,0
PF03520,PF16799,15,5,4,11,1,2342,0.8,0.99,0.27,0.46,5,4,11,1,2342,0.8,0.99,0.27,0.46
PF03966,PF05365,20,13,2,18,11,2327,0.15,0.99,0.1,0.12,13,2,18,11,2327,0.15,0.99,0.1,0.12
PF10336,PF09463,3,0,0,3,0,2355,0,1.0,0.0,0,0,0,3,0,2355,0,1.0,0.0,0
PF03619,PF05653,42,37,10,32,27,2289,0.27,0.97,0.24,0.24,37,10,32,27,2289,0.27,0.97,0.24,0.24
PF08675,PF04857,7,43,7,0,36,2315,0.16,0.98,1.0,0.4,43,7,0,36,2315,0.16,0.98,1.0,0.4
PF08432,PF02399,0,3,0,0,3,2355,0.0,1.0,0,0,3,0,0,3,2355,0.0,1.0,0,0
PF01527,PF04236,17,5,1,16,4,2337,0.2,0.99,0.06,0.11,5,1,16,4,2337,0.2,0.99,0.06,0.11
PF00560,PF13855,88,293,86,2,207,2063,0.29,0.91,0.98,0.51,293,86,2,207,2063,0.29,0.91,0.98,0.51
PF05677,PF12898,0,0,0,0,0,2358,0,1.0,0,0,0,0,0,0,2358,0,1.0,0,0
PF08251,PF07560,0,1,0,0,1,2357,0.0,1.0,0,0,1,0,0,1,2357,0.0,1.0,0,0
PF00260,PF08515,4,14,0,4,14,2340,0.0,0.99,0.0,-0.0,14,0,4,14,2340,0.0,0.99,0.0,-0.0
PF13302,PF11807,50,23,13,37,10,2298,0.57,0.98,0.26,0.37,23,13,37,10,2298,0.57,0.98,0.26,0.37
PF08509,PF15904,12,3,1,11,2,2344,0.33,0.99,0.08,0.16,3,1,11,2,2344,0.33,0.99,0.08,0.16
PF09779,PF06972,4,2,0,4,2,2352,0.0,1.0,0.0,-0.0,2,0,4,2,2352,0.0,1.0,0.0,-0.0
PF13364,PF13363,20,14,14,6,0,2338,1.0,1.0,0.7,0.84,14,14,6,0,2338,1.0,1.0,0.7,0.84
PF02878,PF00408,65,49,48,17,1,2292,0.98,0.99,0.74,0.85,49,48,17,1,2292,0.98,0.99,0.74,0.85
PF02252,PF02251,17,10,10,7,0,2341,1.0,1.0,0.59,0.77,10,10,7,0,2341,1.0,1.0,0.59,0.77
PF03613,PF14328,2,0,0,2,0,2356,0,1.0,0.0,0,0,0,2,0,2356,0,1.0,0.0,0
PF07289,PF13299,14,28,0,14,28,2316,0.0,0.98,0.0,-0.01,28,0,14,28,2316,0.0,0.98,0.0,-0.01
PF00919,PF01938,35,33,23,12,10,2313,0.7,0.99,0.66,0.67,33,23,12,10,2313,0.7,0.99,0.66,0.67
PF15152,PF15107,3,2,0,3,2,2353,0.0,1.0,0.0,-0.0,2,0,3,2,2353,0.0,1.0,0.0,-0.0
PF02570,PF13557,6,8,2,4,6,2346,0.25,1.0,0.33,0.29,8,2,4,6,2346,0.25,1.0,0.33,0.29
PF12397,PF13001,15,19,5,10,14,2329,0.26,0.99,0.33,0.29,19,5,10,14,2329,0.26,0.99,0.33,0.29
PF10568,PF17172,20,15,5,15,10,2328,0.33,0.99,0.25,0.28,15,5,15,10,2328,0.33,0.99,0.25,0.28
PF00080,PF00403,38,58,16,22,42,2278,0.28,0.97,0.42,0.33,58,16,22,42,2278,0.28,0.97,0.42,0.33
PF00076,PF08081,475,1,1,474,0,1883,1.0,0.8,0.0,0.04,1,1,474,0,1883,1.0,0.8,0.0,0.04
PF17205,PF07965,10,8,8,2,0,2348,1.0,1.0,0.8,0.89,8,8,2,0,2348,1.0,1.0,0.8,0.89
PF01353,PF15377,3,1,0,3,1,2354,0.0,1.0,0.0,-0.0,1,0,3,1,2354,0.0,1.0,0.0,-0.0
PF11928,PF06221,0,16,0,0,16,2342,0.0,0.99,0,0,16,0,0,16,2342,0.0,0.99,0,0
PF13627,PF09257,0,1,0,0,1,2357,0.0,1.0,0,0,1,0,0,1,2357,0.0,1.0,0,0
PF08040,PF15664,2,0,0,2,0,2356,0,1.0,0.0,0,0,0,2,0,2356,0,1.0,0.0,0
PF08173,PF16327,0,2,0,0,2,2356,0.0,1.0,0,0,2,0,0,2,2356,0.0,1.0,0,0
PF17008,PF11162,0,0,0,0,0,2358,0,1.0,0,0,0,0,0,0,2358,0,1.0,0,0
PF10487,PF12530,12,6,0,12,6,2340,0.0,0.99,0.0,-0.0,6,0,12,6,2340,0.0,0.99,0.0,-0.0
PF14804,PF12631,3,12,1,2,11,2344,0.08,0.99,0.33,0.16,12,1,2,11,2344,0.08,0.99,0.33,0.16
PF08372,PF16165,13,14,1,12,13,2332,0.07,0.99,0.08,0.07,14,1,12,13,2332,0.07,0.99,0.08,0.07
PF12695,PF15743,4,0,0,4,0,2354,0,1.0,0.0,0,0,0,4,0,2354,0,1.0,0.0,0
PF01463,PF01462,13,18,13,0,5,2340,0.72,1.0,1.0,0.85,18,13,0,5,2340,0.72,1.0,1.0,0.85
PF16968,PF03739,1,10,0,1,10,2347,0.0,1.0,0.0,-0.0,10,0,1,10,2347,0.0,1.0,0.0,-0.0
PF16540,PF13931,20,12,5,15,7,2331,0.42,0.99,0.25,0.32,12,5,15,7,2331,0.42,0.99,0.25,0.32
PF09248,PF02727,5,27,5,0,22,2331,0.19,0.99,1.0,0.43,27,5,0,22,2331,0.19,0.99,1.0,0.43
PF09454,PF05743,19,21,19,0,2,2337,0.9,1.0,1.0,0.95,21,19,0,2,2337,0.9,1.0,1.0,0.95
PF08453,PF01752,4,4,4,0,0,2354,1.0,1.0,1.0,1.0,4,4,0,0,2354,1.0,1.0,1.0,1.0
PF07575,PF14778,22,5,2,20,3,2333,0.4,0.99,0.09,0.19,5,2,20,3,2333,0.4,0.99,0.09,0.19
PF02765,PF16686,17,7,7,10,0,2341,1.0,1.0,0.41,0.64,7,7,10,0,2341,1.0,1.0,0.41,0.64
PF00928,PF09786,73,19,7,66,12,2273,0.37,0.97,0.1,0.18,19,7,66,12,2273,0.37,0.97,0.1,0.18
PF09618,PF14982,2,0,0,2,0,2356,0,1.0,0.0,0,0,0,2,0,2356,0,1.0,0.0,0
PF00354,PF10393,34,6,5,29,1,2323,0.83,0.99,0.15,0.35,6,5,29,1,2323,0.83,0.99,0.15,0.35
PF06876,PF15325,1,1,0,1,1,2356,0.0,1.0,0.0,-0.0,1,0,1,1,2356,0.0,1.0,0.0,-0.0
PF00939,PF03105,39,56,23,16,33,2286,0.41,0.98,0.59,0.48,56,23,16,33,2286,0.41,0.98,0.59,0.48
PF05056,PF04758,16,22,4,12,18,2324,0.18,0.99,0.25,0.21,22,4,12,18,2324,0.18,0.99,0.25,0.21
PF15736,PF04865,4,0,0,4,0,2354,0,1.0,0.0,0,0,0,4,0,2354,0,1.0,0.0,0
PF05637,PF01786,35,20,6,29,14,2309,0.3,0.98,0.17,0.22,20,6,29,14,2309,0.3,0.98,0.17,0.22
PF01442,PF15239,11,1,1,10,0,2347,1.0,1.0,0.09,0.3,1,1,10,0,2347,1.0,1.0,0.09,0.3
PF02075,PF02773,9,14,9,0,5,2344,0.64,1.0,1.0,0.8,14,9,0,5,2344,0.64,1.0,1.0,0.8
PF01969,PF07411,0,0,0,0,0,2358,0,1.0,0,0,0,0,0,0,2358,0,1.0,0,0
PF00725,PF02737,44,46,44,0,2,2312,0.96,1.0,1.0,0.98,46,44,0,2,2312,0.96,1.0,1.0,0.98
PF12602,PF11751,0,0,0,0,0,2358,0,1.0,0,0,0,0,0,0,2358,0,1.0,0,0
PF09994,PF01018,30,17,8,22,9,2319,0.47,0.99,0.27,0.35,17,8,22,9,2319,0.47,0.99,0.27,0.35
PF16686,PF02765,7,17,7,0,10,2341,0.41,1.0,1.0,0.64,17,7,0,10,2341,0.41,1.0,1.0,0.64
PF02082,PF12242,2,2,1,1,1,2355,0.5,1.0,0.5,0.5,2,1,1,1,2355,0.5,1.0,0.5,0.5
PF08502,PF02436,15,9,4,11,5,2338,0.44,0.99,0.27,0.34,9,4,11,5,2338,0.44,0.99,0.27,0.34
PF08975,PF12158,1,0,0,1,0,2357,0,1.0,0.0,0,0,0,1,0,2357,0,1.0,0.0,0
PF00565,PF00567,33,61,17,16,44,2281,0.28,0.97,0.52,0.37,61,17,16,44,2281,0.28,0.97,0.52,0.37
PF07114,PF10244,9,9,1,8,8,2341,0.11,0.99,0.11,0.11,9,1,8,8,2341,0.11,0.99,0.11,0.11
PF03600,PF00939,15,39,6,9,33,2310,0.15,0.98,0.4,0.24,39,6,9,33,2310,0.15,0.98,0.4,0.24
PF05436,PF04648,4,4,4,0,0,2354,1.0,1.0,1.0,1.0,4,4,0,0,2354,1.0,1.0,1.0,1.0
PF15674,PF02924,5,1,0,5,1,2352,0.0,1.0,0.0,-0.0,1,0,5,1,2352,0.0,1.0,0.0,-0.0
PF11580,PF12101,0,0,0,0,0,2358,0,1.0,0,0,0,0,0,0,2358,0,1.0,0,0
PF12140,PF17208,15,5,3,12,2,2341,0.6,0.99,0.2,0.34,5,3,12,2,2341,0.6,0.99,0.2,0.34
PF02496,PF06351,2,3,1,1,2,2354,0.33,1.0,0.5,0.41,3,1,1,2,2354,0.33,1.0,0.5,0.41
PF04130,PF02705,75,29,20,55,9,2274,0.69,0.97,0.27,0.42,29,20,55,9,2274,0.69,0.97,0.27,0.42
PF17023,PF01555,0,9,0,0,9,2349,0.0,1.0,0,0,9,0,0,9,2349,0.0,1.0,0,0
PF09728,PF10595,23,8,5,18,3,2332,0.62,0.99,0.22,0.37,8,5,18,3,2332,0.62,0.99,0.22,0.37
PF15442,PF08014,4,4,1,3,3,2351,0.25,1.0,0.25,0.25,4,1,3,3,2351,0.25,1.0,0.25,0.25
PF05902,PF04382,10,10,10,0,0,2348,1.0,1.0,1.0,1.0,10,10,0,0,2348,1.0,1.0,1.0,1.0
PF00275,PF01761,28,24,18,10,6,2324,0.75,0.99,0.64,0.69,24,18,10,6,2324,0.75,0.99,0.64,0.69
PF08652,PF01066,12,70,6,6,64,2282,0.09,0.97,0.5,0.2,70,6,6,64,2282,0.09,0.97,0.5,0.2
PF05026,PF15916,16,4,2,14,2,2340,0.5,0.99,0.12,0.25,4,2,14,2,2340,0.5,0.99,0.12,0.25
PF02309,PF06507,37,23,10,27,13,2308,0.43,0.98,0.27,0.33,23,10,27,13,2308,0.43,0.98,0.27,0.33
PF15812,PF00714,3,3,0,3,3,2352,0.0,1.0,0.0,-0.0,3,0,3,3,2352,0.0,1.0,0.0,-0.0
PF06989,PF11460,1,0,0,1,0,2357,0,1.0,0.0,0,0,0,1,0,2357,0,1.0,0.0,0
PF17148,PF15082,0,3,0,0,3,2355,0.0,1.0,0,0,3,0,0,3,2355,0.0,1.0,0,0
PF06697,PF00321,2,1,0,2,1,2355,0.0,1.0,0.0,-0.0,1,0,2,1,2355,0.0,1.0,0.0,-0.0
PF09791,PF01613,13,25,3,10,22,2323,0.12,0.99,0.23,0.16,25,3,10,22,2323,0.12,0.99,0.23,0.16
PF13722,PF07157,2,0,0,2,0,2356,0,1.0,0.0,0,0,0,2,0,2356,0,1.0,0.0,0
PF02608,PF01547,10,36,7,3,29,2319,0.19,0.99,0.7,0.36,36,7,3,29,2319,0.19,0.99,0.7,0.36
PF02556,PF13972,10,1,0,10,1,2347,0.0,1.0,0.0,-0.0,1,0,10,1,2347,0.0,1.0,0.0,-0.0
PF01061,PF06472,103,27,16,87,11,2244,0.59,0.96,0.16,0.29,27,16,87,11,2244,0.59,0.96,0.16,0.29
PF07147,PF02872,16,27,6,10,21,2321,0.22,0.99,0.38,0.28,27,6,10,21,2321,0.22,0.99,0.38,0.28
PF08043,PF10530,4,0,0,4,0,2354,0,1.0,0.0,0,0,0,4,0,2354,0,1.0,0.0,0
PF04979,PF09696,39,19,9,30,10,2309,0.47,0.98,0.23,0.32,19,9,30,10,2309,0.47,0.98,0.23,0.32
PF09765,PF11793,8,11,8,0,3,2347,0.73,1.0,1.0,0.85,11,8,0,3,2347,0.73,1.0,1.0,0.85
PF03924,PF00486,13,19,4,9,15,2330,0.21,0.99,0.31,0.25,19,4,9,15,2330,0.21,0.99,0.31,0.25
PF08094,PF10456,3,25,0,3,25,2330,0.0,0.99,0.0,-0.0,25,0,3,25,2330,0.0,0.99,0.0,-0.0
PF03691,PF12843,0,0,0,0,0,2358,0,1.0,0,0,0,0,0,0,2358,0,1.0,0,0
PF14683,PF06045,35,5,5,30,0,2323,1.0,0.99,0.14,0.38,5,5,30,0,2323,1.0,0.99,0.14,0.38
PF12070,PF01147,3,0,0,3,0,2355,0,1.0,0.0,0,0,0,3,0,2355,0,1.0,0.0,0
PF02816,PF16519,19,17,13,6,4,2335,0.76,1.0,0.68,0.72,17,13,6,4,2335,0.76,1.0,0.68,0.72
PF15389,PF12540,2,2,0,2,2,2354,0.0,1.0,0.0,-0.0,2,0,2,2,2354,0.0,1.0,0.0,-0.0
PF01693,PF00075,42,93,25,17,68,2248,0.27,0.96,0.6,0.38,93,25,17,68,2248,0.27,0.96,0.6,0.38
PF13742,PF11751,2,0,0,2,0,2356,0,1.0,0.0,0,0,0,2,0,2356,0,1.0,0.0,0
PF06777,PF06733,26,51,26,0,25,2307,0.51,0.99,1.0,0.71,51,26,0,25,2307,0.51,0.99,1.0,0.71
PF14310,PF01915,52,55,49,3,6,2300,0.89,1.0,0.94,0.91,55,49,3,6,2300,0.89,1.0,0.94,0.91
PF05986,PF01421,28,63,21,7,42,2288,0.33,0.98,0.75,0.49,63,21,7,42,2288,0.33,0.98,0.75,0.49
PF01023,PF16166,15,2,1,14,1,2342,0.5,0.99,0.07,0.18,2,1,14,1,2342,0.5,0.99,0.07,0.18
PF14914,PF15304,4,3,0,4,3,2351,0.0,1.0,0.0,-0.0,3,0,4,3,2351,0.0,1.0,0.0,-0.0
PF10531,PF01512,27,17,13,14,4,2327,0.76,0.99,0.48,0.6,17,13,14,4,2327,0.76,0.99,0.48,0.6
PF13395,PF13635,0,0,0,0,0,2358,0,1.0,0,0,0,0,0,0,2358,0,1.0,0,0
PF12721,PF09034,10,4,2,8,2,2346,0.5,1.0,0.2,0.31,4,2,8,2,2346,0.5,1.0,0.2,0.31
PF10444,PF10512,9,1,0,9,1,2348,0.0,1.0,0.0,-0.0,1,0,9,1,2348,0.0,1.0,0.0,-0.0
PF14792,PF10391,31,24,24,7,0,2327,1.0,1.0,0.77,0.88,24,24,7,0,2327,1.0,1.0,0.77,0.88
PF04664,PF04090,2,3,0,2,3,2353,0.0,1.0,0.0,-0.0,3,0,2,3,2353,0.0,1.0,0.0,-0.0
PF15868,PF15955,10,3,0,10,3,2345,0.0,0.99,0.0,-0.0,3,0,10,3,2345,0.0,0.99,0.0,-0.0
PF08626,PF12739,25,16,3,22,13,2320,0.19,0.99,0.12,0.14,16,3,22,13,2320,0.19,0.99,0.12,0.14
PF08164,PF16174,21,1,0,21,1,2336,0.0,0.99,0.0,-0.0,1,0,21,1,2336,0.0,0.99,0.0,-0.0
PF11548,PF14948,10,5,5,5,0,2348,1.0,1.0,0.5,0.71,5,5,5,0,2348,1.0,1.0,0.5,0.71
PF08526,PF03068,6,10,6,0,4,2348,0.6,1.0,1.0,0.77,10,6,0,4,2348,0.6,1.0,1.0,0.77
PF09051,PF09049,0,0,0,0,0,2358,0,1.0,0,0,0,0,0,0,2358,0,1.0,0,0
PF03742,PF08404,3,1,0,3,1,2354,0.0,1.0,0.0,-0.0,1,0,3,1,2354,0.0,1.0,0.0,-0.0
PF12848,PF03649,41,5,3,38,2,2315,0.6,0.98,0.07,0.21,5,3,38,2,2315,0.6,0.98,0.07,0.21
PF00287,PF06951,20,18,5,15,13,2325,0.28,0.99,0.25,0.26,18,5,15,13,2325,0.28,0.99,0.25,0.26
PF16698,PF00200,5,49,5,0,44,2309,0.1,0.98,1.0,0.32,49,5,0,44,2309,0.1,0.98,1.0,0.32
PF01459,PF01894,27,29,4,23,25,2306,0.14,0.98,0.15,0.13,29,4,23,25,2306,0.14,0.98,0.15,0.13
PF04342,PF13742,0,2,0,0,2,2356,0.0,1.0,0,0,2,0,0,2,2356,0.0,1.0,0,0
PF04865,PF08479,0,1,0,0,1,2357,0.0,1.0,0,0,1,0,0,1,2357,0.0,1.0,0,0
PF10588,PF00384,29,36,25,4,11,2318,0.69,0.99,0.86,0.77,36,25,4,11,2318,0.69,0.99,0.86,0.77
PF08644,PF14826,12,17,12,0,5,2341,0.71,1.0,1.0,0.84,17,12,0,5,2341,0.71,1.0,1.0,0.84
PF14784,PF06239,4,7,0,4,7,2347,0.0,1.0,0.0,-0.0,7,0,4,7,2347,0.0,1.0,0.0,-0.0
PF04000,PF08528,25,11,2,23,9,2324,0.18,0.99,0.08,0.11,11,2,23,9,2324,0.18,0.99,0.08,0.11
PF04994,PF05229,0,0,0,0,0,2358,0,1.0,0,0,0,0,0,0,2358,0,1.0,0,0
PF11921,PF10428,1,6,1,0,5,2352,0.17,1.0,1.0,0.41,6,1,0,5,2352,0.17,1.0,1.0,0.41
PF00832,PF06388,22,2,0,22,2,2334,0.0,0.99,0.0,-0.0,2,0,22,2,2334,0.0,0.99,0.0,-0.0
PF05234,PF03974,2,1,0,2,1,2355,0.0,1.0,0.0,-0.0,1,0,2,1,2355,0.0,1.0,0.0,-0.0
PF06316,PF00849,1,68,0,1,68,2289,0.0,0.97,0.0,-0.0,68,0,1,68,2289,0.0,0.97,0.0,-0.0
PF11955,PF02431,14,4,2,12,2,2342,0.5,0.99,0.14,0.27,4,2,12,2,2342,0.5,0.99,0.14,0.27
PF02563,PF10481,9,7,0,9,7,2342,0.0,0.99,0.0,-0.0,7,0,9,7,2342,0.0,0.99,0.0,-0.0
PF02045,PF02234,19,18,2,17,16,2323,0.11,0.99,0.11,0.1,18,2,17,16,2323,0.11,0.99,0.11,0.1
PF05225,PF04218,44,24,9,35,15,2299,0.38,0.98,0.2,0.27,24,9,35,15,2299,0.38,0.98,0.2,0.27
PF15306,PF07889,7,16,4,3,12,2339,0.25,0.99,0.57,0.38,16,4,3,12,2339,0.25,0.99,0.57,0.38
PF03524,PF10618,18,0,0,18,0,2340,0,0.99,0.0,0,0,0,18,0,2340,0,0.99,0.0,0
PF15232,PF09047,0,1,0,0,1,2357,0.0,1.0,0,0,1,0,0,1,2357,0.0,1.0,0,0
PF15123,PF07458,0,0,0,0,0,2358,0,1.0,0,0,0,0,0,0,2358,0,1.0,0,0
PF12064,PF10513,7,46,3,4,43,2308,0.07,0.98,0.43,0.16,46,3,4,43,2308,0.07,0.98,0.43,0.16
PF15822,PF05299,1,0,0,1,0,2357,0,1.0,0.0,0,0,0,1,0,2357,0,1.0,0.0,0
PF09370,PF02091,3,8,0,3,8,2347,0.0,1.0,0.0,-0.0,8,0,3,8,2347,0.0,1.0,0.0,-0.0
PF10865,PF02591,0,0,0,0,0,2358,0,1.0,0,0,0,0,0,0,2358,0,1.0,0,0
PF13475,PF03516,13,1,0,13,1,2344,0.0,0.99,0.0,-0.0,1,0,13,1,2344,0.0,0.99,0.0,-0.0
PF03474,PF08828,6,3,2,4,1,2351,0.67,1.0,0.33,0.47,3,2,4,1,2351,0.67,1.0,0.33,0.47
PF07044,PF15633,0,0,0,0,0,2358,0,1.0,0,0,0,0,0,0,2358,0,1.0,0,0
PF01704,PF01652,43,60,19,24,41,2274,0.32,0.97,0.44,0.36,60,19,24,41,2274,0.32,0.97,0.44,0.36
PF01368,PF02833,35,21,15,20,6,2317,0.71,0.99,0.43,0.55,21,15,20,6,2317,0.71,0.99,0.43,0.55
PF01101,PF04222,30,0,0,30,0,2328,0,0.99,0.0,0,0,0,30,0,2328,0,0.99,0.0,0
PF08940,PF03428,0,0,0,0,0,2358,0,1.0,0,0,0,0,0,0,2358,0,1.0,0,0
PF01642,PF02310,6,12,6,0,6,2346,0.5,1.0,1.0,0.71,12,6,0,6,2346,0.5,1.0,1.0,0.71
PF04995,PF03260,3,2,0,3,2,2353,0.0,1.0,0.0,-0.0,2,0,3,2,2353,0.0,1.0,0.0,-0.0
PF09362,PF11790,19,18,5,14,13,2326,0.28,0.99,0.26,0.26,18,5,14,13,2326,0.28,0.99,0.26,0.26
PF07842,PF12457,33,16,16,17,0,2325,1.0,0.99,0.48,0.69,16,16,17,0,2325,1.0,0.99,0.48,0.69
PF04366,PF11464,18,25,3,15,22,2318,0.12,0.98,0.17,0.13,25,3,15,22,2318,0.12,0.98,0.17,0.13
PF02152,PF01288,16,19,11,5,8,2334,0.58,0.99,0.69,0.63,19,11,5,8,2334,0.58,0.99,0.69,0.63
PF06035,PF14715,0,0,0,0,0,2358,0,1.0,0,0,0,0,0,0,2358,0,1.0,0,0
PF14610,PF11282,7,2,0,7,2,2349,0.0,1.0,0.0,-0.0,2,0,7,2,2349,0.0,1.0,0.0,-0.0
PF05276,PF09808,11,14,2,9,12,2335,0.14,0.99,0.18,0.16,14,2,9,12,2335,0.14,0.99,0.18,0.16
PF06485,PF17078,5,3,0,5,3,2350,0.0,1.0,0.0,-0.0,3,0,5,3,2350,0.0,1.0,0.0,-0.0
PF00044,PF02672,43,5,3,40,2,2313,0.6,0.98,0.07,0.2,5,3,40,2,2313,0.6,0.98,0.07,0.2
PF04612,PF11612,5,7,4,1,3,2350,0.57,1.0,0.8,0.68,7,4,1,3,2350,0.57,1.0,0.8,0.68
PF04569,PF10295,0,8,0,0,8,2350,0.0,1.0,0,0,8,0,0,8,2350,0.0,1.0,0,0
PF00618,PF00617,77,92,71,6,21,2260,0.77,0.99,0.92,0.84,92,71,6,21,2260,0.77,0.99,0.92,0.84
PF09070,PF05903,13,41,6,7,35,2310,0.15,0.98,0.46,0.25,41,6,7,35,2310,0.15,0.98,0.46,0.25
PF01858,PF11934,6,8,5,1,3,2349,0.62,1.0,0.83,0.72,8,5,1,3,2349,0.62,1.0,0.83,0.72
PF15044,PF13236,10,20,10,0,10,2338,0.5,1.0,1.0,0.71,20,10,0,10,2338,0.5,1.0,1.0,0.71
PF00123,PF16680,12,8,1,11,7,2339,0.12,0.99,0.08,0.1,8,1,11,7,2339,0.12,0.99,0.08,0.1
PF05049,PF14946,17,2,1,16,1,2340,0.5,0.99,0.06,0.17,2,1,16,1,2340,0.5,0.99,0.06,0.17
PF07486,PF07805,6,1,0,6,1,2351,0.0,1.0,0.0,-0.0,1,0,6,1,2351,0.0,1.0,0.0,-0.0
PF00012,PF10712,126,8,8,118,0,2232,1.0,0.95,0.06,0.25,8,8,118,0,2232,1.0,0.95,0.06,0.25
PF08211,PF01872,6,25,2,4,23,2329,0.08,0.99,0.33,0.16,25,2,4,23,2329,0.08,0.99,0.33,0.16
PF00806,PF07990,38,4,3,35,1,2319,0.75,0.98,0.08,0.24,4,3,35,1,2319,0.75,0.98,0.08,0.24
PF13176,PF13181,81,223,63,18,160,2117,0.28,0.92,0.78,0.44,223,63,18,160,2117,0.28,0.92,0.78,0.44
PF00070,PF07681,7,3,2,5,1,2350,0.67,1.0,0.29,0.44,3,2,5,1,2350,0.67,1.0,0.29,0.44
PF09003,PF13356,4,7,3,1,4,2350,0.43,1.0,0.75,0.57,7,3,1,4,2350,0.43,1.0,0.75,0.57
PF05732,PF03742,2,3,0,2,3,2353,0.0,1.0,0.0,-0.0,3,0,2,3,2353,0.0,1.0,0.0,-0.0
PF01048,PF17107,51,42,24,27,18,2289,0.57,0.98,0.47,0.51,42,24,27,18,2289,0.57,0.98,0.47,0.51
PF02464,PF02371,12,6,1,11,5,2341,0.17,0.99,0.08,0.11,6,1,11,5,2341,0.17,0.99,0.08,0.11
PF04446,PF14413,18,17,17,1,0,2340,1.0,1.0,0.94,0.97,17,17,1,0,2340,1.0,1.0,0.94,0.97
PF07655,PF10079,5,0,0,5,0,2353,0,1.0,0.0,0,0,0,5,0,2353,0,1.0,0.0,0
PF11339,PF14344,0,2,0,0,2,2356,0.0,1.0,0,0,2,0,0,2,2356,0.0,1.0,0,0
PF05551,PF15673,0,2,0,0,2,2356,0.0,1.0,0,0,2,0,0,2,2356,0.0,1.0,0,0
PF13474,PF02577,4,2,1,3,1,2353,0.5,1.0,0.25,0.35,2,1,3,1,2353,0.5,1.0,0.25,0.35
PF02685,PF05996,10,5,1,9,4,2344,0.2,0.99,0.1,0.14,5,1,9,4,2344,0.2,0.99,0.1,0.14
PF04113,PF04006,21,18,3,18,15,2322,0.17,0.99,0.14,0.15,18,3,18,15,2322,0.17,0.99,0.14,0.15
PF15839,PF07259,2,2,0,2,2,2354,0.0,1.0,0.0,-0.0,2,0,2,2,2354,0.0,1.0,0.0,-0.0
PF10452,PF03553,6,4,0,6,4,2348,0.0,1.0,0.0,-0.0,4,0,6,4,2348,0.0,1.0,0.0,-0.0
PF08612,PF03386,17,0,0,17,0,2341,0,0.99,0.0,0,0,0,17,0,2341,0,0.99,0.0,0
PF13341,PF03089,3,5,3,0,2,2353,0.6,1.0,1.0,0.77,5,3,0,2,2353,0.6,1.0,1.0,0.77
PF14124,PF04848,0,5,0,0,5,2353,0.0,1.0,0,0,5,0,0,5,2353,0.0,1.0,0,0
PF16706,PF11244,3,0,0,3,0,2355,0,1.0,0.0,0,0,0,3,0,2355,0,1.0,0.0,0
PF01847,PF06127,17,6,2,15,4,2337,0.33,0.99,0.12,0.19,6,2,15,4,2337,0.33,0.99,0.12,0.19
PF09753,PF09341,21,14,5,16,9,2328,0.36,0.99,0.24,0.29,14,5,16,9,2328,0.36,0.99,0.24,0.29
PF06708,PF05014,4,8,3,1,5,2349,0.38,1.0,0.75,0.53,8,3,1,5,2349,0.38,1.0,0.75,0.53
PF17030,PF11794,0,0,0,0,0,2358,0,1.0,0,0,0,0,0,0,2358,0,1.0,0,0
PF11109,PF05857,1,0,0,1,0,2357,0,1.0,0.0,0,0,0,1,0,2357,0,1.0,0.0,0
PF16452,PF06805,3,0,0,3,0,2355,0,1.0,0.0,0,0,0,3,0,2355,0,1.0,0.0,0
PF16042,PF03383,1,0,0,1,0,2357,0,1.0,0.0,0,0,0,1,0,2357,0,1.0,0.0,0
PF04601,PF11891,5,8,3,2,5,2348,0.38,1.0,0.6,0.47,8,3,2,5,2348,0.38,1.0,0.6,0.47
PF07282,PF12600,2,0,0,2,0,2356,0,1.0,0.0,0,0,0,2,0,2356,0,1.0,0.0,0
PF10218,PF01632,0,10,0,0,10,2348,0.0,1.0,0,0,10,0,0,10,2348,0.0,1.0,0,0
PF11430,PF10994,0,0,0,0,0,2358,0,1.0,0,0,0,0,0,0,2358,0,1.0,0,0
PF13194,PF04370,0,0,0,0,0,2358,0,1.0,0,0,0,0,0,0,2358,0,1.0,0,0
PF11849,PF05736,0,0,0,0,0,2358,0,1.0,0,0,0,0,0,0,2358,0,1.0,0,0
PF09339,PF01022,22,6,1,21,5,2331,0.17,0.99,0.05,0.08,6,1,21,5,2331,0.17,0.99,0.05,0.08
PF05456,PF15325,4,1,1,3,0,2354,1.0,1.0,0.25,0.5,1,1,3,0,2354,1.0,1.0,0.25,0.5
PF07148,PF09996,2,0,0,2,0,2356,0,1.0,0.0,0,0,0,2,0,2356,0,1.0,0.0,0
PF02450,PF09767,33,10,5,28,5,2320,0.5,0.99,0.15,0.27,10,5,28,5,2320,0.5,0.99,0.15,0.27
PF07265,PF12044,0,9,0,0,9,2349,0.0,1.0,0,0,9,0,0,9,2349,0.0,1.0,0,0
PF10156,PF04087,7,0,0,7,0,2351,0,1.0,0.0,0,0,0,7,0,2351,0,1.0,0.0,0
PF00703,PF02836,44,37,29,15,8,2306,0.78,0.99,0.66,0.71,37,29,15,8,2306,0.78,0.99,0.66,0.71
PF14849,PF10139,7,0,0,7,0,2351,0,1.0,0.0,0,0,0,7,0,2351,0,1.0,0.0,0
PF10512,PF10444,1,9,0,1,9,2348,0.0,1.0,0.0,-0.0,9,0,1,9,2348,0.0,1.0,0.0,-0.0
PF00680,PF00910,18,23,18,0,5,2335,0.78,1.0,1.0,0.88,23,18,0,5,2335,0.78,1.0,1.0,0.88
PF08536,PF07011,6,3,0,6,3,2349,0.0,1.0,0.0,-0.0,3,0,6,3,2349,0.0,1.0,0.0,-0.0
PF08274,PF08345,0,4,0,0,4,2354,0.0,1.0,0,0,4,0,0,4,2354,0.0,1.0,0,0
PF09257,PF15443,1,4,0,1,4,2353,0.0,1.0,0.0,-0.0,4,0,1,4,2353,0.0,1.0,0.0,-0.0
PF03301,PF08127,11,6,2,9,4,2343,0.33,0.99,0.18,0.24,6,2,9,4,2343,0.33,0.99,0.18,0.24
PF00550,PF08659,107,67,59,48,8,2243,0.88,0.98,0.55,0.69,67,59,48,8,2243,0.88,0.98,0.55,0.69
PF07967,PF08600,22,9,9,13,0,2336,1.0,0.99,0.41,0.64,9,9,13,0,2336,1.0,0.99,0.41,0.64
PF01632,PF10218,10,0,0,10,0,2348,0,1.0,0.0,0,0,0,10,0,2348,0,1.0,0.0,0
PF13530,PF08479,3,1,0,3,1,2354,0.0,1.0,0.0,-0.0,1,0,3,1,2354,0.0,1.0,0.0,-0.0
PF10204,PF03036,11,13,1,10,12,2335,0.08,0.99,0.09,0.08,13,1,10,12,2335,0.08,0.99,0.09,0.08
PF01279,PF02044,5,1,0,5,1,2352,0.0,1.0,0.0,-0.0,1,0,5,1,2352,0.0,1.0,0.0,-0.0
PF12258,PF16892,1,2,0,1,2,2355,0.0,1.0,0.0,-0.0,2,0,1,2,2355,0.0,1.0,0.0,-0.0
PF10384,PF09596,10,4,0,10,4,2344,0.0,0.99,0.0,-0.0,4,0,10,4,2344,0.0,0.99,0.0,-0.0
PF03539,PF10917,3,3,0,3,3,2352,0.0,1.0,0.0,-0.0,3,0,3,3,2352,0.0,1.0,0.0,-0.0
PF13091,PF00614,48,29,18,30,11,2299,0.62,0.98,0.38,0.47,29,18,30,11,2299,0.62,0.98,0.38,0.47
PF07458,PF15120,0,2,0,0,2,2356,0.0,1.0,0,0,2,0,0,2,2356,0.0,1.0,0,0
PF08621,PF12830,12,18,3,9,15,2331,0.17,0.99,0.25,0.2,18,3,9,15,2331,0.17,0.99,0.25,0.2
PF01336,PF00152,92,114,74,18,40,2226,0.65,0.98,0.8,0.71,114,74,18,40,2226,0.65,0.98,0.8,0.71
PF00798,PF15608,3,0,0,3,0,2355,0,1.0,0.0,0,0,0,3,0,2355,0,1.0,0.0,0
PF00733,PF13537,39,28,22,17,6,2313,0.79,0.99,0.56,0.66,28,22,17,6,2313,0.79,0.99,0.56,0.66
PF01702,PF10231,32,14,5,27,9,2317,0.36,0.98,0.16,0.23,14,5,27,9,2317,0.36,0.98,0.16,0.23
PF05497,PF14935,9,3,0,9,3,2346,0.0,0.99,0.0,-0.0,3,0,9,3,2346,0.0,0.99,0.0,-0.0
PF11460,PF06989,0,1,0,0,1,2357,0.0,1.0,0,0,1,0,0,1,2357,0.0,1.0,0,0
PF02571,PF00999,3,115,1,2,114,2241,0.01,0.95,0.33,0.05,115,1,2,114,2241,0.01,0.95,0.33,0.05
PF14306,PF01747,17,17,17,0,0,2341,1.0,1.0,1.0,1.0,17,17,0,0,2341,1.0,1.0,1.0,1.0
PF00367,PF10410,14,6,1,13,5,2339,0.17,0.99,0.07,0.11,6,1,13,5,2339,0.17,0.99,0.07,0.11
PF09834,PF13362,0,0,0,0,0,2358,0,1.0,0,0,0,0,0,0,2358,0,1.0,0,0
PF01205,PF06544,43,27,10,33,17,2298,0.37,0.98,0.23,0.28,27,10,33,17,2298,0.37,0.98,0.23,0.28
PF17096,PF15392,2,0,0,2,0,2356,0,1.0,0.0,0,0,0,2,0,2356,0,1.0,0.0,0
PF02197,PF13178,37,9,3,34,6,2315,0.33,0.98,0.08,0.16,9,3,34,6,2315,0.33,0.98,0.08,0.16
PF08126,PF15518,3,3,0,3,3,2352,0.0,1.0,0.0,-0.0,3,0,3,3,2352,0.0,1.0,0.0,-0.0
PF14619,PF07529,13,28,11,2,17,2328,0.39,0.99,0.85,0.57,28,11,2,17,2328,0.39,0.99,0.85,0.57
PF05524,PF02896,11,25,10,1,15,2332,0.4,0.99,0.91,0.6,25,10,1,15,2332,0.4,0.99,0.91,0.6
PF03611,PF02302,6,5,4,2,1,2351,0.8,1.0,0.67,0.73,5,4,2,1,2351,0.8,1.0,0.67,0.73
PF04476,PF10412,0,0,0,0,0,2358,0,1.0,0,0,0,0,0,0,2358,0,1.0,0,0
PF00512,PF08446,79,26,24,55,2,2277,0.92,0.98,0.3,0.52,26,24,55,2,2277,0.92,0.98,0.3,0.52
PF00206,PF10397,72,23,23,49,0,2286,1.0,0.98,0.32,0.56,23,23,49,0,2286,1.0,0.98,0.32,0.56
PF15396,PF07797,4,11,1,3,10,2344,0.09,0.99,0.25,0.15,11,1,3,10,2344,0.09,0.99,0.25,0.15
PF09495,PF06842,3,19,0,3,19,2336,0.0,0.99,0.0,-0.0,19,0,3,19,2336,0.0,0.99,0.0,-0.0
PF05493,PF00543,28,5,1,27,4,2326,0.2,0.99,0.04,0.08,5,1,27,4,2326,0.2,0.99,0.04,0.08
PF10550,PF15186,2,1,0,2,1,2355,0.0,1.0,0.0,-0.0,1,0,2,1,2355,0.0,1.0,0.0,-0.0
PF09272,PF02983,8,4,2,6,2,2348,0.5,1.0,0.25,0.35,4,2,6,2,2348,0.5,1.0,0.25,0.35
PF15213,PF05830,0,3,0,0,3,2355,0.0,1.0,0,0,3,0,0,3,2355,0.0,1.0,0,0
PF06862,PF03085,19,0,0,19,0,2339,0,0.99,0.0,0,0,0,19,0,2339,0,0.99,0.0,0
PF06185,PF10938,0,0,0,0,0,2358,0,1.0,0,0,0,0,0,0,2358,0,1.0,0,0
PF11842,PF06962,2,2,2,0,0,2356,1.0,1.0,1.0,1.0,2,2,0,0,2356,1.0,1.0,1.0,1.0
PF00593,PF00950,6,8,2,4,6,2346,0.25,1.0,0.33,0.29,8,2,4,6,2346,0.25,1.0,0.33,0.29
PF09030,PF08214,20,40,17,3,23,2315,0.42,0.99,0.85,0.6,40,17,3,23,2315,0.42,0.99,0.85,0.6
PF10567,PF01580,1,7,0,1,7,2350,0.0,1.0,0.0,-0.0,7,0,1,7,2350,0.0,1.0,0.0,-0.0
PF00726,PF06679,3,1,0,3,1,2354,0.0,1.0,0.0,-0.0,1,0,3,1,2354,0.0,1.0,0.0,-0.0
PF01221,PF10157,42,17,11,31,6,2310,0.65,0.98,0.26,0.41,17,11,31,6,2310,0.65,0.98,0.26,0.41
PF15672,PF00419,0,7,0,0,7,2351,0.0,1.0,0,0,7,0,0,7,2351,0.0,1.0,0,0
PF03516,PF12881,1,2,0,1,2,2355,0.0,1.0,0.0,-0.0,2,0,1,2,2355,0.0,1.0,0.0,-0.0
PF15266,PF06428,7,14,2,5,12,2339,0.14,0.99,0.29,0.2,14,2,5,12,2339,0.14,0.99,0.29,0.2
PF10579,PF13441,14,2,2,12,0,2344,1.0,0.99,0.14,0.38,2,2,12,0,2344,1.0,0.99,0.14,0.38
PF10505,PF09733,16,12,0,16,12,2330,0.0,0.99,0.0,-0.01,12,0,16,12,2330,0.0,0.99,0.0,-0.01
PF00310,PF04898,20,14,14,6,0,2338,1.0,1.0,0.7,0.84,14,14,6,0,2338,1.0,1.0,0.7,0.84
PF03030,PF01559,19,1,0,19,1,2338,0.0,0.99,0.0,-0.0,1,0,19,1,2338,0.0,0.99,0.0,-0.0
PF08766,PF02229,55,24,10,45,14,2289,0.42,0.97,0.18,0.26,24,10,45,14,2289,0.42,0.97,0.18,0.26
PF04073,PF08907,24,4,4,20,0,2334,1.0,0.99,0.17,0.41,4,4,20,0,2334,1.0,0.99,0.17,0.41
PF15790,PF07529,1,28,1,0,27,2330,0.04,0.99,1.0,0.19,28,1,0,27,2330,0.04,0.99,1.0,0.19
PF15247,PF06413,11,13,3,8,10,2337,0.23,0.99,0.27,0.25,13,3,8,10,2337,0.23,0.99,0.27,0.25
PF03710,PF00419,4,7,0,4,7,2347,0.0,1.0,0.0,-0.0,7,0,4,7,2347,0.0,1.0,0.0,-0.0
PF00389,PF01842,91,43,20,71,23,2244,0.47,0.96,0.22,0.3,43,20,71,23,2244,0.47,0.96,0.22,0.3
PF13823,PF16912,4,1,1,3,0,2354,1.0,1.0,0.25,0.5,1,1,3,0,2354,1.0,1.0,0.25,0.5
PF09611,PF15529,0,0,0,0,0,2358,0,1.0,0,0,0,0,0,0,2358,0,1.0,0,0
PF00929,PF15870,92,16,11,81,5,2261,0.69,0.96,0.12,0.28,16,11,81,5,2261,0.69,0.96,0.12,0.28
PF05684,PF08414,3,18,2,1,16,2339,0.11,0.99,0.67,0.27,18,2,1,16,2339,0.11,0.99,0.67,0.27
PF10399,PF14163,4,3,3,1,0,2354,1.0,1.0,0.75,0.87,3,3,1,0,2354,1.0,1.0,0.75,0.87
PF03796,PF02132,22,3,2,20,1,2335,0.67,0.99,0.09,0.24,3,2,20,1,2335,0.67,0.99,0.09,0.24
PF13700,PF02217,3,4,1,2,3,2352,0.25,1.0,0.33,0.29,4,1,2,3,2352,0.25,1.0,0.33,0.29
PF08633,PF14534,11,1,0,11,1,2346,0.0,0.99,0.0,-0.0,1,0,11,1,2346,0.0,0.99,0.0,-0.0
PF02931,PF02932,138,123,117,21,6,2214,0.95,0.99,0.85,0.89,123,117,21,6,2214,0.95,0.99,0.85,0.89
PF01369,PF12783,75,47,37,38,10,2273,0.79,0.98,0.49,0.61,47,37,38,10,2273,0.79,0.98,0.49,0.61
PF13391,PF01868,21,22,2,19,20,2317,0.09,0.98,0.1,0.08,22,2,19,20,2317,0.09,0.98,0.1,0.08
PF06955,PF15886,15,11,3,12,8,2335,0.27,0.99,0.2,0.23,11,3,12,8,2335,0.27,0.99,0.2,0.23
PF07723,PF08268,20,22,6,14,16,2322,0.27,0.99,0.3,0.28,22,6,14,16,2322,0.27,0.99,0.3,0.28
PF02416,PF09419,16,19,5,11,14,2328,0.26,0.99,0.31,0.28,19,5,11,14,2328,0.26,0.99,0.31,0.28
PF11638,PF14841,4,1,1,3,0,2354,1.0,1.0,0.25,0.5,1,1,3,0,2354,1.0,1.0,0.25,0.5
PF13195,PF01869,0,25,0,0,25,2333,0.0,0.99,0,0,25,0,0,25,2333,0.0,0.99,0,0
PF08204,PF04549,0,0,0,0,0,2358,0,1.0,0,0,0,0,0,0,2358,0,1.0,0,0
PF08885,PF12098,1,0,0,1,0,2357,0,1.0,0.0,0,0,0,1,0,2357,0,1.0,0.0,0
PF14950,PF14951,0,4,0,0,4,2354,0.0,1.0,0,0,4,0,0,4,2354,0.0,1.0,0,0
PF05467,PF11037,0,0,0,0,0,2358,0,1.0,0,0,0,0,0,0,2358,0,1.0,0,0
PF10282,PF09724,24,22,9,15,13,2321,0.41,0.99,0.38,0.39,22,9,15,13,2321,0.41,0.99,0.38,0.39
PF15998,PF09756,14,11,1,13,10,2334,0.09,0.99,0.07,0.08,11,1,13,10,2334,0.09,0.99,0.07,0.08
PF11001,PF04090,13,3,1,12,2,2343,0.33,0.99,0.08,0.16,3,1,12,2,2343,0.33,0.99,0.08,0.16
PF17081,PF00770,0,2,0,0,2,2356,0.0,1.0,0,0,2,0,0,2,2356,0.0,1.0,0,0
PF02417,PF05422,15,5,0,15,5,2338,0.0,0.99,0.0,-0.0,5,0,15,5,2338,0.0,0.99,0.0,-0.0
PF13336,PF02550,17,16,12,5,4,2337,0.75,1.0,0.71,0.73,16,12,5,4,2337,0.75,1.0,0.71,0.73
PF15508,PF05432,6,7,0,6,7,2345,0.0,0.99,0.0,-0.0,7,0,6,7,2345,0.0,0.99,0.0,-0.0
PF07574,PF08746,27,19,19,8,0,2331,1.0,1.0,0.7,0.84,19,19,8,0,2331,1.0,1.0,0.7,0.84
PF01548,PF09829,4,0,0,4,0,2354,0,1.0,0.0,0,0,0,4,0,2354,0,1.0,0.0,0
PF11498,PF04501,10,2,0,10,2,2346,0.0,0.99,0.0,-0.0,2,0,10,2,2346,0.0,0.99,0.0,-0.0
PF07271,PF15400,3,0,0,3,0,2355,0,1.0,0.0,0,0,0,3,0,2355,0,1.0,0.0,0
PF13733,PF02709,32,47,32,0,15,2311,0.68,0.99,1.0,0.82,47,32,0,15,2311,0.68,0.99,1.0,0.82
PF00816,PF07476,3,0,0,3,0,2355,0,1.0,0.0,0,0,0,3,0,2355,0,1.0,0.0,0
PF02656,PF03124,47,21,10,37,11,2300,0.48,0.98,0.21,0.31,21,10,37,11,2300,0.48,0.98,0.21,0.31
PF10418,PF02898,2,14,2,0,12,2344,0.14,0.99,1.0,0.38,14,2,0,12,2344,0.14,0.99,1.0,0.38
PF00168,PF10540,248,17,17,231,0,2110,1.0,0.9,0.07,0.25,17,17,231,0,2110,1.0,0.9,0.07,0.25
PF10032,PF15378,8,1,1,7,0,2350,1.0,1.0,0.12,0.35,1,1,7,0,2350,1.0,1.0,0.12,0.35
PF05793,PF10200,27,12,7,20,5,2326,0.58,0.99,0.26,0.38,12,7,20,5,2326,0.58,0.99,0.26,0.38
PF02489,PF13414,0,80,0,0,80,2278,0.0,0.97,0,0,80,0,0,80,2278,0.0,0.97,0,0
PF05594,PF03958,0,9,0,0,9,2349,0.0,1.0,0,0,9,0,0,9,2349,0.0,1.0,0,0
PF02696,PF04960,20,9,3,17,6,2332,0.33,0.99,0.15,0.22,9,3,17,6,2332,0.33,0.99,0.15,0.22
PF04214,PF01249,0,24,0,0,24,2334,0.0,0.99,0,0,24,0,0,24,2334,0.0,0.99,0,0
PF05875,PF10455,32,6,0,32,6,2320,0.0,0.98,0.0,-0.01,6,0,32,6,2320,0.0,0.98,0.0,-0.01
PF13865,PF08081,16,1,1,15,0,2342,1.0,0.99,0.06,0.25,1,1,15,0,2342,1.0,0.99,0.06,0.25
PF06025,PF06012,17,14,11,6,3,2338,0.79,1.0,0.65,0.71,14,11,6,3,2338,0.79,1.0,0.65,0.71
PF01276,PF03711,11,11,11,0,0,2347,1.0,1.0,1.0,1.0,11,11,0,0,2347,1.0,1.0,1.0,1.0
PF08294,PF01126,22,19,6,16,13,2323,0.32,0.99,0.27,0.29,19,6,16,13,2323,0.32,0.99,0.27,0.29
PF06880,PF06830,5,0,0,5,0,2353,0,1.0,0.0,0,0,0,5,0,2353,0,1.0,0.0,0
PF06249,PF05899,4,6,4,0,2,2352,0.67,1.0,1.0,0.82,6,4,0,2,2352,0.67,1.0,1.0,0.82
PF06178,PF11855,0,3,0,0,3,2355,0.0,1.0,0,0,3,0,0,3,2355,0.0,1.0,0,0
PF03420,PF14685,1,2,0,1,2,2355,0.0,1.0,0.0,-0.0,2,0,1,2,2355,0.0,1.0,0.0,-0.0
PF03818,PF00622,0,130,0,0,130,2228,0.0,0.94,0,0,130,0,0,130,2228,0.0,0.94,0,0
PF02580,PF05817,34,24,11,23,13,2311,0.46,0.98,0.32,0.38,24,11,23,13,2311,0.46,0.98,0.32,0.38
PF14328,PF01752,0,4,0,0,4,2354,0.0,1.0,0,0,4,0,0,4,2354,0.0,1.0,0,0
PF14698,PF08328,16,4,0,16,4,2338,0.0,0.99,0.0,-0.0,4,0,16,4,2338,0.0,0.99,0.0,-0.0
PF16153,PF04567,0,22,0,0,22,2336,0.0,0.99,0,0,22,0,0,22,2336,0.0,0.99,0,0
PF11967,PF01514,2,3,0,2,3,2353,0.0,1.0,0.0,-0.0,3,0,2,3,2353,0.0,1.0,0.0,-0.0
PF12617,PF12139,0,0,0,0,0,2358,0,1.0,0,0,0,0,0,0,2358,0,1.0,0,0
PF11953,PF12837,0,0,0,0,0,2358,0,1.0,0,0,0,0,0,0,2358,0,1.0,0,0
PF12903,PF15681,0,5,0,0,5,2353,0.0,1.0,0,0,5,0,0,5,2353,0.0,1.0,0,0
PF01251,PF16739,40,18,7,33,11,2307,0.39,0.98,0.17,0.25,18,7,33,11,2307,0.39,0.98,0.17,0.25
PF14816,PF05604,8,1,1,7,0,2350,1.0,1.0,0.12,0.35,1,1,7,0,2350,1.0,1.0,0.12,0.35
PF17218,PF13907,3,25,2,1,23,2332,0.08,0.99,0.67,0.23,25,2,1,23,2332,0.08,0.99,0.67,0.23
PF03489,PF02199,16,6,2,14,4,2338,0.33,0.99,0.12,0.2,6,2,14,4,2338,0.33,0.99,0.12,0.2
PF16117,PF15823,1,0,0,1,0,2357,0,1.0,0.0,0,0,0,1,0,2357,0,1.0,0.0,0
PF03733,PF01699,9,78,7,2,71,2278,0.09,0.97,0.78,0.26,78,7,2,71,2278,0.09,0.97,0.78,0.26
PF14572,PF13793,37,50,36,1,14,2307,0.72,0.99,0.97,0.83,50,36,1,14,2307,0.72,0.99,0.97,0.83
PF13787,PF04911,0,6,0,0,6,2352,0.0,1.0,0,0,6,0,0,6,2352,0.0,1.0,0,0
PF06507,PF02362,23,54,21,2,33,2302,0.39,0.99,0.91,0.59,54,21,2,33,2302,0.39,0.99,0.91,0.59
PF00810,PF02284,25,9,4,21,5,2328,0.44,0.99,0.16,0.26,9,4,21,5,2328,0.44,0.99,0.16,0.26
PF16568,PF16551,1,1,1,0,0,2357,1.0,1.0,1.0,1.0,1,1,0,0,2357,1.0,1.0,1.0,1.0
PF02676,PF15679,13,0,0,13,0,2345,0,0.99,0.0,0,0,0,13,0,2345,0,0.99,0.0,0
PF07987,PF09278,4,3,1,3,2,2352,0.33,1.0,0.25,0.29,3,1,3,2,2352,0.33,1.0,0.25,0.29
PF13368,PF01751,11,60,11,0,49,2298,0.18,0.98,1.0,0.42,60,11,0,49,2298,0.18,0.98,1.0,0.42
PF14791,PF14792,25,31,24,1,7,2326,0.77,1.0,0.96,0.86,31,24,1,7,2326,0.77,1.0,0.96,0.86
PF14847,PF16533,9,2,1,8,1,2348,0.5,1.0,0.11,0.23,2,1,8,1,2348,0.5,1.0,0.11,0.23
PF14163,PF10399,3,4,3,0,1,2354,0.75,1.0,1.0,0.87,4,3,0,1,2354,0.75,1.0,1.0,0.87
PF00500,PF15273,2,1,0,2,1,2355,0.0,1.0,0.0,-0.0,1,0,2,1,2355,0.0,1.0,0.0,-0.0
PF14807,PF06375,3,11,3,0,8,2347,0.27,1.0,1.0,0.52,11,3,0,8,2347,0.27,1.0,1.0,0.52
PF16265,PF13482,0,1,0,0,1,2357,0.0,1.0,0,0,1,0,0,1,2357,0.0,1.0,0,0
PF02265,PF06404,13,3,0,13,3,2342,0.0,0.99,0.0,-0.0,3,0,13,3,2342,0.0,0.99,0.0,-0.0
PF01721,PF09095,2,3,0,2,3,2353,0.0,1.0,0.0,-0.0,3,0,2,3,2353,0.0,1.0,0.0,-0.0
PF02044,PF01279,1,5,0,1,5,2352,0.0,1.0,0.0,-0.0,5,0,1,5,2352,0.0,1.0,0.0,-0.0
PF16923,PF03200,14,17,14,0,3,2341,0.82,1.0,1.0,0.91,17,14,0,3,2341,0.82,1.0,1.0,0.91
PF03639,PF02015,21,11,6,15,5,2332,0.55,0.99,0.29,0.39,11,6,15,5,2332,0.55,0.99,0.29,0.39
PF15190,PF01668,1,5,0,1,5,2352,0.0,1.0,0.0,-0.0,5,0,1,5,2352,0.0,1.0,0.0,-0.0
PF03134,PF01215,48,20,11,37,9,2301,0.55,0.98,0.23,0.35,20,11,37,9,2301,0.55,0.98,0.23,0.35
PF15706,PF15705,6,5,5,1,0,2352,1.0,1.0,0.83,0.91,5,5,1,0,2352,1.0,1.0,0.83,0.91
PF16869,PF16858,0,9,0,0,9,2349,0.0,1.0,0,0,9,0,0,9,2349,0.0,1.0,0,0
PF04961,PF02971,7,7,7,0,0,2351,1.0,1.0,1.0,1.0,7,7,0,0,2351,1.0,1.0,1.0,1.0
PF09763,PF15277,22,25,21,1,4,2332,0.84,1.0,0.95,0.89,25,21,1,4,2332,0.84,1.0,0.95,0.89
PF12525,PF06902,0,0,0,0,0,2358,0,1.0,0,0,0,0,0,0,2358,0,1.0,0,0
PF13372,PF00288,0,78,0,0,78,2280,0.0,0.97,0,0,78,0,0,78,2280,0.0,0.97,0,0
PF00530,PF01186,72,10,9,63,1,2285,0.9,0.97,0.12,0.33,10,9,63,1,2285,0.9,0.97,0.12,0.33
PF10644,PF14881,21,20,15,6,5,2332,0.75,1.0,0.71,0.73,20,15,6,5,2332,0.75,1.0,0.71,0.73
PF00013,PF16274,131,4,3,128,1,2226,0.75,0.95,0.02,0.12,4,3,128,1,2226,0.75,0.95,0.02,0.12
PF04001,PF11517,0,0,0,0,0,2358,0,1.0,0,0,0,0,0,0,2358,0,1.0,0,0
PF12160,PF08702,7,7,7,0,0,2351,1.0,1.0,1.0,1.0,7,7,0,0,2351,1.0,1.0,1.0,1.0
PF04320,PF17164,2,0,0,2,0,2356,0,1.0,0.0,0,0,0,2,0,2356,0,1.0,0.0,0
PF08736,PF04382,32,10,10,22,0,2326,1.0,0.99,0.31,0.56,10,10,22,0,2326,1.0,0.99,0.31,0.56
PF03469,PF16034,15,2,0,15,2,2341,0.0,0.99,0.0,-0.0,2,0,15,2,2341,0.0,0.99,0.0,-0.0
PF05966,PF13116,0,14,0,0,14,2344,0.0,0.99,0,0,14,0,0,14,2344,0.0,0.99,0,0
PF00191,PF08378,45,3,2,43,1,2312,0.67,0.98,0.04,0.17,3,2,43,1,2312,0.67,0.98,0.04,0.17
PF13757,PF15057,0,22,0,0,22,2336,0.0,0.99,0,0,22,0,0,22,2336,0.0,0.99,0,0
PF02673,PF08795,3,0,0,3,0,2355,0,1.0,0.0,0,0,0,3,0,2355,0,1.0,0.0,0
PF14802,PF09496,6,10,0,6,10,2342,0.0,0.99,0.0,-0.0,10,0,6,10,2342,0.0,0.99,0.0,-0.0
PF14711,PF16325,0,2,0,0,2,2356,0.0,1.0,0,0,2,0,0,2,2356,0.0,1.0,0,0
PF12101,PF03428,0,0,0,0,0,2358,0,1.0,0,0,0,0,0,0,2358,0,1.0,0,0
PF01784,PF09812,6,3,1,5,2,2350,0.33,1.0,0.17,0.23,3,1,5,2,2350,0.33,1.0,0.17,0.23
PF03288,PF03745,0,0,0,0,0,2358,0,1.0,0,0,0,0,0,0,2358,0,1.0,0,0
PF13287,PF12773,8,4,2,6,2,2348,0.5,1.0,0.25,0.35,4,2,6,2,2348,0.5,1.0,0.25,0.35
PF12759,PF16590,0,2,0,0,2,2356,0.0,1.0,0,0,2,0,0,2,2356,0.0,1.0,0,0
PF08089,PF08092,2,2,1,1,1,2355,0.5,1.0,0.5,0.5,2,1,1,1,2355,0.5,1.0,0.5,0.5
PF00449,PF00699,14,13,13,1,0,2344,1.0,1.0,0.93,0.96,13,13,1,0,2344,1.0,1.0,0.93,0.96
PF13307,PF06733,49,51,47,2,4,2305,0.92,1.0,0.96,0.94,51,47,2,4,2305,0.92,1.0,0.96,0.94
PF06271,PF15305,3,7,0,3,7,2348,0.0,1.0,0.0,-0.0,7,0,3,7,2348,0.0,1.0,0.0,-0.0
PF09184,PF09302,16,13,2,14,11,2331,0.15,0.99,0.12,0.13,13,2,14,11,2331,0.15,0.99,0.12,0.13
PF00029,PF03508,16,0,0,16,0,2342,0,0.99,0.0,0,0,0,16,0,2342,0,0.99,0.0,0
PF12768,PF12026,1,5,1,0,4,2353,0.2,1.0,1.0,0.45,5,1,0,4,2353,0.2,1.0,1.0,0.45
PF04624,PF10856,4,0,0,4,0,2354,0,1.0,0.0,0,0,0,4,0,2354,0,1.0,0.0,0
PF04981,PF05334,10,6,1,9,5,2343,0.17,0.99,0.1,0.13,6,1,9,5,2343,0.17,0.99,0.1,0.13
PF12242,PF12241,2,2,2,0,0,2356,1.0,1.0,1.0,1.0,2,2,0,0,2356,1.0,1.0,1.0,1.0
PF04880,PF11831,8,22,1,7,21,2329,0.05,0.99,0.12,0.07,22,1,7,21,2329,0.05,0.99,0.12,0.07
PF00923,PF06376,32,3,1,31,2,2324,0.33,0.99,0.03,0.1,3,1,31,2,2324,0.33,0.99,0.03,0.1
PF10477,PF09746,7,16,1,6,15,2336,0.06,0.99,0.14,0.09,16,1,6,15,2336,0.06,0.99,0.14,0.09
PF14838,PF14837,7,5,5,2,0,2351,1.0,1.0,0.71,0.84,5,5,2,0,2351,1.0,1.0,0.71,0.84
PF11882,PF07923,10,11,10,0,1,2347,0.91,1.0,1.0,0.95,11,10,0,1,2347,0.91,1.0,1.0,0.95
PF11304,PF08479,0,1,0,0,1,2357,0.0,1.0,0,0,1,0,0,1,2357,0.0,1.0,0,0
PF07730,PF09239,12,3,0,12,3,2343,0.0,0.99,0.0,-0.0,3,0,12,3,2343,0.0,0.99,0.0,-0.0
PF08324,PF06957,19,24,4,15,20,2319,0.17,0.99,0.21,0.18,24,4,15,20,2319,0.17,0.99,0.21,0.18
PF09201,PF03320,7,8,0,7,8,2343,0.0,0.99,0.0,-0.0,8,0,7,8,2343,0.0,0.99,0.0,-0.0
PF07016,PF01514,0,3,0,0,3,2355,0.0,1.0,0,0,3,0,0,3,2355,0.0,1.0,0,0
PF13136,PF05129,5,23,0,5,23,2330,0.0,0.99,0.0,-0.0,23,0,5,23,2330,0.0,0.99,0.0,-0.0
PF08734,PF15175,1,0,0,1,0,2357,0,1.0,0.0,0,0,0,1,0,2357,0,1.0,0.0,0
PF11037,PF17022,0,0,0,0,0,2358,0,1.0,0,0,0,0,0,0,2358,0,1.0,0,0
PF15289,PF09991,0,0,0,0,0,2358,0,1.0,0,0,0,0,0,0,2358,0,1.0,0,0
PF09424,PF10224,8,8,0,8,8,2342,0.0,0.99,0.0,-0.0,8,0,8,8,2342,0.0,0.99,0.0,-0.0
PF06183,PF07385,0,0,0,0,0,2358,0,1.0,0,0,0,0,0,0,2358,0,1.0,0,0
PF17210,PF00746,12,0,0,12,0,2346,0,0.99,0.0,0,0,0,12,0,2346,0,0.99,0.0,0
PF04023,PF10547,1,0,0,1,0,2357,0,1.0,0.0,0,0,0,1,0,2357,0,1.0,0.0,0
PF14694,PF04412,7,1,0,7,1,2350,0.0,1.0,0.0,-0.0,1,0,7,1,2350,0.0,1.0,0.0,-0.0
PF13597,PF12345,8,2,2,6,0,2350,1.0,1.0,0.25,0.5,2,2,6,0,2350,1.0,1.0,0.25,0.5
PF02301,PF05653,20,37,6,14,31,2307,0.16,0.98,0.3,0.21,37,6,14,31,2307,0.16,0.98,0.3,0.21
PF03315,PF03313,7,7,7,0,0,2351,1.0,1.0,1.0,1.0,7,7,0,0,2351,1.0,1.0,1.0,1.0
PF03937,PF01987,14,14,2,12,12,2332,0.14,0.99,0.14,0.14,14,2,12,12,2332,0.14,0.99,0.14,0.14
PF07327,PF17124,3,0,0,3,0,2355,0,1.0,0.0,0,0,0,3,0,2355,0,1.0,0.0,0
PF02786,PF00988,93,30,26,67,4,2261,0.87,0.97,0.28,0.48,30,26,67,4,2261,0.87,0.97,0.28,0.48
PF14993,PF01668,2,5,0,2,5,2351,0.0,1.0,0.0,-0.0,5,0,2,5,2351,0.0,1.0,0.0,-0.0
PF01618,PF14224,7,0,0,7,0,2351,0,1.0,0.0,0,0,0,7,0,2351,0,1.0,0.0,0
PF11700,PF06609,6,18,2,4,16,2336,0.11,0.99,0.33,0.19,18,2,4,16,2336,0.11,0.99,0.33,0.19
PF08776,PF05210,18,4,1,17,3,2337,0.25,0.99,0.06,0.11,4,1,17,3,2337,0.25,0.99,0.06,0.11
PF08459,PF04313,18,5,3,15,2,2338,0.6,0.99,0.17,0.31,5,3,15,2,2338,0.6,0.99,0.17,0.31
PF14331,PF07491,0,10,0,0,10,2348,0.0,1.0,0,0,10,0,0,10,2348,0.0,1.0,0,0
PF02881,PF00448,53,62,51,2,11,2294,0.82,0.99,0.96,0.89,62,51,2,11,2294,0.82,0.99,0.96,0.89
PF14919,PF14918,0,0,0,0,0,2358,0,1.0,0,0,0,0,0,0,2358,0,1.0,0,0
PF00418,PF08377,7,1,1,6,0,2351,1.0,1.0,0.14,0.38,1,1,6,0,2351,1.0,1.0,0.14,0.38
PF01594,PF09733,8,12,1,7,11,2339,0.08,0.99,0.12,0.1,12,1,7,11,2339,0.08,0.99,0.12,0.1
PF08477,PF16095,68,39,32,36,7,2283,0.82,0.98,0.47,0.61,39,32,36,7,2283,0.82,0.98,0.47,0.61
PF00325,PF10137,2,0,0,2,0,2356,0,1.0,0.0,0,0,0,2,0,2356,0,1.0,0.0,0
PF06276,PF04183,3,3,3,0,0,2355,1.0,1.0,1.0,1.0,3,3,0,0,2355,1.0,1.0,1.0,1.0
PF03972,PF14027,12,24,5,7,19,2327,0.21,0.99,0.42,0.29,24,5,7,19,2327,0.21,0.99,0.42,0.29
PF03998,PF03214,18,7,0,18,7,2333,0.0,0.99,0.0,-0.0,7,0,18,7,2333,0.0,0.99,0.0,-0.0
PF07421,PF10974,2,0,0,2,0,2356,0,1.0,0.0,0,0,0,2,0,2356,0,1.0,0.0,0
PF11515,PF03256,16,34,13,3,21,2321,0.38,0.99,0.81,0.55,34,13,3,21,2321,0.38,0.99,0.81,0.55
PF05398,PF05611,2,0,0,2,0,2356,0,1.0,0.0,0,0,0,2,0,2356,0,1.0,0.0,0
PF12896,PF12341,29,24,9,20,15,2314,0.38,0.99,0.31,0.33,24,9,20,15,2314,0.38,0.99,0.31,0.33
PF04885,PF04674,3,7,0,3,7,2348,0.0,1.0,0.0,-0.0,7,0,3,7,2348,0.0,1.0,0.0,-0.0
PF08598,PF15346,9,5,1,8,4,2345,0.2,0.99,0.11,0.15,5,1,8,4,2345,0.2,0.99,0.11,0.15
PF06501,PF14685,3,2,0,3,2,2353,0.0,1.0,0.0,-0.0,2,0,3,2,2353,0.0,1.0,0.0,-0.0
PF06522,PF04110,9,16,2,7,14,2335,0.12,0.99,0.22,0.16,16,2,7,14,2335,0.12,0.99,0.22,0.16
PF04935,PF09511,17,17,1,16,16,2325,0.06,0.99,0.06,0.05,17,1,16,16,2325,0.06,0.99,0.06,0.05
PF16858,PF16869,9,0,0,9,0,2349,0,1.0,0.0,0,0,0,9,0,2349,0,1.0,0.0,0
PF10539,PF14738,15,9,1,14,8,2335,0.11,0.99,0.07,0.08,9,1,14,8,2335,0.11,0.99,0.07,0.08
PF08437,PF04225,3,10,0,3,10,2345,0.0,0.99,0.0,-0.0,10,0,3,10,2345,0.0,0.99,0.0,-0.0
PF04382,PF05902,10,10,10,0,0,2348,1.0,1.0,1.0,1.0,10,10,0,0,2348,1.0,1.0,1.0,1.0
PF13639,PF12678,221,35,23,198,12,2125,0.66,0.91,0.1,0.24,35,23,198,12,2125,0.66,0.91,0.1,0.24
PF12317,PF03760,5,3,0,5,3,2350,0.0,1.0,0.0,-0.0,3,0,5,3,2350,0.0,1.0,0.0,-0.0
PF14239,PF03742,0,3,0,0,3,2355,0.0,1.0,0,0,3,0,0,3,2355,0.0,1.0,0,0
PF12799,PF12819,85,26,11,74,15,2258,0.42,0.96,0.13,0.22,26,11,74,15,2258,0.42,0.96,0.13,0.22
PF07298,PF09991,4,0,0,4,0,2354,0,1.0,0.0,0,0,0,4,0,2354,0,1.0,0.0,0
PF07019,PF06246,35,17,6,29,11,2312,0.35,0.98,0.17,0.24,17,6,29,11,2312,0.35,0.98,0.17,0.24
PF07270,PF06115,0,0,0,0,0,2358,0,1.0,0,0,0,0,0,0,2358,0,1.0,0,0
PF02823,PF02560,14,10,5,9,5,2339,0.5,0.99,0.36,0.42,10,5,9,5,2339,0.5,0.99,0.36,0.42
PF04061,PF14770,13,4,1,12,3,2342,0.25,0.99,0.08,0.14,4,1,12,3,2342,0.25,0.99,0.08,0.14
PF11940,PF09127,9,13,3,6,10,2339,0.23,0.99,0.33,0.27,13,3,6,10,2339,0.23,0.99,0.33,0.27
PF01872,PF08211,25,6,2,23,4,2329,0.33,0.99,0.08,0.16,6,2,23,4,2329,0.33,0.99,0.08,0.16
PF00907,PF11078,37,5,5,32,0,2321,1.0,0.99,0.14,0.37,5,5,32,0,2321,1.0,0.99,0.14,0.37
PF01491,PF01230,7,44,5,2,39,2312,0.11,0.98,0.71,0.28,44,5,2,39,2312,0.11,0.98,0.71,0.28
PF03717,PF00905,32,36,30,2,6,2320,0.83,1.0,0.94,0.88,36,30,2,6,2320,0.83,1.0,0.94,0.88
PF10520,PF07933,9,21,0,9,21,2328,0.0,0.99,0.0,-0.01,21,0,9,21,2328,0.0,0.99,0.0,-0.01
PF03194,PF01733,26,28,4,22,24,2308,0.14,0.98,0.15,0.14,28,4,22,24,2308,0.14,0.98,0.15,0.14
PF16909,PF06650,47,43,40,7,3,2308,0.93,1.0,0.85,0.89,43,40,7,3,2308,0.93,1.0,0.85,0.89
PF16842,PF11627,1,3,1,0,2,2355,0.33,1.0,1.0,0.58,3,1,0,2,2355,0.33,1.0,1.0,0.58
PF10294,PF01869,81,25,12,69,13,2264,0.48,0.97,0.15,0.25,25,12,69,13,2264,0.48,0.97,0.15,0.25
PF14732,PF16191,13,6,1,12,5,2340,0.17,0.99,0.08,0.11,6,1,12,5,2340,0.17,0.99,0.08,0.11
PF07762,PF04859,29,6,3,26,3,2326,0.5,0.99,0.1,0.22,6,3,26,3,2326,0.5,0.99,0.1,0.22
PF09821,PF09383,2,4,2,0,2,2354,0.5,1.0,1.0,0.71,4,2,0,2,2354,0.5,1.0,1.0,0.71
PF07526,PF16493,7,7,2,5,5,2346,0.29,1.0,0.29,0.28,7,2,5,5,2346,0.29,1.0,0.29,0.28
PF01677,PF06311,0,4,0,0,4,2354,0.0,1.0,0,0,4,0,0,4,2354,0.0,1.0,0,0
PF08790,PF08265,13,29,6,7,23,2322,0.21,0.99,0.46,0.3,29,6,7,23,2322,0.21,0.99,0.46,0.3
PF01303,PF08093,1,3,0,1,3,2354,0.0,1.0,0.0,-0.0,3,0,1,3,2354,0.0,1.0,0.0,-0.0
PF09904,PF07409,0,0,0,0,0,2358,0,1.0,0,0,0,0,0,0,2358,0,1.0,0,0
PF11992,PF11932,0,0,0,0,0,2358,0,1.0,0,0,0,0,0,0,2358,0,1.0,0,0
PF00676,PF02779,81,88,46,35,42,2235,0.52,0.97,0.57,0.53,88,46,35,42,2235,0.52,0.97,0.57,0.53
PF00166,PF03330,28,33,8,20,25,2305,0.24,0.98,0.29,0.25,33,8,20,25,2305,0.24,0.98,0.29,0.25
PF08443,PF00328,5,87,5,0,82,2271,0.06,0.97,1.0,0.24,87,5,0,82,2271,0.06,0.97,1.0,0.24
PF02941,PF06393,3,4,0,3,4,2351,0.0,1.0,0.0,-0.0,4,0,3,4,2351,0.0,1.0,0.0,-0.0
PF04815,PF08033,52,48,47,5,1,2305,0.98,1.0,0.9,0.94,48,47,5,1,2305,0.98,1.0,0.9,0.94
PF03043,PF17188,0,0,0,0,0,2358,0,1.0,0,0,0,0,0,0,2358,0,1.0,0,0
PF09907,PF07769,1,0,0,1,0,2357,0,1.0,0.0,0,0,0,1,0,2357,0,1.0,0.0,0
PF05903,PF15928,41,3,2,39,1,2316,0.67,0.98,0.05,0.18,3,2,39,1,2316,0.67,0.98,0.05,0.18
PF07662,PF07670,28,12,6,22,6,2324,0.5,0.99,0.21,0.32,12,6,22,6,2324,0.5,0.99,0.21,0.32
PF06831,PF09292,29,6,6,23,0,2329,1.0,0.99,0.21,0.45,6,6,23,0,2329,1.0,0.99,0.21,0.45
PF03164,PF01068,36,42,19,17,23,2299,0.45,0.98,0.53,0.48,42,19,17,23,2299,0.45,0.98,0.53,0.48
PF16320,PF13259,22,11,6,16,5,2331,0.55,0.99,0.27,0.38,11,6,16,5,2331,0.55,0.99,0.27,0.38
PF16380,PF04994,0,0,0,0,0,2358,0,1.0,0,0,0,0,0,0,2358,0,1.0,0,0
PF12017,PF05485,42,106,30,12,76,2240,0.28,0.96,0.71,0.44,106,30,12,76,2240,0.28,0.96,0.71,0.44
PF05687,PF01373,10,17,7,3,10,2338,0.41,0.99,0.7,0.53,17,7,3,10,2338,0.41,0.99,0.7,0.53
PF10170,PF08669,4,52,2,2,50,2304,0.04,0.98,0.5,0.13,52,2,2,50,2304,0.04,0.98,0.5,0.13
PF04492,PF15482,3,0,0,3,0,2355,0,1.0,0.0,0,0,0,3,0,2355,0,1.0,0.0,0
PF02229,PF02201,24,52,13,11,39,2295,0.25,0.98,0.54,0.36,52,13,11,39,2295,0.25,0.98,0.54,0.36
PF07453,PF07460,4,16,3,1,13,2341,0.19,0.99,0.75,0.37,16,3,1,13,2341,0.19,0.99,0.75,0.37
PF07541,PF09371,17,3,1,16,2,2339,0.33,0.99,0.06,0.14,3,1,16,2,2339,0.33,0.99,0.06,0.14
PF11404,PF07941,5,9,5,0,4,2349,0.56,1.0,1.0,0.74,9,5,0,4,2349,0.56,1.0,1.0,0.74
PF12656,PF02357,21,9,0,21,9,2328,0.0,0.99,0.0,-0.01,9,0,21,9,2328,0.0,0.99,0.0,-0.01
PF03573,PF04392,5,2,1,4,1,2352,0.5,1.0,0.2,0.32,2,1,4,1,2352,0.5,1.0,0.2,0.32
PF15021,PF15518,1,3,0,1,3,2354,0.0,1.0,0.0,-0.0,3,0,1,3,2354,0.0,1.0,0.0,-0.0
PF15578,PF15085,2,2,0,2,2,2354,0.0,1.0,0.0,-0.0,2,0,2,2,2354,0.0,1.0,0.0,-0.0
PF01329,PF01097,30,7,1,29,6,2322,0.14,0.99,0.03,0.06,7,1,29,6,2322,0.14,0.99,0.03,0.06
PF00891,PF08100,57,17,17,40,0,2301,1.0,0.98,0.3,0.54,17,17,40,0,2301,1.0,0.98,0.3,0.54
PF05432,PF07343,7,0,0,7,0,2351,0,1.0,0.0,0,0,0,7,0,2351,0,1.0,0.0,0
PF16712,PF16711,3,3,3,0,0,2355,1.0,1.0,1.0,1.0,3,3,0,0,2355,1.0,1.0,1.0,1.0
PF14647,PF14648,4,4,4,0,0,2354,1.0,1.0,1.0,1.0,4,4,0,0,2354,1.0,1.0,1.0,1.0
PF04148,PF11264,8,3,0,8,3,2347,0.0,1.0,0.0,-0.0,3,0,8,3,2347,0.0,1.0,0.0,-0.0
PF00038,PF10042,49,4,1,48,3,2306,0.25,0.98,0.02,0.07,4,1,48,3,2306,0.25,0.98,0.02,0.07
PF03099,PF09825,35,6,6,29,0,2323,1.0,0.99,0.17,0.41,6,6,29,0,2323,1.0,0.99,0.17,0.41
PF08886,PF14842,0,0,0,0,0,2358,0,1.0,0,0,0,0,0,0,2358,0,1.0,0,0
PF03250,PF10189,10,15,2,8,13,2335,0.13,0.99,0.2,0.16,15,2,8,13,2335,0.13,0.99,0.2,0.16
PF12343,PF04892,1,0,0,1,0,2357,0,1.0,0.0,0,0,0,1,0,2357,0,1.0,0.0,0
PF08066,PF01927,23,7,4,19,3,2332,0.57,0.99,0.17,0.31,7,4,19,3,2332,0.57,0.99,0.17,0.31
PF02899,PF13356,12,7,3,9,4,2342,0.43,0.99,0.25,0.32,7,3,9,4,2342,0.43,0.99,0.25,0.32
PF05460,PF08639,10,6,2,8,4,2344,0.33,0.99,0.2,0.26,6,2,8,4,2344,0.33,0.99,0.2,0.26
PF08207,PF09285,17,12,12,5,0,2341,1.0,1.0,0.71,0.84,12,12,5,0,2341,1.0,1.0,0.71,0.84
PF13705,PF06547,12,6,2,10,4,2342,0.33,0.99,0.17,0.23,6,2,10,4,2342,0.33,0.99,0.17,0.23
PF10455,PF10224,6,8,0,6,8,2344,0.0,0.99,0.0,-0.0,8,0,6,8,2344,0.0,0.99,0.0,-0.0
PF01697,PF04646,54,9,2,52,7,2297,0.22,0.97,0.04,0.08,9,2,52,7,2297,0.22,0.97,0.04,0.08
PF07889,PF13225,16,8,1,15,7,2335,0.12,0.99,0.06,0.08,8,1,15,7,2335,0.12,0.99,0.06,0.08
PF08313,PF03110,25,7,4,21,3,2330,0.57,0.99,0.16,0.3,7,4,21,3,2330,0.57,0.99,0.16,0.3
PF01037,PF15750,5,1,0,5,1,2352,0.0,1.0,0.0,-0.0,1,0,5,1,2352,0.0,1.0,0.0,-0.0
PF01338,PF00706,2,2,1,1,1,2355,0.5,1.0,0.5,0.5,2,1,1,1,2355,0.5,1.0,0.5,0.5
PF07767,PF09751,23,14,6,17,8,2327,0.43,0.99,0.26,0.33,14,6,17,8,2327,0.43,0.99,0.26,0.33
PF12280,PF08561,10,13,1,9,12,2336,0.08,0.99,0.1,0.08,13,1,9,12,2336,0.08,0.99,0.1,0.08
PF13495,PF00524,2,5,1,1,4,2352,0.2,1.0,0.5,0.32,5,1,1,4,2352,0.2,1.0,0.5,0.32
PF00023,PF12796,205,474,198,7,276,1877,0.42,0.88,0.97,0.59,474,198,7,276,1877,0.42,0.88,0.97,0.59
PF12308,PF02191,2,20,1,1,19,2337,0.05,0.99,0.5,0.16,20,1,1,19,2337,0.05,0.99,0.5,0.16
PF12022,PF10474,10,5,1,9,4,2344,0.2,0.99,0.1,0.14,5,1,9,4,2344,0.2,0.99,0.1,0.14
PF02270,PF17223,27,1,0,27,1,2330,0.0,0.99,0.0,-0.0,1,0,27,1,2330,0.0,0.99,0.0,-0.0
PF09129,PF11880,3,4,3,0,1,2354,0.75,1.0,1.0,0.87,4,3,0,1,2354,0.75,1.0,1.0,0.87
PF07983,PF00332,25,46,19,6,27,2306,0.41,0.99,0.76,0.55,46,19,6,27,2306,0.41,0.99,0.76,0.55
PF03212,PF17007,0,0,0,0,0,2358,0,1.0,0,0,0,0,0,0,2358,0,1.0,0,0
PF00692,PF00077,27,25,12,15,13,2318,0.48,0.99,0.44,0.46,25,12,15,13,2318,0.48,0.99,0.44,0.46
PF11030,PF02632,0,10,0,0,10,2348,0.0,1.0,0,0,10,0,0,10,2348,0.0,1.0,0,0
PF05449,PF10995,0,0,0,0,0,2358,0,1.0,0,0,0,0,0,0,2358,0,1.0,0,0
PF00635,PF03567,72,34,16,56,18,2268,0.47,0.97,0.22,0.31,34,16,56,18,2268,0.47,0.97,0.22,0.31
PF02446,PF08536,3,6,0,3,6,2349,0.0,1.0,0.0,-0.0,6,0,3,6,2349,0.0,1.0,0.0,-0.0
PF04041,PF07400,6,1,0,6,1,2351,0.0,1.0,0.0,-0.0,1,0,6,1,2351,0.0,1.0,0.0,-0.0
PF03386,PF06825,0,8,0,0,8,2350,0.0,1.0,0,0,8,0,0,8,2350,0.0,1.0,0,0
PF05985,PF03900,2,31,0,2,31,2325,0.0,0.99,0.0,-0.0,31,0,2,31,2325,0.0,0.99,0.0,-0.0
PF03373,PF08657,1,9,0,1,9,2348,0.0,1.0,0.0,-0.0,9,0,1,9,2348,0.0,1.0,0.0,-0.0
PF07969,PF01979,33,88,17,16,71,2254,0.19,0.96,0.52,0.3,88,17,16,71,2254,0.19,0.96,0.52,0.3
PF09545,PF08108,0,1,0,0,1,2357,0.0,1.0,0,0,1,0,0,1,2357,0.0,1.0,0,0
PF05791,PF05164,2,0,0,2,0,2356,0,1.0,0.0,0,0,0,2,0,2356,0,1.0,0.0,0
PF04822,PF04423,2,10,0,2,10,2346,0.0,0.99,0.0,-0.0,10,0,2,10,2346,0.0,0.99,0.0,-0.0
PF15975,PF16200,11,11,1,10,10,2337,0.09,0.99,0.09,0.09,11,1,10,10,2337,0.09,0.99,0.09,0.09
PF12115,PF06912,0,7,0,0,7,2351,0.0,1.0,0,0,7,0,0,7,2351,0.0,1.0,0,0
PF02777,PF00081,38,38,38,0,0,2320,1.0,1.0,1.0,1.0,38,38,0,0,2320,1.0,1.0,1.0,1.0
PF14617,PF08641,10,8,1,9,7,2341,0.12,0.99,0.1,0.11,8,1,9,7,2341,0.12,0.99,0.1,0.11
PF07207,PF15186,6,1,1,5,0,2352,1.0,1.0,0.17,0.41,1,1,5,0,2352,1.0,1.0,0.17,0.41
PF05951,PF00555,0,3,0,0,3,2355,0.0,1.0,0,0,3,0,0,3,2355,0.0,1.0,0,0
PF12632,PF15871,5,1,0,5,1,2352,0.0,1.0,0.0,-0.0,1,0,5,1,2352,0.0,1.0,0.0,-0.0
PF08092,PF08089,2,2,1,1,1,2355,0.5,1.0,0.5,0.5,2,1,1,1,2355,0.5,1.0,0.5,0.5
PF12436,PF14533,23,17,17,6,0,2335,1.0,1.0,0.74,0.86,17,17,6,0,2335,1.0,1.0,0.74,0.86
PF09507,PF14621,21,3,1,20,2,2335,0.33,0.99,0.05,0.12,3,1,20,2,2335,0.33,0.99,0.05,0.12
PF10564,PF11476,2,0,0,2,0,2356,0,1.0,0.0,0,0,0,2,0,2356,0,1.0,0.0,0
PF06434,PF11791,4,4,4,0,0,2354,1.0,1.0,1.0,1.0,4,4,0,0,2354,1.0,1.0,1.0,1.0
PF15741,PF17085,2,1,0,2,1,2355,0.0,1.0,0.0,-0.0,1,0,2,1,2355,0.0,1.0,0.0,-0.0
PF13960,PF13963,9,17,4,5,13,2336,0.24,0.99,0.44,0.32,17,4,5,13,2336,0.24,0.99,0.44,0.32
PF05942,PF03739,0,10,0,0,10,2348,0.0,1.0,0,0,10,0,0,10,2348,0.0,1.0,0,0
PF06757,PF10325,2,4,0,2,4,2352,0.0,1.0,0.0,-0.0,4,0,2,4,2352,0.0,1.0,0.0,-0.0
PF04802,PF04182,12,11,2,10,9,2337,0.18,0.99,0.17,0.17,11,2,10,9,2337,0.18,0.99,0.17,0.17
PF01920,PF16053,33,22,8,25,14,2311,0.36,0.98,0.24,0.29,22,8,25,14,2311,0.36,0.98,0.24,0.29
PF16988,PF04157,6,18,6,0,12,2340,0.33,0.99,1.0,0.58,18,6,0,12,2340,0.33,0.99,1.0,0.58
PF15705,PF15706,5,6,5,0,1,2352,0.83,1.0,1.0,0.91,6,5,0,1,2352,0.83,1.0,1.0,0.91
PF03673,PF12453,1,4,1,0,3,2354,0.25,1.0,1.0,0.5,4,1,0,3,2354,0.25,1.0,1.0,0.5
PF04560,PF10385,36,8,8,28,0,2322,1.0,0.99,0.22,0.47,8,8,28,0,2322,1.0,0.99,0.22,0.47
PF03325,PF15909,2,6,0,2,6,2350,0.0,1.0,0.0,-0.0,6,0,2,6,2350,0.0,1.0,0.0,-0.0
PF09788,PF15905,8,1,0,8,1,2349,0.0,1.0,0.0,-0.0,1,0,8,1,2349,0.0,1.0,0.0,-0.0
PF09730,PF16516,12,10,0,12,10,2336,0.0,0.99,0.0,-0.0,10,0,12,10,2336,0.0,0.99,0.0,-0.0
PF00578,PF10417,81,59,58,23,1,2276,0.98,0.99,0.72,0.83,59,58,23,1,2276,0.98,0.99,0.72,0.83
PF00146,PF00421,33,30,12,21,18,2307,0.4,0.98,0.36,0.37,30,12,21,18,2307,0.4,0.98,0.36,0.37
PF09962,PF09428,5,4,0,5,4,2349,0.0,1.0,0.0,-0.0,4,0,5,4,2349,0.0,1.0,0.0,-0.0
PF07980,PF10618,0,0,0,0,0,2358,0,1.0,0,0,0,0,0,0,2358,0,1.0,0,0
PF15073,PF12600,3,0,0,3,0,2355,0,1.0,0.0,0,0,0,3,0,2355,0,1.0,0.0,0
PF03958,PF07963,9,10,8,1,2,2347,0.8,1.0,0.89,0.84,10,8,1,2,2347,0.8,1.0,0.89,0.84
PF12554,PF03760,16,3,0,16,3,2339,0.0,0.99,0.0,-0.0,3,0,16,3,2339,0.0,0.99,0.0,-0.0
PF14380,PF08488,16,8,5,11,3,2339,0.62,0.99,0.31,0.44,8,5,11,3,2339,0.62,0.99,0.31,0.44
PF10248,PF09340,7,13,1,6,12,2339,0.08,0.99,0.14,0.1,13,1,6,12,2339,0.08,0.99,0.14,0.1
PF00562,PF04561,46,7,7,39,0,2312,1.0,0.98,0.15,0.39,7,7,39,0,2312,1.0,0.98,0.15,0.39
PF00915,PF15518,2,3,0,2,3,2353,0.0,1.0,0.0,-0.0,3,0,2,3,2353,0.0,1.0,0.0,-0.0
PF00249,PF14379,159,12,9,150,3,2196,0.75,0.94,0.06,0.19,12,9,150,3,2196,0.75,0.94,0.06,0.19
PF00122,PF12409,187,26,26,161,0,2171,1.0,0.93,0.14,0.36,26,26,161,0,2171,1.0,0.93,0.14,0.36
PF09837,PF04138,1,3,0,1,3,2354,0.0,1.0,0.0,-0.0,3,0,1,3,2354,0.0,1.0,0.0,-0.0
PF07734,PF08268,26,22,8,18,14,2318,0.36,0.99,0.31,0.33,22,8,18,14,2318,0.36,0.99,0.31,0.33
PF09090,PF09088,24,24,24,0,0,2334,1.0,1.0,1.0,1.0,24,24,0,0,2334,1.0,1.0,1.0,1.0
PF08466,PF01007,3,30,3,0,27,2328,0.1,0.99,1.0,0.31,30,3,0,27,2328,0.1,0.99,1.0,0.31
PF12298,PF09282,12,2,1,11,1,2345,0.5,0.99,0.08,0.2,2,1,11,1,2345,0.5,0.99,0.08,0.2
PF07769,PF13722,0,2,0,0,2,2356,0.0,1.0,0,0,2,0,0,2,2356,0.0,1.0,0,0
PF00421,PF00124,30,12,9,21,3,2325,0.75,0.99,0.3,0.47,12,9,21,3,2325,0.75,0.99,0.3,0.47
PF08831,PF09307,10,10,10,0,0,2348,1.0,1.0,1.0,1.0,10,10,0,0,2348,1.0,1.0,1.0,1.0
PF15510,PF04965,3,0,0,3,0,2355,0,1.0,0.0,0,0,0,3,0,2355,0,1.0,0.0,0
PF12946,PF07462,7,2,2,5,0,2351,1.0,1.0,0.29,0.53,2,2,5,0,2351,1.0,1.0,0.29,0.53
PF06464,PF12047,17,21,11,6,10,2331,0.52,0.99,0.65,0.58,21,11,6,10,2331,0.52,0.99,0.65,0.58
PF01392,PF01534,44,17,12,32,5,2309,0.71,0.98,0.27,0.43,17,12,32,5,2309,0.71,0.98,0.27,0.43
PF13383,PF05405,16,16,3,13,13,2329,0.19,0.99,0.19,0.18,16,3,13,13,2329,0.19,0.99,0.19,0.18
PF03441,PF00875,19,32,18,1,14,2325,0.56,0.99,0.95,0.73,32,18,1,14,2325,0.56,0.99,0.95,0.73
PF01475,PF15483,6,3,0,6,3,2349,0.0,1.0,0.0,-0.0,3,0,6,3,2349,0.0,1.0,0.0,-0.0
PF13202,PF13833,125,100,64,61,36,2197,0.64,0.96,0.51,0.55,100,64,61,36,2197,0.64,0.96,0.51,0.55
PF00300,PF01591,120,34,33,87,1,2237,0.97,0.96,0.28,0.51,34,33,87,1,2237,0.97,0.96,0.28,0.51
PF09304,PF15147,1,1,1,0,0,2357,1.0,1.0,1.0,1.0,1,1,0,0,2357,1.0,1.0,1.0,1.0
PF00119,PF00124,19,12,1,18,11,2328,0.08,0.99,0.05,0.06,12,1,18,11,2328,0.08,0.99,0.05,0.06
PF08074,PF06461,22,22,22,0,0,2336,1.0,1.0,1.0,1.0,22,22,0,0,2336,1.0,1.0,1.0,1.0
PF13148,PF06805,0,0,0,0,0,2358,0,1.0,0,0,0,0,0,0,2358,0,1.0,0,0
PF09243,PF02357,30,9,3,27,6,2322,0.33,0.99,0.1,0.18,9,3,27,6,2322,0.33,0.99,0.1,0.18
PF15515,PF15400,0,0,0,0,0,2358,0,1.0,0,0,0,0,0,0,2358,0,1.0,0,0
PF11911,PF09340,7,13,2,5,11,2340,0.15,0.99,0.29,0.21,13,2,5,11,2340,0.15,0.99,0.29,0.21
PF08752,PF16381,15,15,15,0,0,2343,1.0,1.0,1.0,1.0,15,15,0,0,2343,1.0,1.0,1.0,1.0
PF15793,PF15491,0,1,0,0,1,2357,0.0,1.0,0,0,1,0,0,1,2357,0.0,1.0,0,0
PF04117,PF03556,75,34,14,61,20,2263,0.41,0.97,0.19,0.26,34,14,61,20,2263,0.41,0.97,0.19,0.26
PF09902,PF12719,0,14,0,0,14,2344,0.0,0.99,0,0,14,0,0,14,2344,0.0,0.99,0,0
PF09387,PF07738,0,55,0,0,55,2303,0.0,0.98,0,0,55,0,0,55,2303,0.0,0.98,0,0
PF00620,PF00169,163,257,104,59,153,2042,0.4,0.91,0.64,0.46,257,104,59,153,2042,0.4,0.91,0.64,0.46
PF06769,PF02197,2,37,0,2,37,2319,0.0,0.98,0.0,-0.0,37,0,2,37,2319,0.0,0.98,0.0,-0.0
PF01120,PF16757,30,10,10,20,0,2328,1.0,0.99,0.33,0.57,10,10,20,0,2328,1.0,0.99,0.33,0.57
PF06251,PF06082,0,0,0,0,0,2358,0,1.0,0,0,0,0,0,0,2358,0,1.0,0,0
PF03951,PF12437,20,3,3,17,0,2338,1.0,0.99,0.15,0.39,3,3,17,0,2338,1.0,0.99,0.15,0.39
PF12161,PF13588,3,4,3,0,1,2354,0.75,1.0,1.0,0.87,4,3,0,1,2354,0.75,1.0,1.0,0.87
PF02776,PF02775,44,41,35,9,6,2308,0.85,0.99,0.8,0.82,41,35,9,6,2308,0.85,0.99,0.8,0.82
PF01339,PF12431,13,1,1,12,0,2345,1.0,0.99,0.08,0.28,1,1,12,0,2345,1.0,0.99,0.08,0.28
PF15078,PF04485,0,0,0,0,0,2358,0,1.0,0,0,0,0,0,0,2358,0,1.0,0,0
PF00282,PF05637,83,35,14,69,21,2254,0.4,0.96,0.17,0.24,35,14,69,21,2254,0.4,0.96,0.17,0.24
PF00994,PF01507,58,35,16,42,19,2281,0.46,0.97,0.28,0.34,35,16,42,19,2281,0.46,0.97,0.28,0.34
PF03374,PF04451,1,2,0,1,2,2355,0.0,1.0,0.0,-0.0,2,0,1,2,2355,0.0,1.0,0.0,-0.0
PF01130,PF16969,44,20,9,35,11,2303,0.45,0.98,0.2,0.29,20,9,35,11,2303,0.45,0.98,0.2,0.29
PF01187,PF15133,21,4,2,19,2,2335,0.5,0.99,0.1,0.22,4,2,19,2,2335,0.5,0.99,0.1,0.22
PF08192,PF17017,0,0,0,0,0,2358,0,1.0,0,0,0,0,0,0,2358,0,1.0,0,0
PF03615,PF15280,10,7,0,10,7,2341,0.0,0.99,0.0,-0.0,7,0,10,7,2341,0.0,0.99,0.0,-0.0
PF12406,PF04145,3,42,3,0,39,2316,0.07,0.98,1.0,0.27,42,3,0,39,2316,0.07,0.98,1.0,0.27
PF13735,PF00308,3,9,3,0,6,2349,0.33,1.0,1.0,0.58,9,3,0,6,2349,0.33,1.0,1.0,0.58
PF16855,PF04101,1,23,0,1,23,2334,0.0,0.99,0.0,-0.0,23,0,1,23,2334,0.0,0.99,0.0,-0.0
PF02198,PF12310,29,3,3,26,0,2329,1.0,0.99,0.1,0.32,3,3,26,0,2329,1.0,0.99,0.1,0.32
PF13601,PF04014,0,1,0,0,1,2357,0.0,1.0,0,0,1,0,0,1,2357,0.0,1.0,0,0
PF03447,PF00742,29,18,16,13,2,2327,0.89,0.99,0.55,0.7,18,16,13,2,2327,0.89,0.99,0.55,0.7
PF10571,PF12049,0,0,0,0,0,2358,0,1.0,0,0,0,0,0,0,2358,0,1.0,0,0
PF02870,PF01267,6,17,0,6,17,2335,0.0,0.99,0.0,-0.0,17,0,6,17,2335,0.0,0.99,0.0,-0.0
PF07773,PF07162,28,30,8,20,22,2308,0.27,0.98,0.29,0.27,30,8,20,22,2308,0.27,0.98,0.29,0.27
PF01051,PF06403,3,2,0,3,2,2353,0.0,1.0,0.0,-0.0,2,0,3,2,2353,0.0,1.0,0.0,-0.0
PF10926,PF04166,0,9,0,0,9,2349,0.0,1.0,0,0,9,0,0,9,2349,0.0,1.0,0,0
PF04300,PF08495,11,5,1,10,4,2343,0.2,0.99,0.09,0.13,5,1,10,4,2343,0.2,0.99,0.09,0.13
PF15121,PF15762,5,0,0,5,0,2353,0,1.0,0.0,0,0,0,5,0,2353,0,1.0,0.0,0
PF15496,PF17078,3,3,1,2,2,2353,0.33,1.0,0.33,0.33,3,1,2,2,2353,0.33,1.0,0.33,0.33
PF10490,PF13005,7,0,0,7,0,2351,0,1.0,0.0,0,0,0,7,0,2351,0,1.0,0.0,0
PF00561,PF12146,146,88,60,86,28,2184,0.68,0.95,0.41,0.51,88,60,86,28,2184,0.68,0.95,0.41,0.51
PF16797,PF12063,4,17,3,1,14,2340,0.18,0.99,0.75,0.36,17,3,1,14,2340,0.18,0.99,0.75,0.36
PF02743,PF08473,24,10,5,19,5,2329,0.5,0.99,0.21,0.32,10,5,19,5,2329,0.5,0.99,0.21,0.32
PF12046,PF05419,0,0,0,0,0,2358,0,1.0,0,0,0,0,0,0,2358,0,1.0,0,0
PF13827,PF12946,0,7,0,0,7,2351,0.0,1.0,0,0,7,0,0,7,2351,0.0,1.0,0,0
PF16544,PF16274,6,4,1,5,3,2349,0.25,1.0,0.17,0.2,4,1,5,3,2349,0.25,1.0,0.17,0.2
PF05818,PF13802,2,40,0,2,40,2316,0.0,0.98,0.0,-0.0,40,0,2,40,2316,0.0,0.98,0.0,-0.0
PF11917,PF09729,13,19,4,9,15,2330,0.21,0.99,0.31,0.25,19,4,9,15,2330,0.21,0.99,0.31,0.25
PF10557,PF00888,50,76,50,0,26,2282,0.66,0.99,1.0,0.81,76,50,0,26,2282,0.66,0.99,1.0,0.81
PF10312,PF10998,21,6,0,21,6,2331,0.0,0.99,0.0,-0.0,6,0,21,6,2331,0.0,0.99,0.0,-0.0
PF09615,PF04931,0,21,0,0,21,2337,0.0,0.99,0,0,21,0,0,21,2337,0.0,0.99,0,0
PF10397,PF08328,23,4,0,23,4,2331,0.0,0.99,0.0,-0.0,4,0,23,4,2331,0.0,0.99,0.0,-0.0
PF16915,PF05837,1,7,0,1,7,2350,0.0,1.0,0.0,-0.0,7,0,1,7,2350,0.0,1.0,0.0,-0.0
PF00359,PF07565,8,19,3,5,16,2334,0.16,0.99,0.38,0.24,19,3,5,16,2334,0.16,0.99,0.38,0.24
PF13118,PF11995,4,5,4,0,1,2353,0.8,1.0,1.0,0.89,5,4,0,1,2353,0.8,1.0,1.0,0.89
PF04839,PF00468,3,12,3,0,9,2346,0.25,1.0,1.0,0.5,12,3,0,9,2346,0.25,1.0,1.0,0.5
PF15577,PF15856,4,1,0,4,1,2353,0.0,1.0,0.0,-0.0,1,0,4,1,2353,0.0,1.0,0.0,-0.0
PF16928,PF11811,0,0,0,0,0,2358,0,1.0,0,0,0,0,0,0,2358,0,1.0,0,0
PF04229,PF09796,12,14,2,10,12,2334,0.14,0.99,0.17,0.15,14,2,10,12,2334,0.14,0.99,0.17,0.15
PF12618,PF12140,5,15,5,0,10,2343,0.33,1.0,1.0,0.58,15,5,0,10,2343,0.33,1.0,1.0,0.58
PF00989,PF08447,69,51,30,39,21,2268,0.59,0.97,0.43,0.49,51,30,39,21,2268,0.59,0.97,0.43,0.49
PF10273,PF07052,8,18,2,6,16,2334,0.11,0.99,0.25,0.16,18,2,6,16,2334,0.11,0.99,0.25,0.16
PF02420,PF02084,0,1,0,0,1,2357,0.0,1.0,0,0,1,0,0,1,2357,0.0,1.0,0,0
PF04299,PF06912,18,7,2,16,5,2335,0.29,0.99,0.11,0.17,7,2,16,5,2335,0.29,0.99,0.11,0.17
PF00895,PF15212,3,0,0,3,0,2355,0,1.0,0.0,0,0,0,3,0,2355,0,1.0,0.0,0
PF06127,PF10780,6,0,0,6,0,2352,0,1.0,0.0,0,0,0,6,0,2352,0,1.0,0.0,0
PF02780,PF00456,64,22,16,48,6,2288,0.73,0.98,0.25,0.42,22,16,48,6,2288,0.73,0.98,0.25,0.42
PF08730,PF15825,0,0,0,0,0,2358,0,1.0,0,0,0,0,0,0,2358,0,1.0,0,0
PF12603,PF15518,3,3,3,0,0,2355,1.0,1.0,1.0,1.0,3,3,0,0,2355,1.0,1.0,1.0,1.0
PF15772,PF15119,0,4,0,0,4,2354,0.0,1.0,0,0,4,0,0,4,2354,0.0,1.0,0,0
PF02503,PF13090,3,3,3,0,0,2355,1.0,1.0,1.0,1.0,3,3,0,0,2355,1.0,1.0,1.0,1.0
PF01462,PF01463,18,13,13,5,0,2340,1.0,1.0,0.72,0.85,13,13,5,0,2340,1.0,1.0,0.72,0.85
PF01875,PF03842,14,1,0,14,1,2343,0.0,0.99,0.0,-0.0,1,0,14,1,2343,0.0,0.99,0.0,-0.0
PF10451,PF02938,8,10,0,8,10,2340,0.0,0.99,0.0,-0.0,10,0,8,10,2340,0.0,0.99,0.0,-0.0
PF04766,PF02809,0,49,0,0,49,2309,0.0,0.98,0,0,49,0,0,49,2309,0.0,0.98,0,0
PF02322,PF13721,4,5,0,4,5,2349,0.0,1.0,0.0,-0.0,5,0,4,5,2349,0.0,1.0,0.0,-0.0
PF16332,PF12062,2,9,1,1,8,2348,0.11,1.0,0.5,0.23,9,1,1,8,2348,0.11,1.0,0.5,0.23
PF06431,PF02217,4,4,4,0,0,2354,1.0,1.0,1.0,1.0,4,4,0,0,2354,1.0,1.0,1.0,1.0
PF15768,PF05202,0,1,0,0,1,2357,0.0,1.0,0,0,1,0,0,1,2357,0.0,1.0,0,0
PF01930,PF11229,3,3,0,3,3,2352,0.0,1.0,0.0,-0.0,3,0,3,3,2352,0.0,1.0,0.0,-0.0
PF16102,PF08035,0,0,0,0,0,2358,0,1.0,0,0,0,0,0,0,2358,0,1.0,0,0
PF13305,PF15149,0,2,0,0,2,2356,0.0,1.0,0,0,2,0,0,2,2356,0.0,1.0,0,0
PF05658,PF13018,2,2,2,0,0,2356,1.0,1.0,1.0,1.0,2,2,0,0,2356,1.0,1.0,1.0,1.0
PF10211,PF16531,13,6,0,13,6,2339,0.0,0.99,0.0,-0.0,6,0,13,6,2339,0.0,0.99,0.0,-0.0
PF16387,PF00686,2,66,2,0,64,2292,0.03,0.97,1.0,0.17,66,2,0,64,2292,0.03,0.97,1.0,0.17
PF08945,PF15175,0,0,0,0,0,2358,0,1.0,0,0,0,0,0,0,2358,0,1.0,0,0
PF07660,PF03241,4,0,0,4,0,2354,0,1.0,0.0,0,0,0,4,0,2354,0,1.0,0.0,0
PF09236,PF15838,4,0,0,4,0,2354,0,1.0,0.0,0,0,0,4,0,2354,0,1.0,0.0,0
PF05679,PF02434,28,53,19,9,34,2296,0.36,0.98,0.68,0.49,53,19,9,34,2296,0.36,0.98,0.68,0.49
PF12585,PF08591,3,1,0,3,1,2354,0.0,1.0,0.0,-0.0,1,0,3,1,2354,0.0,1.0,0.0,-0.0
PF06560,PF06295,4,0,0,4,0,2354,0,1.0,0.0,0,0,0,4,0,2354,0,1.0,0.0,0
PF13099,PF09074,0,2,0,0,2,2356,0.0,1.0,0,0,2,0,0,2,2356,0.0,1.0,0,0
PF03171,PF14226,83,74,68,15,6,2269,0.92,0.99,0.82,0.86,74,68,15,6,2269,0.92,0.99,0.82,0.86
PF14747,PF15550,0,3,0,0,3,2355,0.0,1.0,0,0,3,0,0,3,2355,0.0,1.0,0,0
PF09747,PF04253,17,29,10,7,19,2322,0.34,0.99,0.59,0.45,29,10,7,19,2322,0.34,0.99,0.59,0.45
PF00871,PF01515,10,15,8,2,7,2341,0.53,1.0,0.8,0.65,15,8,2,7,2341,0.53,1.0,0.8,0.65
PF00931,PF07725,156,25,24,132,1,2201,0.96,0.94,0.15,0.37,25,24,132,1,2201,0.96,0.94,0.15,0.37
PF12528,PF15938,0,1,0,0,1,2357,0.0,1.0,0,0,1,0,0,1,2357,0.0,1.0,0,0
PF12453,PF12567,4,4,4,0,0,2354,1.0,1.0,1.0,1.0,4,4,0,0,2354,1.0,1.0,1.0,1.0
PF02718,PF01340,2,3,0,2,3,2353,0.0,1.0,0.0,-0.0,3,0,2,3,2353,0.0,1.0,0.0,-0.0
PF13795,PF03548,3,3,0,3,3,2352,0.0,1.0,0.0,-0.0,3,0,3,3,2352,0.0,1.0,0.0,-0.0
PF01865,PF09738,0,2,0,0,2,2356,0.0,1.0,0,0,2,0,0,2,2356,0.0,1.0,0,0
PF14087,PF07327,14,3,0,14,3,2341,0.0,0.99,0.0,-0.0,3,0,14,3,2341,0.0,0.99,0.0,-0.0
PF04473,PF03234,0,12,0,0,12,2346,0.0,0.99,0,0,12,0,0,12,2346,0.0,0.99,0,0
PF15004,PF15841,1,0,0,1,0,2357,0,1.0,0.0,0,0,0,1,0,2357,0,1.0,0.0,0
PF09265,PF02913,22,56,6,16,50,2286,0.11,0.97,0.27,0.16,56,6,16,50,2286,0.11,0.97,0.27,0.16
PF02822,PF02961,20,6,3,17,3,2335,0.5,0.99,0.15,0.27,6,3,17,3,2335,0.5,0.99,0.15,0.27
PF05827,PF16692,16,6,0,16,6,2336,0.0,0.99,0.0,-0.0,6,0,16,6,2336,0.0,0.99,0.0,-0.0
PF07855,PF06749,19,10,1,18,9,2330,0.1,0.99,0.05,0.07,10,1,18,9,2330,0.1,0.99,0.05,0.07
PF15602,PF16108,0,0,0,0,0,2358,0,1.0,0,0,0,0,0,0,2358,0,1.0,0,0
PF12634,PF13362,6,0,0,6,0,2352,0,1.0,0.0,0,0,0,6,0,2352,0,1.0,0.0,0
PF04277,PF15214,5,4,0,5,4,2349,0.0,1.0,0.0,-0.0,4,0,5,4,2349,0.0,1.0,0.0,-0.0
PF01575,PF08354,53,13,13,40,0,2305,1.0,0.98,0.25,0.49,13,13,40,0,2305,1.0,0.98,0.25,0.49
PF12626,PF00308,5,9,5,0,4,2349,0.56,1.0,1.0,0.74,9,5,0,4,2349,0.56,1.0,1.0,0.74
PF04045,PF00079,40,57,10,30,47,2271,0.18,0.97,0.25,0.19,57,10,30,47,2271,0.18,0.97,0.25,0.19
PF13388,PF12240,0,2,0,0,2,2356,0.0,1.0,0,0,2,0,0,2,2356,0.0,1.0,0,0
PF02108,PF05164,0,0,0,0,0,2358,0,1.0,0,0,0,0,0,0,2358,0,1.0,0,0
PF13732,PF12399,9,13,6,3,7,2342,0.46,1.0,0.67,0.55,13,6,3,7,2342,0.46,1.0,0.67,0.55
PF01750,PF07317,2,0,0,2,0,2356,0,1.0,0.0,0,0,0,2,0,2356,0,1.0,0.0,0
PF09699,PF15834,0,0,0,0,0,2358,0,1.0,0,0,0,0,0,0,2358,0,1.0,0,0
PF00245,PF04430,31,41,16,15,25,2302,0.39,0.98,0.52,0.44,41,16,15,25,2302,0.39,0.98,0.52,0.44
PF16912,PF13823,1,4,1,0,3,2354,0.25,1.0,1.0,0.5,4,1,0,3,2354,0.25,1.0,1.0,0.5
PF07391,PF13876,0,1,0,0,1,2357,0.0,1.0,0,0,1,0,0,1,2357,0.0,1.0,0,0
PF03185,PF09051,13,0,0,13,0,2345,0,0.99,0.0,0,0,0,13,0,2345,0,0.99,0.0,0
PF05694,PF08229,12,9,4,8,5,2341,0.44,0.99,0.33,0.38,9,4,8,5,2341,0.44,0.99,0.33,0.38
PF15685,PF10856,2,0,0,2,0,2356,0,1.0,0.0,0,0,0,2,0,2356,0,1.0,0.0,0
PF15097,PF15085,1,2,0,1,2,2355,0.0,1.0,0.0,-0.0,2,0,1,2,2355,0.0,1.0,0.0,-0.0
PF03285,PF14802,2,6,0,2,6,2350,0.0,1.0,0.0,-0.0,6,0,2,6,2350,0.0,1.0,0.0,-0.0
PF08093,PF05962,3,2,0,3,2,2353,0.0,1.0,0.0,-0.0,2,0,3,2,2353,0.0,1.0,0.0,-0.0
PF05419,PF12046,0,0,0,0,0,2358,0,1.0,0,0,0,0,0,0,2358,0,1.0,0,0
PF03045,PF07816,13,0,0,13,0,2345,0,0.99,0.0,0,0,0,13,0,2345,0,0.99,0.0,0
PF01734,PF05057,98,52,27,71,25,2235,0.52,0.96,0.28,0.36,52,27,71,25,2235,0.52,0.96,0.28,0.36
PF14999,PF05425,1,1,0,1,1,2356,0.0,1.0,0.0,-0.0,1,0,1,1,2356,0.0,1.0,0.0,-0.0
PF07303,PF01284,20,53,14,6,39,2299,0.26,0.98,0.7,0.42,53,14,6,39,2299,0.26,0.98,0.7,0.42
PF09587,PF07327,9,3,0,9,3,2346,0.0,0.99,0.0,-0.0,3,0,9,3,2346,0.0,0.99,0.0,-0.0
PF15120,PF15829,2,1,1,1,0,2356,1.0,1.0,0.5,0.71,1,1,1,0,2356,1.0,1.0,0.5,0.71
PF12494,PF02448,8,0,0,8,0,2350,0,1.0,0.0,0,0,0,8,0,2350,0,1.0,0.0,0
PF08484,PF08421,2,2,2,0,0,2356,1.0,1.0,1.0,1.0,2,2,0,0,2356,1.0,1.0,1.0,1.0
PF13378,PF16582,40,2,2,38,0,2318,1.0,0.98,0.05,0.22,2,2,38,0,2318,1.0,0.98,0.05,0.22
PF08157,PF00524,6,5,1,5,4,2348,0.2,1.0,0.17,0.18,5,1,5,4,2348,0.2,1.0,0.17,0.18
PF02732,PF11977,42,18,7,35,11,2305,0.39,0.98,0.17,0.25,18,7,35,11,2305,0.39,0.98,0.17,0.25
PF13331,PF11341,0,3,0,0,3,2355,0.0,1.0,0,0,3,0,0,3,2355,0.0,1.0,0,0
PF13825,PF16500,0,5,0,0,5,2353,0.0,1.0,0,0,5,0,0,5,2353,0.0,1.0,0,0
PF16766,PF16768,1,2,1,0,1,2356,0.5,1.0,1.0,0.71,2,1,0,1,2356,0.5,1.0,1.0,0.71
PF12740,PF04414,14,5,3,11,2,2342,0.6,0.99,0.21,0.36,5,3,11,2,2342,0.6,0.99,0.21,0.36
PF03987,PF03986,28,19,18,10,1,2329,0.95,1.0,0.64,0.78,19,18,10,1,2329,0.95,1.0,0.64,0.78
PF03198,PF00332,36,46,9,27,37,2285,0.2,0.97,0.25,0.21,46,9,27,37,2285,0.2,0.97,0.25,0.21
PF06962,PF11842,2,2,2,0,0,2356,1.0,1.0,1.0,1.0,2,2,0,0,2356,1.0,1.0,1.0,1.0
PF11179,PF03525,2,1,0,2,1,2355,0.0,1.0,0.0,-0.0,1,0,2,1,2355,0.0,1.0,0.0,-0.0
PF03577,PF05191,6,23,1,5,22,2330,0.04,0.99,0.17,0.08,23,1,5,22,2330,0.04,0.99,0.17,0.08
PF16054,PF11032,8,3,2,6,1,2349,0.67,1.0,0.25,0.41,3,2,6,1,2349,0.67,1.0,0.25,0.41
PF16039,PF09057,1,3,0,1,3,2354,0.0,1.0,0.0,-0.0,3,0,1,3,2354,0.0,1.0,0.0,-0.0
PF11936,PF16553,13,4,1,12,3,2342,0.25,0.99,0.08,0.14,4,1,12,3,2342,0.25,0.99,0.08,0.14
PF10427,PF12938,2,8,1,1,7,2349,0.12,1.0,0.5,0.25,8,1,1,7,2349,0.12,1.0,0.5,0.25
PF11289,PF00721,0,2,0,0,2,2356,0.0,1.0,0,0,2,0,0,2,2356,0.0,1.0,0,0
PF05233,PF07879,3,3,3,0,0,2355,1.0,1.0,1.0,1.0,3,3,0,0,2355,1.0,1.0,1.0,1.0
PF04516,PF15996,16,14,7,9,7,2335,0.5,0.99,0.44,0.46,14,7,9,7,2335,0.5,0.99,0.44,0.46
PF00228,PF04916,7,17,4,3,13,2338,0.24,0.99,0.57,0.36,17,4,3,13,2338,0.24,0.99,0.57,0.36
PF02940,PF11538,16,9,4,12,5,2337,0.44,0.99,0.25,0.33,9,4,12,5,2337,0.44,0.99,0.25,0.33
PF13729,PF09394,0,0,0,0,0,2358,0,1.0,0,0,0,0,0,0,2358,0,1.0,0,0
PF10037,PF10167,7,9,0,7,9,2342,0.0,0.99,0.0,-0.0,9,0,7,9,2342,0.0,0.99,0.0,-0.0
PF04377,PF04376,18,16,15,3,1,2339,0.94,1.0,0.83,0.88,16,15,3,1,2339,0.94,1.0,0.83,0.88
PF06964,PF14498,25,18,9,16,9,2324,0.5,0.99,0.36,0.42,18,9,16,9,2324,0.5,0.99,0.36,0.42
PF14334,PF04187,0,1,0,0,1,2357,0.0,1.0,0,0,1,0,0,1,2357,0.0,1.0,0,0
PF08279,PF02912,17,8,5,12,3,2338,0.62,0.99,0.29,0.43,8,5,12,3,2338,0.62,0.99,0.29,0.43
PF05832,PF04667,18,14,1,17,13,2327,0.07,0.99,0.06,0.06,14,1,17,13,2327,0.07,0.99,0.06,0.06
PF00628,PF12269,178,12,12,166,0,2180,1.0,0.93,0.07,0.25,12,12,166,0,2180,1.0,0.93,0.07,0.25
PF05160,PF10200,19,12,8,11,4,2335,0.67,0.99,0.42,0.53,12,8,11,4,2335,0.67,0.99,0.42,0.53
PF16453,PF12783,23,47,11,12,36,2299,0.23,0.98,0.48,0.33,47,11,12,36,2299,0.23,0.98,0.48,0.33
PF16801,PF03546,0,1,0,0,1,2357,0.0,1.0,0,0,1,0,0,1,2357,0.0,1.0,0,0
PF15820,PF15990,0,6,0,0,6,2352,0.0,1.0,0,0,6,0,0,6,2352,0.0,1.0,0,0
PF07808,PF07807,26,13,13,13,0,2332,1.0,0.99,0.5,0.71,13,13,13,0,2332,1.0,0.99,0.5,0.71
PF00962,PF08451,44,8,7,37,1,2313,0.88,0.98,0.16,0.37,8,7,37,1,2313,0.88,0.98,0.16,0.37
PF11002,PF12188,2,3,0,2,3,2353,0.0,1.0,0.0,-0.0,3,0,2,3,2353,0.0,1.0,0.0,-0.0
PF00142,PF06446,3,2,0,3,2,2353,0.0,1.0,0.0,-0.0,2,0,3,2,2353,0.0,1.0,0.0,-0.0
PF13382,PF03841,5,1,1,4,0,2353,1.0,1.0,0.2,0.45,1,1,4,0,2353,1.0,1.0,0.2,0.45
PF02643,PF16903,0,2,0,0,2,2356,0.0,1.0,0,0,2,0,0,2,2356,0.0,1.0,0,0
PF10401,PF00605,19,21,17,2,4,2335,0.81,1.0,0.89,0.85,21,17,2,4,2335,0.81,1.0,0.89,0.85
PF07034,PF14779,12,3,1,11,2,2344,0.33,0.99,0.08,0.16,3,1,11,2,2344,0.33,0.99,0.08,0.16
PF03875,PF06042,4,2,0,4,2,2352,0.0,1.0,0.0,-0.0,2,0,4,2,2352,0.0,1.0,0.0,-0.0
PF07074,PF14290,14,0,0,14,0,2344,0,0.99,0.0,0,0,0,14,0,2344,0,0.99,0.0,0
PF15912,PF11526,4,17,0,4,17,2337,0.0,0.99,0.0,-0.0,17,0,4,17,2337,0.0,0.99,0.0,-0.0
PF04345,PF15674,6,5,2,4,3,2349,0.4,1.0,0.33,0.36,5,2,4,3,2349,0.4,1.0,0.33,0.36
PF16699,PF04158,7,10,2,5,8,2343,0.2,0.99,0.29,0.24,10,2,5,8,2343,0.2,0.99,0.29,0.24
PF07294,PF11210,2,1,0,2,1,2355,0.0,1.0,0.0,-0.0,1,0,2,1,2355,0.0,1.0,0.0,-0.0
PF00163,PF00900,25,27,3,22,24,2309,0.11,0.98,0.12,0.11,27,3,22,24,2309,0.11,0.98,0.12,0.11
PF08541,PF08392,16,12,10,6,2,2340,0.83,1.0,0.62,0.72,12,10,6,2,2340,0.83,1.0,0.62,0.72
PF12824,PF07856,11,16,3,8,13,2334,0.19,0.99,0.27,0.22,16,3,8,13,2334,0.19,0.99,0.27,0.22
PF14529,PF12009,96,14,6,90,8,2254,0.43,0.96,0.06,0.15,14,6,90,8,2254,0.43,0.96,0.06,0.15
PF09752,PF15794,15,16,1,14,15,2328,0.06,0.99,0.07,0.06,16,1,14,15,2328,0.06,0.99,0.07,0.06
PF01878,PF08228,14,4,1,13,3,2341,0.25,0.99,0.07,0.13,4,1,13,3,2341,0.25,0.99,0.07,0.13
PF06165,PF17167,6,6,6,0,0,2352,1.0,1.0,1.0,1.0,6,6,0,0,2352,1.0,1.0,1.0,1.0
PF15501,PF14722,4,11,0,4,11,2343,0.0,0.99,0.0,-0.0,11,0,4,11,2343,0.0,0.99,0.0,-0.0
PF04442,PF00436,22,38,9,13,29,2307,0.24,0.98,0.41,0.3,38,9,13,29,2307,0.24,0.98,0.41,0.3
PF04048,PF08638,25,15,2,23,13,2320,0.13,0.98,0.08,0.1,15,2,23,13,2320,0.13,0.98,0.08,0.1
PF10510,PF05719,26,10,1,25,9,2323,0.1,0.99,0.04,0.06,10,1,25,9,2323,0.1,0.99,0.04,0.06
PF08645,PF00645,27,40,5,22,35,2296,0.12,0.98,0.19,0.14,40,5,22,35,2296,0.12,0.98,0.19,0.14
PF17002,PF17206,0,1,0,0,1,2357,0.0,1.0,0,0,1,0,0,1,2357,0.0,1.0,0,0
PF02194,PF08628,33,25,25,8,0,2325,1.0,1.0,0.76,0.87,25,25,8,0,2325,1.0,1.0,0.76,0.87
PF16816,PF03092,0,24,0,0,24,2334,0.0,0.99,0,0,24,0,0,24,2334,0.0,0.99,0,0
PF08122,PF09696,9,19,0,9,19,2330,0.0,0.99,0.0,-0.01,19,0,9,19,2330,0.0,0.99,0.0,-0.01
PF02906,PF12617,26,0,0,26,0,2332,0,0.99,0.0,0,0,0,26,0,2332,0,0.99,0.0,0
PF05099,PF15990,0,6,0,0,6,2352,0.0,1.0,0,0,6,0,0,6,2352,0.0,1.0,0,0
PF13164,PF06039,3,3,1,2,2,2353,0.33,1.0,0.33,0.33,3,1,2,2,2353,0.33,1.0,0.33,0.33
PF13610,PF11751,3,0,0,3,0,2355,0,1.0,0.0,0,0,0,3,0,2355,0,1.0,0.0,0
PF00185,PF02729,38,37,37,1,0,2320,1.0,1.0,0.97,0.99,37,37,1,0,2320,1.0,1.0,0.97,0.99
PF00730,PF00633,61,10,5,56,5,2292,0.5,0.97,0.08,0.19,10,5,56,5,2292,0.5,0.97,0.08,0.19
PF10570,PF09291,1,0,0,1,0,2357,0,1.0,0.0,0,0,0,1,0,2357,0,1.0,0.0,0
PF08119,PF12084,3,0,0,3,0,2355,0,1.0,0.0,0,0,0,3,0,2355,0,1.0,0.0,0
PF00084,PF13402,100,7,3,97,4,2254,0.43,0.96,0.03,0.1,7,3,97,4,2254,0.43,0.96,0.03,0.1
PF03102,PF08666,6,13,1,5,12,2340,0.08,0.99,0.17,0.11,13,1,5,12,2340,0.08,0.99,0.17,0.11
PF05706,PF11032,6,3,0,6,3,2349,0.0,1.0,0.0,-0.0,3,0,6,3,2349,0.0,1.0,0.0,-0.0
PF13630,PF16325,0,2,0,0,2,2356,0.0,1.0,0,0,2,0,0,2,2356,0.0,1.0,0,0
PF01571,PF08669,53,52,46,7,6,2299,0.88,0.99,0.87,0.87,52,46,7,6,2299,0.88,0.99,0.87,0.87
PF09818,PF15482,2,0,0,2,0,2356,0,1.0,0.0,0,0,0,2,0,2356,0,1.0,0.0,0
PF07110,PF14027,17,24,8,9,16,2325,0.33,0.99,0.47,0.39,24,8,9,16,2325,0.33,0.99,0.47,0.39
PF01196,PF15860,30,10,2,28,8,2320,0.2,0.98,0.07,0.11,10,2,28,8,2320,0.2,0.98,0.07,0.11
PF05016,PF03831,1,0,0,1,0,2357,0,1.0,0.0,0,0,0,1,0,2357,0,1.0,0.0,0
PF16983,PF02219,6,19,1,5,18,2334,0.05,0.99,0.17,0.09,19,1,5,18,2334,0.05,0.99,0.17,0.09
PF12080,PF07499,0,5,0,0,5,2353,0.0,1.0,0,0,5,0,0,5,2353,0.0,1.0,0,0
PF01576,PF02736,46,54,28,18,26,2286,0.52,0.98,0.61,0.55,54,28,18,26,2286,0.52,0.98,0.61,0.55
PF11702,PF07573,3,7,0,3,7,2348,0.0,1.0,0.0,-0.0,7,0,3,7,2348,0.0,1.0,0.0,-0.0
PF08180,PF04835,0,0,0,0,0,2358,0,1.0,0,0,0,0,0,0,2358,0,1.0,0,0
PF00006,PF00128,92,72,22,70,50,2216,0.31,0.95,0.24,0.24,72,22,70,50,2216,0.31,0.95,0.24,0.24
PF09347,PF07086,16,2,2,14,0,2342,1.0,0.99,0.12,0.35,2,2,14,0,2342,1.0,0.99,0.12,0.35
PF05853,PF15050,2,6,0,2,6,2350,0.0,1.0,0.0,-0.0,6,0,2,6,2350,0.0,1.0,0.0,-0.0
PF03370,PF15247,15,11,3,12,8,2335,0.27,0.99,0.2,0.23,11,3,12,8,2335,0.27,0.99,0.2,0.23
PF15038,PF08034,1,0,0,1,0,2357,0,1.0,0.0,0,0,0,1,0,2357,0,1.0,0.0,0
PF06219,PF03214,4,7,0,4,7,2347,0.0,1.0,0.0,-0.0,7,0,4,7,2347,0.0,1.0,0.0,-0.0
PF14232,PF14231,0,2,0,0,2,2356,0.0,1.0,0,0,2,0,0,2,2356,0.0,1.0,0,0
PF06825,PF03386,8,0,0,8,0,2350,0,1.0,0.0,0,0,0,8,0,2350,0,1.0,0.0,0
PF01133,PF04253,12,29,1,11,28,2318,0.03,0.98,0.08,0.05,29,1,11,28,2318,0.03,0.98,0.08,0.05
PF00155,PF05175,180,54,22,158,32,2146,0.41,0.92,0.12,0.19,54,22,158,32,2146,0.41,0.92,0.12,0.19
PF14231,PF00345,2,12,2,0,10,2346,0.17,1.0,1.0,0.41,12,2,0,10,2346,0.17,1.0,1.0,0.41
PF15218,PF15837,0,0,0,0,0,2358,0,1.0,0,0,0,0,0,0,2358,0,1.0,0,0
PF17213,PF12297,5,1,0,5,1,2352,0.0,1.0,0.0,-0.0,1,0,5,1,2352,0.0,1.0,0.0,-0.0
PF05065,PF00524,2,5,0,2,5,2351,0.0,1.0,0.0,-0.0,5,0,2,5,2351,0.0,1.0,0.0,-0.0
PF06783,PF00995,8,66,8,0,58,2292,0.12,0.98,1.0,0.34,66,8,0,58,2292,0.12,0.98,1.0,0.34
PF02792,PF03842,12,1,0,12,1,2345,0.0,0.99,0.0,-0.0,1,0,12,1,2345,0.0,0.99,0.0,-0.0
PF04301,PF05518,0,0,0,0,0,2358,0,1.0,0,0,0,0,0,0,2358,0,1.0,0,0
PF00069,PF07714,689,348,268,421,80,1589,0.77,0.79,0.39,0.44,348,268,421,80,1589,0.77,0.79,0.39,0.44
PF13725,PF13718,20,21,20,0,1,2337,0.95,1.0,1.0,0.98,21,20,0,1,2337,0.95,1.0,1.0,0.98
PF14923,PF02187,2,28,2,0,26,2330,0.07,0.99,1.0,0.27,28,2,0,26,2330,0.07,0.99,1.0,0.27
PF07540,PF12329,7,17,2,5,15,2336,0.12,0.99,0.29,0.18,17,2,5,15,2336,0.12,0.99,0.29,0.18
PF15444,PF15130,0,2,0,0,2,2356,0.0,1.0,0,0,2,0,0,2,2356,0.0,1.0,0,0
PF11187,PF15318,3,0,0,3,0,2355,0,1.0,0.0,0,0,0,3,0,2355,0,1.0,0.0,0
PF11551,PF06827,4,16,4,0,12,2342,0.25,0.99,1.0,0.5,16,4,0,12,2342,0.25,0.99,1.0,0.5
PF16000,PF10699,5,3,1,4,2,2351,0.33,1.0,0.2,0.26,3,1,4,2,2351,0.33,1.0,0.2,0.26
PF09073,PF15093,6,2,0,6,2,2350,0.0,1.0,0.0,-0.0,2,0,6,2,2350,0.0,1.0,0.0,-0.0
PF07130,PF05488,0,0,0,0,0,2358,0,1.0,0,0,0,0,0,0,2358,0,1.0,0,0
PF08276,PF00954,34,43,30,4,13,2311,0.7,0.99,0.88,0.78,43,30,4,13,2311,0.7,0.99,0.88,0.78
PF09088,PF09090,24,24,24,0,0,2334,1.0,1.0,1.0,1.0,24,24,0,0,2334,1.0,1.0,1.0,1.0
PF13963,PF13960,17,9,4,13,5,2336,0.44,0.99,0.24,0.32,9,4,13,5,2336,0.44,0.99,0.24,0.32
PF15701,PF10737,0,0,0,0,0,2358,0,1.0,0,0,0,0,0,0,2358,0,1.0,0,0
PF03063,PF01402,3,2,1,2,1,2354,0.5,1.0,0.33,0.41,2,1,2,1,2354,0.5,1.0,0.33,0.41
PF00903,PF00120,57,41,14,43,27,2274,0.34,0.97,0.25,0.27,41,14,43,27,2274,0.34,0.97,0.25,0.27
PF14313,PF07661,0,3,0,0,3,2355,0.0,1.0,0,0,3,0,0,3,2355,0.0,1.0,0,0
PF04195,PF11500,11,3,0,11,3,2344,0.0,0.99,0.0,-0.0,3,0,11,3,2344,0.0,0.99,0.0,-0.0
PF12927,PF05841,4,3,0,4,3,2351,0.0,1.0,0.0,-0.0,3,0,4,3,2351,0.0,1.0,0.0,-0.0
PF16862,PF06964,26,25,6,20,19,2313,0.24,0.98,0.23,0.23,25,6,20,19,2313,0.24,0.98,0.23,0.23
PF07549,PF02355,10,8,6,4,2,2346,0.75,1.0,0.6,0.67,8,6,4,2,2346,0.75,1.0,0.6,0.67
PF04629,PF09007,8,2,1,7,1,2349,0.5,1.0,0.12,0.25,2,1,7,1,2349,0.5,1.0,0.12,0.25
PF04751,PF06217,5,0,0,5,0,2353,0,1.0,0.0,0,0,0,5,0,2353,0,1.0,0.0,0
PF03902,PF00172,9,238,9,0,229,2120,0.04,0.9,1.0,0.18,238,9,0,229,2120,0.04,0.9,1.0,0.18
PF13916,PF12509,4,9,0,4,9,2345,0.0,0.99,0.0,-0.0,9,0,4,9,2345,0.0,0.99,0.0,-0.0
PF04420,PF09749,19,19,7,12,12,2327,0.37,0.99,0.37,0.36,19,7,12,12,2327,0.37,0.99,0.37,0.36
PF10056,PF15082,2,3,0,2,3,2353,0.0,1.0,0.0,-0.0,3,0,2,3,2353,0.0,1.0,0.0,-0.0
PF14743,PF04679,6,37,4,2,33,2319,0.11,0.99,0.67,0.26,37,4,2,33,2319,0.11,0.99,0.67,0.26
PF08108,PF04825,1,32,0,1,32,2325,0.0,0.99,0.0,-0.0,32,0,1,32,2325,0.0,0.99,0.0,-0.0
PF00752,PF12246,57,6,5,52,1,2300,0.83,0.98,0.09,0.27,6,5,52,1,2300,0.83,0.98,0.09,0.27
PF08987,PF15775,0,0,0,0,0,2358,0,1.0,0,0,0,0,0,0,2358,0,1.0,0,0
PF04432,PF04422,1,1,1,0,0,2357,1.0,1.0,1.0,1.0,1,1,0,0,2357,1.0,1.0,1.0,1.0
PF00111,PF03450,64,36,30,34,6,2288,0.83,0.98,0.47,0.62,36,30,34,6,2288,0.83,0.98,0.47,0.62
PF12047,PF02008,21,35,11,10,24,2313,0.31,0.99,0.52,0.4,35,11,10,24,2313,0.31,0.99,0.52,0.4
PF09197,PF08914,1,24,1,0,23,2334,0.04,0.99,1.0,0.2,24,1,0,23,2334,0.04,0.99,1.0,0.2
PF00471,PF05912,10,7,2,8,5,2343,0.29,0.99,0.2,0.24,7,2,8,5,2343,0.29,0.99,0.2,0.24
PF00627,PF08585,94,24,14,80,10,2254,0.58,0.96,0.15,0.28,24,14,80,10,2254,0.58,0.96,0.15,0.28
PF15364,PF06541,4,0,0,4,0,2354,0,1.0,0.0,0,0,0,4,0,2354,0,1.0,0.0,0
PF07337,PF10988,0,0,0,0,0,2358,0,1.0,0,0,0,0,0,0,2358,0,1.0,0,0
PF15028,PF03618,0,2,0,0,2,2356,0.0,1.0,0,0,2,0,0,2,2356,0.0,1.0,0,0
PF14291,PF05699,45,122,30,15,92,2221,0.25,0.95,0.67,0.39,122,30,15,92,2221,0.25,0.95,0.67,0.39
PF01267,PF16720,17,3,0,17,3,2338,0.0,0.99,0.0,-0.0,3,0,17,3,2338,0.0,0.99,0.0,-0.0
PF12511,PF15311,15,11,7,8,4,2339,0.64,0.99,0.47,0.54,11,7,8,4,2339,0.64,0.99,0.47,0.54
PF01269,PF03103,32,14,4,28,10,2316,0.29,0.98,0.12,0.18,14,4,28,10,2316,0.29,0.98,0.12,0.18
PF15993,PF03784,1,1,0,1,1,2356,0.0,1.0,0.0,-0.0,1,0,1,1,2356,0.0,1.0,0.0,-0.0
PF15186,PF03548,1,3,0,1,3,2354,0.0,1.0,0.0,-0.0,3,0,1,3,2354,0.0,1.0,0.0,-0.0
PF05778,PF05754,4,0,0,4,0,2354,0,1.0,0.0,0,0,0,4,0,2354,0,1.0,0.0,0
PF09047,PF15232,1,0,0,1,0,2357,0,1.0,0.0,0,0,0,1,0,2357,0,1.0,0.0,0
PF15315,PF05135,0,0,0,0,0,2358,0,1.0,0,0,0,0,0,0,2358,0,1.0,0,0
PF11875,PF14308,12,17,1,11,16,2330,0.06,0.99,0.08,0.06,17,1,11,16,2330,0.06,0.99,0.08,0.06
PF13809,PF10076,0,0,0,0,0,2358,0,1.0,0,0,0,0,0,0,2358,0,1.0,0,0
PF12497,PF02166,6,10,6,0,4,2348,0.6,1.0,1.0,0.77,10,6,0,4,2348,0.6,1.0,1.0,0.77
PF15261,PF06210,2,0,0,2,0,2356,0,1.0,0.0,0,0,0,2,0,2356,0,1.0,0.0,0
PF00822,PF07803,20,3,1,19,2,2336,0.33,0.99,0.05,0.13,3,1,19,2,2336,0.33,0.99,0.05,0.13
PF06294,PF16034,11,2,0,11,2,2345,0.0,0.99,0.0,-0.0,2,0,11,2,2345,0.0,0.99,0.0,-0.0
PF00516,PF08497,1,0,0,1,0,2357,0,1.0,0.0,0,0,0,1,0,2357,0,1.0,0.0,0
PF15696,PF10295,0,8,0,0,8,2350,0.0,1.0,0,0,8,0,0,8,2350,0.0,1.0,0,0
PF14403,PF06355,0,4,0,0,4,2354,0.0,1.0,0,0,4,0,0,4,2354,0.0,1.0,0,0
PF10190,PF02284,11,9,3,8,6,2341,0.33,0.99,0.27,0.3,9,3,8,6,2341,0.33,0.99,0.27,0.3
PF06433,PF14850,7,10,3,4,7,2344,0.3,1.0,0.43,0.36,10,3,4,7,2344,0.3,1.0,0.43,0.36
PF16959,PF01401,4,27,4,0,23,2331,0.15,0.99,1.0,0.38,27,4,0,23,2331,0.15,0.99,1.0,0.38
PF07469,PF16279,5,10,5,0,5,2348,0.5,1.0,1.0,0.71,10,5,0,5,2348,0.5,1.0,1.0,0.71
PF10129,PF10423,0,2,0,0,2,2356,0.0,1.0,0,0,2,0,0,2,2356,0.0,1.0,0,0
PF02791,PF15612,43,33,26,17,7,2308,0.79,0.99,0.6,0.69,33,26,17,7,2308,0.79,0.99,0.6,0.69
PF00611,PF09128,44,11,2,42,9,2305,0.18,0.98,0.05,0.08,11,2,42,9,2305,0.18,0.98,0.05,0.08
PF03178,PF07035,40,10,3,37,7,2311,0.3,0.98,0.07,0.14,10,3,37,7,2311,0.3,0.98,0.07,0.14
PF01381,PF08523,17,10,10,7,0,2341,1.0,1.0,0.59,0.77,10,10,7,0,2341,1.0,1.0,0.59,0.77
PF13840,PF10000,26,4,2,24,2,2330,0.5,0.99,0.08,0.19,4,2,24,2,2330,0.5,0.99,0.08,0.19
PF13002,PF04090,6,3,0,6,3,2349,0.0,1.0,0.0,-0.0,3,0,6,3,2349,0.0,1.0,0.0,-0.0
PF03033,PF13579,40,3,2,38,1,2317,0.67,0.98,0.05,0.18,3,2,38,1,2317,0.67,0.98,0.05,0.18
PF03791,PF03790,6,4,4,2,0,2352,1.0,1.0,0.67,0.82,4,4,2,0,2352,1.0,1.0,0.67,0.82
PF00830,PF10218,8,0,0,8,0,2350,0,1.0,0.0,0,0,0,8,0,2350,0,1.0,0.0,0
PF01189,PF17125,57,16,16,41,0,2301,1.0,0.98,0.28,0.53,16,16,41,0,2301,1.0,0.98,0.28,0.53
PF08984,PF14850,0,10,0,0,10,2348,0.0,1.0,0,0,10,0,0,10,2348,0.0,1.0,0,0
PF04488,PF04572,52,7,7,45,0,2306,1.0,0.98,0.13,0.36,7,7,45,0,2306,1.0,0.98,0.13,0.36
PF04527,PF15955,0,3,0,0,3,2355,0.0,1.0,0,0,3,0,0,3,2355,0.0,1.0,0,0
PF00102,PF14948,110,5,5,105,0,2248,1.0,0.96,0.05,0.21,5,5,105,0,2248,1.0,0.96,0.05,0.21
PF03625,PF14519,1,0,0,1,0,2357,0,1.0,0.0,0,0,0,1,0,2357,0,1.0,0.0,0
PF16547,PF11919,9,17,9,0,8,2341,0.53,1.0,1.0,0.73,17,9,0,8,2341,0.53,1.0,1.0,0.73
PF08318,PF04437,24,30,8,16,22,2312,0.27,0.98,0.33,0.29,30,8,16,22,2312,0.27,0.98,0.33,0.29
PF16489,PF02793,29,36,17,12,19,2310,0.47,0.99,0.59,0.52,36,17,12,19,2310,0.47,0.99,0.59,0.52
PF04889,PF13954,26,10,3,23,7,2325,0.3,0.99,0.12,0.18,10,3,23,7,2325,0.3,0.99,0.12,0.18
PF02363,PF02736,9,54,5,4,49,2300,0.09,0.98,0.56,0.22,54,5,4,49,2300,0.09,0.98,0.56,0.22
PF08263,PF00560,95,88,62,33,26,2237,0.7,0.97,0.65,0.67,88,62,33,26,2237,0.7,0.97,0.65,0.67
PF02758,PF14484,18,22,11,7,11,2329,0.5,0.99,0.61,0.55,22,11,7,11,2329,0.5,0.99,0.61,0.55
PF03638,PF01754,13,14,2,11,12,2333,0.14,0.99,0.15,0.14,14,2,11,12,2333,0.14,0.99,0.15,0.14
PF08070,PF16898,8,17,8,0,9,2341,0.47,1.0,1.0,0.68,17,8,0,9,2341,0.47,1.0,1.0,0.68
PF10606,PF10482,3,2,0,3,2,2353,0.0,1.0,0.0,-0.0,2,0,3,2,2353,0.0,1.0,0.0,-0.0
PF10347,PF10293,11,9,9,2,0,2347,1.0,1.0,0.82,0.9,9,9,2,0,2347,1.0,1.0,0.82,0.9
PF14299,PF07723,18,20,5,13,15,2325,0.25,0.99,0.28,0.26,20,5,13,15,2325,0.25,0.99,0.28,0.26
PF17024,PF08873,0,0,0,0,0,2358,0,1.0,0,0,0,0,0,0,2358,0,1.0,0,0
PF10329,PF05704,7,11,1,6,10,2341,0.09,0.99,0.14,0.11,11,1,6,10,2341,0.09,0.99,0.14,0.11
PF05282,PF05197,16,12,1,15,11,2331,0.08,0.99,0.06,0.07,12,1,15,11,2331,0.08,0.99,0.06,0.07
PF15390,PF14822,0,6,0,0,6,2352,0.0,1.0,0,0,6,0,0,6,2352,0.0,1.0,0,0
PF15505,PF15119,1,4,0,1,4,2353,0.0,1.0,0.0,-0.0,4,0,1,4,2353,0.0,1.0,0.0,-0.0
PF00467,PF11942,40,15,7,33,8,2310,0.47,0.98,0.17,0.28,15,7,33,8,2310,0.47,0.98,0.17,0.28
PF08503,PF07530,1,9,0,1,9,2348,0.0,1.0,0.0,-0.0,9,0,1,9,2348,0.0,1.0,0.0,-0.0
PF04481,PF02195,7,12,0,7,12,2339,0.0,0.99,0.0,-0.0,12,0,7,12,2339,0.0,0.99,0.0,-0.0
PF03471,PF15450,12,4,1,11,3,2343,0.25,0.99,0.08,0.14,4,1,11,3,2343,0.25,0.99,0.08,0.14
PF15313,PF13097,14,6,0,14,6,2338,0.0,0.99,0.0,-0.0,6,0,14,6,2338,0.0,0.99,0.0,-0.0
PF11750,PF12996,0,0,0,0,0,2358,0,1.0,0,0,0,0,0,0,2358,0,1.0,0,0
PF13634,PF12110,39,33,19,20,14,2305,0.58,0.99,0.49,0.52,33,19,20,14,2305,0.58,0.99,0.49,0.52
PF05784,PF12896,1,29,0,1,29,2328,0.0,0.99,0.0,-0.0,29,0,1,29,2328,0.0,0.99,0.0,-0.0
PF00362,PF17205,21,10,9,12,1,2336,0.9,0.99,0.43,0.62,10,9,12,1,2336,0.9,0.99,0.43,0.62
PF16041,PF12936,10,13,1,9,12,2336,0.08,0.99,0.1,0.08,13,1,9,12,2336,0.08,0.99,0.1,0.08
PF11245,PF08497,0,0,0,0,0,2358,0,1.0,0,0,0,0,0,0,2358,0,1.0,0,0
PF03732,PF01107,100,11,9,91,2,2256,0.82,0.96,0.09,0.26,11,9,91,2,2256,0.82,0.96,0.09,0.26
PF05978,PF06813,30,13,4,26,9,2319,0.31,0.99,0.13,0.2,13,4,26,9,2319,0.31,0.99,0.13,0.2
PF16557,PF16534,2,5,2,0,3,2353,0.4,1.0,1.0,0.63,5,2,0,3,2353,0.4,1.0,1.0,0.63
PF00454,PF02259,123,67,56,67,11,2224,0.84,0.97,0.46,0.6,67,56,67,11,2224,0.84,0.97,0.46,0.6
PF10268,PF10712,8,8,4,4,4,2346,0.5,1.0,0.5,0.5,8,4,4,4,2346,0.5,1.0,0.5,0.5
PF16818,PF09832,3,0,0,3,0,2355,0,1.0,0.0,0,0,0,3,0,2355,0,1.0,0.0,0
PF03913,PF13629,0,3,0,0,3,2355,0.0,1.0,0,0,3,0,0,3,2355,0.0,1.0,0,0
PF14240,PF15491,9,1,0,9,1,2348,0.0,1.0,0.0,-0.0,1,0,9,1,2348,0.0,1.0,0.0,-0.0
PF00737,PF01947,5,0,0,5,0,2353,0,1.0,0.0,0,0,0,5,0,2353,0,1.0,0.0,0
PF07821,PF16028,13,5,2,11,3,2342,0.4,0.99,0.15,0.25,5,2,11,3,2342,0.4,0.99,0.15,0.25
PF05258,PF15680,0,0,0,0,0,2358,0,1.0,0,0,0,0,0,0,2358,0,1.0,0,0
PF08619,PF16644,7,6,4,3,2,2349,0.67,1.0,0.57,0.62,6,4,3,2,2349,0.67,1.0,0.57,0.62
PF15244,PF15369,2,2,0,2,2,2354,0.0,1.0,0.0,-0.0,2,0,2,2,2354,0.0,1.0,0.0,-0.0
PF14372,PF10683,38,3,2,36,1,2319,0.67,0.98,0.05,0.18,3,2,36,1,2319,0.67,0.98,0.05,0.18
PF15829,PF15576,1,1,0,1,1,2356,0.0,1.0,0.0,-0.0,1,0,1,1,2356,0.0,1.0,0.0,-0.0
PF02601,PF01752,2,4,0,2,4,2352,0.0,1.0,0.0,-0.0,4,0,2,4,2352,0.0,1.0,0.0,-0.0
PF04103,PF13908,13,5,1,12,4,2341,0.2,0.99,0.08,0.12,5,1,12,4,2341,0.2,0.99,0.08,0.12
PF07711,PF16833,5,0,0,5,0,2353,0,1.0,0.0,0,0,0,5,0,2353,0,1.0,0.0,0
PF16016,PF02893,27,68,18,9,50,2281,0.26,0.97,0.67,0.41,68,18,9,50,2281,0.26,0.97,0.67,0.41
PF07506,PF11405,0,0,0,0,0,2358,0,1.0,0,0,0,0,0,0,2358,0,1.0,0,0
PF07709,PF17085,2,1,0,2,1,2355,0.0,1.0,0.0,-0.0,1,0,2,1,2355,0.0,1.0,0.0,-0.0
PF01214,PF14798,31,3,1,30,2,2325,0.33,0.99,0.03,0.1,3,1,30,2,2325,0.33,0.99,0.03,0.1
PF07927,PF08453,2,4,0,2,4,2352,0.0,1.0,0.0,-0.0,4,0,2,4,2352,0.0,1.0,0.0,-0.0
PF08150,PF16165,11,14,7,4,7,2340,0.5,1.0,0.64,0.56,14,7,4,7,2340,0.5,1.0,0.64,0.56
PF09786,PF10574,19,0,0,19,0,2339,0,0.99,0.0,0,0,0,19,0,2339,0,0.99,0.0,0
PF09635,PF13603,4,21,4,0,17,2337,0.19,0.99,1.0,0.43,21,4,0,17,2337,0.19,0.99,1.0,0.43
PF12628,PF06724,0,0,0,0,0,2358,0,1.0,0,0,0,0,0,0,2358,0,1.0,0,0
PF02487,PF05189,24,10,0,24,10,2324,0.0,0.99,0.0,-0.01,10,0,24,10,2324,0.0,0.99,0.0,-0.01
PF09984,PF05272,5,0,0,5,0,2353,0,1.0,0.0,0,0,0,5,0,2353,0,1.0,0.0,0
PF03904,PF13553,0,15,0,0,15,2343,0.0,0.99,0,0,15,0,0,15,2343,0.0,0.99,0,0
PF00588,PF08032,44,7,7,37,0,2314,1.0,0.98,0.16,0.4,7,7,37,0,2314,1.0,0.98,0.16,0.4
PF00366,PF16205,39,27,24,15,3,2316,0.89,0.99,0.62,0.74,27,24,15,3,2316,0.89,0.99,0.62,0.74
PF00105,PF00104,86,84,75,11,9,2263,0.89,0.99,0.87,0.88,84,75,11,9,2263,0.89,0.99,0.87,0.88
PF07286,PF00220,7,4,0,7,4,2347,0.0,1.0,0.0,-0.0,4,0,7,4,2347,0.0,1.0,0.0,-0.0
PF06974,PF03007,11,12,7,4,5,2342,0.58,1.0,0.64,0.61,12,7,4,5,2342,0.58,1.0,0.64,0.61
PF11321,PF09585,3,4,0,3,4,2351,0.0,1.0,0.0,-0.0,4,0,3,4,2351,0.0,1.0,0.0,-0.0
PF13645,PF15102,0,4,0,0,4,2354,0.0,1.0,0,0,4,0,0,4,2354,0.0,1.0,0,0
PF14226,PF03171,74,83,68,6,15,2269,0.82,0.99,0.92,0.86,83,68,6,15,2269,0.82,0.99,0.92,0.86
PF14600,PF07382,1,6,1,0,5,2352,0.17,1.0,1.0,0.41,6,1,0,5,2352,0.17,1.0,1.0,0.41
PF13953,PF13954,16,10,10,6,0,2342,1.0,1.0,0.62,0.79,10,10,6,0,2342,1.0,1.0,0.62,0.79
PF16908,PF12624,38,54,35,3,19,2301,0.65,0.99,0.92,0.77,54,35,3,19,2301,0.65,0.99,0.92,0.77
PF07721,PF07720,10,12,5,5,7,2341,0.42,0.99,0.5,0.45,12,5,5,7,2341,0.42,0.99,0.5,0.45
PF12534,PF11921,5,1,1,4,0,2353,1.0,1.0,0.2,0.45,1,1,4,0,2353,1.0,1.0,0.2,0.45
PF03521,PF16799,10,5,4,6,1,2347,0.8,1.0,0.4,0.56,5,4,6,1,2347,0.8,1.0,0.4,0.56
PF02744,PF01087,14,14,13,1,1,2343,0.93,1.0,0.93,0.93,14,13,1,1,2343,0.93,1.0,0.93,0.93
PF14564,PF06761,4,0,0,4,0,2354,0,1.0,0.0,0,0,0,4,0,2354,0,1.0,0.0,0
PF05651,PF05280,0,10,0,0,10,2348,0.0,1.0,0,0,10,0,0,10,2348,0.0,1.0,0,0
PF04921,PF09496,18,10,1,17,9,2331,0.1,0.99,0.06,0.07,10,1,17,9,2331,0.1,0.99,0.06,0.07
PF07204,PF11465,6,9,1,5,8,2344,0.11,0.99,0.17,0.13,9,1,5,8,2344,0.11,0.99,0.17,0.13
PF00396,PF09353,21,5,2,19,3,2334,0.4,0.99,0.1,0.19,5,2,19,3,2334,0.4,0.99,0.1,0.19
PF05823,PF01674,4,15,0,4,15,2339,0.0,0.99,0.0,-0.0,15,0,4,15,2339,0.0,0.99,0.0,-0.0
PF05600,PF12139,17,0,0,17,0,2341,0,0.99,0.0,0,0,0,17,0,2341,0,0.99,0.0,0
PF01789,PF07896,13,10,2,11,8,2337,0.2,0.99,0.15,0.17,10,2,11,8,2337,0.2,0.99,0.15,0.17
PF00491,PF13023,32,17,10,22,7,2319,0.59,0.99,0.31,0.42,17,10,22,7,2319,0.59,0.99,0.31,0.42
PF00793,PF08584,23,9,0,23,9,2326,0.0,0.99,0.0,-0.01,9,0,23,9,2326,0.0,0.99,0.0,-0.01
PF02035,PF08847,2,0,0,2,0,2356,0,1.0,0.0,0,0,0,2,0,2356,0,1.0,0.0,0
PF06506,PF09327,8,0,0,8,0,2350,0,1.0,0.0,0,0,0,8,0,2350,0,1.0,0.0,0
PF15876,PF15832,0,3,0,0,3,2355,0.0,1.0,0,0,3,0,0,3,2355,0.0,1.0,0,0
PF05620,PF03943,7,15,3,4,12,2339,0.2,0.99,0.43,0.29,15,3,4,12,2339,0.2,0.99,0.43,0.29
PF15488,PF00054,0,39,0,0,39,2319,0.0,0.98,0,0,39,0,0,39,2319,0.0,0.98,0,0
PF09637,PF00220,13,4,0,13,4,2341,0.0,0.99,0.0,-0.0,4,0,13,4,2341,0.0,0.99,0.0,-0.0
PF15867,PF13877,8,18,5,3,13,2337,0.28,0.99,0.62,0.41,18,5,3,13,2337,0.28,0.99,0.62,0.41
PF15180,PF17062,4,0,0,4,0,2354,0,1.0,0.0,0,0,0,4,0,2354,0,1.0,0.0,0
PF08785,PF03731,16,37,13,3,24,2318,0.35,0.99,0.81,0.53,37,13,3,24,2318,0.35,0.99,0.81,0.53
PF04192,PF15512,15,2,1,14,1,2342,0.5,0.99,0.07,0.18,2,1,14,1,2342,0.5,0.99,0.07,0.18
PF10063,PF06695,5,0,0,5,0,2353,0,1.0,0.0,0,0,0,5,0,2353,0,1.0,0.0,0
PF01325,PF03090,3,0,0,3,0,2355,0,1.0,0.0,0,0,0,3,0,2355,0,1.0,0.0,0
PF08738,PF03576,0,2,0,0,2,2356,0.0,1.0,0,0,2,0,0,2,2356,0.0,1.0,0,0
PF11569,PF04731,3,7,3,0,4,2351,0.43,1.0,1.0,0.65,7,3,0,4,2351,0.43,1.0,1.0,0.65
PF08352,PF08402,7,11,4,3,7,2344,0.36,1.0,0.57,0.45,11,4,3,7,2344,0.36,1.0,0.57,0.45
PF01934,PF13427,1,1,1,0,0,2357,1.0,1.0,1.0,1.0,1,1,0,0,2357,1.0,1.0,1.0,1.0
PF14418,PF17182,2,0,0,2,0,2356,0,1.0,0.0,0,0,0,2,0,2356,0,1.0,0.0,0
PF00861,PF05915,14,2,0,14,2,2342,0.0,0.99,0.0,-0.0,2,0,14,2,2342,0.0,0.99,0.0,-0.0
PF15156,PF17061,1,0,0,1,0,2357,0,1.0,0.0,0,0,0,1,0,2357,0,1.0,0.0,0
PF00364,PF00289,88,67,59,29,8,2262,0.88,0.98,0.67,0.76,67,59,29,8,2262,0.88,0.98,0.67,0.76
PF08506,PF08389,29,68,16,13,52,2277,0.24,0.97,0.55,0.35,68,16,13,52,2277,0.24,0.97,0.55,0.35
PF10380,PF09818,2,2,0,2,2,2354,0.0,1.0,0.0,-0.0,2,0,2,2,2354,0.0,1.0,0.0,-0.0
PF02538,PF05378,37,43,37,0,6,2315,0.86,1.0,1.0,0.93,43,37,0,6,2315,0.86,1.0,1.0,0.93
PF00305,PF01477,32,55,24,8,31,2295,0.44,0.98,0.75,0.56,55,24,8,31,2295,0.44,0.98,0.75,0.56
PF11437,PF15281,0,5,0,0,5,2353,0.0,1.0,0,0,5,0,0,5,2353,0.0,1.0,0,0
PF12583,PF12580,6,11,6,0,5,2347,0.55,1.0,1.0,0.74,11,6,0,5,2347,0.55,1.0,1.0,0.74
PF09027,PF06760,4,4,2,2,2,2352,0.5,1.0,0.5,0.5,4,2,2,2,2352,0.5,1.0,0.5,0.5
PF02645,PF09904,3,0,0,3,0,2355,0,1.0,0.0,0,0,0,3,0,2355,0,1.0,0.0,0
PF15661,PF08275,4,6,0,4,6,2348,0.0,1.0,0.0,-0.0,6,0,4,6,2348,0.0,1.0,0.0,-0.0
PF14469,PF15172,5,1,0,5,1,2352,0.0,1.0,0.0,-0.0,1,0,5,1,2352,0.0,1.0,0.0,-0.0
PF14206,PF04261,0,20,0,0,20,2338,0.0,0.99,0,0,20,0,0,20,2338,0.0,0.99,0,0
PF16186,PF01749,40,41,29,11,12,2306,0.71,0.99,0.72,0.71,41,29,11,12,2306,0.71,0.99,0.72,0.71
PF08262,PF10735,0,0,0,0,0,2358,0,1.0,0,0,0,0,0,0,2358,0,1.0,0,0
PF05301,PF15991,10,0,0,10,0,2348,0,1.0,0.0,0,0,0,10,0,2348,0,1.0,0.0,0
PF04917,PF11751,2,0,0,2,0,2356,0,1.0,0.0,0,0,0,2,0,2356,0,1.0,0.0,0
PF04367,PF07939,3,2,1,2,1,2354,0.5,1.0,0.33,0.41,2,1,2,1,2354,0.5,1.0,0.33,0.41
PF11618,PF16056,5,4,1,4,3,2350,0.25,1.0,0.2,0.22,4,1,4,3,2350,0.25,1.0,0.2,0.22
PF10088,PF12937,0,186,0,0,186,2172,0.0,0.92,0,0,186,0,0,186,2172,0.0,0.92,0,0
PF12596,PF12017,7,42,5,2,37,2314,0.12,0.98,0.71,0.29,42,5,2,37,2314,0.12,0.98,0.71,0.29
PF03351,PF10517,37,10,10,27,0,2321,1.0,0.99,0.27,0.52,10,10,27,0,2321,1.0,0.99,0.27,0.52
PF11855,PF10467,3,1,0,3,1,2354,0.0,1.0,0.0,-0.0,1,0,3,1,2354,0.0,1.0,0.0,-0.0
PF15908,PF10481,7,7,0,7,7,2344,0.0,0.99,0.0,-0.0,7,0,7,7,2344,0.0,0.99,0.0,-0.0
PF13334,PF12326,7,12,3,4,9,2342,0.25,0.99,0.43,0.32,12,3,4,9,2342,0.25,0.99,0.43,0.32
PF02812,PF05088,23,17,7,16,10,2325,0.41,0.99,0.3,0.35,17,7,16,10,2325,0.41,0.99,0.3,0.35
PF04505,PF06083,27,5,1,26,4,2327,0.2,0.99,0.04,0.08,5,1,26,4,2327,0.2,0.99,0.04,0.08
PF15712,PF03963,0,3,0,0,3,2355,0.0,1.0,0,0,3,0,0,3,2355,0.0,1.0,0,0
PF06448,PF09172,12,27,12,0,15,2331,0.44,0.99,1.0,0.66,27,12,0,15,2331,0.44,0.99,1.0,0.66
PF17167,PF06165,6,6,6,0,0,2352,1.0,1.0,1.0,1.0,6,6,0,0,2352,1.0,1.0,1.0,1.0
PF06581,PF06875,2,0,0,2,0,2356,0,1.0,0.0,0,0,0,2,0,2356,0,1.0,0.0,0
PF02522,PF05167,2,2,0,2,2,2354,0.0,1.0,0.0,-0.0,2,0,2,2,2354,0.0,1.0,0.0,-0.0
PF06339,PF14323,8,1,0,8,1,2349,0.0,1.0,0.0,-0.0,1,0,8,1,2349,0.0,1.0,0.0,-0.0
PF04587,PF00698,20,74,10,10,64,2274,0.14,0.97,0.5,0.25,74,10,10,64,2274,0.14,0.97,0.5,0.25
PF08557,PF11960,12,6,2,10,4,2342,0.33,0.99,0.17,0.23,6,2,10,4,2342,0.33,0.99,0.17,0.23
PF05388,PF00450,7,108,7,0,101,2250,0.06,0.96,1.0,0.25,108,7,0,101,2250,0.06,0.96,1.0,0.25
PF15509,PF05177,2,6,0,2,6,2350,0.0,1.0,0.0,-0.0,6,0,2,6,2350,0.0,1.0,0.0,-0.0
PF06992,PF08890,1,0,0,1,0,2357,0,1.0,0.0,0,0,0,1,0,2357,0,1.0,0.0,0
PF01938,PF00919,33,35,23,10,12,2313,0.66,0.99,0.7,0.67,35,23,10,12,2313,0.66,0.99,0.7,0.67
PF09294,PF07140,5,3,2,3,1,2352,0.67,1.0,0.4,0.52,3,2,3,1,2352,0.67,1.0,0.4,0.52
PF02752,PF05404,58,8,5,53,3,2297,0.62,0.98,0.09,0.23,8,5,53,3,2297,0.62,0.98,0.09,0.23
PF03537,PF06206,11,2,0,11,2,2345,0.0,0.99,0.0,-0.0,2,0,11,2,2345,0.0,0.99,0.0,-0.0
PF02664,PF07906,3,0,0,3,0,2355,0,1.0,0.0,0,0,0,3,0,2355,0,1.0,0.0,0
PF02209,PF16182,28,11,6,22,5,2325,0.55,0.99,0.21,0.34,11,6,22,5,2325,0.55,0.99,0.21,0.34
PF12878,PF12879,0,0,0,0,0,2358,0,1.0,0,0,0,0,0,0,2358,0,1.0,0,0
PF11211,PF08093,0,3,0,0,3,2355,0.0,1.0,0,0,3,0,0,3,2355,0.0,1.0,0,0
PF14438,PF06741,21,21,15,6,6,2331,0.71,0.99,0.71,0.71,21,15,6,6,2331,0.71,0.99,0.71,0.71
PF14736,PF01775,3,17,0,3,17,2338,0.0,0.99,0.0,-0.0,17,0,3,17,2338,0.0,0.99,0.0,-0.0
PF13013,PF13094,1,1,0,1,1,2356,0.0,1.0,0.0,-0.0,1,0,1,1,2356,0.0,1.0,0.0,-0.0
PF12084,PF10225,0,17,0,0,17,2341,0.0,0.99,0,0,17,0,0,17,2341,0.0,0.99,0,0
PF13836,PF15678,0,1,0,0,1,2357,0.0,1.0,0,0,1,0,0,1,2357,0.0,1.0,0,0
PF16112,PF14114,1,1,1,0,0,2357,1.0,1.0,1.0,1.0,1,1,0,0,2357,1.0,1.0,1.0,1.0
PF14666,PF14663,18,20,18,0,2,2338,0.9,1.0,1.0,0.95,20,18,0,2,2338,0.9,1.0,1.0,0.95
PF02372,PF15071,3,0,0,3,0,2355,0,1.0,0.0,0,0,0,3,0,2355,0,1.0,0.0,0
PF08676,PF16413,43,27,10,33,17,2298,0.37,0.98,0.23,0.28,27,10,33,17,2298,0.37,0.98,0.23,0.28
PF05721,PF14027,66,24,16,50,8,2284,0.67,0.98,0.24,0.39,24,16,50,8,2284,0.67,0.98,0.24,0.39
PF05281,PF05361,5,7,1,4,6,2347,0.14,1.0,0.2,0.17,7,1,4,6,2347,0.14,1.0,0.2,0.17
PF04116,PF04765,59,22,11,48,11,2288,0.5,0.97,0.19,0.3,22,11,48,11,2288,0.5,0.97,0.19,0.3
PF06403,PF11751,2,0,0,2,0,2356,0,1.0,0.0,0,0,0,2,0,2356,0,1.0,0.0,0
PF16198,PF08068,23,10,10,13,0,2335,1.0,0.99,0.43,0.66,10,10,13,0,2335,1.0,0.99,0.43,0.66
PF12577,PF02161,6,9,6,0,3,2349,0.67,1.0,1.0,0.82,9,6,0,3,2349,0.67,1.0,1.0,0.82
PF14843,PF01030,22,26,14,8,12,2324,0.54,0.99,0.64,0.58,26,14,8,12,2324,0.54,0.99,0.64,0.58
PF04922,PF06172,16,3,0,16,3,2339,0.0,0.99,0.0,-0.0,3,0,16,3,2339,0.0,0.99,0.0,-0.0
PF07055,PF12241,2,2,2,0,0,2356,1.0,1.0,1.0,1.0,2,2,0,0,2356,1.0,1.0,1.0,1.0
PF03766,PF12590,4,2,0,4,2,2352,0.0,1.0,0.0,-0.0,2,0,4,2,2352,0.0,1.0,0.0,-0.0
PF15483,PF08404,3,1,0,3,1,2354,0.0,1.0,0.0,-0.0,1,0,3,1,2354,0.0,1.0,0.0,-0.0
PF07939,PF04367,2,3,1,1,2,2354,0.33,1.0,0.5,0.41,3,1,1,2,2354,0.33,1.0,0.5,0.41
PF02049,PF12724,4,0,0,4,0,2354,0,1.0,0.0,0,0,0,4,0,2354,0,1.0,0.0,0
PF04093,PF13502,5,3,3,2,0,2353,1.0,1.0,0.6,0.77,3,3,2,0,2353,1.0,1.0,0.6,0.77
PF03100,PF02531,5,6,1,4,5,2348,0.17,1.0,0.2,0.18,6,1,4,5,2348,0.17,1.0,0.2,0.18
PF05195,PF15801,34,16,9,25,7,2317,0.56,0.99,0.26,0.38,16,9,25,7,2317,0.56,0.99,0.26,0.38
PF07339,PF02934,0,20,0,0,20,2338,0.0,0.99,0,0,20,0,0,20,2338,0.0,0.99,0,0
PF14844,PF06469,43,4,4,39,0,2315,1.0,0.98,0.09,0.3,4,4,39,0,2315,1.0,0.98,0.09,0.3
PF01199,PF04690,27,3,1,26,2,2329,0.33,0.99,0.04,0.11,3,1,26,2,2329,0.33,0.99,0.04,0.11
PF12399,PF13732,13,9,6,7,3,2342,0.67,1.0,0.46,0.55,9,6,7,3,2342,0.67,1.0,0.46,0.55
PF16486,PF08699,58,73,57,1,16,2284,0.78,0.99,0.98,0.87,73,57,1,16,2284,0.78,0.99,0.98,0.87
PF08146,PF13001,16,19,5,11,14,2328,0.26,0.99,0.31,0.28,19,5,11,14,2328,0.26,0.99,0.31,0.28
PF14846,PF12297,8,1,0,8,1,2349,0.0,1.0,0.0,-0.0,1,0,8,1,2349,0.0,1.0,0.0,-0.0
PF00653,PF00382,37,42,14,23,28,2293,0.33,0.98,0.38,0.34,42,14,23,28,2293,0.33,0.98,0.38,0.34
PF09394,PF08857,0,0,0,0,0,2358,0,1.0,0,0,0,0,0,0,2358,0,1.0,0,0
PF17010,PF01668,0,5,0,0,5,2353,0.0,1.0,0,0,5,0,0,5,2353,0.0,1.0,0,0
PF15750,PF05857,1,0,0,1,0,2357,0,1.0,0.0,0,0,0,1,0,2357,0,1.0,0.0,0
PF05158,PF06219,22,4,1,21,3,2333,0.25,0.99,0.05,0.1,4,1,21,3,2333,0.25,0.99,0.05,0.1
PF05088,PF02812,17,23,7,10,16,2325,0.3,0.99,0.41,0.35,23,7,10,16,2325,0.3,0.99,0.41,0.35
PF13211,PF15155,0,6,0,0,6,2352,0.0,1.0,0,0,6,0,0,6,2352,0.0,1.0,0,0
PF01243,PF10590,21,15,15,6,0,2337,1.0,1.0,0.71,0.84,15,15,6,0,2337,1.0,1.0,0.71,0.84
PF00341,PF14554,18,3,3,15,0,2340,1.0,0.99,0.17,0.41,3,3,15,0,2340,1.0,0.99,0.17,0.41
PF02934,PF02637,20,16,16,4,0,2338,1.0,1.0,0.8,0.89,16,16,4,0,2338,1.0,1.0,0.8,0.89
PF00480,PF02350,17,3,1,16,2,2339,0.33,0.99,0.06,0.14,3,1,16,2,2339,0.33,0.99,0.06,0.14
PF15253,PF12887,7,1,0,7,1,2350,0.0,1.0,0.0,-0.0,1,0,7,1,2350,0.0,1.0,0.0,-0.0
PF14370,PF02919,12,15,12,0,3,2343,0.8,1.0,1.0,0.89,15,12,0,3,2343,0.8,1.0,1.0,0.89
PF17043,PF12640,0,2,0,0,2,2356,0.0,1.0,0,0,2,0,0,2,2356,0.0,1.0,0,0
PF11779,PF08561,10,13,1,9,12,2336,0.08,0.99,0.1,0.08,13,1,9,12,2336,0.08,0.99,0.1,0.08
PF16519,PF11404,17,5,4,13,1,2340,0.8,0.99,0.24,0.43,5,4,13,1,2340,0.8,0.99,0.24,0.43
PF04453,PF07499,3,5,0,3,5,2350,0.0,1.0,0.0,-0.0,5,0,3,5,2350,0.0,1.0,0.0,-0.0
PF10674,PF06581,1,2,0,1,2,2355,0.0,1.0,0.0,-0.0,2,0,1,2,2355,0.0,1.0,0.0,-0.0
PF14364,PF13724,4,1,0,4,1,2353,0.0,1.0,0.0,-0.0,1,0,4,1,2353,0.0,1.0,0.0,-0.0
PF11995,PF13118,5,4,4,1,0,2353,1.0,1.0,0.8,0.89,4,4,1,0,2353,1.0,1.0,0.8,0.89
PF06418,PF00697,39,7,1,38,6,2313,0.14,0.98,0.03,0.05,7,1,38,6,2313,0.14,0.98,0.03,0.05
PF14326,PF17164,0,0,0,0,0,2358,0,1.0,0,0,0,0,0,0,2358,0,1.0,0,0
PF15069,PF15060,0,2,0,0,2,2356,0.0,1.0,0,0,2,0,0,2,2356,0.0,1.0,0,0
PF05141,PF06155,17,16,4,13,12,2329,0.25,0.99,0.24,0.24,16,4,13,12,2329,0.25,0.99,0.24,0.24
PF09675,PF08503,0,1,0,0,1,2357,0.0,1.0,0,0,1,0,0,1,2357,0.0,1.0,0,0
PF01659,PF06412,0,1,0,0,1,2357,0.0,1.0,0,0,1,0,0,1,2357,0.0,1.0,0,0
PF05720,PF07944,1,25,0,1,25,2332,0.0,0.99,0.0,-0.0,25,0,1,25,2332,0.0,0.99,0.0,-0.0
PF08964,PF03710,2,4,0,2,4,2352,0.0,1.0,0.0,-0.0,4,0,2,4,2352,0.0,1.0,0.0,-0.0
PF03725,PF01138,53,114,52,1,62,2243,0.46,0.97,0.98,0.66,114,52,1,62,2243,0.46,0.97,0.98,0.66
PF08559,PF04367,7,3,0,7,3,2348,0.0,1.0,0.0,-0.0,3,0,7,3,2348,0.0,1.0,0.0,-0.0
PF03708,PF14421,4,0,0,4,0,2354,0,1.0,0.0,0,0,0,4,0,2354,0,1.0,0.0,0
PF16987,PF08495,26,5,2,24,3,2329,0.4,0.99,0.08,0.17,5,2,24,3,2329,0.4,0.99,0.08,0.17
PF05659,PF12061,6,3,1,5,2,2350,0.33,1.0,0.17,0.23,3,1,5,2,2350,0.33,1.0,0.17,0.23
PF15363,PF15082,1,3,0,1,3,2354,0.0,1.0,0.0,-0.0,3,0,1,3,2354,0.0,1.0,0.0,-0.0
PF04859,PF04833,6,6,0,6,6,2346,0.0,0.99,0.0,-0.0,6,0,6,6,2346,0.0,0.99,0.0,-0.0
PF00698,PF16197,74,55,55,19,0,2284,1.0,0.99,0.74,0.86,55,55,19,0,2284,1.0,0.99,0.74,0.86
PF10048,PF13015,2,28,0,2,28,2328,0.0,0.99,0.0,-0.0,28,0,2,28,2328,0.0,0.99,0.0,-0.0
PF05387,PF15576,0,1,0,0,1,2357,0.0,1.0,0,0,1,0,0,1,2357,0.0,1.0,0,0
PF04076,PF04451,0,2,0,0,2,2356,0.0,1.0,0,0,2,0,0,2,2356,0.0,1.0,0,0
PF01328,PF09949,25,16,4,21,12,2321,0.25,0.99,0.16,0.19,16,4,21,12,2321,0.25,0.99,0.16,0.19
PF01129,PF12020,15,0,0,15,0,2343,0,0.99,0.0,0,0,0,15,0,2343,0,0.99,0.0,0
PF05548,PF15045,4,0,0,4,0,2354,0,1.0,0.0,0,0,0,4,0,2354,0,1.0,0.0,0
PF12859,PF09743,6,8,2,4,6,2346,0.25,1.0,0.33,0.29,8,2,4,6,2346,0.25,1.0,0.33,0.29
PF05300,PF16954,9,5,1,8,4,2345,0.2,0.99,0.11,0.15,5,1,8,4,2345,0.2,0.99,0.11,0.15
PF16131,PF04098,24,19,3,21,16,2318,0.16,0.98,0.12,0.13,19,3,21,16,2318,0.16,0.98,0.12,0.13
PF15397,PF06485,6,5,4,2,1,2351,0.8,1.0,0.67,0.73,5,4,2,1,2351,0.8,1.0,0.67,0.73
PF16210,PF15234,2,2,0,2,2,2354,0.0,1.0,0.0,-0.0,2,0,2,2,2354,0.0,1.0,0.0,-0.0
PF06549,PF02605,1,3,0,1,3,2354,0.0,1.0,0.0,-0.0,3,0,1,3,2354,0.0,1.0,0.0,-0.0
PF12872,PF01936,20,17,5,15,12,2326,0.29,0.99,0.25,0.27,17,5,15,12,2326,0.29,0.99,0.25,0.27
PF12871,PF14849,9,7,1,8,6,2343,0.14,0.99,0.11,0.12,7,1,8,6,2343,0.14,0.99,0.11,0.12
PF06420,PF10330,3,3,0,3,3,2352,0.0,1.0,0.0,-0.0,3,0,3,3,2352,0.0,1.0,0.0,-0.0
PF05386,PF05731,2,12,2,0,10,2346,0.17,1.0,1.0,0.41,12,2,0,10,2346,0.17,1.0,1.0,0.41
PF15158,PF15055,0,0,0,0,0,2358,0,1.0,0,0,0,0,0,0,2358,0,1.0,0,0
PF08117,PF06134,3,3,0,3,3,2352,0.0,1.0,0.0,-0.0,3,0,3,3,2352,0.0,1.0,0.0,-0.0
PF01433,PF11838,83,63,59,24,4,2271,0.94,0.99,0.71,0.81,63,59,24,4,2271,0.94,0.99,0.71,0.81
PF09296,PF09297,11,8,8,3,0,2347,1.0,1.0,0.73,0.85,8,8,3,0,2347,1.0,1.0,0.73,0.85
PF15960,PF16716,1,1,0,1,1,2356,0.0,1.0,0.0,-0.0,1,0,1,1,2356,0.0,1.0,0.0,-0.0
PF10057,PF03729,0,0,0,0,0,2358,0,1.0,0,0,0,0,0,0,2358,0,1.0,0,0
PF14719,PF13908,12,5,1,11,4,2342,0.2,0.99,0.08,0.13,5,1,11,4,2342,0.2,0.99,0.08,0.13
PF02799,PF01233,31,28,27,4,1,2326,0.96,1.0,0.87,0.92,28,27,4,1,2326,0.96,1.0,0.87,0.92
PF15529,PF09611,0,0,0,0,0,2358,0,1.0,0,0,0,0,0,0,2358,0,1.0,0,0
PF03051,PF07096,18,11,3,15,8,2332,0.27,0.99,0.17,0.21,11,3,15,8,2332,0.27,0.99,0.17,0.21
PF14935,PF10244,3,9,1,2,8,2347,0.11,1.0,0.33,0.19,9,1,2,8,2347,0.11,1.0,0.33,0.19
PF08733,PF08624,5,8,1,4,7,2346,0.12,1.0,0.2,0.16,8,1,4,7,2346,0.12,1.0,0.2,0.16
PF14878,PF14633,17,18,17,0,1,2340,0.94,1.0,1.0,0.97,18,17,0,1,2340,0.94,1.0,1.0,0.97
PF05076,PF12470,4,6,4,0,2,2352,0.67,1.0,1.0,0.82,6,4,0,2,2352,0.67,1.0,1.0,0.82
PF02504,PF14983,4,6,0,4,6,2348,0.0,1.0,0.0,-0.0,6,0,4,6,2348,0.0,1.0,0.0,-0.0
PF08386,PF04083,31,56,11,20,45,2282,0.2,0.97,0.35,0.25,56,11,20,45,2282,0.2,0.97,0.35,0.25
PF10428,PF15904,6,3,1,5,2,2350,0.33,1.0,0.17,0.23,3,1,5,2,2350,0.33,1.0,0.17,0.23
PF05021,PF05020,20,18,18,2,0,2338,1.0,1.0,0.9,0.95,18,18,2,0,2338,1.0,1.0,0.9,0.95
PF05015,PF14655,0,20,0,0,20,2338,0.0,0.99,0,0,20,0,0,20,2338,0.0,0.99,0,0
PF10322,PF02343,0,4,0,0,4,2354,0.0,1.0,0,0,4,0,0,4,2354,0.0,1.0,0,0
PF07892,PF16350,2,26,2,0,24,2332,0.08,0.99,1.0,0.28,26,2,0,24,2332,0.08,0.99,1.0,0.28
PF09103,PF09169,11,8,8,3,0,2347,1.0,1.0,0.73,0.85,8,8,3,0,2347,1.0,1.0,0.73,0.85
PF09132,PF15685,0,2,0,0,2,2356,0.0,1.0,0,0,2,0,0,2,2356,0.0,1.0,0,0
PF11111,PF01668,1,5,0,1,5,2352,0.0,1.0,0.0,-0.0,5,0,1,5,2352,0.0,1.0,0.0,-0.0
PF13767,PF14841,0,1,0,0,1,2357,0.0,1.0,0,0,1,0,0,1,2357,0.0,1.0,0,0
PF00637,PF12816,61,8,4,57,4,2293,0.5,0.97,0.07,0.17,8,4,57,4,2293,0.5,0.97,0.07,0.17
PF14996,PF15161,1,2,1,0,1,2356,0.5,1.0,1.0,0.71,2,1,0,1,2356,0.5,1.0,1.0,0.71
PF07977,PF15888,31,0,0,31,0,2327,0,0.99,0.0,0,0,0,31,0,2327,0,0.99,0.0,0
PF10496,PF05334,21,6,1,20,5,2332,0.17,0.99,0.05,0.08,6,1,20,5,2332,0.17,0.99,0.05,0.08
PF01195,PF04690,11,3,1,10,2,2345,0.33,0.99,0.09,0.17,3,1,10,2,2345,0.33,0.99,0.09,0.17
PF06147,PF05480,0,1,0,0,1,2357,0.0,1.0,0,0,1,0,0,1,2357,0.0,1.0,0,0
PF11741,PF04351,0,0,0,0,0,2358,0,1.0,0,0,0,0,0,0,2358,0,1.0,0,0
PF10423,PF05299,2,0,0,2,0,2356,0,1.0,0.0,0,0,0,2,0,2356,0,1.0,0.0,0
PF08815,PF16279,10,10,10,0,0,2348,1.0,1.0,1.0,1.0,10,10,0,0,2348,1.0,1.0,1.0,1.0
PF13019,PF05508,11,1,1,10,0,2347,1.0,1.0,0.09,0.3,1,1,10,0,2347,1.0,1.0,0.09,0.3
PF03949,PF00390,27,35,23,4,12,2319,0.66,0.99,0.85,0.74,35,23,4,12,2319,0.66,0.99,0.85,0.74
PF12570,PF15208,0,2,0,0,2,2356,0.0,1.0,0,0,2,0,0,2,2356,0.0,1.0,0,0
PF15787,PF14844,18,43,11,7,32,2308,0.26,0.98,0.61,0.39,43,11,7,32,2308,0.26,0.98,0.61,0.39
PF12931,PF12932,25,18,16,9,2,2331,0.89,1.0,0.64,0.75,18,16,9,2,2331,0.89,1.0,0.64,0.75
PF10116,PF06082,1,0,0,1,0,2357,0,1.0,0.0,0,0,0,1,0,2357,0,1.0,0.0,0
PF09285,PF01132,12,12,12,0,0,2346,1.0,1.0,1.0,1.0,12,12,0,0,2346,1.0,1.0,1.0,1.0
PF07749,PF07912,21,10,9,12,1,2336,0.9,0.99,0.43,0.62,10,9,12,1,2336,0.9,0.99,0.43,0.62
PF00001,PF13306,257,61,42,215,19,2082,0.69,0.9,0.16,0.3,61,42,215,19,2082,0.69,0.9,0.16,0.3
PF08599,PF14348,1,3,0,1,3,2354,0.0,1.0,0.0,-0.0,3,0,1,3,2354,0.0,1.0,0.0,-0.0
PF06003,PF04144,13,23,4,9,19,2326,0.17,0.99,0.31,0.23,23,4,9,19,2326,0.17,0.99,0.31,0.23
PF05661,PF13994,0,1,0,0,1,2357,0.0,1.0,0,0,1,0,0,1,2357,0.0,1.0,0,0
PF14416,PF13839,29,43,29,0,14,2315,0.67,0.99,1.0,0.82,43,29,0,14,2315,0.67,0.99,1.0,0.82
PF05149,PF05551,3,0,0,3,0,2355,0,1.0,0.0,0,0,0,3,0,2355,0,1.0,0.0,0
PF16559,PF08518,2,16,2,0,14,2342,0.12,0.99,1.0,0.35,16,2,0,14,2342,0.12,0.99,1.0,0.35
PF00723,PF00686,21,66,16,5,50,2287,0.24,0.98,0.76,0.42,66,16,5,50,2287,0.24,0.98,0.76,0.42
PF12145,PF06333,12,14,5,7,9,2337,0.36,0.99,0.42,0.38,14,5,7,9,2337,0.36,0.99,0.42,0.38
PF15280,PF08624,7,8,0,7,8,2343,0.0,0.99,0.0,-0.0,8,0,7,8,2343,0.0,0.99,0.0,-0.0
PF03795,PF01828,17,13,5,12,8,2333,0.38,0.99,0.29,0.33,13,5,12,8,2333,0.38,0.99,0.29,0.33
PF00764,PF00988,21,30,6,15,24,2313,0.2,0.98,0.29,0.23,30,6,15,24,2313,0.2,0.98,0.29,0.23
PF11817,PF07919,13,9,9,4,0,2345,1.0,1.0,0.69,0.83,9,9,4,0,2345,1.0,1.0,0.69,0.83
PF12413,PF10525,1,5,1,0,4,2353,0.2,1.0,1.0,0.45,5,1,0,4,2353,0.2,1.0,1.0,0.45
PF01262,PF12769,20,9,9,11,0,2338,1.0,1.0,0.45,0.67,9,9,11,0,2338,1.0,1.0,0.45,0.67
PF06666,PF11202,0,0,0,0,0,2358,0,1.0,0,0,0,0,0,0,2358,0,1.0,0,0
PF01020,PF04758,25,22,6,19,16,2317,0.27,0.99,0.24,0.25,22,6,19,16,2317,0.27,0.99,0.24,0.25
PF16483,PF04229,7,12,0,7,12,2339,0.0,0.99,0.0,-0.0,12,0,7,12,2339,0.0,0.99,0.0,-0.0
PF14204,PF17144,28,24,20,8,4,2326,0.83,0.99,0.71,0.77,24,20,8,4,2326,0.83,0.99,0.71,0.77
PF01584,PF06580,12,17,6,6,11,2335,0.35,0.99,0.5,0.42,17,6,6,11,2335,0.35,0.99,0.5,0.42
PF01186,PF00530,10,72,9,1,63,2285,0.12,0.97,0.9,0.33,72,9,1,63,2285,0.12,0.97,0.9,0.33
PF02839,PF08329,12,3,1,11,2,2344,0.33,0.99,0.08,0.16,3,1,11,2,2344,0.33,0.99,0.08,0.16
PF09224,PF09361,0,0,0,0,0,2358,0,1.0,0,0,0,0,0,0,2358,0,1.0,0,0
PF02866,PF00056,38,47,35,3,12,2308,0.74,0.99,0.92,0.83,47,35,3,12,2308,0.74,0.99,0.92,0.83
PF03058,PF15823,0,0,0,0,0,2358,0,1.0,0,0,0,0,0,0,2358,0,1.0,0,0
PF15351,PF12090,4,4,0,4,4,2350,0.0,1.0,0.0,-0.0,4,0,4,4,2350,0.0,1.0,0.0,-0.0
PF09069,PF09068,13,15,13,0,2,2343,0.87,1.0,1.0,0.93,15,13,0,2,2343,0.87,1.0,1.0,0.93
PF08707,PF08453,1,4,0,1,4,2353,0.0,1.0,0.0,-0.0,4,0,1,4,2353,0.0,1.0,0.0,-0.0
PF04142,PF14975,47,12,11,36,1,2310,0.92,0.98,0.23,0.46,12,11,36,1,2310,0.92,0.98,0.23,0.46
PF11937,PF02560,14,10,1,13,9,2335,0.1,0.99,0.07,0.08,10,1,13,9,2335,0.1,0.99,0.07,0.08
PF10067,PF08058,1,2,0,1,2,2355,0.0,1.0,0.0,-0.0,2,0,1,2,2355,0.0,1.0,0.0,-0.0
PF16094,PF14829,12,5,2,10,3,2343,0.4,0.99,0.17,0.26,5,2,10,3,2343,0.4,0.99,0.17,0.26
PF01948,PF03428,0,0,0,0,0,2358,0,1.0,0,0,0,0,0,0,2358,0,1.0,0,0
PF09415,PF11032,6,3,2,4,1,2351,0.67,1.0,0.33,0.47,3,2,4,1,2351,0.67,1.0,0.33,0.47
PF02192,PF00792,14,40,14,0,26,2318,0.35,0.99,1.0,0.59,40,14,0,26,2318,0.35,0.99,1.0,0.59
PF06724,PF08795,0,0,0,0,0,2358,0,1.0,0,0,0,0,0,0,2358,0,1.0,0,0
PF09122,PF11127,0,5,0,0,5,2353,0.0,1.0,0,0,5,0,0,5,2353,0.0,1.0,0,0
PF08188,PF09707,3,0,0,3,0,2355,0,1.0,0.0,0,0,0,3,0,2355,0,1.0,0.0,0
PF07195,PF08274,4,0,0,4,0,2354,0,1.0,0.0,0,0,0,4,0,2354,0,1.0,0.0,0
PF10335,PF05103,4,3,0,4,3,2351,0.0,1.0,0.0,-0.0,3,0,4,3,2351,0.0,1.0,0.0,-0.0
PF13986,PF06167,3,3,3,0,0,2355,1.0,1.0,1.0,1.0,3,3,0,0,2355,1.0,1.0,1.0,1.0
PF12331,PF10999,4,0,0,4,0,2354,0,1.0,0.0,0,0,0,4,0,2354,0,1.0,0.0,0
PF09246,PF16533,3,2,1,2,1,2354,0.5,1.0,0.33,0.41,2,1,2,1,2354,0.5,1.0,0.33,0.41
PF12498,PF03957,3,5,3,0,2,2353,0.6,1.0,1.0,0.77,5,3,0,2,2353,0.6,1.0,1.0,0.77
PF11732,PF16134,10,12,10,0,2,2346,0.83,1.0,1.0,0.91,12,10,0,2,2346,0.83,1.0,1.0,0.91
PF02606,PF01701,3,8,0,3,8,2347,0.0,1.0,0.0,-0.0,8,0,3,8,2347,0.0,1.0,0.0,-0.0
PF07046,PF00553,1,4,1,0,3,2354,0.25,1.0,1.0,0.5,4,1,0,3,2354,0.25,1.0,1.0,0.5
PF00440,PF08361,32,1,1,31,0,2326,1.0,0.99,0.03,0.18,1,1,31,0,2326,1.0,0.99,0.03,0.18
PF05350,PF06382,4,5,0,4,5,2349,0.0,1.0,0.0,-0.0,5,0,4,5,2349,0.0,1.0,0.0,-0.0
PF04404,PF11863,1,1,0,1,1,2356,0.0,1.0,0.0,-0.0,1,0,1,1,2356,0.0,1.0,0.0,-0.0
PF17012,PF04290,0,9,0,0,9,2349,0.0,1.0,0,0,9,0,0,9,2349,0.0,1.0,0,0
PF11141,PF00906,0,3,0,0,3,2355,0.0,1.0,0,0,3,0,0,3,2355,0.0,1.0,0,0
PF12627,PF10521,19,18,7,12,11,2328,0.39,0.99,0.37,0.37,18,7,12,11,2328,0.39,0.99,0.37,0.37
PF04080,PF07712,24,0,0,24,0,2334,0,0.99,0.0,0,0,0,24,0,2334,0,0.99,0.0,0
PF01645,PF04898,13,14,13,0,1,2344,0.93,1.0,1.0,0.96,14,13,0,1,2344,0.93,1.0,1.0,0.96
PF03049,PF05375,0,13,0,0,13,2345,0.0,0.99,0,0,13,0,0,13,2345,0.0,0.99,0,0
PF11954,PF07930,6,1,0,6,1,2351,0.0,1.0,0.0,-0.0,1,0,6,1,2351,0.0,1.0,0.0,-0.0
PF01959,PF11017,5,1,1,4,0,2353,1.0,1.0,0.2,0.45,1,1,4,0,2353,1.0,1.0,0.2,0.45
PF01019,PF03091,63,35,12,51,23,2272,0.34,0.97,0.19,0.24,35,12,51,23,2272,0.34,0.97,0.19,0.24
PF05940,PF03992,0,37,0,0,37,2321,0.0,0.98,0,0,37,0,0,37,2321,0.0,0.98,0,0
PF15811,PF11616,10,2,1,9,1,2347,0.5,1.0,0.1,0.22,2,1,9,1,2347,0.5,1.0,0.1,0.22
PF06766,PF15370,5,7,0,5,7,2346,0.0,0.99,0.0,-0.0,7,0,5,7,2346,0.0,0.99,0.0,-0.0
PF05129,PF03760,23,3,0,23,3,2332,0.0,0.99,0.0,-0.0,3,0,23,3,2332,0.0,0.99,0.0,-0.0
PF10500,PF09216,7,0,0,7,0,2351,0,1.0,0.0,0,0,0,7,0,2351,0,1.0,0.0,0
PF12495,PF04489,0,0,0,0,0,2358,0,1.0,0,0,0,0,0,0,2358,0,1.0,0,0
PF02558,PF08546,52,41,41,11,0,2306,1.0,1.0,0.79,0.89,41,41,11,0,2306,1.0,1.0,0.79,0.89
PF00124,PF00119,12,19,1,11,18,2328,0.05,0.99,0.08,0.06,19,1,11,18,2328,0.05,0.99,0.08,0.06
PF04668,PF00159,5,3,1,4,2,2351,0.33,1.0,0.2,0.26,3,1,4,2,2351,0.33,1.0,0.2,0.26
PF05758,PF10350,13,15,1,12,14,2331,0.07,0.99,0.08,0.07,15,1,12,14,2331,0.07,0.99,0.08,0.07
PF08880,PF08879,20,8,6,14,2,2336,0.75,0.99,0.3,0.47,8,6,14,2,2336,0.75,0.99,0.3,0.47
PF05989,PF05357,0,0,0,0,0,2358,0,1.0,0,0,0,0,0,0,2358,0,1.0,0,0
PF03321,PF04398,16,16,3,13,13,2329,0.19,0.99,0.19,0.18,16,3,13,13,2329,0.19,0.99,0.19,0.18
PF00394,PF07732,74,87,72,2,15,2269,0.83,0.99,0.97,0.89,87,72,2,15,2269,0.83,0.99,0.97,0.89
PF13499,PF13833,250,100,77,173,23,2085,0.77,0.92,0.31,0.45,100,77,173,23,2085,0.77,0.92,0.31,0.45
PF00130,PF00609,114,36,29,85,7,2237,0.81,0.96,0.25,0.44,36,29,85,7,2237,0.81,0.96,0.25,0.44
PF09253,PF07327,0,3,0,0,3,2355,0.0,1.0,0,0,3,0,0,3,2355,0.0,1.0,0,0
PF06461,PF08074,22,22,22,0,0,2336,1.0,1.0,1.0,1.0,22,22,0,0,2336,1.0,1.0,1.0,1.0
PF03552,PF14569,26,14,13,13,1,2331,0.93,0.99,0.5,0.68,14,13,13,1,2331,0.93,0.99,0.5,0.68
PF11218,PF02554,2,2,0,2,2,2354,0.0,1.0,0.0,-0.0,2,0,2,2,2354,0.0,1.0,0.0,-0.0
PF10584,PF12465,61,9,5,56,4,2293,0.56,0.97,0.08,0.21,9,5,56,4,2293,0.56,0.97,0.08,0.21
PF03941,PF13836,23,0,0,23,0,2335,0,0.99,0.0,0,0,0,23,0,2335,0,0.99,0.0,0
PF08578,PF15862,8,3,1,7,2,2348,0.33,1.0,0.12,0.2,3,1,7,2,2348,0.33,1.0,0.12,0.2
PF02350,PF00480,3,17,1,2,16,2339,0.06,0.99,0.33,0.14,17,1,2,16,2339,0.06,0.99,0.33,0.14
PF00972,PF05857,8,0,0,8,0,2350,0,1.0,0.0,0,0,0,8,0,2350,0,1.0,0.0,0
PF07571,PF09830,17,18,2,15,16,2325,0.11,0.99,0.12,0.11,18,2,15,16,2325,0.11,0.99,0.12,0.11
PF14937,PF05234,8,2,0,8,2,2348,0.0,1.0,0.0,-0.0,2,0,8,2,2348,0.0,1.0,0.0,-0.0
PF15819,PF14539,0,0,0,0,0,2358,0,1.0,0,0,0,0,0,0,2358,0,1.0,0,0
PF05770,PF10263,20,40,11,9,29,2309,0.28,0.98,0.55,0.38,40,11,9,29,2309,0.28,0.98,0.55,0.38
PF10476,PF05177,0,6,0,0,6,2352,0.0,1.0,0,0,6,0,0,6,2352,0.0,1.0,0,0
PF07390,PF06681,0,0,0,0,0,2358,0,1.0,0,0,0,0,0,0,2358,0,1.0,0,0
PF10392,PF08640,15,18,4,11,14,2329,0.22,0.99,0.27,0.24,18,4,11,14,2329,0.22,0.99,0.27,0.24
PF16646,PF08833,0,4,0,0,4,2354,0.0,1.0,0,0,4,0,0,4,2354,0.0,1.0,0,0
PF15670,PF12527,1,0,0,1,0,2357,0,1.0,0.0,0,0,0,1,0,2357,0,1.0,0.0,0
PF02825,PF12174,45,11,5,40,6,2307,0.45,0.98,0.11,0.22,11,5,40,6,2307,0.45,0.98,0.11,0.22
PF03015,PF07993,40,86,38,2,48,2270,0.44,0.98,0.95,0.64,86,38,2,48,2270,0.44,0.98,0.95,0.64
PF15210,PF15683,0,1,0,0,1,2357,0.0,1.0,0,0,1,0,0,1,2357,0.0,1.0,0,0
PF11910,PF15334,5,1,0,5,1,2352,0.0,1.0,0.0,-0.0,1,0,5,1,2352,0.0,1.0,0.0,-0.0
PF09374,PF13722,0,2,0,0,2,2356,0.0,1.0,0,0,2,0,0,2,2356,0.0,1.0,0,0
PF10403,PF10405,22,22,22,0,0,2336,1.0,1.0,1.0,1.0,22,22,0,0,2336,1.0,1.0,1.0,1.0
PF06005,PF11658,3,0,0,3,0,2355,0,1.0,0.0,0,0,0,3,0,2355,0,1.0,0.0,0
PF15902,PF15901,24,19,19,5,0,2334,1.0,1.0,0.79,0.89,19,19,5,0,2334,1.0,1.0,0.79,0.89
PF10288,PF10022,8,15,0,8,15,2335,0.0,0.99,0.0,-0.0,15,0,8,15,2335,0.0,0.99,0.0,-0.0
PF12873,PF14251,0,4,0,0,4,2354,0.0,1.0,0,0,4,0,0,4,2354,0.0,1.0,0,0
PF00712,PF02768,12,12,12,0,0,2346,1.0,1.0,1.0,1.0,12,12,0,0,2346,1.0,1.0,1.0,1.0
PF06365,PF15045,13,0,0,13,0,2345,0,0.99,0.0,0,0,0,13,0,2345,0,0.99,0.0,0
PF05933,PF15089,6,0,0,6,0,2352,0,1.0,0.0,0,0,0,6,0,2352,0,1.0,0.0,0
PF12112,PF11289,0,0,0,0,0,2358,0,1.0,0,0,0,0,0,0,2358,0,1.0,0,0
PF02386,PF16655,26,6,3,23,3,2329,0.5,0.99,0.12,0.24,6,3,23,3,2329,0.5,0.99,0.12,0.24
PF00932,PF16208,12,8,3,9,5,2341,0.38,0.99,0.25,0.3,8,3,9,5,2341,0.38,0.99,0.25,0.3
PF01212,PF02347,44,16,11,33,5,2309,0.69,0.98,0.25,0.41,16,11,33,5,2309,0.69,0.98,0.25,0.41
PF03428,PF08345,0,4,0,0,4,2354,0.0,1.0,0,0,4,0,0,4,2354,0.0,1.0,0,0
PF14622,PF00636,37,39,24,13,15,2306,0.62,0.99,0.65,0.63,39,24,13,15,2306,0.62,0.99,0.65,0.63
PF05923,PF05924,13,12,10,3,2,2343,0.83,1.0,0.77,0.8,12,10,3,2,2343,0.83,1.0,0.77,0.8
PF05131,PF12451,13,16,4,9,12,2333,0.25,0.99,0.31,0.27,16,4,9,12,2333,0.25,0.99,0.31,0.27
PF07519,PF04479,31,48,16,15,32,2295,0.33,0.98,0.52,0.41,48,16,15,32,2295,0.33,0.98,0.52,0.41
PF16953,PF17177,27,67,12,15,55,2276,0.18,0.97,0.44,0.27,67,12,15,55,2276,0.18,0.97,0.44,0.27
PF09323,PF03123,1,5,0,1,5,2352,0.0,1.0,0.0,-0.0,5,0,1,5,2352,0.0,1.0,0.0,-0.0
PF14304,PF08777,17,20,4,13,16,2325,0.2,0.99,0.24,0.21,20,4,13,16,2325,0.2,0.99,0.24,0.21
PF11885,PF03085,15,0,0,15,0,2343,0,0.99,0.0,0,0,0,15,0,2343,0,0.99,0.0,0
PF11934,PF01857,8,5,5,3,0,2350,1.0,1.0,0.62,0.79,5,5,3,0,2350,1.0,1.0,0.62,0.79
PF04137,PF00197,12,1,0,12,1,2345,0.0,0.99,0.0,-0.0,1,0,12,1,2345,0.0,0.99,0.0,-0.0
PF07666,PF00621,2,129,1,1,128,2228,0.01,0.95,0.5,0.06,129,1,1,128,2228,0.01,0.95,0.5,0.06
PF03608,PF03829,7,7,7,0,0,2351,1.0,1.0,1.0,1.0,7,7,0,0,2351,1.0,1.0,1.0,1.0
PF16954,PF15008,5,1,1,4,0,2353,1.0,1.0,0.2,0.45,1,1,4,0,2353,1.0,1.0,0.2,0.45
PF07647,PF00536,80,120,56,24,64,2214,0.47,0.96,0.7,0.55,120,56,24,64,2214,0.47,0.96,0.7,0.55
PF10319,PF10326,3,37,1,2,36,2319,0.03,0.98,0.33,0.09,37,1,2,36,2319,0.03,0.98,0.33,0.09
PF10481,PF07926,7,15,0,7,15,2336,0.0,0.99,0.0,-0.0,15,0,7,15,2336,0.0,0.99,0.0,-0.0
PF03061,PF10457,52,16,8,44,8,2298,0.5,0.98,0.15,0.27,16,8,44,8,2298,0.5,0.98,0.15,0.27
PF07228,PF00654,18,72,7,11,65,2275,0.1,0.97,0.39,0.18,72,7,11,65,2275,0.1,0.97,0.39,0.18
PF14312,PF03382,6,5,0,6,5,2347,0.0,1.0,0.0,-0.0,5,0,6,5,2347,0.0,1.0,0.0,-0.0
PF02902,PF09331,122,8,6,116,2,2234,0.75,0.95,0.05,0.18,8,6,116,2,2234,0.75,0.95,0.05,0.18
PF00877,PF01810,9,16,0,9,16,2333,0.0,0.99,0.0,-0.01,16,0,9,16,2333,0.0,0.99,0.0,-0.01
PF09038,PF15997,0,0,0,0,0,2358,0,1.0,0,0,0,0,0,0,2358,0,1.0,0,0
PF04546,PF03979,6,9,6,0,3,2349,0.67,1.0,1.0,0.82,9,6,0,3,2349,0.67,1.0,1.0,0.82
PF12251,PF09816,18,16,6,12,10,2330,0.38,0.99,0.33,0.35,16,6,12,10,2330,0.38,0.99,0.33,0.35
PF17108,PF17005,1,1,1,0,0,2357,1.0,1.0,1.0,1.0,1,1,0,0,2357,1.0,1.0,1.0,1.0
PF03271,PF15147,27,1,1,26,0,2331,1.0,0.99,0.04,0.19,1,1,26,0,2331,1.0,0.99,0.04,0.19
PF01666,PF04562,0,0,0,0,0,2358,0,1.0,0,0,0,0,0,0,2358,0,1.0,0,0
PF09607,PF04236,15,5,1,14,4,2339,0.2,0.99,0.07,0.11,5,1,14,4,2339,0.2,0.99,0.07,0.11
PF16179,PF00554,32,35,32,0,3,2323,0.91,1.0,1.0,0.96,35,32,0,3,2323,0.91,1.0,1.0,0.96
PF04577,PF02517,36,25,9,27,16,2306,0.36,0.98,0.25,0.29,25,9,27,16,2306,0.36,0.98,0.25,0.29
PF16001,PF08730,1,0,0,1,0,2357,0,1.0,0.0,0,0,0,1,0,2357,0,1.0,0.0,0
PF17061,PF03745,0,0,0,0,0,2358,0,1.0,0,0,0,0,0,0,2358,0,1.0,0,0
PF14389,PF04784,8,31,7,1,24,2326,0.23,0.99,0.88,0.44,31,7,1,24,2326,0.23,0.99,0.88,0.44
PF10434,PF05466,0,0,0,0,0,2358,0,1.0,0,0,0,0,0,0,2358,0,1.0,0,0
PF12253,PF08634,3,8,0,3,8,2347,0.0,1.0,0.0,-0.0,8,0,3,8,2347,0.0,1.0,0.0,-0.0
PF04099,PF07061,34,18,7,27,11,2313,0.39,0.98,0.21,0.28,18,7,27,11,2313,0.39,0.98,0.21,0.28
PF07394,PF09462,6,10,0,6,10,2342,0.0,0.99,0.0,-0.0,10,0,6,10,2342,0.0,0.99,0.0,-0.0
PF05071,PF03501,29,13,5,24,8,2321,0.38,0.99,0.17,0.25,13,5,24,8,2321,0.38,0.99,0.17,0.25
PF07297,PF03912,15,4,0,15,4,2339,0.0,0.99,0.0,-0.0,4,0,15,4,2339,0.0,0.99,0.0,-0.0
PF15726,PF15851,0,0,0,0,0,2358,0,1.0,0,0,0,0,0,0,2358,0,1.0,0,0
PF13908,PF14719,5,12,1,4,11,2342,0.08,0.99,0.2,0.13,12,1,4,11,2342,0.08,0.99,0.2,0.13
PF01447,PF16485,3,1,1,2,0,2355,1.0,1.0,0.33,0.58,1,1,2,0,2355,1.0,1.0,0.33,0.58
PF10363,PF12830,8,18,3,5,15,2335,0.17,0.99,0.38,0.25,18,3,5,15,2335,0.17,0.99,0.38,0.25
PF16714,PF01588,8,58,8,0,50,2300,0.14,0.98,1.0,0.37,58,8,0,50,2300,0.14,0.98,1.0,0.37
PF01749,PF16186,41,40,29,12,11,2306,0.72,0.99,0.71,0.71,40,29,12,11,2306,0.72,0.99,0.71,0.71
PF16903,PF02572,2,3,0,2,3,2353,0.0,1.0,0.0,-0.0,3,0,2,3,2353,0.0,1.0,0.0,-0.0
PF10224,PF10780,8,0,0,8,0,2350,0,1.0,0.0,0,0,0,8,0,2350,0,1.0,0.0,0
PF14962,PF14721,5,9,3,2,6,2347,0.33,1.0,0.6,0.45,9,3,2,6,2347,0.33,1.0,0.6,0.45
PF14305,PF11057,0,1,0,0,1,2357,0.0,1.0,0,0,1,0,0,1,2357,0.0,1.0,0,0
PF10482,PF07001,2,7,0,2,7,2349,0.0,1.0,0.0,-0.0,7,0,2,7,2349,0.0,1.0,0.0,-0.0
PF12054,PF08658,15,21,3,12,18,2325,0.14,0.99,0.2,0.16,21,3,12,18,2325,0.14,0.99,0.2,0.16
PF15122,PF06210,0,0,0,0,0,2358,0,1.0,0,0,0,0,0,0,2358,0,1.0,0,0
PF09519,PF00001,3,257,1,2,256,2099,0.0,0.89,0.33,0.03,257,1,2,256,2099,0.0,0.89,0.33,0.03
PF10284,PF10285,0,0,0,0,0,2358,0,1.0,0,0,0,0,0,0,2358,0,1.0,0,0
PF07745,PF15173,11,0,0,11,0,2347,0,1.0,0.0,0,0,0,11,0,2347,0,1.0,0.0,0
PF03572,PF13180,28,60,17,11,43,2287,0.28,0.98,0.61,0.4,60,17,11,43,2287,0.28,0.98,0.61,0.4
PF05406,PF02877,39,31,31,8,0,2319,1.0,1.0,0.79,0.89,31,31,8,0,2319,1.0,1.0,0.79,0.89
PF16654,PF11697,0,0,0,0,0,2358,0,1.0,0,0,0,0,0,0,2358,0,1.0,0,0
PF02025,PF14862,4,2,0,4,2,2352,0.0,1.0,0.0,-0.0,2,0,4,2,2352,0.0,1.0,0.0,-0.0
PF14948,PF11548,5,10,5,0,5,2348,0.5,1.0,1.0,0.71,10,5,0,5,2348,0.5,1.0,1.0,0.71
PF06512,PF11933,11,9,9,2,0,2347,1.0,1.0,0.82,0.9,9,9,2,0,2347,1.0,1.0,0.82,0.9
PF16199,PF12345,15,2,2,13,0,2343,1.0,0.99,0.13,0.36,2,2,13,0,2343,1.0,0.99,0.13,0.36
PF05091,PF00244,45,50,18,27,32,2281,0.36,0.97,0.4,0.37,50,18,27,32,2281,0.36,0.97,0.4,0.37
PF10592,PF08103,0,1,0,0,1,2357,0.0,1.0,0,0,1,0,0,1,2357,0.0,1.0,0,0
PF04155,PF15973,21,0,0,21,0,2337,0,0.99,0.0,0,0,0,21,0,2337,0,0.99,0.0,0
PF16212,PF16209,74,73,66,8,7,2277,0.9,0.99,0.89,0.89,73,66,8,7,2277,0.9,0.99,0.89,0.89
PF04011,PF06744,0,0,0,0,0,2358,0,1.0,0,0,0,0,0,0,2358,0,1.0,0,0
PF03050,PF13007,0,0,0,0,0,2358,0,1.0,0,0,0,0,0,0,2358,0,1.0,0,0
PF13181,PF13176,223,81,63,160,18,2117,0.78,0.92,0.28,0.44,81,63,160,18,2117,0.78,0.92,0.28,0.44
PF11808,PF06078,4,2,1,3,1,2353,0.5,1.0,0.25,0.35,2,1,3,1,2353,0.5,1.0,0.25,0.35
PF08148,PF15790,21,1,1,20,0,2337,1.0,0.99,0.05,0.22,1,1,20,0,2337,1.0,0.99,0.05,0.22
PF00642,PF15815,130,1,1,129,0,2228,1.0,0.95,0.01,0.09,1,1,129,0,2228,1.0,0.95,0.01,0.09
PF00253,PF00124,31,12,4,27,8,2319,0.33,0.99,0.13,0.2,12,4,27,8,2319,0.33,0.99,0.13,0.2
PF15094,PF15914,0,3,0,0,3,2355,0.0,1.0,0,0,3,0,0,3,2355,0.0,1.0,0,0
PF12537,PF12430,10,10,10,0,0,2348,1.0,1.0,1.0,1.0,10,10,0,0,2348,1.0,1.0,1.0,1.0
PF08064,PF08163,13,15,3,10,12,2333,0.2,0.99,0.23,0.21,15,3,10,12,2333,0.2,0.99,0.23,0.21
PF03057,PF05287,6,1,0,6,1,2351,0.0,1.0,0.0,-0.0,1,0,6,1,2351,0.0,1.0,0.0,-0.0
PF07904,PF06989,11,1,0,11,1,2346,0.0,0.99,0.0,-0.0,1,0,11,1,2346,0.0,0.99,0.0,-0.0
PF16850,PF10554,2,0,0,2,0,2356,0,1.0,0.0,0,0,0,2,0,2356,0,1.0,0.0,0
PF17034,PF10441,12,12,1,11,11,2335,0.08,0.99,0.08,0.08,12,1,11,11,2335,0.08,0.99,0.08,0.08
PF14033,PF07000,32,19,3,29,16,2310,0.16,0.98,0.09,0.11,19,3,29,16,2310,0.16,0.98,0.09,0.11
PF00720,PF12686,1,0,0,1,0,2357,0,1.0,0.0,0,0,0,1,0,2357,0,1.0,0.0,0
PF00402,PF03271,32,27,11,21,16,2310,0.41,0.98,0.34,0.37,27,11,21,16,2310,0.41,0.98,0.34,0.37
PF06456,PF09007,24,2,1,23,1,2333,0.5,0.99,0.04,0.14,2,1,23,1,2333,0.5,0.99,0.04,0.14
PF01128,PF04736,5,3,0,5,3,2350,0.0,1.0,0.0,-0.0,3,0,5,3,2350,0.0,1.0,0.0,-0.0
PF14826,PF08644,17,12,12,5,0,2341,1.0,1.0,0.71,0.84,12,12,5,0,2341,1.0,1.0,0.71,0.84
PF04326,PF09848,11,17,1,10,16,2331,0.06,0.99,0.09,0.07,17,1,10,16,2331,0.06,0.99,0.09,0.07
PF07610,PF15082,1,3,0,1,3,2354,0.0,1.0,0.0,-0.0,3,0,1,3,2354,0.0,1.0,0.0,-0.0
PF05617,PF02519,4,20,2,2,18,2336,0.1,0.99,0.5,0.22,20,2,2,18,2336,0.1,0.99,0.5,0.22
PF11835,PF13320,1,0,0,1,0,2357,0,1.0,0.0,0,0,0,1,0,2357,0,1.0,0.0,0
PF15018,PF15063,1,0,0,1,0,2357,0,1.0,0.0,0,0,0,1,0,2357,0,1.0,0.0,0
PF15897,PF07996,0,10,0,0,10,2348,0.0,1.0,0,0,10,0,0,10,2348,0.0,1.0,0,0
PF00154,PF03198,29,36,6,23,30,2299,0.17,0.98,0.21,0.17,36,6,23,30,2299,0.17,0.98,0.21,0.17
PF04212,PF16565,61,2,2,59,0,2297,1.0,0.97,0.03,0.18,2,2,59,0,2297,1.0,0.97,0.03,0.18
PF13092,PF13225,13,8,0,13,8,2337,0.0,0.99,0.0,-0.0,8,0,13,8,2337,0.0,0.99,0.0,-0.0
PF03900,PF00766,31,18,2,29,16,2311,0.11,0.98,0.06,0.08,18,2,29,16,2311,0.11,0.98,0.06,0.08
PF09298,PF01557,42,76,40,2,36,2280,0.53,0.98,0.95,0.7,76,40,2,36,2280,0.53,0.98,0.95,0.7
PF14318,PF00946,7,8,7,0,1,2350,0.88,1.0,1.0,0.94,8,7,0,1,2350,0.88,1.0,1.0,0.94
PF06733,PF13307,51,49,47,4,2,2305,0.96,1.0,0.92,0.94,49,47,4,2,2305,0.96,1.0,0.92,0.94
PF11217,PF08021,3,0,0,3,0,2355,0,1.0,0.0,0,0,0,3,0,2355,0,1.0,0.0,0
PF15742,PF12240,5,2,0,5,2,2351,0.0,1.0,0.0,-0.0,2,0,5,2,2351,0.0,1.0,0.0,-0.0
PF01455,PF01706,0,1,0,0,1,2357,0.0,1.0,0,0,1,0,0,1,2357,0.0,1.0,0,0
PF08801,PF03177,26,23,22,4,1,2331,0.96,1.0,0.85,0.9,23,22,4,1,2331,0.96,1.0,0.85,0.9
PF09839,PF14573,0,0,0,0,0,2358,0,1.0,0,0,0,0,0,0,2358,0,1.0,0,0
PF11754,PF09729,24,19,4,20,15,2319,0.21,0.99,0.17,0.18,19,4,20,15,2319,0.21,0.99,0.17,0.18
PF00157,PF03792,14,14,7,7,7,2337,0.5,0.99,0.5,0.5,14,7,7,7,2337,0.5,0.99,0.5,0.5
PF08911,PF00638,14,67,13,1,54,2290,0.19,0.98,0.93,0.42,67,13,1,54,2290,0.19,0.98,0.93,0.42
PF14983,PF07195,6,4,0,6,4,2348,0.0,1.0,0.0,-0.0,4,0,6,4,2348,0.0,1.0,0.0,-0.0
PF03353,PF10440,8,10,1,7,9,2341,0.1,0.99,0.12,0.11,10,1,7,9,2341,0.1,0.99,0.12,0.11
PF05004,PF04836,12,10,10,2,0,2346,1.0,1.0,0.83,0.91,10,10,2,0,2346,1.0,1.0,0.83,0.91
PF01504,PF00118,78,101,40,38,61,2219,0.4,0.96,0.51,0.43,101,40,38,61,2219,0.4,0.96,0.51,0.43
PF13774,PF00957,36,62,30,6,32,2290,0.48,0.98,0.83,0.63,62,30,6,32,2290,0.48,0.98,0.83,0.63
PF06017,PF00063,38,143,36,2,107,2213,0.25,0.95,0.95,0.48,143,36,2,107,2213,0.25,0.95,0.95,0.48
PF08101,PF09441,1,1,0,1,1,2356,0.0,1.0,0.0,-0.0,1,0,1,1,2356,0.0,1.0,0.0,-0.0
PF04065,PF00649,14,11,4,10,7,2337,0.36,0.99,0.29,0.32,11,4,10,7,2337,0.36,0.99,0.29,0.32
PF03436,PF02343,2,4,2,0,2,2354,0.5,1.0,1.0,0.71,4,2,0,2,2354,0.5,1.0,1.0,0.71
PF09795,PF02453,2,26,0,2,26,2330,0.0,0.99,0.0,-0.0,26,0,2,26,2330,0.0,0.99,0.0,-0.0
PF01252,PF03971,9,4,0,9,4,2345,0.0,0.99,0.0,-0.0,4,0,9,4,2345,0.0,0.99,0.0,-0.0
PF10714,PF08497,8,0,0,8,0,2350,0,1.0,0.0,0,0,0,8,0,2350,0,1.0,0.0,0
PF06110,PF03079,17,30,6,11,24,2317,0.2,0.99,0.35,0.26,30,6,11,24,2317,0.2,0.99,0.35,0.26
PF09844,PF15588,0,0,0,0,0,2358,0,1.0,0,0,0,0,0,0,2358,0,1.0,0,0
PF06440,PF06209,3,7,0,3,7,2348,0.0,1.0,0.0,-0.0,7,0,3,7,2348,0.0,1.0,0.0,-0.0
PF15015,PF15685,2,2,0,2,2,2354,0.0,1.0,0.0,-0.0,2,0,2,2,2354,0.0,1.0,0.0,-0.0
PF06930,PF08373,0,31,0,0,31,2327,0.0,0.99,0,0,31,0,0,31,2327,0.0,0.99,0,0
PF03841,PF13382,1,5,1,0,4,2353,0.2,1.0,1.0,0.45,5,1,0,4,2353,0.2,1.0,1.0,0.45
PF14307,PF08762,0,6,0,0,6,2352,0.0,1.0,0,0,6,0,0,6,2352,0.0,1.0,0,0
PF07789,PF11030,0,0,0,0,0,2358,0,1.0,0,0,0,0,0,0,2358,0,1.0,0,0
PF08482,PF08148,3,21,2,1,19,2336,0.1,0.99,0.67,0.25,21,2,1,19,2336,0.1,0.99,0.67,0.25
PF12210,PF11464,14,25,2,12,23,2321,0.08,0.99,0.14,0.1,25,2,12,23,2321,0.08,0.99,0.14,0.1
PF07331,PF08334,0,5,0,0,5,2353,0.0,1.0,0,0,5,0,0,5,2353,0.0,1.0,0,0
PF16401,PF16692,4,6,0,4,6,2348,0.0,1.0,0.0,-0.0,6,0,4,6,2348,0.0,1.0,0.0,-0.0
PF14064,PF03922,0,2,0,0,2,2356,0.0,1.0,0,0,2,0,0,2,2356,0.0,1.0,0,0
PF03834,PF07816,27,0,0,27,0,2331,0,0.99,0.0,0,0,0,27,0,2331,0,0.99,0.0,0
PF15662,PF14690,0,0,0,0,0,2358,0,1.0,0,0,0,0,0,0,2358,0,1.0,0,0
PF11652,PF15379,1,0,0,1,0,2357,0,1.0,0.0,0,0,0,1,0,2357,0,1.0,0.0,0
PF00294,PF04227,77,12,11,66,1,2280,0.92,0.97,0.14,0.36,12,11,66,1,2280,0.92,0.97,0.14,0.36
PF03190,PF07539,16,17,3,13,14,2328,0.18,0.99,0.19,0.18,17,3,13,14,2328,0.18,0.99,0.19,0.18
PF03965,PF05024,2,15,0,2,15,2341,0.0,0.99,0.0,-0.0,15,0,2,15,2341,0.0,0.99,0.0,-0.0
PF12235,PF16098,10,4,4,6,0,2348,1.0,1.0,0.4,0.63,4,4,6,0,2348,1.0,1.0,0.4,0.63
PF00217,PF02807,35,33,30,5,3,2320,0.91,1.0,0.86,0.88,33,30,5,3,2320,0.91,1.0,0.86,0.88
PF09247,PF15557,3,0,0,3,0,2355,0,1.0,0.0,0,0,0,3,0,2355,0,1.0,0.0,0
PF00436,PF04667,38,14,3,35,11,2309,0.21,0.98,0.08,0.12,14,3,35,11,2309,0.21,0.98,0.08,0.12
PF11561,PF15727,2,0,0,2,0,2356,0,1.0,0.0,0,0,0,2,0,2356,0,1.0,0.0,0
PF14884,PF14931,3,3,0,3,3,2352,0.0,1.0,0.0,-0.0,3,0,3,3,2352,0.0,1.0,0.0,-0.0
PF06689,PF00574,5,39,5,0,34,2319,0.13,0.99,1.0,0.36,39,5,0,34,2319,0.13,0.99,1.0,0.36
PF12349,PF16414,40,33,18,22,15,2303,0.55,0.98,0.45,0.49,33,18,22,15,2303,0.55,0.98,0.45,0.49
PF03117,PF04347,2,2,0,2,2,2354,0.0,1.0,0.0,-0.0,2,0,2,2,2354,0.0,1.0,0.0,-0.0
PF15840,PF00025,1,128,1,0,127,2230,0.01,0.95,1.0,0.09,128,1,0,127,2230,0.01,0.95,1.0,0.09
PF06052,PF07883,5,46,5,0,41,2312,0.11,0.98,1.0,0.33,46,5,0,41,2312,0.11,0.98,1.0,0.33
PF12371,PF09596,2,4,0,2,4,2352,0.0,1.0,0.0,-0.0,4,0,2,4,2352,0.0,1.0,0.0,-0.0
PF08456,PF02572,5,3,1,4,2,2351,0.33,1.0,0.2,0.26,3,1,4,2,2351,0.33,1.0,0.2,0.26
PF12610,PF09267,1,0,0,1,0,2357,0,1.0,0.0,0,0,0,1,0,2357,0,1.0,0.0,0
PF17101,PF11380,7,13,7,0,6,2345,0.54,1.0,1.0,0.73,13,7,0,6,2345,0.54,1.0,1.0,0.73
PF15311,PF17098,11,16,0,11,16,2331,0.0,0.99,0.0,-0.01,16,0,11,16,2331,0.0,0.99,0.0,-0.01
PF10197,PF16944,38,7,2,36,5,2315,0.29,0.98,0.05,0.12,7,2,36,5,2315,0.29,0.98,0.05,0.12
PF06986,PF01867,0,5,0,0,5,2353,0.0,1.0,0,0,5,0,0,5,2353,0.0,1.0,0,0
PF06253,PF09261,2,47,0,2,47,2309,0.0,0.98,0.0,-0.0,47,0,2,47,2309,0.0,0.98,0.0,-0.0
PF10504,PF15550,3,3,0,3,3,2352,0.0,1.0,0.0,-0.0,3,0,3,3,2352,0.0,1.0,0.0,-0.0
PF08156,PF09785,49,11,3,46,8,2301,0.27,0.98,0.06,0.12,11,3,46,8,2301,0.27,0.98,0.06,0.12
PF00531,PF01335,74,23,19,55,4,2280,0.83,0.97,0.26,0.45,23,19,55,4,2280,0.83,0.97,0.26,0.45
PF12996,PF11750,0,0,0,0,0,2358,0,1.0,0,0,0,0,0,0,2358,0,1.0,0,0
PF06001,PF08214,25,40,25,0,15,2318,0.62,0.99,1.0,0.79,40,25,0,15,2318,0.62,0.99,1.0,0.79
PF04310,PF03389,5,0,0,5,0,2353,0,1.0,0.0,0,0,0,5,0,2353,0,1.0,0.0,0
PF07000,PF14033,19,32,3,16,29,2310,0.09,0.98,0.16,0.11,32,3,16,29,2310,0.09,0.98,0.16,0.11
PF14713,PF15551,4,0,0,4,0,2354,0,1.0,0.0,0,0,0,4,0,2354,0,1.0,0.0,0
PF03810,PF08767,89,16,12,77,4,2265,0.75,0.97,0.13,0.31,16,12,77,4,2265,0.75,0.97,0.13,0.31
PF08892,PF08411,4,2,0,4,2,2352,0.0,1.0,0.0,-0.0,2,0,4,2,2352,0.0,1.0,0.0,-0.0
PF11261,PF07001,10,7,0,10,7,2341,0.0,0.99,0.0,-0.0,7,0,10,7,2341,0.0,0.99,0.0,-0.0
PF01977,PF12973,10,6,0,10,6,2342,0.0,0.99,0.0,-0.0,6,0,10,6,2342,0.0,0.99,0.0,-0.0
PF09794,PF02732,17,42,8,9,34,2307,0.19,0.98,0.47,0.29,42,8,9,34,2307,0.19,0.98,0.47,0.29
PF05197,PF14798,12,3,2,10,1,2345,0.67,1.0,0.17,0.33,3,2,10,1,2345,0.67,1.0,0.17,0.33
PF03491,PF00209,5,74,5,0,69,2284,0.07,0.97,1.0,0.26,74,5,0,69,2284,0.07,0.97,1.0,0.26
PF16676,PF16675,8,4,4,4,0,2350,1.0,1.0,0.5,0.71,4,4,4,0,2350,1.0,1.0,0.5,0.71
PF08083,PF08084,22,22,22,0,0,2336,1.0,1.0,1.0,1.0,22,22,0,0,2336,1.0,1.0,1.0,1.0
PF11402,PF08093,0,3,0,0,3,2355,0.0,1.0,0,0,3,0,0,3,2355,0.0,1.0,0,0
PF02567,PF13380,27,14,8,19,6,2325,0.57,0.99,0.3,0.41,14,8,19,6,2325,0.57,0.99,0.3,0.41
PF03317,PF15200,9,1,0,9,1,2348,0.0,1.0,0.0,-0.0,1,0,9,1,2348,0.0,1.0,0.0,-0.0
PF00794,PF00792,37,40,33,4,7,2314,0.82,1.0,0.89,0.86,40,33,4,7,2314,0.82,1.0,0.89,0.86
PF02050,PF03710,2,4,0,2,4,2352,0.0,1.0,0.0,-0.0,4,0,2,4,2352,0.0,1.0,0.0,-0.0
PF02508,PF03831,4,0,0,4,0,2354,0,1.0,0.0,0,0,0,4,0,2354,0,1.0,0.0,0
PF09987,PF10690,0,0,0,0,0,2358,0,1.0,0,0,0,0,0,0,2358,0,1.0,0,0
PF14823,PF13241,16,16,14,2,2,2340,0.88,1.0,0.88,0.87,16,14,2,2,2340,0.88,1.0,0.88,0.87
PF01117,PF07468,2,8,2,0,6,2350,0.25,1.0,1.0,0.5,8,2,0,6,2350,0.25,1.0,1.0,0.5
PF09368,PF09732,7,19,2,5,17,2334,0.11,0.99,0.29,0.17,19,2,5,17,2334,0.11,0.99,0.29,0.17
PF13320,PF16748,0,0,0,0,0,2358,0,1.0,0,0,0,0,0,0,2358,0,1.0,0,0
PF12911,PF02951,8,6,1,7,5,2345,0.17,0.99,0.12,0.14,6,1,7,5,2345,0.17,0.99,0.12,0.14
PF05673,PF10566,0,0,0,0,0,2358,0,1.0,0,0,0,0,0,0,2358,0,1.0,0,0
PF02815,PF02366,48,25,25,23,0,2310,1.0,0.99,0.52,0.72,25,25,23,0,2310,1.0,0.99,0.52,0.72
PF04749,PF03162,52,9,3,49,6,2300,0.33,0.98,0.06,0.13,9,3,49,6,2300,0.33,0.98,0.06,0.13
PF15142,PF03819,3,3,0,3,3,2352,0.0,1.0,0.0,-0.0,3,0,3,3,2352,0.0,1.0,0.0,-0.0
PF09397,PF01580,7,7,7,0,0,2351,1.0,1.0,1.0,1.0,7,7,0,0,2351,1.0,1.0,1.0,1.0
PF02277,PF15281,4,5,0,4,5,2349,0.0,1.0,0.0,-0.0,5,0,4,5,2349,0.0,1.0,0.0,-0.0
PF10065,PF08498,0,17,0,0,17,2341,0.0,0.99,0,0,17,0,0,17,2341,0.0,0.99,0,0
PF01301,PF13364,57,20,20,37,0,2301,1.0,0.98,0.35,0.59,20,20,37,0,2301,1.0,0.98,0.35,0.59
PF11408,PF09382,5,37,5,0,32,2321,0.14,0.99,1.0,0.37,37,5,0,32,2321,0.14,0.99,1.0,0.37
PF08454,PF06459,30,17,17,13,0,2328,1.0,0.99,0.57,0.75,17,17,13,0,2328,1.0,0.99,0.57,0.75
PF08708,PF17206,0,1,0,0,1,2357,0.0,1.0,0,0,1,0,0,1,2357,0.0,1.0,0,0
PF16564,PF14048,21,22,21,0,1,2336,0.95,1.0,1.0,0.98,22,21,0,1,2336,0.95,1.0,1.0,0.98
PF03479,PF04934,10,25,2,8,23,2325,0.08,0.99,0.2,0.12,25,2,8,23,2325,0.08,0.99,0.2,0.12
PF09995,PF07542,21,22,9,12,13,2324,0.41,0.99,0.43,0.41,22,9,12,13,2324,0.41,0.99,0.43,0.41
PF05840,PF11019,5,0,0,5,0,2353,0,1.0,0.0,0,0,0,5,0,2353,0,1.0,0.0,0
PF08186,PF06070,1,1,0,1,1,2356,0.0,1.0,0.0,-0.0,1,0,1,1,2356,0.0,1.0,0.0,-0.0
PF02840,PF07039,21,18,6,15,12,2325,0.33,0.99,0.29,0.3,18,6,15,12,2325,0.33,0.99,0.29,0.3
PF12310,PF02198,3,29,3,0,26,2329,0.1,0.99,1.0,0.32,29,3,0,26,2329,0.1,0.99,1.0,0.32
PF12328,PF06351,8,3,0,8,3,2347,0.0,1.0,0.0,-0.0,3,0,8,3,2347,0.0,1.0,0.0,-0.0
PF03538,PF16967,0,0,0,0,0,2358,0,1.0,0,0,0,0,0,0,2358,0,1.0,0,0
PF08225,PF08187,1,3,0,1,3,2354,0.0,1.0,0.0,-0.0,3,0,1,3,2354,0.0,1.0,0.0,-0.0
PF09861,PF03525,0,1,0,0,1,2357,0.0,1.0,0,0,1,0,0,1,2357,0.0,1.0,0,0
PF01390,PF02983,53,4,3,50,1,2304,0.75,0.98,0.06,0.2,4,3,50,1,2304,0.75,0.98,0.06,0.2
PF13350,PF13026,15,0,0,15,0,2343,0,0.99,0.0,0,0,0,15,0,2343,0,0.99,0.0,0
PF01640,PF13505,2,0,0,2,0,2356,0,1.0,0.0,0,0,0,2,0,2356,0,1.0,0.0,0
PF02706,PF04085,4,2,0,4,2,2352,0.0,1.0,0.0,-0.0,2,0,4,2,2352,0.0,1.0,0.0,-0.0
PF13542,PF00669,0,2,0,0,2,2356,0.0,1.0,0,0,2,0,0,2,2356,0.0,1.0,0,0
PF15789,PF11765,0,2,0,0,2,2356,0.0,1.0,0,0,2,0,0,2,2356,0.0,1.0,0,0
PF14745,PF14744,13,16,13,0,3,2342,0.81,1.0,1.0,0.9,16,13,0,3,2342,0.81,1.0,1.0,0.9
PF06827,PF10458,16,13,4,12,9,2333,0.31,0.99,0.25,0.27,13,4,12,9,2333,0.31,0.99,0.25,0.27
PF11714,PF00618,0,77,0,0,77,2281,0.0,0.97,0,0,77,0,0,77,2281,0.0,0.97,0,0
PF07942,PF01217,20,87,13,7,74,2264,0.15,0.97,0.65,0.3,87,13,7,74,2264,0.15,0.97,0.65,0.3
PF13806,PF04324,25,15,13,12,2,2331,0.87,0.99,0.52,0.67,15,13,12,2,2331,0.87,0.99,0.52,0.67
PF02933,PF02359,20,23,16,4,7,2331,0.7,1.0,0.8,0.74,23,16,4,7,2331,0.7,1.0,0.8,0.74
PF06393,PF02941,4,3,0,4,3,2351,0.0,1.0,0.0,-0.0,3,0,4,3,2351,0.0,1.0,0.0,-0.0
PF15000,PF04892,5,0,0,5,0,2353,0,1.0,0.0,0,0,0,5,0,2353,0,1.0,0.0,0
PF06584,PF13824,9,6,1,8,5,2344,0.17,0.99,0.11,0.13,6,1,8,5,2344,0.17,0.99,0.11,0.13
PF02621,PF05939,0,0,0,0,0,2358,0,1.0,0,0,0,0,0,0,2358,0,1.0,0,0
PF11258,PF08026,0,2,0,0,2,2356,0.0,1.0,0,0,2,0,0,2,2356,0.0,1.0,0,0
PF11669,PF12527,6,0,0,6,0,2352,0,1.0,0.0,0,0,0,6,0,2352,0,1.0,0.0,0
PF03022,PF03417,16,14,2,14,12,2330,0.14,0.99,0.12,0.13,14,2,14,12,2330,0.14,0.99,0.12,0.13
PF13493,PF07730,1,12,0,1,12,2345,0.0,0.99,0.0,-0.0,12,0,1,12,2345,0.0,0.99,0.0,-0.0
PF11070,PF06890,0,0,0,0,0,2358,0,1.0,0,0,0,0,0,0,2358,0,1.0,0,0
PF02225,PF04258,77,40,25,52,15,2266,0.62,0.97,0.32,0.44,40,25,52,15,2266,0.62,0.97,0.32,0.44
PF03886,PF04288,1,3,0,1,3,2354,0.0,1.0,0.0,-0.0,3,0,1,3,2354,0.0,1.0,0.0,-0.0
PF02212,PF00350,68,126,59,9,67,2223,0.47,0.97,0.87,0.62,126,59,9,67,2223,0.47,0.97,0.87,0.62
PF10104,PF04090,13,3,2,11,1,2344,0.67,0.99,0.15,0.32,3,2,11,1,2344,0.67,0.99,0.15,0.32
PF04248,PF12853,10,7,0,10,7,2341,0.0,0.99,0.0,-0.0,7,0,10,7,2341,0.0,0.99,0.0,-0.0
PF15110,PF15849,5,0,0,5,0,2353,0,1.0,0.0,0,0,0,5,0,2353,0,1.0,0.0,0
PF03309,PF02654,1,4,0,1,4,2353,0.0,1.0,0.0,-0.0,4,0,1,4,2353,0.0,1.0,0.0,-0.0
PF13281,PF14593,15,5,4,11,1,2342,0.8,0.99,0.27,0.46,5,4,11,1,2342,0.8,0.99,0.27,0.46
PF12329,PF10377,17,8,2,15,6,2335,0.25,0.99,0.12,0.17,8,2,15,6,2335,0.25,0.99,0.12,0.17
PF14355,PF11363,0,0,0,0,0,2358,0,1.0,0,0,0,0,0,0,2358,0,1.0,0,0
PF00948,PF01206,5,4,0,5,4,2349,0.0,1.0,0.0,-0.0,4,0,5,4,2349,0.0,1.0,0.0,-0.0
PF07334,PF07292,4,5,4,0,1,2353,0.8,1.0,1.0,0.89,5,4,0,1,2353,0.8,1.0,1.0,0.89
PF09485,PF03807,1,23,1,0,22,2335,0.04,0.99,1.0,0.21,23,1,0,22,2335,0.04,0.99,1.0,0.21
PF13240,PF12202,7,20,4,3,16,2335,0.2,0.99,0.57,0.33,20,4,3,16,2335,0.2,0.99,0.57,0.33
PF09745,PF01868,16,22,2,14,20,2322,0.09,0.99,0.12,0.1,22,2,14,20,2322,0.09,0.99,0.12,0.1
PF07218,PF03729,0,0,0,0,0,2358,0,1.0,0,0,0,0,0,0,2358,0,1.0,0,0
PF15245,PF11623,1,1,0,1,1,2356,0.0,1.0,0.0,-0.0,1,0,1,1,2356,0.0,1.0,0.0,-0.0
PF10494,PF15305,18,7,0,18,7,2333,0.0,0.99,0.0,-0.0,7,0,18,7,2333,0.0,0.99,0.0,-0.0
PF13922,PF05066,9,12,7,2,5,2344,0.58,1.0,0.78,0.67,12,7,2,5,2344,0.58,1.0,0.78,0.67
PF03872,PF04314,1,0,0,1,0,2357,0,1.0,0.0,0,0,0,1,0,2357,0,1.0,0.0,0
PF13259,PF01643,11,2,0,11,2,2345,0.0,0.99,0.0,-0.0,2,0,11,2,2345,0.0,0.99,0.0,-0.0
PF03037,PF12840,2,0,0,2,0,2356,0,1.0,0.0,0,0,0,2,0,2356,0,1.0,0.0,0
PF06423,PF03478,30,54,15,15,39,2289,0.28,0.98,0.5,0.36,54,15,15,39,2289,0.28,0.98,0.5,0.36
PF12646,PF06695,0,0,0,0,0,2358,0,1.0,0,0,0,0,0,0,2358,0,1.0,0,0
PF13855,PF00560,293,88,86,207,2,2063,0.98,0.91,0.29,0.51,88,86,207,2,2063,0.98,0.91,0.29,0.51
PF09095,PF06892,3,0,0,3,0,2355,0,1.0,0.0,0,0,0,3,0,2355,0,1.0,0.0,0
PF01979,PF07969,88,33,17,71,16,2254,0.52,0.96,0.19,0.3,33,17,71,16,2254,0.52,0.96,0.19,0.3
PF17124,PF07327,0,3,0,0,3,2355,0.0,1.0,0,0,3,0,0,3,2355,0.0,1.0,0,0
PF14952,PF12372,4,10,0,4,10,2344,0.0,0.99,0.0,-0.0,10,0,4,10,2344,0.0,0.99,0.0,-0.0
PF10339,PF14743,0,6,0,0,6,2352,0.0,1.0,0,0,6,0,0,6,2352,0.0,1.0,0,0
PF09613,PF02252,0,17,0,0,17,2341,0.0,0.99,0,0,17,0,0,17,2341,0.0,0.99,0,0
PF02022,PF13276,10,14,1,9,13,2335,0.07,0.99,0.1,0.08,14,1,9,13,2335,0.07,0.99,0.1,0.08
PF02741,PF03729,2,0,0,2,0,2356,0,1.0,0.0,0,0,0,2,0,2356,0,1.0,0.0,0
PF14630,PF09079,22,15,5,17,10,2326,0.33,0.99,0.23,0.27,15,5,17,10,2326,0.33,0.99,0.23,0.27
PF04964,PF11741,0,0,0,0,0,2358,0,1.0,0,0,0,0,0,0,2358,0,1.0,0,0
PF04762,PF16940,19,8,0,19,8,2331,0.0,0.99,0.0,-0.01,8,0,19,8,2331,0.0,0.99,0.0,-0.01
PF03260,PF17206,2,1,0,2,1,2355,0.0,1.0,0.0,-0.0,1,0,2,1,2355,0.0,1.0,0.0,-0.0
PF04924,PF01540,0,0,0,0,0,2358,0,1.0,0,0,0,0,0,0,2358,0,1.0,0,0
PF05871,PF08704,24,15,5,19,10,2324,0.33,0.99,0.21,0.26,15,5,19,10,2324,0.33,0.99,0.21,0.26
PF16206,PF16213,16,42,14,2,28,2314,0.33,0.99,0.88,0.54,42,14,2,28,2314,0.33,0.99,0.88,0.54
PF10728,PF11874,0,0,0,0,0,2358,0,1.0,0,0,0,0,0,0,2358,0,1.0,0,0
PF01406,PF09190,34,11,11,23,0,2324,1.0,0.99,0.32,0.57,11,11,23,0,2324,1.0,0.99,0.32,0.57
PF07911,PF06645,6,17,1,5,16,2336,0.06,0.99,0.17,0.1,17,1,5,16,2336,0.06,0.99,0.17,0.1
PF04648,PF05436,4,4,4,0,0,2354,1.0,1.0,1.0,1.0,4,4,0,0,2354,1.0,1.0,1.0,1.0
PF06508,PF08252,6,0,0,6,0,2352,0,1.0,0.0,0,0,0,6,0,2352,0,1.0,0.0,0
PF06401,PF16173,5,0,0,5,0,2353,0,1.0,0.0,0,0,0,5,0,2353,0,1.0,0.0,0
PF13438,PF11798,2,8,2,0,6,2350,0.25,1.0,1.0,0.5,8,2,0,6,2350,0.25,1.0,1.0,0.5
PF15037,PF16556,4,4,0,4,4,2350,0.0,1.0,0.0,-0.0,4,0,4,4,2350,0.0,1.0,0.0,-0.0
PF14510,PF06422,29,27,25,4,2,2327,0.93,1.0,0.86,0.89,27,25,4,2,2327,0.93,1.0,0.86,0.89
PF14831,PF09804,3,4,3,0,1,2354,0.75,1.0,1.0,0.87,4,3,0,1,2354,0.75,1.0,1.0,0.87
PF16516,PF04440,10,3,0,10,3,2345,0.0,0.99,0.0,-0.0,3,0,10,3,2345,0.0,0.99,0.0,-0.0
PF01852,PF07059,58,13,9,49,4,2296,0.69,0.98,0.16,0.32,13,9,49,4,2296,0.69,0.98,0.16,0.32
PF16716,PF02024,1,3,0,1,3,2354,0.0,1.0,0.0,-0.0,3,0,1,3,2354,0.0,1.0,0.0,-0.0
PF09471,PF03601,4,1,1,3,0,2354,1.0,1.0,0.25,0.5,1,1,3,0,2354,1.0,1.0,0.25,0.5
PF04353,PF04553,1,3,0,1,3,2354,0.0,1.0,0.0,-0.0,3,0,1,3,2354,0.0,1.0,0.0,-0.0
PF12538,PF06724,0,0,0,0,0,2358,0,1.0,0,0,0,0,0,0,2358,0,1.0,0,0
PF14498,PF10350,18,15,6,12,9,2331,0.4,0.99,0.33,0.36,15,6,12,9,2331,0.4,0.99,0.33,0.36
PF04384,PF02072,1,2,0,1,2,2355,0.0,1.0,0.0,-0.0,2,0,1,2,2355,0.0,1.0,0.0,-0.0
PF03381,PF07896,30,10,3,27,7,2321,0.3,0.99,0.1,0.17,10,3,27,7,2321,0.3,0.99,0.1,0.17
PF04343,PF06724,0,0,0,0,0,2358,0,1.0,0,0,0,0,0,0,2358,0,1.0,0,0
PF11820,PF01959,5,5,2,3,3,2350,0.4,1.0,0.4,0.4,5,2,3,3,2350,0.4,1.0,0.4,0.4
PF15068,PF16590,3,2,0,3,2,2353,0.0,1.0,0.0,-0.0,2,0,3,2,2353,0.0,1.0,0.0,-0.0
PF06298,PF01091,4,3,0,4,3,2351,0.0,1.0,0.0,-0.0,3,0,4,3,2351,0.0,1.0,0.0,-0.0
PF04057,PF16900,18,30,14,4,16,2324,0.47,0.99,0.78,0.6,30,14,4,16,2324,0.47,0.99,0.78,0.6
PF13477,PF05159,0,2,0,0,2,2356,0.0,1.0,0,0,2,0,0,2,2356,0.0,1.0,0,0
PF10462,PF08744,3,0,0,3,0,2355,0,1.0,0.0,0,0,0,3,0,2355,0,1.0,0.0,0
PF00083,PF07690,236,427,141,95,286,1836,0.33,0.84,0.6,0.36,427,141,95,286,1836,0.33,0.84,0.6,0.36
PF11440,PF04965,0,0,0,0,0,2358,0,1.0,0,0,0,0,0,0,2358,0,1.0,0,0
PF05922,PF06280,49,6,5,44,1,2308,0.83,0.98,0.1,0.29,6,5,44,1,2308,0.83,0.98,0.1,0.29
PF00127,PF10542,6,0,0,6,0,2352,0,1.0,0.0,0,0,0,6,0,2352,0,1.0,0.0,0
PF09190,PF01406,11,34,11,0,23,2324,0.32,0.99,1.0,0.57,34,11,0,23,2324,0.32,0.99,1.0,0.57
PF14780,PF14977,6,11,0,6,11,2341,0.0,0.99,0.0,-0.0,11,0,6,11,2341,0.0,0.99,0.0,-0.0
PF04095,PF00472,17,65,7,10,58,2283,0.11,0.97,0.41,0.2,65,7,10,58,2283,0.11,0.97,0.41,0.2
PF07678,PF07703,30,21,19,11,2,2326,0.9,0.99,0.63,0.75,21,19,11,2,2326,0.9,0.99,0.63,0.75
PF02535,PF04592,111,4,4,107,0,2247,1.0,0.95,0.04,0.19,4,4,107,0,2247,1.0,0.95,0.04,0.19
PF02070,PF12153,1,1,0,1,1,2356,0.0,1.0,0.0,-0.0,1,0,1,1,2356,0.0,1.0,0.0,-0.0
PF05254,PF09748,15,26,4,11,22,2321,0.15,0.99,0.27,0.2,26,4,11,22,2321,0.15,0.99,0.27,0.2
PF04260,PF07399,4,4,0,4,4,2350,0.0,1.0,0.0,-0.0,4,0,4,4,2350,0.0,1.0,0.0,-0.0
PF13007,PF03050,0,0,0,0,0,2358,0,1.0,0,0,0,0,0,0,2358,0,1.0,0,0
PF09044,PF04232,5,3,0,5,3,2350,0.0,1.0,0.0,-0.0,3,0,5,3,2350,0.0,1.0,0.0,-0.0
PF01429,PF10440,50,10,6,44,4,2304,0.6,0.98,0.12,0.26,10,6,44,4,2304,0.6,0.98,0.12,0.26
PF12707,PF12843,0,0,0,0,0,2358,0,1.0,0,0,0,0,0,0,2358,0,1.0,0,0
PF02515,PF07491,59,10,6,53,4,2295,0.6,0.98,0.1,0.24,10,6,53,4,2295,0.6,0.98,0.1,0.24
PF06959,PF02107,2,6,0,2,6,2350,0.0,1.0,0.0,-0.0,6,0,2,6,2350,0.0,1.0,0.0,-0.0
PF16673,PF08941,6,17,3,3,14,2338,0.18,0.99,0.5,0.29,17,3,3,14,2338,0.18,0.99,0.5,0.29
PF02453,PF01073,26,34,8,18,26,2306,0.24,0.98,0.31,0.26,34,8,18,26,2306,0.24,0.98,0.31,0.26
PF07197,PF16872,1,0,0,1,0,2357,0,1.0,0.0,0,0,0,1,0,2357,0,1.0,0.0,0
PF12174,PF00644,11,79,7,4,72,2275,0.09,0.97,0.64,0.23,79,7,4,72,2275,0.09,0.97,0.64,0.23
PF05642,PF01810,5,16,0,5,16,2337,0.0,0.99,0.0,-0.0,16,0,5,16,2337,0.0,0.99,0.0,-0.0
PF12214,PF04087,13,0,0,13,0,2345,0,0.99,0.0,0,0,0,13,0,2345,0,0.99,0.0,0
PF06742,PF06863,4,0,0,4,0,2354,0,1.0,0.0,0,0,0,4,0,2354,0,1.0,0.0,0
PF06741,PF14438,21,21,15,6,6,2331,0.71,0.99,0.71,0.71,21,15,6,6,2331,0.71,0.99,0.71,0.71
PF08767,PF03378,16,23,4,12,19,2323,0.17,0.99,0.25,0.2,23,4,12,19,2323,0.17,0.99,0.25,0.2
PF10325,PF10327,4,8,1,3,7,2347,0.12,1.0,0.25,0.17,8,1,3,7,2347,0.12,1.0,0.25,0.17
PF07333,PF11264,1,3,0,1,3,2354,0.0,1.0,0.0,-0.0,3,0,1,3,2354,0.0,1.0,0.0,-0.0
PF01490,PF00657,115,67,41,74,26,2217,0.61,0.96,0.36,0.45,67,41,74,26,2217,0.61,0.96,0.36,0.45
PF16090,PF09667,10,0,0,10,0,2348,0,1.0,0.0,0,0,0,10,0,2348,0,1.0,0.0,0
PF10630,PF15234,0,2,0,0,2,2356,0.0,1.0,0,0,2,0,0,2,2356,0.0,1.0,0,0
PF06475,PF15207,0,3,0,0,3,2355,0.0,1.0,0,0,3,0,0,3,2355,0.0,1.0,0,0
PF11617,PF16754,1,0,0,1,0,2357,0,1.0,0.0,0,0,0,1,0,2357,0,1.0,0.0,0
PF15271,PF14841,0,1,0,0,1,2357,0.0,1.0,0,0,1,0,0,1,2357,0.0,1.0,0,0
PF08916,PF08174,7,14,1,6,13,2338,0.07,0.99,0.14,0.1,14,1,6,13,2338,0.07,0.99,0.14,0.1
PF02020,PF04613,52,21,4,48,17,2289,0.19,0.97,0.08,0.11,21,4,48,17,2289,0.19,0.97,0.08,0.11
PF04545,PF04539,37,24,24,13,0,2321,1.0,0.99,0.65,0.8,24,24,13,0,2321,1.0,0.99,0.65,0.8
PF08265,PF12319,29,1,0,29,1,2328,0.0,0.99,0.0,-0.0,1,0,29,1,2328,0.0,0.99,0.0,-0.0
PF15720,PF15441,2,3,2,0,1,2355,0.67,1.0,1.0,0.82,3,2,0,1,2355,0.67,1.0,1.0,0.82
PF12462,PF00516,2,1,0,2,1,2355,0.0,1.0,0.0,-0.0,1,0,2,1,2355,0.0,1.0,0.0,-0.0
PF04177,PF15377,17,1,1,16,0,2341,1.0,0.99,0.06,0.24,1,1,16,0,2341,1.0,0.99,0.06,0.24
PF15753,PF00669,6,2,0,6,2,2350,0.0,1.0,0.0,-0.0,2,0,6,2,2350,0.0,1.0,0.0,-0.0
PF08103,PF13632,1,28,0,1,28,2329,0.0,0.99,0.0,-0.0,28,0,1,28,2329,0.0,0.99,0.0,-0.0
PF17171,PF11801,23,2,2,21,0,2335,1.0,0.99,0.09,0.29,2,2,21,0,2335,1.0,0.99,0.09,0.29
PF07635,PF03548,0,3,0,0,3,2355,0.0,1.0,0,0,3,0,0,3,2355,0.0,1.0,0,0
PF10612,PF12037,0,4,0,0,4,2354,0.0,1.0,0,0,4,0,0,4,2354,0.0,1.0,0,0
PF17204,PF02931,3,138,0,3,138,2217,0.0,0.94,0.0,-0.01,138,0,3,138,2217,0.0,0.94,0.0,-0.01
PF05996,PF03652,5,10,1,4,9,2344,0.1,0.99,0.2,0.14,10,1,4,9,2344,0.1,0.99,0.2,0.14
PF03893,PF01098,9,22,2,7,20,2329,0.09,0.99,0.22,0.14,22,2,7,20,2329,0.09,0.99,0.22,0.14
PF11338,PF09510,10,4,0,10,4,2344,0.0,0.99,0.0,-0.0,4,0,10,4,2344,0.0,0.99,0.0,-0.0
PF02468,PF15172,4,1,0,4,1,2353,0.0,1.0,0.0,-0.0,1,0,4,1,2353,0.0,1.0,0.0,-0.0
PF01398,PF13012,90,45,43,47,2,2266,0.96,0.98,0.48,0.67,45,43,47,2,2266,0.96,0.98,0.48,0.67
PF05517,PF03607,16,30,5,11,25,2317,0.17,0.98,0.31,0.22,30,5,11,25,2317,0.17,0.98,0.31,0.22
PF08907,PF11767,4,12,1,3,11,2343,0.08,0.99,0.25,0.14,12,1,3,11,2343,0.08,0.99,0.25,0.14
PF00705,PF02747,19,21,17,2,4,2335,0.81,1.0,0.89,0.85,21,17,2,4,2335,0.81,1.0,0.89,0.85
PF12007,PF10106,0,1,0,0,1,2357,0.0,1.0,0,0,1,0,0,1,2357,0.0,1.0,0,0
PF05173,PF01113,9,13,9,0,4,2345,0.69,1.0,1.0,0.83,13,9,0,4,2345,0.69,1.0,1.0,0.83
PF15719,PF11029,3,5,1,2,4,2351,0.2,1.0,0.33,0.26,5,1,2,4,2351,0.2,1.0,0.33,0.26
PF14631,PF10293,5,9,1,4,8,2345,0.11,0.99,0.2,0.15,9,1,4,8,2345,0.11,0.99,0.2,0.15
PF07929,PF13392,9,15,1,8,14,2335,0.07,0.99,0.11,0.08,15,1,8,14,2335,0.07,0.99,0.11,0.08
PF00020,PF09034,44,4,2,42,2,2312,0.5,0.98,0.05,0.15,4,2,42,2,2312,0.5,0.98,0.05,0.15
PF02990,PF00197,66,1,0,66,1,2291,0.0,0.97,0.0,-0.0,1,0,66,1,2291,0.0,0.97,0.0,-0.0
PF04474,PF16010,0,32,0,0,32,2326,0.0,0.99,0,0,32,0,0,32,2326,0.0,0.99,0,0
PF02333,PF02012,7,0,0,7,0,2351,0,1.0,0.0,0,0,0,7,0,2351,0,1.0,0.0,0
PF16840,PF15318,0,0,0,0,0,2358,0,1.0,0,0,0,0,0,0,2358,0,1.0,0,0
PF09324,PF12783,24,47,24,0,23,2311,0.51,0.99,1.0,0.71,47,24,0,23,2311,0.51,0.99,1.0,0.71
PF01059,PF06444,2,3,2,0,1,2355,0.67,1.0,1.0,0.82,3,2,0,1,2355,0.67,1.0,1.0,0.82
PF12222,PF03981,13,18,1,12,17,2328,0.06,0.99,0.08,0.06,18,1,12,17,2328,0.06,0.99,0.08,0.06
PF01247,PF12232,38,10,5,33,5,2315,0.5,0.98,0.13,0.25,10,5,33,5,2315,0.5,0.98,0.13,0.25
PF00745,PF05201,14,13,13,1,0,2344,1.0,1.0,0.93,0.96,13,13,1,0,2344,1.0,1.0,0.93,0.96
PF14526,PF00183,8,60,4,4,56,2294,0.07,0.97,0.5,0.18,60,4,4,56,2294,0.07,0.97,0.5,0.18
PF10311,PF13390,6,0,0,6,0,2352,0,1.0,0.0,0,0,0,6,0,2352,0,1.0,0.0,0
PF11931,PF12108,11,11,9,2,2,2345,0.82,1.0,0.82,0.82,11,9,2,2,2345,0.82,1.0,0.82,0.82
PF08189,PF00451,0,3,0,0,3,2355,0.0,1.0,0,0,3,0,0,3,2355,0.0,1.0,0,0
PF06559,PF15175,2,0,0,2,0,2356,0,1.0,0.0,0,0,0,2,0,2356,0,1.0,0.0,0
PF12904,PF13204,0,0,0,0,0,2358,0,1.0,0,0,0,0,0,0,2358,0,1.0,0,0
PF00719,PF00886,37,16,7,30,9,2312,0.44,0.98,0.19,0.28,16,7,30,9,2312,0.44,0.98,0.19,0.28
PF06176,PF07930,0,1,0,0,1,2357,0.0,1.0,0,0,1,0,0,1,2357,0.0,1.0,0,0
PF10408,PF04564,25,101,22,3,79,2254,0.22,0.97,0.88,0.43,101,22,3,79,2254,0.22,0.97,0.88,0.43
PF13821,PF07713,14,18,5,9,13,2331,0.28,0.99,0.36,0.31,18,5,9,13,2331,0.28,0.99,0.36,0.31
PF08706,PF13722,7,2,0,7,2,2349,0.0,1.0,0.0,-0.0,2,0,7,2,2349,0.0,1.0,0.0,-0.0
PF12157,PF17105,18,6,4,14,2,2338,0.67,0.99,0.22,0.38,6,4,14,2,2338,0.67,0.99,0.22,0.38
PF13511,PF13005,5,0,0,5,0,2353,0,1.0,0.0,0,0,0,5,0,2353,0,1.0,0.0,0
PF10356,PF10303,2,5,0,2,5,2351,0.0,1.0,0.0,-0.0,5,0,2,5,2351,0.0,1.0,0.0,-0.0
PF14487,PF10118,2,6,0,2,6,2350,0.0,1.0,0.0,-0.0,6,0,2,6,2350,0.0,1.0,0.0,-0.0
PF12682,PF15097,1,1,0,1,1,2356,0.0,1.0,0.0,-0.0,1,0,1,1,2356,0.0,1.0,0.0,-0.0
PF06407,PF06890,0,0,0,0,0,2358,0,1.0,0,0,0,0,0,0,2358,0,1.0,0,0
PF12220,PF08081,6,1,1,5,0,2352,1.0,1.0,0.17,0.41,1,1,5,0,2352,1.0,1.0,0.17,0.41
PF06131,PF06007,7,3,0,7,3,2348,0.0,1.0,0.0,-0.0,3,0,7,3,2348,0.0,1.0,0.0,-0.0
PF14853,PF14852,10,8,8,2,0,2348,1.0,1.0,0.8,0.89,8,8,2,0,2348,1.0,1.0,0.8,0.89
PF08531,PF05592,22,35,22,0,13,2323,0.63,0.99,1.0,0.79,35,22,0,13,2323,0.63,0.99,1.0,0.79
PF11768,PF15279,1,3,0,1,3,2354,0.0,1.0,0.0,-0.0,3,0,1,3,2354,0.0,1.0,0.0,-0.0
PF05235,PF10412,0,0,0,0,0,2358,0,1.0,0,0,0,0,0,0,2358,0,1.0,0,0
PF11941,PF09154,2,5,2,0,3,2353,0.4,1.0,1.0,0.63,5,2,0,3,2353,0.4,1.0,1.0,0.63
PF13187,PF13237,16,10,10,6,0,2342,1.0,1.0,0.62,0.79,10,10,6,0,2342,1.0,1.0,0.62,0.79
PF01627,PF06376,15,3,3,12,0,2343,1.0,0.99,0.2,0.45,3,3,12,0,2343,1.0,0.99,0.2,0.45
PF03736,PF01463,18,13,8,10,5,2335,0.62,0.99,0.44,0.52,13,8,10,5,2335,0.62,0.99,0.44,0.52
PF13466,PF05494,5,3,2,3,1,2352,0.67,1.0,0.4,0.52,3,2,3,1,2352,0.67,1.0,0.4,0.52
PF08588,PF10332,5,0,0,5,0,2353,0,1.0,0.0,0,0,0,5,0,2353,0,1.0,0.0,0
PF04797,PF00780,0,76,0,0,76,2282,0.0,0.97,0,0,76,0,0,76,2282,0.0,0.97,0,0
PF14632,PF14641,15,14,13,2,1,2342,0.93,1.0,0.87,0.9,14,13,2,1,2342,0.93,1.0,0.87,0.9
PF02818,PF12509,7,9,1,6,8,2343,0.11,0.99,0.14,0.12,9,1,6,8,2343,0.11,0.99,0.14,0.12
PF08551,PF14279,12,0,0,12,0,2346,0,0.99,0.0,0,0,0,12,0,2346,0,0.99,0.0,0
PF14644,PF14643,7,12,7,0,5,2346,0.58,1.0,1.0,0.76,12,7,0,5,2346,0.58,1.0,1.0,0.76
PF12680,PF08787,12,8,2,10,6,2340,0.25,0.99,0.17,0.2,8,2,10,6,2340,0.25,0.99,0.17,0.2
PF13833,PF13499,100,250,77,23,173,2085,0.31,0.92,0.77,0.45,250,77,23,173,2085,0.31,0.92,0.77,0.45
PF09310,PF15898,0,3,0,0,3,2355,0.0,1.0,0,0,3,0,0,3,2355,0.0,1.0,0,0
PF04161,PF06172,30,3,1,29,2,2326,0.33,0.99,0.03,0.1,3,1,29,2,2326,0.33,0.99,0.03,0.1
PF10680,PF08744,17,0,0,17,0,2341,0,0.99,0.0,0,0,0,17,0,2341,0,0.99,0.0,0
PF15697,PF06533,6,1,1,5,0,2352,1.0,1.0,0.17,0.41,1,1,5,0,2352,1.0,1.0,0.17,0.41
PF12488,PF00796,2,4,0,2,4,2352,0.0,1.0,0.0,-0.0,4,0,2,4,2352,0.0,1.0,0.0,-0.0
PF03850,PF01015,27,21,5,22,16,2315,0.24,0.98,0.19,0.2,21,5,22,16,2315,0.24,0.98,0.19,0.2
PF14552,PF00669,2,2,0,2,2,2354,0.0,1.0,0.0,-0.0,2,0,2,2,2354,0.0,1.0,0.0,-0.0
PF16892,PF16893,2,2,2,0,0,2356,1.0,1.0,1.0,1.0,2,2,0,0,2356,1.0,1.0,1.0,1.0
PF12793,PF05710,0,0,0,0,0,2358,0,1.0,0,0,0,0,0,0,2358,0,1.0,0,0
PF13915,PF16788,17,4,1,16,3,2338,0.25,0.99,0.06,0.12,4,1,16,3,2338,0.25,0.99,0.06,0.12
PF05128,PF15086,1,3,1,0,2,2355,0.33,1.0,1.0,0.58,3,1,0,2,2355,0.33,1.0,1.0,0.58
PF12299,PF07157,0,0,0,0,0,2358,0,1.0,0,0,0,0,0,0,2358,0,1.0,0,0
PF15932,PF09697,0,0,0,0,0,2358,0,1.0,0,0,0,0,0,0,2358,0,1.0,0,0
PF02415,PF00746,5,0,0,5,0,2353,0,1.0,0.0,0,0,0,5,0,2353,0,1.0,0.0,0
PF01885,PF01126,22,19,2,20,17,2319,0.11,0.98,0.09,0.09,19,2,20,17,2319,0.11,0.98,0.09,0.09
PF15619,PF06637,10,1,0,10,1,2347,0.0,1.0,0.0,-0.0,1,0,10,1,2347,0.0,1.0,0.0,-0.0
PF02337,PF00607,10,20,10,0,10,2338,0.5,1.0,1.0,0.71,20,10,0,10,2338,0.5,1.0,1.0,0.71
PF03911,PF01097,16,7,2,14,5,2337,0.29,0.99,0.12,0.19,7,2,14,5,2337,0.29,0.99,0.12,0.19
PF05719,PF14778,10,5,2,8,3,2345,0.4,1.0,0.2,0.28,5,2,8,3,2345,0.4,1.0,0.2,0.28
PF00589,PF12259,40,8,6,34,2,2316,0.75,0.98,0.15,0.33,8,6,34,2,2316,0.75,0.98,0.15,0.33
PF15302,PF02106,0,1,0,0,1,2357,0.0,1.0,0,0,1,0,0,1,2357,0.0,1.0,0,0
PF03432,PF13750,0,0,0,0,0,2358,0,1.0,0,0,0,0,0,0,2358,0,1.0,0,0
PF15209,PF03317,0,9,0,0,9,2349,0.0,1.0,0,0,9,0,0,9,2349,0.0,1.0,0,0
PF01780,PF04900,23,36,13,10,23,2312,0.36,0.99,0.57,0.45,36,13,10,23,2312,0.36,0.99,0.57,0.45
PF14473,PF06541,0,0,0,0,0,2358,0,1.0,0,0,0,0,0,0,2358,0,1.0,0,0
PF04375,PF05513,3,4,0,3,4,2351,0.0,1.0,0.0,-0.0,4,0,3,4,2351,0.0,1.0,0.0,-0.0
PF10175,PF08152,8,18,3,5,15,2335,0.17,0.99,0.38,0.25,18,3,5,15,2335,0.17,0.99,0.38,0.25
PF03180,PF16358,8,2,2,6,0,2350,1.0,1.0,0.25,0.5,2,2,6,0,2350,1.0,1.0,0.25,0.5
PF11767,PF03864,12,3,0,12,3,2343,0.0,0.99,0.0,-0.0,3,0,12,3,2343,0.0,0.99,0.0,-0.0
PF08686,PF15913,25,18,7,18,11,2322,0.39,0.99,0.28,0.32,18,7,18,11,2322,0.39,0.99,0.28,0.32
PF05163,PF09798,0,1,0,0,1,2357,0.0,1.0,0,0,1,0,0,1,2357,0.0,1.0,0,0
PF01514,PF01752,3,4,0,3,4,2351,0.0,1.0,0.0,-0.0,4,0,3,4,2351,0.0,1.0,0.0,-0.0
PF09289,PF00050,9,42,5,4,37,2312,0.12,0.98,0.56,0.25,42,5,4,37,2312,0.12,0.98,0.56,0.25
PF03845,PF15518,15,3,0,15,3,2340,0.0,0.99,0.0,-0.0,3,0,15,3,2340,0.0,0.99,0.0,-0.0
PF00115,PF00119,28,19,12,16,7,2323,0.63,0.99,0.43,0.52,19,12,16,7,2323,0.63,0.99,0.43,0.52
PF10976,PF03562,0,1,0,0,1,2357,0.0,1.0,0,0,1,0,0,1,2357,0.0,1.0,0,0
PF14359,PF03831,0,0,0,0,0,2358,0,1.0,0,0,0,0,0,0,2358,0,1.0,0,0
PF07073,PF02500,0,1,0,0,1,2357,0.0,1.0,0,0,1,0,0,1,2357,0.0,1.0,0,0
PF14111,PF14392,93,45,38,55,7,2258,0.84,0.97,0.41,0.58,45,38,55,7,2258,0.84,0.97,0.41,0.58
PF12396,PF03709,8,2,0,8,2,2348,0.0,1.0,0.0,-0.0,2,0,8,2,2348,0.0,1.0,0.0,-0.0
PF00811,PF00965,20,13,0,20,13,2325,0.0,0.99,0.0,-0.01,13,0,20,13,2325,0.0,0.99,0.0,-0.01
PF14072,PF09967,2,3,0,2,3,2353,0.0,1.0,0.0,-0.0,3,0,2,3,2353,0.0,1.0,0.0,-0.0
PF08361,PF00813,1,2,0,1,2,2355,0.0,1.0,0.0,-0.0,2,0,1,2,2355,0.0,1.0,0.0,-0.0
PF16661,PF10996,52,59,48,4,11,2295,0.81,0.99,0.92,0.86,59,48,4,11,2295,0.81,0.99,0.92,0.86
PF02290,PF07911,25,6,1,24,5,2328,0.17,0.99,0.04,0.08,6,1,24,5,2328,0.17,0.99,0.04,0.08
PF03533,PF09664,6,5,5,1,0,2352,1.0,1.0,0.83,0.91,5,5,1,0,2352,1.0,1.0,0.83,0.91
PF04955,PF06119,0,31,0,0,31,2327,0.0,0.99,0,0,31,0,0,31,2327,0.0,0.99,0,0
PF06863,PF06742,0,4,0,0,4,2354,0.0,1.0,0,0,4,0,0,4,2354,0.0,1.0,0,0
PF07137,PF13097,6,6,1,5,5,2347,0.17,1.0,0.17,0.16,6,1,5,5,2347,0.17,1.0,0.17,0.16
PF15340,PF15772,5,0,0,5,0,2353,0,1.0,0.0,0,0,0,5,0,2353,0,1.0,0.0,0
PF15673,PF08228,2,4,0,2,4,2352,0.0,1.0,0.0,-0.0,4,0,2,4,2352,0.0,1.0,0.0,-0.0
PF00753,PF16123,112,27,26,86,1,2245,0.96,0.96,0.23,0.46,27,26,86,1,2245,0.96,0.96,0.23,0.46
PF14818,PF07558,12,7,1,11,6,2340,0.14,0.99,0.08,0.11,7,1,11,6,2340,0.14,0.99,0.08,0.11
PF09707,PF08188,0,3,0,0,3,2355,0.0,1.0,0,0,3,0,0,3,2355,0.0,1.0,0,0
PF05452,PF06853,1,1,0,1,1,2356,0.0,1.0,0.0,-0.0,1,0,1,1,2356,0.0,1.0,0.0,-0.0
PF16449,PF08411,0,2,0,0,2,2356,0.0,1.0,0,0,2,0,0,2,2356,0.0,1.0,0,0
PF09787,PF11831,11,22,1,10,21,2326,0.05,0.99,0.09,0.06,22,1,10,21,2326,0.05,0.99,0.09,0.06
PF05795,PF13206,4,0,0,4,0,2354,0,1.0,0.0,0,0,0,4,0,2354,0,1.0,0.0,0
PF12346,PF00319,2,35,1,1,34,2322,0.03,0.99,0.5,0.12,35,1,1,34,2322,0.03,0.99,0.5,0.12
PF07906,PF05726,0,18,0,0,18,2340,0.0,0.99,0,0,18,0,0,18,2340,0.0,0.99,0,0
PF02491,PF12327,3,5,2,1,3,2352,0.4,1.0,0.67,0.52,5,2,1,3,2352,0.4,1.0,0.67,0.52
PF08390,PF12403,16,2,1,15,1,2341,0.5,0.99,0.06,0.18,2,1,15,1,2341,0.5,0.99,0.06,0.18
PF02880,PF02879,61,58,56,5,2,2295,0.97,1.0,0.92,0.94,58,56,5,2,2295,0.97,1.0,0.92,0.94
PF12724,PF15555,0,3,0,0,3,2355,0.0,1.0,0,0,3,0,0,3,2355,0.0,1.0,0,0
PF06821,PF15088,2,2,0,2,2,2354,0.0,1.0,0.0,-0.0,2,0,2,2,2354,0.0,1.0,0.0,-0.0
PF06617,PF09122,8,0,0,8,0,2350,0,1.0,0.0,0,0,0,8,0,2350,0,1.0,0.0,0
PF03837,PF08203,2,4,0,2,4,2352,0.0,1.0,0.0,-0.0,4,0,2,4,2352,0.0,1.0,0.0,-0.0
PF06738,PF14231,10,2,2,8,0,2348,1.0,1.0,0.2,0.45,2,2,8,0,2348,1.0,1.0,0.2,0.45
PF14073,PF09073,3,6,0,3,6,2349,0.0,1.0,0.0,-0.0,6,0,3,6,2349,0.0,1.0,0.0,-0.0
PF02958,PF07914,50,19,6,44,13,2295,0.32,0.98,0.12,0.18,19,6,44,13,2295,0.32,0.98,0.12,0.18
PF13001,PF11916,19,12,3,16,9,2330,0.25,0.99,0.16,0.19,12,3,16,9,2330,0.25,0.99,0.16,0.19
PF15737,PF10407,3,0,0,3,0,2355,0,1.0,0.0,0,0,0,3,0,2355,0,1.0,0.0,0
PF15756,PF15049,1,0,0,1,0,2357,0,1.0,0.0,0,0,0,1,0,2357,0,1.0,0.0,0
PF05047,PF02284,14,9,2,12,7,2337,0.22,0.99,0.14,0.17,9,2,12,7,2337,0.22,0.99,0.14,0.17
PF12307,PF08808,3,0,0,3,0,2355,0,1.0,0.0,0,0,0,3,0,2355,0,1.0,0.0,0
PF14295,PF00024,58,102,41,17,61,2239,0.4,0.97,0.71,0.52,102,41,17,61,2239,0.4,0.97,0.71,0.52
PF10716,PF11317,2,0,0,2,0,2356,0,1.0,0.0,0,0,0,2,0,2356,0,1.0,0.0,0
PF09279,PF00388,17,41,17,0,24,2317,0.41,0.99,1.0,0.64,41,17,0,24,2317,0.41,0.99,1.0,0.64
PF00446,PF00159,7,3,2,5,1,2350,0.67,1.0,0.29,0.44,3,2,5,1,2350,0.67,1.0,0.29,0.44
PF04533,PF04311,0,0,0,0,0,2358,0,1.0,0,0,0,0,0,0,2358,0,1.0,0,0
PF01254,PF04764,4,0,0,4,0,2354,0,1.0,0.0,0,0,0,4,0,2354,0,1.0,0.0,0
PF13361,PF00580,38,32,29,9,3,2317,0.91,0.99,0.76,0.83,32,29,9,3,2317,0.91,0.99,0.76,0.83
PF04690,PF04720,3,15,0,3,15,2340,0.0,0.99,0.0,-0.0,15,0,3,15,2340,0.0,0.99,0.0,-0.0
PF04871,PF01782,27,10,2,25,8,2323,0.2,0.99,0.07,0.12,10,2,25,8,2323,0.2,0.99,0.07,0.12
PF09501,PF06122,0,0,0,0,0,2358,0,1.0,0,0,0,0,0,0,2358,0,1.0,0,0
PF09792,PF12351,5,9,0,5,9,2344,0.0,0.99,0.0,-0.0,9,0,5,9,2344,0.0,0.99,0.0,-0.0
PF16058,PF08674,9,0,0,9,0,2349,0,1.0,0.0,0,0,0,9,0,2349,0,1.0,0.0,0
PF01812,PF04098,27,19,1,26,18,2313,0.05,0.98,0.04,0.03,19,1,26,18,2313,0.05,0.98,0.04,0.03
PF02887,PF00224,49,71,49,0,22,2287,0.69,0.99,1.0,0.83,71,49,0,22,2287,0.69,0.99,1.0,0.83
PF14748,PF03807,11,23,10,1,13,2334,0.43,0.99,0.91,0.63,23,10,1,13,2334,0.43,0.99,0.91,0.63
PF00186,PF00303,20,15,7,13,8,2330,0.47,0.99,0.35,0.4,15,7,13,8,2330,0.47,0.99,0.35,0.4
PF01132,PF09285,12,12,12,0,0,2346,1.0,1.0,1.0,1.0,12,12,0,0,2346,1.0,1.0,1.0,1.0
PF04986,PF03050,4,0,0,4,0,2354,0,1.0,0.0,0,0,0,4,0,2354,0,1.0,0.0,0
PF10661,PF01696,0,0,0,0,0,2358,0,1.0,0,0,0,0,0,0,2358,0,1.0,0,0
PF12604,PF03406,0,0,0,0,0,2358,0,1.0,0,0,0,0,0,0,2358,0,1.0,0,0
PF00590,PF14823,33,16,10,23,6,2319,0.62,0.99,0.3,0.43,16,10,23,6,2319,0.62,0.99,0.3,0.43
PF09773,PF00076,21,475,18,3,457,1880,0.04,0.8,0.86,0.15,475,18,3,457,1880,0.04,0.8,0.86,0.15
PF07196,PF01258,3,12,0,3,12,2343,0.0,0.99,0.0,-0.0,12,0,3,12,2343,0.0,0.99,0.0,-0.0
PF06228,PF06956,0,3,0,0,3,2355,0.0,1.0,0,0,3,0,0,3,2355,0.0,1.0,0,0
PF01667,PF04667,25,14,5,20,9,2324,0.36,0.99,0.2,0.26,14,5,20,9,2324,0.36,0.99,0.2,0.26
PF09237,PF09494,6,21,3,3,18,2334,0.14,0.99,0.5,0.26,21,3,3,18,2334,0.14,0.99,0.5,0.26
PF08773,PF08127,3,6,2,1,4,2351,0.33,1.0,0.67,0.47,6,2,1,4,2351,0.33,1.0,0.67,0.47
PF10188,PF09816,0,16,0,0,16,2342,0.0,0.99,0,0,16,0,0,16,2342,0.0,0.99,0,0
PF07941,PF11404,9,5,5,4,0,2349,1.0,1.0,0.56,0.74,5,5,4,0,2349,1.0,1.0,0.56,0.74
PF12344,PF16783,6,5,4,2,1,2351,0.8,1.0,0.67,0.73,5,4,2,1,2351,0.8,1.0,0.67,0.73
PF16782,PF11291,2,0,0,2,0,2356,0,1.0,0.0,0,0,0,2,0,2356,0,1.0,0.0,0
PF10265,PF15008,4,1,0,4,1,2353,0.0,1.0,0.0,-0.0,1,0,4,1,2353,0.0,1.0,0.0,-0.0
PF16423,PF16422,4,6,4,0,2,2352,0.67,1.0,1.0,0.82,6,4,0,2,2352,0.67,1.0,1.0,0.82
PF15355,PF07505,0,0,0,0,0,2358,0,1.0,0,0,0,0,0,0,2358,0,1.0,0,0
PF01880,PF11245,3,0,0,3,0,2355,0,1.0,0.0,0,0,0,3,0,2355,0,1.0,0.0,0
PF12265,PF16699,10,7,3,7,4,2344,0.43,1.0,0.3,0.36,7,3,7,4,2344,0.43,1.0,0.3,0.36
PF00187,PF00967,26,6,6,20,0,2332,1.0,0.99,0.23,0.48,6,6,20,0,2332,1.0,0.99,0.23,0.48
PF02364,PF14288,19,21,19,0,2,2337,0.9,1.0,1.0,0.95,21,19,0,2,2337,0.9,1.0,1.0,0.95
PF14495,PF09057,2,3,0,2,3,2353,0.0,1.0,0.0,-0.0,3,0,2,3,2353,0.0,1.0,0.0,-0.0
PF00298,PF14853,43,10,3,40,7,2308,0.3,0.98,0.07,0.14,10,3,40,7,2308,0.3,0.98,0.07,0.14
PF03895,PF14396,10,6,6,4,0,2348,1.0,1.0,0.6,0.77,6,6,4,0,2348,1.0,1.0,0.6,0.77
PF17125,PF01029,16,12,4,12,8,2334,0.33,0.99,0.25,0.28,12,4,12,8,2334,0.33,0.99,0.25,0.28
PF13972,PF09122,1,0,0,1,0,2357,0,1.0,0.0,0,0,0,1,0,2357,0,1.0,0.0,0
PF10176,PF15503,9,3,0,9,3,2346,0.0,0.99,0.0,-0.0,3,0,9,3,2346,0.0,0.99,0.0,-0.0
PF11538,PF14909,9,8,0,9,8,2341,0.0,0.99,0.0,-0.0,8,0,9,8,2341,0.0,0.99,0.0,-0.0
PF10280,PF01279,12,5,0,12,5,2341,0.0,0.99,0.0,-0.0,5,0,12,5,2341,0.0,0.99,0.0,-0.0
PF08321,PF05011,20,26,8,12,18,2320,0.31,0.99,0.4,0.34,26,8,12,18,2320,0.31,0.99,0.4,0.34
PF01682,PF09067,21,5,1,20,4,2333,0.2,0.99,0.05,0.09,5,1,20,4,2333,0.2,0.99,0.05,0.09
PF05937,PF05956,4,4,4,0,0,2354,1.0,1.0,1.0,1.0,4,4,0,0,2354,1.0,1.0,1.0,1.0
PF00447,PF01985,55,14,8,47,6,2297,0.57,0.98,0.15,0.28,14,8,47,6,2297,0.57,0.98,0.15,0.28
PF12709,PF13096,7,2,0,7,2,2349,0.0,1.0,0.0,-0.0,2,0,7,2,2349,0.0,1.0,0.0,-0.0
PF03953,PF12327,95,5,2,93,3,2260,0.4,0.96,0.02,0.08,5,2,93,3,2260,0.4,0.96,0.02,0.08
PF02424,PF02910,5,27,2,3,25,2328,0.07,0.99,0.4,0.17,27,2,3,25,2328,0.07,0.99,0.4,0.17
PF09032,PF16273,3,0,0,3,0,2355,0,1.0,0.0,0,0,0,3,0,2355,0,1.0,0.0,0
PF06029,PF08964,7,2,0,7,2,2349,0.0,1.0,0.0,-0.0,2,0,7,2,2349,0.0,1.0,0.0,-0.0
PF09584,PF16669,0,11,0,0,11,2347,0.0,1.0,0,0,11,0,0,11,2347,0.0,1.0,0,0
PF12998,PF14051,35,14,8,27,6,2317,0.57,0.99,0.23,0.36,14,8,27,6,2317,0.57,0.99,0.23,0.36
PF07693,PF00710,14,26,5,9,21,2323,0.19,0.99,0.36,0.26,26,5,9,21,2323,0.19,0.99,0.36,0.26
PF15332,PF15115,3,0,0,3,0,2355,0,1.0,0.0,0,0,0,3,0,2355,0,1.0,0.0,0
PF11558,PF17046,0,6,0,0,6,2352,0.0,1.0,0,0,6,0,0,6,2352,0.0,1.0,0,0
PF03234,PF08564,12,14,10,2,4,2342,0.71,1.0,0.83,0.77,14,10,2,4,2342,0.71,1.0,0.83,0.77
PF04670,PF04724,31,12,1,30,11,2316,0.08,0.98,0.03,0.04,12,1,30,11,2316,0.08,0.98,0.03,0.04
PF15458,PF10377,11,8,1,10,7,2340,0.12,0.99,0.09,0.1,8,1,10,7,2340,0.12,0.99,0.09,0.1
PF00301,PF04367,2,3,0,2,3,2353,0.0,1.0,0.0,-0.0,3,0,2,3,2353,0.0,1.0,0.0,-0.0
PF02106,PF15302,1,0,0,1,0,2357,0,1.0,0.0,0,0,0,1,0,2357,0,1.0,0.0,0
PF01343,PF08496,30,6,6,24,0,2328,1.0,0.99,0.2,0.44,6,6,24,0,2328,1.0,0.99,0.2,0.44
PF17172,PF10568,15,20,5,10,15,2328,0.25,0.99,0.33,0.28,20,5,10,15,2328,0.25,0.99,0.33,0.28
PF09733,PF01594,12,8,1,11,7,2339,0.12,0.99,0.08,0.1,8,1,11,7,2339,0.12,0.99,0.08,0.1
PF09391,PF00533,0,94,0,0,94,2264,0.0,0.96,0,0,94,0,0,94,2264,0.0,0.96,0,0
PF00234,PF14159,11,0,0,11,0,2347,0,1.0,0.0,0,0,0,11,0,2347,0,1.0,0.0,0
PF15424,PF14882,1,0,0,1,0,2357,0,1.0,0.0,0,0,0,1,0,2357,0,1.0,0.0,0
PF01862,PF15796,2,6,0,2,6,2350,0.0,1.0,0.0,-0.0,6,0,2,6,2350,0.0,1.0,0.0,-0.0
PF07152,PF01588,0,58,0,0,58,2300,0.0,0.98,0,0,58,0,0,58,2300,0.0,0.98,0,0
PF12886,PF12884,8,3,2,6,1,2349,0.67,1.0,0.25,0.41,3,2,6,1,2349,0.67,1.0,0.25,0.41
PF15965,PF15966,9,7,7,2,0,2349,1.0,1.0,0.78,0.88,7,7,2,0,2349,1.0,1.0,0.78,0.88
PF09585,PF14290,4,0,0,4,0,2354,0,1.0,0.0,0,0,0,4,0,2354,0,1.0,0.0,0
PF06243,PF07858,1,0,0,1,0,2357,0,1.0,0.0,0,0,0,1,0,2357,0,1.0,0.0,0
PF09741,PF01513,18,30,3,15,27,2313,0.1,0.98,0.17,0.12,30,3,15,27,2313,0.1,0.98,0.17,0.12
PF05751,PF00855,0,63,0,0,63,2295,0.0,0.97,0,0,63,0,0,63,2295,0.0,0.97,0,0
PF07706,PF09029,4,5,2,2,3,2351,0.4,1.0,0.5,0.45,5,2,2,3,2351,0.4,1.0,0.5,0.45
PF15217,PF15212,0,0,0,0,0,2358,0,1.0,0,0,0,0,0,0,2358,0,1.0,0,0
PF04461,PF05783,0,16,0,0,16,2342,0.0,0.99,0,0,16,0,0,16,2342,0.0,0.99,0,0
PF00791,PF00531,33,74,26,7,48,2277,0.35,0.98,0.79,0.52,74,26,7,48,2277,0.35,0.98,0.79,0.52
PF11871,PF17058,0,0,0,0,0,2358,0,1.0,0,0,0,0,0,0,2358,0,1.0,0,0
PF02401,PF07298,10,4,1,9,3,2345,0.25,0.99,0.1,0.16,4,1,9,3,2345,0.25,0.99,0.1,0.16
PF00586,PF02843,22,21,10,12,11,2325,0.48,0.99,0.45,0.46,21,10,12,11,2325,0.48,0.99,0.45,0.46
PF02466,PF01192,51,11,5,46,6,2301,0.45,0.98,0.1,0.2,11,5,46,6,2301,0.45,0.98,0.1,0.2
PF03919,PF02940,21,16,4,17,12,2325,0.25,0.99,0.19,0.21,16,4,17,12,2325,0.25,0.99,0.19,0.21
PF07477,PF07488,9,9,9,0,0,2349,1.0,1.0,1.0,1.0,9,9,0,0,2349,1.0,1.0,1.0,1.0
PF10144,PF04955,0,0,0,0,0,2358,0,1.0,0,0,0,0,0,0,2358,0,1.0,0,0
PF11093,PF08649,3,7,0,3,7,2348,0.0,1.0,0.0,-0.0,7,0,3,7,2348,0.0,1.0,0.0,-0.0
PF00203,PF00252,31,50,12,19,38,2289,0.24,0.98,0.39,0.29,50,12,19,38,2289,0.24,0.98,0.39,0.29
PF07103,PF02353,7,27,5,2,22,2329,0.19,0.99,0.71,0.36,27,5,2,22,2329,0.19,0.99,0.71,0.36
PF16804,PF17017,0,0,0,0,0,2358,0,1.0,0,0,0,0,0,0,2358,0,1.0,0,0
PF10210,PF02237,11,5,1,10,4,2343,0.2,0.99,0.09,0.13,5,1,10,4,2343,0.2,0.99,0.09,0.13
PF03120,PF01653,15,19,15,0,4,2339,0.79,1.0,1.0,0.89,19,15,0,4,2339,0.79,1.0,1.0,0.89
PF10075,PF05191,31,23,11,20,12,2315,0.48,0.99,0.35,0.41,23,11,20,12,2315,0.48,0.99,0.35,0.41
PF12004,PF08165,3,4,1,2,3,2352,0.25,1.0,0.33,0.29,4,1,2,3,2352,0.25,1.0,0.33,0.29
PF14635,PF14639,18,17,17,1,0,2340,1.0,1.0,0.94,0.97,17,17,1,0,2340,1.0,1.0,0.94,0.97
PF11989,PF06248,4,18,4,0,14,2340,0.22,0.99,1.0,0.47,18,4,0,14,2340,0.22,0.99,1.0,0.47
PF06753,PF10285,3,0,0,3,0,2355,0,1.0,0.0,0,0,0,3,0,2355,0,1.0,0.0,0
PF01529,PF00710,123,26,13,110,13,2222,0.5,0.95,0.11,0.21,26,13,110,13,2222,0.5,0.95,0.11,0.21
PF02259,PF02260,67,54,42,25,12,2279,0.78,0.98,0.63,0.69,54,42,25,12,2279,0.78,0.98,0.63,0.69
PF15312,PF15482,0,0,0,0,0,2358,0,1.0,0,0,0,0,0,0,2358,0,1.0,0,0
PF01699,PF03733,78,9,7,71,2,2278,0.78,0.97,0.09,0.26,9,7,71,2,2278,0.78,0.97,0.09,0.26
PF04455,PF16653,5,25,2,3,23,2330,0.08,0.99,0.4,0.18,25,2,3,23,2330,0.08,0.99,0.4,0.18
PF13786,PF07804,5,1,0,5,1,2352,0.0,1.0,0.0,-0.0,1,0,5,1,2352,0.0,1.0,0.0,-0.0
PF10475,PF10474,7,5,2,5,3,2348,0.4,1.0,0.29,0.34,5,2,5,3,2348,0.4,1.0,0.29,0.34
PF02565,PF04355,3,3,3,0,0,2355,1.0,1.0,1.0,1.0,3,3,0,0,2355,1.0,1.0,1.0,1.0
PF13288,PF08436,8,26,8,0,18,2332,0.31,0.99,1.0,0.55,26,8,0,18,2332,0.31,0.99,1.0,0.55
PF02631,PF08653,4,6,0,4,6,2348,0.0,1.0,0.0,-0.0,6,0,4,6,2348,0.0,1.0,0.0,-0.0
PF12297,PF10481,1,7,0,1,7,2350,0.0,1.0,0.0,-0.0,7,0,1,7,2350,0.0,1.0,0.0,-0.0
PF08438,PF09269,8,5,4,4,1,2349,0.8,1.0,0.5,0.63,5,4,4,1,2349,0.8,1.0,0.5,0.63
PF12540,PF07545,2,3,0,2,3,2353,0.0,1.0,0.0,-0.0,3,0,2,3,2353,0.0,1.0,0.0,-0.0
PF02344,PF01056,10,15,8,2,7,2341,0.53,1.0,0.8,0.65,15,8,2,7,2341,0.53,1.0,0.8,0.65
PF04262,PF12461,2,0,0,2,0,2356,0,1.0,0.0,0,0,0,2,0,2356,0,1.0,0.0,0
PF15761,PF15856,2,1,0,2,1,2355,0.0,1.0,0.0,-0.0,1,0,2,1,2355,0.0,1.0,0.0,-0.0
PF03907,PF17078,1,3,0,1,3,2354,0.0,1.0,0.0,-0.0,3,0,1,3,2354,0.0,1.0,0.0,-0.0
PF04356,PF03659,0,25,0,0,25,2333,0.0,0.99,0,0,25,0,0,25,2333,0.0,0.99,0,0
PF08690,PF05824,2,3,1,1,2,2354,0.33,1.0,0.5,0.41,3,1,1,2,2354,0.33,1.0,0.5,0.41
PF15838,PF05151,0,4,0,0,4,2354,0.0,1.0,0,0,4,0,0,4,2354,0.0,1.0,0,0
PF02566,PF06912,11,7,3,8,4,2343,0.43,0.99,0.27,0.34,7,3,8,4,2343,0.43,0.99,0.27,0.34
PF00955,PF07565,34,19,16,18,3,2321,0.84,0.99,0.47,0.63,19,16,18,3,2321,0.84,0.99,0.47,0.63
PF08591,PF07961,1,2,0,1,2,2355,0.0,1.0,0.0,-0.0,2,0,1,2,2355,0.0,1.0,0.0,-0.0
PF01088,PF03577,47,6,0,47,6,2305,0.0,0.98,0.0,-0.01,6,0,47,6,2305,0.0,0.98,0.0,-0.01
PF06808,PF00950,12,8,3,9,5,2341,0.38,0.99,0.25,0.3,8,3,9,5,2341,0.38,0.99,0.25,0.3
PF12796,PF00023,474,205,198,276,7,1877,0.97,0.88,0.42,0.59,205,198,276,7,1877,0.97,0.88,0.42,0.59
PF10938,PF06185,0,0,0,0,0,2358,0,1.0,0,0,0,0,0,0,2358,0,1.0,0,0
PF08597,PF10166,13,2,0,13,2,2343,0.0,0.99,0.0,-0.0,2,0,13,2,2343,0.0,0.99,0.0,-0.0
PF09405,PF10264,15,7,3,12,4,2339,0.43,0.99,0.2,0.29,7,3,12,4,2339,0.43,0.99,0.2,0.29
PF02761,PF02762,12,8,7,5,1,2345,0.88,1.0,0.58,0.71,8,7,5,1,2345,0.88,1.0,0.58,0.71
PF11627,PF08143,3,1,1,2,0,2355,1.0,1.0,0.33,0.58,1,1,2,0,2355,1.0,1.0,0.33,0.58
PF06582,PF09042,6,4,4,2,0,2352,1.0,1.0,0.67,0.82,4,4,2,0,2352,1.0,1.0,0.67,0.82
PF05643,PF13006,0,4,0,0,4,2354,0.0,1.0,0,0,4,0,0,4,2354,0.0,1.0,0,0
PF16070,PF15705,22,5,5,17,0,2336,1.0,0.99,0.23,0.48,5,5,17,0,2336,1.0,0.99,0.23,0.48
PF16976,PF13629,3,3,3,0,0,2355,1.0,1.0,1.0,1.0,3,3,0,0,2355,1.0,1.0,1.0,1.0
PF13011,PF05418,0,3,0,0,3,2355,0.0,1.0,0,0,3,0,0,3,2355,0.0,1.0,0,0
PF13967,PF02714,42,42,40,2,2,2314,0.95,1.0,0.95,0.95,42,40,2,2,2314,0.95,1.0,0.95,0.95
PF02892,PF04937,69,45,29,40,16,2273,0.64,0.98,0.42,0.51,45,29,40,16,2273,0.64,0.98,0.42,0.51
PF00668,PF16177,49,23,12,37,11,2298,0.52,0.98,0.24,0.35,23,12,37,11,2298,0.52,0.98,0.24,0.35
PF12571,PF15726,0,0,0,0,0,2358,0,1.0,0,0,0,0,0,0,2358,0,1.0,0,0
PF04050,PF12152,11,3,2,9,1,2346,0.67,1.0,0.18,0.35,3,2,9,1,2346,0.67,1.0,0.18,0.35
PF13954,PF00345,10,12,10,0,2,2346,0.83,1.0,1.0,0.91,12,10,0,2,2346,0.83,1.0,1.0,0.91
PF15447,PF03011,3,4,3,0,1,2354,0.75,1.0,1.0,0.87,4,3,0,1,2354,0.75,1.0,1.0,0.87
PF08374,PF16492,3,5,3,0,2,2353,0.6,1.0,1.0,0.77,5,3,0,2,2353,0.6,1.0,1.0,0.77
PF06534,PF06535,0,0,0,0,0,2358,0,1.0,0,0,0,0,0,0,2358,0,1.0,0,0
PF01405,PF02119,4,6,0,4,6,2348,0.0,1.0,0.0,-0.0,6,0,4,6,2348,0.0,1.0,0.0,-0.0
PF10637,PF10369,11,18,1,10,17,2330,0.06,0.99,0.09,0.07,18,1,10,17,2330,0.06,0.99,0.09,0.07
PF11496,PF09762,15,5,2,13,3,2340,0.4,0.99,0.13,0.23,5,2,13,3,2340,0.4,0.99,0.13,0.23
PF02298,PF06749,35,10,4,31,6,2317,0.4,0.98,0.11,0.21,10,4,31,6,2317,0.4,0.98,0.11,0.21
PF11277,PF10479,14,20,4,10,16,2328,0.2,0.99,0.29,0.23,20,4,10,16,2328,0.2,0.99,0.29,0.23
PF06887,PF01580,0,7,0,0,7,2351,0.0,1.0,0,0,7,0,0,7,2351,0.0,1.0,0,0
PF12542,PF16741,22,5,0,22,5,2331,0.0,0.99,0.0,-0.0,5,0,22,5,2331,0.0,0.99,0.0,-0.0
PF02403,PF03129,40,94,17,23,77,2241,0.18,0.96,0.42,0.26,94,17,23,77,2241,0.18,0.96,0.42,0.26
PF16720,PF03784,3,1,1,2,0,2355,1.0,1.0,0.33,0.58,1,1,2,0,2355,1.0,1.0,0.33,0.58
PF06628,PF00199,30,35,28,2,7,2321,0.8,1.0,0.93,0.86,35,28,2,7,2321,0.8,1.0,0.93,0.86
PF04335,PF12883,18,2,2,16,0,2340,1.0,0.99,0.11,0.33,2,2,16,0,2340,1.0,0.99,0.11,0.33
PF00405,PF09439,16,11,4,12,7,2335,0.36,0.99,0.25,0.3,11,4,12,7,2335,0.36,0.99,0.25,0.3
PF07523,PF09327,0,0,0,0,0,2358,0,1.0,0,0,0,0,0,0,2358,0,1.0,0,0
PF08206,PF08529,1,7,1,0,6,2351,0.14,1.0,1.0,0.38,7,1,0,6,2351,0.14,1.0,1.0,0.38
PF02319,PF16421,49,17,15,34,2,2307,0.88,0.98,0.31,0.51,17,15,34,2,2307,0.88,0.98,0.31,0.51
PF10542,PF00127,0,6,0,0,6,2352,0.0,1.0,0,0,6,0,0,6,2352,0.0,1.0,0,0
PF09785,PF08156,11,49,3,8,46,2301,0.06,0.98,0.27,0.12,49,3,8,46,2301,0.06,0.98,0.27,0.12
PF00265,PF07189,19,13,4,15,9,2330,0.31,0.99,0.21,0.25,13,4,15,9,2330,0.31,0.99,0.21,0.25
PF15058,PF15620,6,0,0,6,0,2352,0,1.0,0.0,0,0,0,6,0,2352,0,1.0,0.0,0
PF14749,PF01756,35,41,27,8,14,2309,0.66,0.99,0.77,0.71,41,27,8,14,2309,0.66,0.99,0.77,0.71
PF01638,PF01312,2,3,1,1,2,2354,0.33,1.0,0.5,0.41,3,1,1,2,2354,0.33,1.0,0.5,0.41
PF02932,PF02931,123,138,117,6,21,2214,0.85,0.99,0.95,0.89,138,117,6,21,2214,0.85,0.99,0.95,0.89
PF16784,PF04854,0,4,0,0,4,2354,0.0,1.0,0,0,4,0,0,4,2354,0.0,1.0,0,0
PF09811,PF07816,12,0,0,12,0,2346,0,0.99,0.0,0,0,0,12,0,2346,0,0.99,0.0,0
PF13414,PF00515,80,111,55,25,56,2222,0.5,0.97,0.69,0.57,111,55,25,56,2222,0.5,0.97,0.69,0.57
PF04671,PF13753,3,0,0,3,0,2355,0,1.0,0.0,0,0,0,3,0,2355,0,1.0,0.0,0
PF13897,PF03765,16,47,11,5,36,2306,0.23,0.98,0.69,0.39,47,11,5,36,2306,0.23,0.98,0.69,0.39
PF09514,PF12417,7,10,3,4,7,2344,0.3,1.0,0.43,0.36,10,3,4,7,2344,0.3,1.0,0.43,0.36
PF12177,PF05494,5,3,0,5,3,2350,0.0,1.0,0.0,-0.0,3,0,5,3,2350,0.0,1.0,0.0,-0.0
PF04183,PF06276,3,3,3,0,0,2355,1.0,1.0,1.0,1.0,3,3,0,0,2355,1.0,1.0,1.0,1.0
PF10731,PF06681,0,0,0,0,0,2358,0,1.0,0,0,0,0,0,0,2358,0,1.0,0,0
PF02100,PF08559,11,7,2,9,5,2342,0.29,0.99,0.18,0.23,7,2,9,5,2342,0.29,0.99,0.18,0.23
PF09990,PF03379,0,4,0,0,4,2354,0.0,1.0,0,0,4,0,0,4,2354,0.0,1.0,0,0
PF14716,PF10391,30,24,19,11,5,2323,0.79,0.99,0.63,0.7,24,19,11,5,2323,0.79,0.99,0.63,0.7
PF14886,PF09232,5,1,0,5,1,2352,0.0,1.0,0.0,-0.0,1,0,5,1,2352,0.0,1.0,0.0,-0.0
PF11923,PF03159,14,36,7,7,29,2315,0.19,0.98,0.5,0.31,36,7,7,29,2315,0.19,0.98,0.5,0.31
PF10421,PF01909,10,43,8,2,35,2313,0.19,0.98,0.8,0.38,43,8,2,35,2313,0.19,0.98,0.8,0.38
PF00633,PF10576,10,5,2,8,3,2345,0.4,1.0,0.2,0.28,5,2,8,3,2345,0.4,1.0,0.2,0.28
PF00107,PF08240,171,184,144,27,40,2147,0.78,0.97,0.84,0.8,184,144,27,40,2147,0.78,0.97,0.84,0.8
PF16788,PF14611,4,10,0,4,10,2344,0.0,0.99,0.0,-0.0,10,0,4,10,2344,0.0,0.99,0.0,-0.0
PF03581,PF09676,1,0,0,1,0,2357,0,1.0,0.0,0,0,0,1,0,2357,0,1.0,0.0,0
PF03695,PF12019,2,4,0,2,4,2352,0.0,1.0,0.0,-0.0,4,0,2,4,2352,0.0,1.0,0.0,-0.0
PF10326,PF10319,37,3,1,36,2,2319,0.33,0.98,0.03,0.09,3,1,36,2,2319,0.33,0.98,0.03,0.09
PF12658,PF17015,3,0,0,3,0,2355,0,1.0,0.0,0,0,0,3,0,2355,0,1.0,0.0,0
PF16515,PF17045,8,0,0,8,0,2350,0,1.0,0.0,0,0,0,8,0,2350,0,1.0,0.0,0
PF15049,PF02277,0,4,0,0,4,2354,0.0,1.0,0,0,4,0,0,4,2354,0.0,1.0,0,0
PF01080,PF04184,21,7,1,20,6,2331,0.14,0.99,0.05,0.08,7,1,20,6,2331,0.14,0.99,0.05,0.08
PF04158,PF16699,10,7,2,8,5,2343,0.29,0.99,0.2,0.24,7,2,8,5,2343,0.29,0.99,0.2,0.24
PF05463,PF05111,3,2,0,3,2,2353,0.0,1.0,0.0,-0.0,2,0,3,2,2353,0.0,1.0,0.0,-0.0
PF16879,PF08295,26,29,25,1,4,2328,0.86,1.0,0.96,0.91,29,25,1,4,2328,0.86,1.0,0.96,0.91
PF02012,PF02333,0,7,0,0,7,2351,0.0,1.0,0,0,7,0,0,7,2351,0.0,1.0,0,0
PF15658,PF09500,0,0,0,0,0,2358,0,1.0,0,0,0,0,0,0,2358,0,1.0,0,0
PF10231,PF12494,14,8,1,13,7,2337,0.12,0.99,0.07,0.09,8,1,13,7,2337,0.12,0.99,0.07,0.09
PF01248,PF07896,76,10,6,70,4,2278,0.6,0.97,0.08,0.21,10,6,70,4,2278,0.6,0.97,0.08,0.21
PF11529,PF17206,0,1,0,0,1,2357,0.0,1.0,0,0,1,0,0,1,2357,0.0,1.0,0,0
PF03722,PF03723,14,16,14,0,2,2342,0.88,1.0,1.0,0.94,16,14,0,2,2342,0.88,1.0,1.0,0.94
PF04860,PF05135,1,0,0,1,0,2357,0,1.0,0.0,0,0,0,1,0,2357,0,1.0,0.0,0
PF15017,PF17146,1,9,1,0,8,2349,0.11,1.0,1.0,0.33,9,1,0,8,2349,0.11,1.0,1.0,0.33
PF00866,PF06995,12,0,0,12,0,2346,0,0.99,0.0,0,0,0,12,0,2346,0,0.99,0.0,0
PF15994,PF15995,0,0,0,0,0,2358,0,1.0,0,0,0,0,0,0,2358,0,1.0,0,0
PF02613,PF15776,2,4,1,1,3,2353,0.25,1.0,0.5,0.35,4,1,1,3,2353,0.25,1.0,0.5,0.35
PF07250,PF09118,15,13,12,3,1,2342,0.92,1.0,0.8,0.86,13,12,3,1,2342,0.92,1.0,0.8,0.86
PF02793,PF01825,36,56,15,21,41,2281,0.27,0.97,0.42,0.32,56,15,21,41,2281,0.27,0.97,0.42,0.32
PF12857,PF01032,2,8,2,0,6,2350,0.25,1.0,1.0,0.5,8,2,0,6,2350,0.25,1.0,1.0,0.5
PF08581,PF17005,4,1,1,3,0,2354,1.0,1.0,0.25,0.5,1,1,3,0,2354,1.0,1.0,0.25,0.5
PF00144,PF03109,101,68,33,68,35,2222,0.49,0.96,0.33,0.38,68,33,68,35,2222,0.49,0.96,0.33,0.38
PF09989,PF06050,0,0,0,0,0,2358,0,1.0,0,0,0,0,0,0,2358,0,1.0,0,0
PF03266,PF15741,6,2,0,6,2,2350,0.0,1.0,0.0,-0.0,2,0,6,2,2350,0.0,1.0,0.0,-0.0
PF02362,PF06507,54,23,21,33,2,2302,0.91,0.99,0.39,0.59,23,21,33,2,2302,0.91,0.99,0.39,0.59
PF13101,PF17164,0,0,0,0,0,2358,0,1.0,0,0,0,0,0,0,2358,0,1.0,0,0
PF16510,PF12388,2,0,0,2,0,2356,0,1.0,0.0,0,0,0,2,0,2356,0,1.0,0.0,0
PF02326,PF09363,7,6,0,7,6,2345,0.0,0.99,0.0,-0.0,6,0,7,6,2345,0.0,0.99,0.0,-0.0
PF10572,PF15623,6,0,0,6,0,2352,0,1.0,0.0,0,0,0,6,0,2352,0,1.0,0.0,0
PF09836,PF06001,0,25,0,0,25,2333,0.0,0.99,0,0,25,0,0,25,2333,0.0,0.99,0,0
PF01365,PF08709,20,27,19,1,8,2330,0.7,1.0,0.95,0.82,27,19,1,8,2330,0.7,1.0,0.95,0.82
PF02781,PF00479,29,30,28,1,2,2327,0.93,1.0,0.97,0.95,30,28,1,2,2327,0.93,1.0,0.97,0.95
PF07052,PF11623,18,1,0,18,1,2339,0.0,0.99,0.0,-0.0,1,0,18,1,2339,0.0,0.99,0.0,-0.0
PF13356,PF09003,7,4,3,4,1,2350,0.75,1.0,0.43,0.57,4,3,4,1,2350,0.75,1.0,0.43,0.57
PF00975,PF16197,34,55,28,6,27,2297,0.51,0.99,0.82,0.64,55,28,6,27,2297,0.51,0.99,0.82,0.64
PF02320,PF05915,24,2,1,23,1,2333,0.5,0.99,0.04,0.14,2,1,23,1,2333,0.5,0.99,0.04,0.14
PF14830,PF12143,2,5,2,0,3,2353,0.4,1.0,1.0,0.63,5,2,0,3,2353,0.4,1.0,1.0,0.63
PF01966,PF02541,41,12,9,32,3,2314,0.75,0.99,0.22,0.4,12,9,32,3,2314,0.75,0.99,0.22,0.4
PF13094,PF05728,1,8,0,1,8,2349,0.0,1.0,0.0,-0.0,8,0,1,8,2349,0.0,1.0,0.0,-0.0
PF01105,PF15011,66,4,2,64,2,2290,0.5,0.97,0.03,0.12,4,2,64,2,2290,0.5,0.97,0.03,0.12
PF05904,PF09284,1,13,0,1,13,2344,0.0,0.99,0.0,-0.0,13,0,1,13,2344,0.0,0.99,0.0,-0.0
PF00501,PF00550,219,107,81,138,26,2113,0.76,0.93,0.37,0.5,107,81,138,26,2113,0.76,0.93,0.37,0.5
PF14420,PF15898,23,3,1,22,2,2333,0.33,0.99,0.04,0.12,3,1,22,2,2333,0.33,0.99,0.04,0.12
PF01505,PF11978,3,3,3,0,0,2355,1.0,1.0,1.0,1.0,3,3,0,0,2355,1.0,1.0,1.0,1.0
PF11470,PF09429,15,19,1,14,18,2325,0.05,0.99,0.07,0.05,19,1,14,18,2325,0.05,0.99,0.07,0.05
PF00654,PF01595,72,25,6,66,19,2267,0.24,0.96,0.08,0.13,25,6,66,19,2267,0.24,0.96,0.08,0.13
PF12243,PF12350,6,9,6,0,3,2349,0.67,1.0,1.0,0.82,9,6,0,3,2349,0.67,1.0,1.0,0.82
PF15554,PF08653,4,6,0,4,6,2348,0.0,1.0,0.0,-0.0,6,0,4,6,2348,0.0,1.0,0.0,-0.0
PF00267,PF08093,3,3,0,3,3,2352,0.0,1.0,0.0,-0.0,3,0,3,3,2352,0.0,1.0,0.0,-0.0
PF13873,PF16064,35,13,8,27,5,2318,0.62,0.99,0.23,0.37,13,8,27,5,2318,0.62,0.99,0.23,0.37
PF03981,PF13225,18,8,2,16,6,2334,0.25,0.99,0.11,0.16,8,2,16,6,2334,0.25,0.99,0.11,0.16
PF01266,PF16901,120,19,13,107,6,2232,0.68,0.95,0.11,0.26,19,13,107,6,2232,0.68,0.95,0.11,0.26
PF04891,PF02217,2,4,0,2,4,2352,0.0,1.0,0.0,-0.0,4,0,2,4,2352,0.0,1.0,0.0,-0.0
PF11912,PF15333,1,3,0,1,3,2354,0.0,1.0,0.0,-0.0,3,0,1,3,2354,0.0,1.0,0.0,-0.0
PF10235,PF02950,3,3,0,3,3,2352,0.0,1.0,0.0,-0.0,3,0,3,3,2352,0.0,1.0,0.0,-0.0
PF12843,PF09951,0,0,0,0,0,2358,0,1.0,0,0,0,0,0,0,2358,0,1.0,0,0
PF10548,PF17007,0,0,0,0,0,2358,0,1.0,0,0,0,0,0,0,2358,0,1.0,0,0
PF10378,PF12178,6,6,0,6,6,2346,0.0,0.99,0.0,-0.0,6,0,6,6,2346,0.0,0.99,0.0,-0.0
PF08075,PF10443,18,9,2,16,7,2333,0.22,0.99,0.11,0.15,9,2,16,7,2333,0.22,0.99,0.11,0.15
PF00999,PF16644,115,6,6,109,0,2243,1.0,0.95,0.05,0.22,6,6,109,0,2243,1.0,0.95,0.05,0.22
PF16977,PF07602,14,1,1,13,0,2344,1.0,0.99,0.07,0.27,1,1,13,0,2344,1.0,0.99,0.07,0.27
PF10360,PF04152,5,28,3,2,25,2328,0.11,0.99,0.6,0.25,28,3,2,25,2328,0.11,0.99,0.6,0.25
PF04235,PF10406,0,16,0,0,16,2342,0.0,0.99,0,0,16,0,0,16,2342,0.0,0.99,0,0
PF02261,PF07499,4,5,0,4,5,2349,0.0,1.0,0.0,-0.0,5,0,4,5,2349,0.0,1.0,0.0,-0.0
PF00767,PF06798,4,0,0,4,0,2354,0,1.0,0.0,0,0,0,4,0,2354,0,1.0,0.0,0
PF07442,PF10101,1,0,0,1,0,2357,0,1.0,0.0,0,0,0,1,0,2357,0,1.0,0.0,0
PF08028,PF12806,6,5,5,1,0,2352,1.0,1.0,0.83,0.91,5,5,1,0,2352,1.0,1.0,0.83,0.91
PF15257,PF04988,2,8,1,1,7,2349,0.12,1.0,0.5,0.25,8,1,1,7,2349,0.12,1.0,0.5,0.25
PF15380,PF05418,0,3,0,0,3,2355,0.0,1.0,0,0,3,0,0,3,2355,0.0,1.0,0,0
PF06450,PF03831,3,0,0,3,0,2355,0,1.0,0.0,0,0,0,3,0,2355,0,1.0,0.0,0
PF15046,PF08945,6,0,0,6,0,2352,0,1.0,0.0,0,0,0,6,0,2352,0,1.0,0.0,0
PF04970,PF02594,16,18,4,12,14,2328,0.22,0.99,0.25,0.23,18,4,12,14,2328,0.22,0.99,0.25,0.23
PF13882,PF06583,7,2,1,6,1,2350,0.5,1.0,0.14,0.27,2,1,6,1,2350,0.5,1.0,0.14,0.27
PF17015,PF14877,0,8,0,0,8,2350,0.0,1.0,0,0,8,0,0,8,2350,0.0,1.0,0,0
PF07305,PF11075,0,0,0,0,0,2358,0,1.0,0,0,0,0,0,0,2358,0,1.0,0,0
PF14822,PF07406,6,6,1,5,5,2347,0.17,1.0,0.17,0.16,6,1,5,5,2347,0.17,1.0,0.17,0.16
PF05188,PF01624,57,55,52,5,3,2298,0.95,1.0,0.91,0.93,55,52,5,3,2298,0.95,1.0,0.91,0.93
PF00748,PF08526,3,6,0,3,6,2349,0.0,1.0,0.0,-0.0,6,0,3,6,2349,0.0,1.0,0.0,-0.0
PF05075,PF03436,0,2,0,0,2,2356,0.0,1.0,0,0,2,0,0,2,2356,0.0,1.0,0,0
PF07484,PF01913,0,2,0,0,2,2356,0.0,1.0,0,0,2,0,0,2,2356,0.0,1.0,0,0
PF01866,PF03981,26,18,3,23,15,2317,0.17,0.98,0.12,0.13,18,3,23,15,2317,0.17,0.98,0.12,0.13
PF08843,PF11317,0,0,0,0,0,2358,0,1.0,0,0,0,0,0,0,2358,0,1.0,0,0
PF06068,PF04979,24,39,9,15,30,2304,0.23,0.98,0.38,0.29,39,9,15,30,2304,0.23,0.98,0.38,0.29
PF00015,PF02203,20,9,9,11,0,2338,1.0,1.0,0.45,0.67,9,9,11,0,2338,1.0,1.0,0.45,0.67
PF16088,PF07914,1,19,1,0,18,2339,0.05,0.99,1.0,0.23,19,1,0,18,2339,0.05,0.99,1.0,0.23
PF16007,PF05387,4,0,0,4,0,2354,0,1.0,0.0,0,0,0,4,0,2354,0,1.0,0.0,0
PF07086,PF09347,2,16,2,0,14,2342,0.12,0.99,1.0,0.35,16,2,0,14,2342,0.12,0.99,1.0,0.35
PF06422,PF08370,27,12,7,20,5,2326,0.58,0.99,0.26,0.38,12,7,20,5,2326,0.58,0.99,0.26,0.38
PF02557,PF06724,3,0,0,3,0,2355,0,1.0,0.0,0,0,0,3,0,2355,0,1.0,0.0,0
PF17077,PF03743,3,20,0,3,20,2335,0.0,0.99,0.0,-0.0,20,0,3,20,2335,0.0,0.99,0.0,-0.0
PF14957,PF00568,10,42,7,3,35,2313,0.17,0.98,0.7,0.34,42,7,3,35,2313,0.17,0.98,0.7,0.34
PF07496,PF00628,27,178,22,5,156,2175,0.12,0.93,0.81,0.3,178,22,5,156,2175,0.12,0.93,0.81,0.3
PF09496,PF05837,10,7,1,9,6,2342,0.14,0.99,0.1,0.12,7,1,9,6,2342,0.14,0.99,0.1,0.12
PF11997,PF14573,0,0,0,0,0,2358,0,1.0,0,0,0,0,0,0,2358,0,1.0,0,0
PF10543,PF14791,0,25,0,0,25,2333,0.0,0.99,0,0,25,0,0,25,2333,0.0,0.99,0,0
PF08100,PF00891,17,57,17,0,40,2301,0.3,0.98,1.0,0.54,57,17,0,40,2301,0.3,0.98,1.0,0.54
PF11612,PF02501,7,7,7,0,0,2351,1.0,1.0,1.0,1.0,7,7,0,0,2351,1.0,1.0,1.0,1.0
PF15521,PF09011,0,40,0,0,40,2318,0.0,0.98,0,0,40,0,0,40,2318,0.0,0.98,0,0
PF15399,PF02253,0,3,0,0,3,2355,0.0,1.0,0,0,3,0,0,3,2355,0.0,1.0,0,0
PF09817,PF05823,9,4,0,9,4,2345,0.0,0.99,0.0,-0.0,4,0,9,4,2345,0.0,0.99,0.0,-0.0
PF00576,PF00711,17,2,0,17,2,2339,0.0,0.99,0.0,-0.0,2,0,17,2,2339,0.0,0.99,0.0,-0.0
PF00569,PF16577,86,4,4,82,0,2272,1.0,0.97,0.05,0.21,4,4,82,0,2272,1.0,0.97,0.05,0.21
PF04864,PF04863,7,2,2,5,0,2351,1.0,1.0,0.29,0.53,2,2,5,0,2351,1.0,1.0,0.29,0.53
PF01209,PF01294,18,11,2,16,9,2331,0.18,0.99,0.11,0.14,11,2,16,9,2331,0.18,0.99,0.11,0.14
PF06602,PF02893,66,68,30,36,38,2254,0.44,0.97,0.45,0.43,68,30,36,38,2254,0.44,0.97,0.45,0.43
PF10172,PF09692,12,4,0,12,4,2342,0.0,0.99,0.0,-0.0,4,0,12,4,2342,0.0,0.99,0.0,-0.0
PF07724,PF10431,48,47,46,2,1,2309,0.98,1.0,0.96,0.97,47,46,2,1,2309,0.98,1.0,0.96,0.97
PF12576,PF06414,3,16,0,3,16,2339,0.0,0.99,0.0,-0.0,16,0,3,16,2339,0.0,0.99,0.0,-0.0
PF01357,PF03330,27,33,21,6,12,2319,0.64,0.99,0.78,0.7,33,21,6,12,2319,0.64,0.99,0.78,0.7
PF13933,PF15831,0,0,0,0,0,2358,0,1.0,0,0,0,0,0,0,2358,0,1.0,0,0
PF00227,PF10584,157,61,60,97,1,2200,0.98,0.96,0.38,0.6,61,60,97,1,2200,0.98,0.96,0.38,0.6
PF07985,PF00181,24,39,14,10,25,2309,0.36,0.99,0.58,0.45,39,14,10,25,2309,0.36,0.99,0.58,0.45
PF09342,PF15494,5,17,3,2,14,2339,0.18,0.99,0.6,0.32,17,3,2,14,2339,0.18,0.99,0.6,0.32
PF01547,PF02608,36,10,7,29,3,2319,0.7,0.99,0.19,0.36,10,7,29,3,2319,0.7,0.99,0.19,0.36
PF10681,PF07544,7,10,0,7,10,2341,0.0,0.99,0.0,-0.0,10,0,7,10,2341,0.0,0.99,0.0,-0.0
PF06342,PF14799,3,9,0,3,9,2346,0.0,0.99,0.0,-0.0,9,0,3,9,2346,0.0,0.99,0.0,-0.0
PF16276,PF14186,2,8,0,2,8,2348,0.0,1.0,0.0,-0.0,8,0,2,8,2348,0.0,1.0,0.0,-0.0
PF05118,PF05279,14,3,3,11,0,2344,1.0,1.0,0.21,0.46,3,3,11,0,2344,1.0,1.0,0.21,0.46
PF10834,PF13844,0,32,0,0,32,2326,0.0,0.99,0,0,32,0,0,32,2326,0.0,0.99,0,0
PF10435,PF13363,14,14,14,0,0,2344,1.0,1.0,1.0,1.0,14,14,0,0,2344,1.0,1.0,1.0,1.0
PF00998,PF00516,3,1,0,3,1,2354,0.0,1.0,0.0,-0.0,1,0,3,1,2354,0.0,1.0,0.0,-0.0
PF07828,PF16829,2,0,0,2,0,2356,0,1.0,0.0,0,0,0,2,0,2356,0,1.0,0.0,0
PF06073,PF16859,0,0,0,0,0,2358,0,1.0,0,0,0,0,0,0,2358,0,1.0,0,0
PF12482,PF06357,3,4,0,3,4,2351,0.0,1.0,0.0,-0.0,4,0,3,4,2351,0.0,1.0,0.0,-0.0
PF07974,PF02333,68,7,2,66,5,2285,0.29,0.97,0.03,0.08,7,2,66,5,2285,0.29,0.97,0.03,0.08
PF07560,PF07707,1,115,0,1,115,2242,0.0,0.95,0.0,-0.0,115,0,1,115,2242,0.0,0.95,0.0,-0.0
PF02384,PF06250,9,3,3,6,0,2349,1.0,1.0,0.33,0.58,3,3,6,0,2349,1.0,1.0,0.33,0.58
PF01799,PF02738,32,36,32,0,4,2322,0.89,1.0,1.0,0.94,36,32,0,4,2322,0.89,1.0,1.0,0.94
PF14861,PF17223,1,1,0,1,1,2356,0.0,1.0,0.0,-0.0,1,0,1,1,2356,0.0,1.0,0.0,-0.0
PF00659,PF08332,15,12,7,8,5,2338,0.58,0.99,0.47,0.52,12,7,8,5,2338,0.58,0.99,0.47,0.52
PF02978,PF00448,47,62,45,2,17,2294,0.73,0.99,0.96,0.83,62,45,2,17,2294,0.73,0.99,0.96,0.83
PF09435,PF08026,4,2,0,4,2,2352,0.0,1.0,0.0,-0.0,2,0,4,2,2352,0.0,1.0,0.0,-0.0
PF04977,PF00387,1,34,0,1,34,2323,0.0,0.99,0.0,-0.0,34,0,1,34,2323,0.0,0.99,0.0,-0.0
PF01109,PF03745,4,0,0,4,0,2354,0,1.0,0.0,0,0,0,4,0,2354,0,1.0,0.0,0
PF11579,PF15334,0,1,0,0,1,2357,0.0,1.0,0,0,1,0,0,1,2357,0.0,1.0,0,0
PF02387,PF04355,1,3,0,1,3,2354,0.0,1.0,0.0,-0.0,3,0,1,3,2354,0.0,1.0,0.0,-0.0
PF16473,PF05202,1,1,0,1,1,2356,0.0,1.0,0.0,-0.0,1,0,1,1,2356,0.0,1.0,0.0,-0.0
PF07366,PF12006,5,13,0,5,13,2340,0.0,0.99,0.0,-0.0,13,0,5,13,2340,0.0,0.99,0.0,-0.0
PF06387,PF09784,6,0,0,6,0,2352,0,1.0,0.0,0,0,0,6,0,2352,0,1.0,0.0,0
PF10673,PF08247,0,0,0,0,0,2358,0,1.0,0,0,0,0,0,0,2358,0,1.0,0,0
PF05359,PF06681,0,0,0,0,0,2358,0,1.0,0,0,0,0,0,0,2358,0,1.0,0,0
PF00054,PF02210,39,77,33,6,44,2275,0.43,0.98,0.85,0.59,77,33,6,44,2275,0.43,0.98,0.85,0.59
PF09186,PF03843,0,1,0,0,1,2357,0.0,1.0,0,0,1,0,0,1,2357,0.0,1.0,0,0
PF10801,PF02907,0,3,0,0,3,2355,0.0,1.0,0,0,3,0,0,3,2355,0.0,1.0,0,0
PF12855,PF07051,5,3,0,5,3,2350,0.0,1.0,0.0,-0.0,3,0,5,3,2350,0.0,1.0,0.0,-0.0
PF04969,PF04968,83,21,16,67,5,2270,0.76,0.97,0.19,0.37,21,16,67,5,2270,0.76,0.97,0.19,0.37
PF03878,PF07809,19,2,1,18,1,2338,0.5,0.99,0.05,0.16,2,1,18,1,2338,0.5,0.99,0.05,0.16
PF11124,PF15775,1,0,0,1,0,2357,0,1.0,0.0,0,0,0,1,0,2357,0,1.0,0.0,0
PF05334,PF04087,6,0,0,6,0,2352,0,1.0,0.0,0,0,0,6,0,2352,0,1.0,0.0,0
PF14811,PF01160,7,4,0,7,4,2347,0.0,1.0,0.0,-0.0,4,0,7,4,2347,0.0,1.0,0.0,-0.0
PF06592,PF02951,1,6,0,1,6,2351,0.0,1.0,0.0,-0.0,6,0,1,6,2351,0.0,1.0,0.0,-0.0
PF15319,PF05025,3,8,0,3,8,2347,0.0,1.0,0.0,-0.0,8,0,3,8,2347,0.0,1.0,0.0,-0.0
PF02590,PF10693,6,1,0,6,1,2351,0.0,1.0,0.0,-0.0,1,0,6,1,2351,0.0,1.0,0.0,-0.0
PF15950,PF11597,2,9,1,1,8,2348,0.11,1.0,0.5,0.23,9,1,1,8,2348,0.11,1.0,0.5,0.23
PF11722,PF05206,20,22,14,6,8,2330,0.64,0.99,0.7,0.66,22,14,6,8,2330,0.64,0.99,0.7,0.66
PF08430,PF09354,6,5,5,1,0,2352,1.0,1.0,0.83,0.91,5,5,1,0,2352,1.0,1.0,0.83,0.91
PF04502,PF00836,50,20,14,36,6,2302,0.7,0.98,0.28,0.44,20,14,36,6,2302,0.7,0.98,0.28,0.44
PF06293,PF09812,25,3,3,22,0,2333,1.0,0.99,0.12,0.34,3,3,22,0,2333,1.0,0.99,0.12,0.34
PF08110,PF07440,2,1,1,1,0,2356,1.0,1.0,0.5,0.71,1,1,1,0,2356,1.0,1.0,0.5,0.71
PF08252,PF06508,0,6,0,0,6,2352,0.0,1.0,0,0,6,0,0,6,2352,0.0,1.0,0,0
PF04336,PF12854,2,110,0,2,110,2246,0.0,0.95,0.0,-0.01,110,0,2,110,2246,0.0,0.95,0.0,-0.01
PF07816,PF07896,0,10,0,0,10,2348,0.0,1.0,0,0,10,0,0,10,2348,0.0,1.0,0,0
PF06799,PF09597,8,3,0,8,3,2347,0.0,1.0,0.0,-0.0,3,0,8,3,2347,0.0,1.0,0.0,-0.0
PF09729,PF16944,19,7,0,19,7,2332,0.0,0.99,0.0,-0.0,7,0,19,7,2332,0.0,0.99,0.0,-0.0
PF03327,PF13619,2,0,0,2,0,2356,0,1.0,0.0,0,0,0,2,0,2356,0,1.0,0.0,0
PF00963,PF15705,11,5,0,11,5,2342,0.0,0.99,0.0,-0.0,5,0,11,5,2342,0.0,0.99,0.0,-0.0
PF12224,PF16091,14,1,0,14,1,2343,0.0,0.99,0.0,-0.0,1,0,14,1,2343,0.0,0.99,0.0,-0.0
PF05437,PF05904,0,1,0,0,1,2357,0.0,1.0,0,0,1,0,0,1,2357,0.0,1.0,0,0
PF11932,PF11992,0,0,0,0,0,2358,0,1.0,0,0,0,0,0,0,2358,0,1.0,0,0
PF00459,PF12311,53,4,2,51,2,2303,0.5,0.98,0.04,0.13,4,2,51,2,2303,0.5,0.98,0.04,0.13
PF11614,PF13746,7,7,7,0,0,2351,1.0,1.0,1.0,1.0,7,7,0,0,2351,1.0,1.0,1.0,1.0
PF15952,PF08730,2,0,0,2,0,2356,0,1.0,0.0,0,0,0,2,0,2356,0,1.0,0.0,0
PF04665,PF10544,3,17,3,0,14,2341,0.18,0.99,1.0,0.42,17,3,0,14,2341,0.18,0.99,1.0,0.42
PF16051,PF08632,0,6,0,0,6,2352,0.0,1.0,0,0,6,0,0,6,2352,0.0,1.0,0,0
PF13673,PF13508,39,18,7,32,11,2308,0.39,0.98,0.18,0.26,18,7,32,11,2308,0.39,0.98,0.18,0.26
PF08284,PF00077,44,25,8,36,17,2297,0.32,0.98,0.18,0.23,25,8,36,17,2297,0.32,0.98,0.18,0.23
PF12755,PF13001,26,19,7,19,12,2320,0.37,0.99,0.27,0.31,19,7,19,12,2320,0.37,0.99,0.27,0.31
PF08024,PF09786,2,19,0,2,19,2337,0.0,0.99,0.0,-0.0,19,0,2,19,2337,0.0,0.99,0.0,-0.0
PF10737,PF15107,0,2,0,0,2,2356,0.0,1.0,0,0,2,0,0,2,2356,0.0,1.0,0,0
PF15011,PF10195,4,2,0,4,2,2352,0.0,1.0,0.0,-0.0,2,0,4,2,2352,0.0,1.0,0.0,-0.0
PF08688,PF08687,2,7,2,0,5,2351,0.29,1.0,1.0,0.53,7,2,0,5,2351,0.29,1.0,1.0,0.53
PF09543,PF14280,1,1,1,0,0,2357,1.0,1.0,1.0,1.0,1,1,0,0,2357,1.0,1.0,1.0,1.0
PF01471,PF00045,51,47,36,15,11,2296,0.77,0.99,0.71,0.73,47,36,15,11,2296,0.77,0.99,0.71,0.73
PF00841,PF04892,5,0,0,5,0,2353,0,1.0,0.0,0,0,0,5,0,2353,0,1.0,0.0,0
PF16835,PF12240,20,2,2,18,0,2338,1.0,0.99,0.1,0.32,2,2,18,0,2338,1.0,0.99,0.1,0.32
PF08777,PF14304,20,17,4,16,13,2325,0.24,0.99,0.2,0.21,17,4,16,13,2325,0.24,0.99,0.2,0.21
PF01478,PF07203,2,1,0,2,1,2355,0.0,1.0,0.0,-0.0,1,0,2,1,2355,0.0,1.0,0.0,-0.0
PF05615,PF10173,20,9,3,17,6,2332,0.33,0.99,0.15,0.22,9,3,17,6,2332,0.33,0.99,0.15,0.22
PF05203,PF15624,11,5,1,10,4,2343,0.2,0.99,0.09,0.13,5,1,10,4,2343,0.2,0.99,0.09,0.13
PF14094,PF09655,0,0,0,0,0,2358,0,1.0,0,0,0,0,0,0,2358,0,1.0,0,0
PF01184,PF01300,39,29,14,25,15,2304,0.48,0.98,0.36,0.41,29,14,25,15,2304,0.48,0.98,0.36,0.41
PF14024,PF17017,0,0,0,0,0,2358,0,1.0,0,0,0,0,0,0,2358,0,1.0,0,0
PF13018,PF05658,2,2,2,0,0,2356,1.0,1.0,1.0,1.0,2,2,0,0,2356,1.0,1.0,1.0,1.0
PF06074,PF17206,0,1,0,0,1,2357,0.0,1.0,0,0,1,0,0,1,2357,0.0,1.0,0,0
PF11878,PF14429,14,27,13,1,14,2330,0.48,0.99,0.93,0.67,27,13,1,14,2330,0.48,0.99,0.93,0.67
PF13009,PF03590,0,7,0,0,7,2351,0.0,1.0,0,0,7,0,0,7,2351,0.0,1.0,0,0
PF12507,PF12158,2,0,0,2,0,2356,0,1.0,0.0,0,0,0,2,0,2356,0,1.0,0.0,0
PF16834,PF05613,3,0,0,3,0,2355,0,1.0,0.0,0,0,0,3,0,2355,0,1.0,0.0,0
PF04053,PF06957,47,24,23,24,1,2310,0.96,0.99,0.49,0.68,24,23,24,1,2310,0.96,0.99,0.49,0.68
PF13929,PF13722,1,2,0,1,2,2355,0.0,1.0,0.0,-0.0,2,0,1,2,2355,0.0,1.0,0.0,-0.0
PF03259,PF06522,22,9,4,18,5,2331,0.44,0.99,0.18,0.28,9,4,18,5,2331,0.44,0.99,0.18,0.28
PF04991,PF07782,16,22,6,10,16,2326,0.27,0.99,0.38,0.31,22,6,10,16,2326,0.27,0.99,0.38,0.31
PF14740,PF04194,6,23,1,5,22,2330,0.04,0.99,0.17,0.08,23,1,5,22,2330,0.04,0.99,0.17,0.08
PF15880,PF00737,9,5,1,8,4,2345,0.2,0.99,0.11,0.15,5,1,8,4,2345,0.2,0.99,0.11,0.15
PF00941,PF03450,37,36,36,1,0,2321,1.0,1.0,0.97,0.99,36,36,1,0,2321,1.0,1.0,0.97,0.99
PF14626,PF07199,3,0,0,3,0,2355,0,1.0,0.0,0,0,0,3,0,2355,0,1.0,0.0,0
PF01487,PF08501,24,29,20,4,9,2325,0.69,0.99,0.83,0.76,29,20,4,9,2325,0.69,0.99,0.83,0.76
PF10780,PF01097,0,7,0,0,7,2351,0.0,1.0,0,0,7,0,0,7,2351,0.0,1.0,0,0
PF13880,PF13878,5,7,5,0,2,2351,0.71,1.0,1.0,0.84,7,5,0,2,2351,0.71,1.0,1.0,0.84
PF08246,PF00112,58,108,54,4,54,2246,0.5,0.98,0.93,0.67,108,54,4,54,2246,0.5,0.98,0.93,0.67
PF04402,PF00727,10,6,1,9,5,2343,0.17,0.99,0.1,0.13,6,1,9,5,2343,0.17,0.99,0.1,0.13
PF03320,PF08299,8,4,1,7,3,2347,0.25,1.0,0.12,0.17,4,1,7,3,2347,0.25,1.0,0.12,0.17
PF03929,PF02975,6,7,1,5,6,2346,0.14,1.0,0.17,0.15,7,1,5,6,2346,0.14,1.0,0.17,0.15
PF17201,PF01000,0,16,0,0,16,2342,0.0,0.99,0,0,16,0,0,16,2342,0.0,0.99,0,0
PF02140,PF01301,61,57,31,30,26,2271,0.54,0.98,0.51,0.51,57,31,30,26,2271,0.54,0.98,0.51,0.51
PF00288,PF08544,78,64,58,20,6,2274,0.91,0.99,0.74,0.82,64,58,20,6,2274,0.91,0.99,0.74,0.82
PF15498,PF17164,0,0,0,0,0,2358,0,1.0,0,0,0,0,0,0,2358,0,1.0,0,0
PF07955,PF07327,8,3,0,8,3,2347,0.0,1.0,0.0,-0.0,3,0,8,3,2347,0.0,1.0,0.0,-0.0
PF07603,PF05673,0,0,0,0,0,2358,0,1.0,0,0,0,0,0,0,2358,0,1.0,0,0
PF11465,PF07204,9,6,1,8,5,2344,0.17,0.99,0.11,0.13,6,1,8,5,2344,0.17,0.99,0.11,0.13
PF02562,PF17020,2,2,0,2,2,2354,0.0,1.0,0.0,-0.0,2,0,2,2,2354,0.0,1.0,0.0,-0.0
PF08000,PF02074,2,3,0,2,3,2353,0.0,1.0,0.0,-0.0,3,0,2,3,2353,0.0,1.0,0.0,-0.0
PF02354,PF02191,5,20,5,0,15,2338,0.25,0.99,1.0,0.5,20,5,0,15,2338,0.25,0.99,1.0,0.5
PF01010,PF06455,6,7,1,5,6,2346,0.14,1.0,0.17,0.15,7,1,5,6,2346,0.14,1.0,0.17,0.15
PF00715,PF10422,4,1,0,4,1,2353,0.0,1.0,0.0,-0.0,1,0,4,1,2353,0.0,1.0,0.0,-0.0
PF10013,PF10707,0,0,0,0,0,2358,0,1.0,0,0,0,0,0,0,2358,0,1.0,0,0
PF15815,PF08941,1,17,1,0,16,2341,0.06,0.99,1.0,0.24,17,1,0,16,2341,0.06,0.99,1.0,0.24
PF06369,PF09056,5,8,0,5,8,2345,0.0,0.99,0.0,-0.0,8,0,5,8,2345,0.0,0.99,0.0,-0.0
PF04565,PF04561,38,7,5,33,2,2318,0.71,0.99,0.13,0.3,7,5,33,2,2318,0.71,0.99,0.13,0.3
PF06632,PF03652,8,10,4,4,6,2344,0.4,1.0,0.5,0.45,10,4,4,6,2344,0.4,1.0,0.5,0.45
PF07642,PF04958,0,4,0,0,4,2354,0.0,1.0,0,0,4,0,0,4,2354,0.0,1.0,0,0
PF00148,PF08369,4,4,4,0,0,2354,1.0,1.0,1.0,1.0,4,4,0,0,2354,1.0,1.0,1.0,1.0
PF09783,PF14565,27,3,1,26,2,2329,0.33,0.99,0.04,0.11,3,1,26,2,2329,0.33,0.99,0.04,0.11
PF16885,PF08763,5,15,5,0,10,2343,0.33,1.0,1.0,0.58,15,5,0,10,2343,0.33,1.0,1.0,0.58
PF04840,PF04841,28,19,19,9,0,2330,1.0,1.0,0.68,0.82,19,19,9,0,2330,1.0,1.0,0.68,0.82
PF04221,PF04170,2,0,0,2,0,2356,0,1.0,0.0,0,0,0,2,0,2356,0,1.0,0.0,0
PF08628,PF02194,25,33,25,0,8,2325,0.76,1.0,1.0,0.87,33,25,0,8,2325,0.76,1.0,1.0,0.87
PF09951,PF08453,0,4,0,0,4,2354,0.0,1.0,0,0,4,0,0,4,2354,0.0,1.0,0,0
PF04754,PF06952,3,0,0,3,0,2355,0,1.0,0.0,0,0,0,3,0,2355,0,1.0,0.0,0
PF04548,PF11886,42,5,5,37,0,2316,1.0,0.98,0.12,0.34,5,5,37,0,2316,1.0,0.98,0.12,0.34
PF13409,PF02798,29,80,15,14,65,2264,0.19,0.97,0.52,0.3,80,15,14,65,2264,0.19,0.97,0.52,0.3
PF13193,PF16177,146,23,20,126,3,2209,0.87,0.95,0.14,0.33,23,20,126,3,2209,0.87,0.95,0.14,0.33
PF16680,PF11628,8,7,3,5,4,2346,0.43,1.0,0.38,0.4,7,3,5,4,2346,0.43,1.0,0.38,0.4
PF04258,PF02225,40,77,25,15,52,2266,0.32,0.97,0.62,0.44,77,25,15,52,2266,0.32,0.97,0.62,0.44
PF13996,PF08926,0,13,0,0,13,2345,0.0,0.99,0,0,13,0,0,13,2345,0.0,0.99,0,0
PF08617,PF12414,16,5,2,14,3,2339,0.4,0.99,0.12,0.22,5,2,14,3,2339,0.4,0.99,0.12,0.22
PF16108,PF15602,0,0,0,0,0,2358,0,1.0,0,0,0,0,0,0,2358,0,1.0,0,0
PF04721,PF07912,10,10,0,10,10,2338,0.0,0.99,0.0,-0.0,10,0,10,10,2338,0.0,0.99,0.0,-0.0
PF05083,PF01514,3,3,0,3,3,2352,0.0,1.0,0.0,-0.0,3,0,3,3,2352,0.0,1.0,0.0,-0.0
PF01599,PF16455,15,14,3,12,11,2332,0.21,0.99,0.2,0.2,14,3,12,11,2332,0.21,0.99,0.2,0.2
PF13851,PF12180,7,3,0,7,3,2348,0.0,1.0,0.0,-0.0,3,0,7,3,2348,0.0,1.0,0.0,-0.0
PF07687,PF01546,21,68,13,8,55,2282,0.19,0.97,0.62,0.33,68,13,8,55,2282,0.19,0.97,0.62,0.33
PF00183,PF09239,60,3,1,59,2,2296,0.33,0.97,0.02,0.07,3,1,59,2,2296,0.33,0.97,0.02,0.07
PF16072,PF15669,1,0,0,1,0,2357,0,1.0,0.0,0,0,0,1,0,2357,0,1.0,0.0,0
PF13270,PF11460,7,0,0,7,0,2351,0,1.0,0.0,0,0,0,7,0,2351,0,1.0,0.0,0
PF09967,PF11672,3,3,3,0,0,2355,1.0,1.0,1.0,1.0,3,3,0,0,2355,1.0,1.0,1.0,1.0
PF14383,PF12552,4,7,2,2,5,2349,0.29,1.0,0.5,0.38,7,2,2,5,2349,0.29,1.0,0.5,0.38
PF02987,PF02919,0,15,0,0,15,2343,0.0,0.99,0,0,15,0,0,15,2343,0.0,0.99,0,0
PF02222,PF01259,13,16,2,11,14,2331,0.12,0.99,0.15,0.13,16,2,11,14,2331,0.12,0.99,0.15,0.13
PF00035,PF01207,95,73,28,67,45,2218,0.38,0.95,0.29,0.31,73,28,67,45,2218,0.38,0.95,0.29,0.31
PF15608,PF12081,0,0,0,0,0,2358,0,1.0,0,0,0,0,0,0,2358,0,1.0,0,0
PF07930,PF11954,1,6,0,1,6,2351,0.0,1.0,0.0,-0.0,6,0,1,6,2351,0.0,1.0,0.0,-0.0
PF16655,PF09423,6,19,5,1,14,2338,0.26,0.99,0.83,0.47,19,5,1,14,2338,0.26,0.99,0.83,0.47
PF13458,PF12849,15,23,10,5,13,2330,0.43,0.99,0.67,0.53,23,10,5,13,2330,0.43,0.99,0.67,0.53
PF11039,PF06347,0,8,0,0,8,2350,0.0,1.0,0,0,8,0,0,8,2350,0.0,1.0,0,0
PF06174,PF00736,0,51,0,0,51,2307,0.0,0.98,0,0,51,0,0,51,2307,0.0,0.98,0,0
PF15551,PF15703,0,2,0,0,2,2356,0.0,1.0,0,0,2,0,0,2,2356,0.0,1.0,0,0
PF06547,PF13441,6,2,2,4,0,2352,1.0,1.0,0.33,0.58,2,2,4,0,2352,1.0,1.0,0.33,0.58
PF05232,PF08497,0,0,0,0,0,2358,0,1.0,0,0,0,0,0,0,2358,0,1.0,0,0
PF02852,PF14691,54,22,8,46,14,2290,0.36,0.97,0.15,0.22,22,8,46,14,2290,0.36,0.97,0.15,0.22
PF11461,PF16516,17,10,1,16,9,2332,0.1,0.99,0.06,0.07,10,1,16,9,2332,0.1,0.99,0.06,0.07
PF09980,PF15114,0,0,0,0,0,2358,0,1.0,0,0,0,0,0,0,2358,0,1.0,0,0
PF01933,PF11264,9,3,0,9,3,2346,0.0,0.99,0.0,-0.0,3,0,9,3,2346,0.0,0.99,0.0,-0.0
PF03071,PF04133,21,9,3,18,6,2331,0.33,0.99,0.14,0.21,9,3,18,6,2331,0.33,0.99,0.14,0.21
PF01669,PF15762,1,0,0,1,0,2357,0,1.0,0.0,0,0,0,1,0,2357,0,1.0,0.0,0
PF00710,PF07693,26,14,5,21,9,2323,0.36,0.99,0.19,0.26,14,5,21,9,2323,0.36,0.99,0.19,0.26
PF11968,PF10218,15,0,0,15,0,2343,0,0.99,0.0,0,0,0,15,0,2343,0,0.99,0.0,0
PF01337,PF16836,0,3,0,0,3,2355,0.0,1.0,0,0,3,0,0,3,2355,0.0,1.0,0,0
PF05055,PF08536,5,6,0,5,6,2347,0.0,1.0,0.0,-0.0,6,0,5,6,2347,0.0,1.0,0.0,-0.0
PF03324,PF13750,1,0,0,1,0,2357,0,1.0,0.0,0,0,0,1,0,2357,0,1.0,0.0,0
PF10138,PF11179,4,2,0,4,2,2352,0.0,1.0,0.0,-0.0,2,0,4,2,2352,0.0,1.0,0.0,-0.0
PF10177,PF15862,1,3,1,0,2,2355,0.33,1.0,1.0,0.58,3,1,0,2,2355,0.33,1.0,1.0,0.58
PF12777,PF12780,78,77,70,8,7,2273,0.91,0.99,0.9,0.9,77,70,8,7,2273,0.91,0.99,0.9,0.9
PF02318,PF04698,18,4,3,15,1,2339,0.75,0.99,0.17,0.35,4,3,15,1,2339,0.75,0.99,0.17,0.35
PF04174,PF06082,0,0,0,0,0,2358,0,1.0,0,0,0,0,0,0,2358,0,1.0,0,0
PF08036,PF15041,2,1,0,2,1,2355,0.0,1.0,0.0,-0.0,1,0,2,1,2355,0.0,1.0,0.0,-0.0
PF11478,PF05084,0,0,0,0,0,2358,0,1.0,0,0,0,0,0,0,2358,0,1.0,0,0
PF15255,PF05041,0,11,0,0,11,2347,0.0,1.0,0,0,11,0,0,11,2347,0.0,1.0,0,0
PF14421,PF08762,0,6,0,0,6,2352,0.0,1.0,0,0,6,0,0,6,2352,0.0,1.0,0,0
PF10629,PF05782,3,6,0,3,6,2349,0.0,1.0,0.0,-0.0,6,0,3,6,2349,0.0,1.0,0.0,-0.0
PF05943,PF03428,0,0,0,0,0,2358,0,1.0,0,0,0,0,0,0,2358,0,1.0,0,0
PF07468,PF01117,8,2,2,6,0,2350,1.0,1.0,0.25,0.5,2,2,6,0,2350,1.0,1.0,0.25,0.5
PF05022,PF08640,15,18,5,10,13,2330,0.28,0.99,0.33,0.3,18,5,10,13,2330,0.28,0.99,0.33,0.3
PF13321,PF01347,0,40,0,0,40,2318,0.0,0.98,0,0,40,0,0,40,2318,0.0,0.98,0,0
PF00055,PF06008,51,8,7,44,1,2306,0.88,0.98,0.14,0.34,8,7,44,1,2306,0.88,0.98,0.14,0.34
PF03498,PF05100,2,0,0,2,0,2356,0,1.0,0.0,0,0,0,2,0,2356,0,1.0,0.0,0
PF16674,PF14836,2,18,2,0,16,2340,0.11,0.99,1.0,0.33,18,2,0,16,2340,0.11,0.99,1.0,0.33
PF00451,PF09232,3,1,0,3,1,2354,0.0,1.0,0.0,-0.0,1,0,3,1,2354,0.0,1.0,0.0,-0.0
PF17019,PF11863,0,1,0,0,1,2357,0.0,1.0,0,0,1,0,0,1,2357,0.0,1.0,0,0
PF08646,PF16900,43,30,29,14,1,2314,0.97,0.99,0.67,0.8,30,29,14,1,2314,0.97,0.99,0.67,0.8
PF15053,PF11017,2,1,0,2,1,2355,0.0,1.0,0.0,-0.0,1,0,2,1,2355,0.0,1.0,0.0,-0.0
PF07348,PF16033,1,6,0,1,6,2351,0.0,1.0,0.0,-0.0,6,0,1,6,2351,0.0,1.0,0.0,-0.0
PF09832,PF05611,0,0,0,0,0,2358,0,1.0,0,0,0,0,0,0,2358,0,1.0,0,0
PF15764,PF15553,2,0,0,2,0,2356,0,1.0,0.0,0,0,0,2,0,2356,0,1.0,0.0,0
PF14733,PF00847,4,48,3,1,45,2309,0.06,0.98,0.75,0.21,48,3,1,45,2309,0.06,0.98,0.75,0.21
PF08472,PF05116,3,21,2,1,19,2336,0.1,0.99,0.67,0.25,21,2,1,19,2336,0.1,0.99,0.67,0.25
PF09388,PF04052,1,2,0,1,2,2355,0.0,1.0,0.0,-0.0,2,0,1,2,2355,0.0,1.0,0.0,-0.0
PF05421,PF14289,3,3,3,0,0,2355,1.0,1.0,1.0,1.0,3,3,0,0,2355,1.0,1.0,1.0,1.0
PF00202,PF05577,77,51,26,51,25,2256,0.51,0.97,0.34,0.4,51,26,51,25,2256,0.51,0.97,0.34,0.4
PF12044,PF01419,9,24,0,9,24,2325,0.0,0.99,0.0,-0.01,24,0,9,24,2325,0.0,0.99,0.0,-0.01
PF10228,PF10283,12,32,5,7,27,2319,0.16,0.99,0.42,0.25,32,5,7,27,2319,0.16,0.99,0.42,0.25
PF00664,PF06472,195,27,18,177,9,2154,0.67,0.92,0.09,0.23,27,18,177,9,2154,0.67,0.92,0.09,0.23
PF00350,PF01031,126,86,76,50,10,2222,0.88,0.97,0.6,0.72,86,76,50,10,2222,0.88,0.97,0.6,0.72
PF08701,PF05128,5,1,1,4,0,2353,1.0,1.0,0.2,0.45,1,1,4,0,2353,1.0,1.0,0.2,0.45
PF09174,PF01951,3,9,3,0,6,2349,0.33,1.0,1.0,0.58,9,3,0,6,2349,0.33,1.0,1.0,0.58
PF01907,PF01922,20,13,3,17,10,2328,0.23,0.99,0.15,0.18,13,3,17,10,2328,0.23,0.99,0.15,0.18
PF01769,PF03448,10,8,3,7,5,2343,0.38,0.99,0.3,0.33,8,3,7,5,2343,0.38,0.99,0.3,0.33
PF03310,PF13861,5,1,0,5,1,2352,0.0,1.0,0.0,-0.0,1,0,5,1,2352,0.0,1.0,0.0,-0.0
PF01437,PF01403,38,43,30,8,13,2307,0.7,0.99,0.79,0.74,43,30,8,13,2307,0.7,0.99,0.79,0.74
PF12894,PF04192,102,15,11,91,4,2252,0.73,0.96,0.11,0.27,15,11,91,4,2252,0.73,0.96,0.11,0.27
PF00779,PF00616,14,44,11,3,33,2311,0.25,0.98,0.79,0.44,44,11,3,33,2311,0.25,0.98,0.79,0.44
PF17060,PF08411,4,2,0,4,2,2352,0.0,1.0,0.0,-0.0,2,0,4,2,2352,0.0,1.0,0.0,-0.0
PF00775,PF13391,37,21,6,31,15,2306,0.29,0.98,0.16,0.21,21,6,31,15,2306,0.29,0.98,0.16,0.21
PF00145,PF12047,47,21,18,29,3,2308,0.86,0.99,0.38,0.57,21,18,29,3,2308,0.86,0.99,0.38,0.57
PF12457,PF07713,16,18,3,13,15,2327,0.17,0.99,0.19,0.17,18,3,13,15,2327,0.17,0.99,0.19,0.17
PF03144,PF08938,113,10,8,105,2,2243,0.8,0.95,0.07,0.23,10,8,105,2,2243,0.8,0.95,0.07,0.23
PF12999,PF13015,34,28,25,9,3,2321,0.89,0.99,0.74,0.81,28,25,9,3,2321,0.89,0.99,0.74,0.81
PF16838,PF05352,0,0,0,0,0,2358,0,1.0,0,0,0,0,0,0,2358,0,1.0,0,0
PF02383,PF08952,60,8,8,52,0,2298,1.0,0.98,0.13,0.36,8,8,52,0,2298,1.0,0.98,0.13,0.36
PF15851,PF04865,0,0,0,0,0,2358,0,1.0,0,0,0,0,0,0,2358,0,1.0,0,0
PF04962,PF02653,9,16,6,3,10,2339,0.38,0.99,0.67,0.5,16,6,3,10,2339,0.38,0.99,0.67,0.5
PF13436,PF13441,2,2,2,0,0,2356,1.0,1.0,1.0,1.0,2,2,0,0,2356,1.0,1.0,1.0,1.0
PF00706,PF15119,2,4,0,2,4,2352,0.0,1.0,0.0,-0.0,4,0,2,4,2352,0.0,1.0,0.0,-0.0
PF11074,PF09677,0,0,0,0,0,2358,0,1.0,0,0,0,0,0,0,2358,0,1.0,0,0
PF06943,PF04086,6,18,0,6,18,2334,0.0,0.99,0.0,-0.0,18,0,6,18,2334,0.0,0.99,0.0,-0.0
PF14257,PF14985,0,3,0,0,3,2355,0.0,1.0,0,0,3,0,0,3,2355,0.0,1.0,0,0
PF03446,PF14833,59,40,36,23,4,2295,0.9,0.99,0.61,0.74,40,36,23,4,2295,0.9,0.99,0.61,0.74
PF11771,PF02950,0,3,0,0,3,2355,0.0,1.0,0,0,3,0,0,3,2355,0.0,1.0,0,0
PF12179,PF14593,4,5,3,1,2,2352,0.6,1.0,0.75,0.67,5,3,1,2,2352,0.6,1.0,0.75,0.67
PF06371,PF06367,50,51,50,0,1,2307,0.98,1.0,1.0,0.99,51,50,0,1,2307,0.98,1.0,1.0,0.99
PF16958,PF11931,0,11,0,0,11,2347,0.0,1.0,0,0,11,0,0,11,2347,0.0,1.0,0,0
PF01060,PF00213,54,31,10,44,21,2283,0.32,0.97,0.19,0.23,31,10,44,21,2283,0.32,0.97,0.19,0.23
PF15778,PF12516,3,0,0,3,0,2355,0,1.0,0.0,0,0,0,3,0,2355,0,1.0,0.0,0
PF12947,PF12946,46,7,7,39,0,2312,1.0,0.98,0.15,0.39,7,7,39,0,2312,1.0,0.98,0.15,0.39
PF16463,PF14489,0,2,0,0,2,2356,0.0,1.0,0,0,2,0,0,2,2356,0.0,1.0,0,0
PF11105,PF15814,2,0,0,2,0,2356,0,1.0,0.0,0,0,0,2,0,2356,0,1.0,0.0,0
PF02150,PF01096,32,45,19,13,26,2300,0.42,0.98,0.59,0.49,45,19,13,26,2300,0.42,0.98,0.59,0.49
PF07080,PF09056,6,8,1,5,7,2345,0.12,0.99,0.17,0.14,8,1,5,7,2345,0.12,0.99,0.17,0.14
PF12529,PF02485,4,35,4,0,31,2323,0.11,0.99,1.0,0.34,35,4,0,31,2323,0.11,0.99,1.0,0.34
PF14224,PF15984,0,0,0,0,0,2358,0,1.0,0,0,0,0,0,0,2358,0,1.0,0,0
PF03631,PF17206,0,1,0,0,1,2357,0.0,1.0,0,0,1,0,0,1,2357,0.0,1.0,0,0
PF05230,PF02277,0,4,0,0,4,2354,0.0,1.0,0,0,4,0,0,4,2354,0.0,1.0,0,0
PF02679,PF10703,9,4,4,5,0,2349,1.0,1.0,0.44,0.67,4,4,5,0,2349,1.0,1.0,0.44,0.67
PF15873,PF05135,1,0,0,1,0,2357,0,1.0,0.0,0,0,0,1,0,2357,0,1.0,0.0,0
PF01845,PF03460,2,23,0,2,23,2333,0.0,0.99,0.0,-0.0,23,0,2,23,2333,0.0,0.99,0.0,-0.0
PF02595,PF02565,2,3,0,2,3,2353,0.0,1.0,0.0,-0.0,3,0,2,3,2353,0.0,1.0,0.0,-0.0
PF00967,PF00187,6,26,6,0,20,2332,0.23,0.99,1.0,0.48,26,6,0,20,2332,0.23,0.99,1.0,0.48
PF08483,PF05857,1,0,0,1,0,2357,0,1.0,0.0,0,0,0,1,0,2357,0,1.0,0.0,0
PF03762,PF14200,6,8,1,5,7,2345,0.12,0.99,0.17,0.14,8,1,5,7,2345,0.12,0.99,0.17,0.14
PF08774,PF13892,15,28,5,10,23,2320,0.18,0.99,0.33,0.24,28,5,10,23,2320,0.18,0.99,0.33,0.24
PF16073,PF08354,33,13,13,20,0,2325,1.0,0.99,0.39,0.62,13,13,20,0,2325,1.0,0.99,0.39,0.62
PF04824,PF05029,12,12,0,12,12,2334,0.0,0.99,0.0,-0.01,12,0,12,12,2334,0.0,0.99,0.0,-0.01
PF09414,PF14948,11,5,2,9,3,2344,0.4,0.99,0.18,0.27,5,2,9,3,2344,0.4,0.99,0.18,0.27
PF02073,PF15834,2,0,0,2,0,2356,0,1.0,0.0,0,0,0,2,0,2356,0,1.0,0.0,0
PF06350,PF07859,14,125,14,0,111,2233,0.11,0.95,1.0,0.33,125,14,0,111,2233,0.11,0.95,1.0,0.33
PF15846,PF07117,6,0,0,6,0,2352,0,1.0,0.0,0,0,0,6,0,2352,0,1.0,0.0,0
PF15951,PF11851,12,2,2,10,0,2346,1.0,1.0,0.17,0.41,2,2,10,0,2346,1.0,1.0,0.17,0.41
PF10569,PF07678,26,30,26,0,4,2328,0.87,1.0,1.0,0.93,30,26,0,4,2328,0.87,1.0,1.0,0.93
PF11566,PF09346,13,5,2,11,3,2342,0.4,0.99,0.15,0.25,5,2,11,3,2342,0.4,0.99,0.15,0.25
PF05894,PF08291,0,0,0,0,0,2358,0,1.0,0,0,0,0,0,0,2358,0,1.0,0,0
PF06682,PF14941,14,0,0,14,0,2344,0,0.99,0.0,0,0,0,14,0,2344,0,0.99,0.0,0
PF15114,PF15141,0,0,0,0,0,2358,0,1.0,0,0,0,0,0,0,2358,0,1.0,0,0
PF02683,PF13270,11,7,0,11,7,2340,0.0,0.99,0.0,-0.0,7,0,11,7,2340,0.0,0.99,0.0,-0.0
PF05510,PF09384,7,22,1,6,21,2330,0.05,0.99,0.14,0.08,22,1,6,21,2330,0.05,0.99,0.14,0.08
PF15260,PF06679,3,1,0,3,1,2354,0.0,1.0,0.0,-0.0,1,0,3,1,2354,0.0,1.0,0.0,-0.0
PF15687,PF15688,0,1,0,0,1,2357,0.0,1.0,0,0,1,0,0,1,2357,0.0,1.0,0,0
PF14911,PF14951,2,4,0,2,4,2352,0.0,1.0,0.0,-0.0,4,0,2,4,2352,0.0,1.0,0.0,-0.0
PF02182,PF12148,34,9,9,25,0,2324,1.0,0.99,0.26,0.51,9,9,25,0,2324,1.0,0.99,0.26,0.51
PF06868,PF03379,0,4,0,0,4,2354,0.0,1.0,0,0,4,0,0,4,2354,0.0,1.0,0,0
PF09281,PF06394,4,12,0,4,12,2342,0.0,0.99,0.0,-0.0,12,0,4,12,2342,0.0,0.99,0.0,-0.0
PF13298,PF04090,14,3,1,13,2,2342,0.33,0.99,0.07,0.15,3,1,13,2,2342,0.33,0.99,0.07,0.15
PF09309,PF16892,0,2,0,0,2,2356,0.0,1.0,0,0,2,0,0,2,2356,0.0,1.0,0,0
PF15345,PF02253,1,3,0,1,3,2354,0.0,1.0,0.0,-0.0,3,0,1,3,2354,0.0,1.0,0.0,-0.0
PF16507,PF11919,20,17,17,3,0,2338,1.0,1.0,0.85,0.92,17,17,3,0,2338,1.0,1.0,0.85,0.92
PF12014,PF10442,2,3,1,1,2,2354,0.33,1.0,0.5,0.41,3,1,1,2,2354,0.33,1.0,0.5,0.41
PF15206,PF02277,0,4,0,0,4,2354,0.0,1.0,0,0,4,0,0,4,2354,0.0,1.0,0,0
PF01735,PF15625,30,5,1,29,4,2324,0.2,0.99,0.03,0.08,5,1,29,4,2324,0.2,0.99,0.03,0.08
PF14569,PF03552,14,26,13,1,13,2331,0.5,0.99,0.93,0.68,26,13,1,13,2331,0.5,0.99,0.93,0.68
PF01078,PF00243,1,6,0,1,6,2351,0.0,1.0,0.0,-0.0,6,0,1,6,2351,0.0,1.0,0.0,-0.0
PF08065,PF15690,1,1,0,1,1,2356,0.0,1.0,0.0,-0.0,1,0,1,1,2356,0.0,1.0,0.0,-0.0
PF05760,PF10488,0,3,0,0,3,2355,0.0,1.0,0,0,3,0,0,3,2355,0.0,1.0,0,0
PF07201,PF07411,4,0,0,4,0,2354,0,1.0,0.0,0,0,0,4,0,2354,0,1.0,0.0,0
PF05193,PF00675,99,99,86,13,13,2246,0.87,0.99,0.87,0.86,99,86,13,13,2246,0.87,0.99,0.87,0.86
PF16551,PF16568,1,1,1,0,0,2357,1.0,1.0,1.0,1.0,1,1,0,0,2357,1.0,1.0,1.0,1.0
PF06792,PF02092,7,17,4,3,13,2338,0.24,0.99,0.57,0.36,17,4,3,13,2338,0.24,0.99,0.57,0.36
PF06305,PF13400,6,0,0,6,0,2352,0,1.0,0.0,0,0,0,6,0,2352,0,1.0,0.0,0
PF01255,PF02089,45,18,6,39,12,2301,0.33,0.98,0.13,0.2,18,6,39,12,2301,0.33,0.98,0.13,0.2
PF04679,PF01068,37,42,37,0,5,2316,0.88,1.0,1.0,0.94,42,37,0,5,2316,0.88,1.0,1.0,0.94
PF07885,PF03530,115,25,23,92,2,2241,0.92,0.96,0.2,0.42,25,23,92,2,2241,0.92,0.96,0.2,0.42
PF01559,PF03331,1,2,0,1,2,2355,0.0,1.0,0.0,-0.0,2,0,1,2,2355,0.0,1.0,0.0,-0.0
PF14977,PF10198,11,5,1,10,4,2343,0.2,0.99,0.09,0.13,5,1,10,4,2343,0.2,0.99,0.09,0.13
PF02520,PF01277,5,3,0,5,3,2350,0.0,1.0,0.0,-0.0,3,0,5,3,2350,0.0,1.0,0.0,-0.0
PF09299,PF14659,1,4,1,0,3,2354,0.25,1.0,1.0,0.5,4,1,0,3,2354,0.25,1.0,1.0,0.5
PF15300,PF13519,2,62,2,0,60,2296,0.03,0.97,1.0,0.18,62,2,0,60,2296,0.03,0.97,1.0,0.18
PF07905,PF11855,0,3,0,0,3,2355,0.0,1.0,0,0,3,0,0,3,2355,0.0,1.0,0,0
PF05957,PF03901,0,62,0,0,62,2296,0.0,0.97,0,0,62,0,0,62,2296,0.0,0.97,0,0
PF16061,PF04437,7,30,6,1,24,2327,0.2,0.99,0.86,0.41,30,6,1,24,2327,0.2,0.99,0.86,0.41
PF06671,PF02343,0,4,0,0,4,2354,0.0,1.0,0,0,4,0,0,4,2354,0.0,1.0,0,0
PF00904,PF10583,2,4,2,0,2,2354,0.5,1.0,1.0,0.71,4,2,0,2,2354,0.5,1.0,1.0,0.71
PF16100,PF05754,5,0,0,5,0,2353,0,1.0,0.0,0,0,0,5,0,2353,0,1.0,0.0,0
PF10712,PF06723,8,13,3,5,10,2340,0.23,0.99,0.38,0.29,13,3,5,10,2340,0.23,0.99,0.38,0.29
PF07231,PF07014,1,1,1,0,0,2357,1.0,1.0,1.0,1.0,1,1,0,0,2357,1.0,1.0,1.0,1.0
PF02511,PF15763,4,0,0,4,0,2354,0,1.0,0.0,0,0,0,4,0,2354,0,1.0,0.0,0
PF01882,PF08751,2,5,0,2,5,2351,0.0,1.0,0.0,-0.0,5,0,2,5,2351,0.0,1.0,0.0,-0.0
PF00002,PF01825,102,56,44,58,12,2244,0.79,0.97,0.43,0.57,56,44,58,12,2244,0.79,0.97,0.43,0.57
PF06910,PF15809,2,0,0,2,0,2356,0,1.0,0.0,0,0,0,2,0,2356,0,1.0,0.0,0
PF08332,PF12605,12,9,3,9,6,2340,0.33,0.99,0.25,0.29,9,3,9,6,2340,0.33,0.99,0.25,0.29
PF01154,PF08540,32,30,29,3,1,2325,0.97,1.0,0.91,0.94,30,29,3,1,2325,0.97,1.0,0.91,0.94
PF09775,PF01286,3,11,0,3,11,2344,0.0,0.99,0.0,-0.0,11,0,3,11,2344,0.0,0.99,0.0,-0.0
PF01241,PF06351,3,3,0,3,3,2352,0.0,1.0,0.0,-0.0,3,0,3,3,2352,0.0,1.0,0.0,-0.0
PF04182,PF10264,11,7,2,9,5,2342,0.29,0.99,0.18,0.23,7,2,9,5,2342,0.29,0.99,0.18,0.23
PF12390,PF14376,0,4,0,0,4,2354,0.0,1.0,0,0,4,0,0,4,2354,0.0,1.0,0,0
PF09781,PF09057,4,3,0,4,3,2351,0.0,1.0,0.0,-0.0,3,0,4,3,2351,0.0,1.0,0.0,-0.0
PF15274,PF05483,1,9,0,1,9,2348,0.0,1.0,0.0,-0.0,9,0,1,9,2348,0.0,1.0,0.0,-0.0
PF02175,PF03488,3,2,0,3,2,2353,0.0,1.0,0.0,-0.0,2,0,3,2,2353,0.0,1.0,0.0,-0.0
PF03466,PF00184,18,4,0,18,4,2336,0.0,0.99,0.0,-0.0,4,0,18,4,2336,0.0,0.99,0.0,-0.0
PF13567,PF03772,5,5,5,0,0,2353,1.0,1.0,1.0,1.0,5,5,0,0,2353,1.0,1.0,1.0,1.0
PF02002,PF11521,21,4,4,17,0,2337,1.0,0.99,0.19,0.43,4,4,17,0,2337,1.0,0.99,0.19,0.43
PF07733,PF14579,26,26,26,0,0,2332,1.0,1.0,1.0,1.0,26,26,0,0,2332,1.0,1.0,1.0,1.0
PF00953,PF07542,34,22,6,28,16,2308,0.27,0.98,0.18,0.21,22,6,28,16,2308,0.27,0.98,0.18,0.21
PF07429,PF13808,3,3,0,3,3,2352,0.0,1.0,0.0,-0.0,3,0,3,3,2352,0.0,1.0,0.0,-0.0
PF13783,PF00827,0,39,0,0,39,2319,0.0,0.98,0,0,39,0,0,39,2319,0.0,0.98,0,0
PF00807,PF09051,0,0,0,0,0,2358,0,1.0,0,0,0,0,0,0,2358,0,1.0,0,0
PF14565,PF00714,3,3,1,2,2,2353,0.33,1.0,0.33,0.33,3,1,2,2,2353,0.33,1.0,0.33,0.33
PF13012,PF12134,45,28,7,38,21,2292,0.25,0.97,0.16,0.19,28,7,38,21,2292,0.25,0.97,0.16,0.19
PF11386,PF05111,0,2,0,0,2,2356,0.0,1.0,0,0,2,0,0,2,2356,0.0,1.0,0,0
PF11556,PF12361,4,4,4,0,0,2354,1.0,1.0,1.0,1.0,4,4,0,0,2354,1.0,1.0,1.0,1.0
PF11546,PF08173,0,0,0,0,0,2358,0,1.0,0,0,0,0,0,0,2358,0,1.0,0,0
PF09425,PF06200,12,20,11,1,9,2337,0.55,1.0,0.92,0.71,20,11,1,9,2337,0.55,1.0,0.92,0.71
PF15250,PF15803,1,0,0,1,0,2357,0,1.0,0.0,0,0,0,1,0,2357,0,1.0,0.0,0
PF02486,PF04451,3,2,0,3,2,2353,0.0,1.0,0.0,-0.0,2,0,3,2,2353,0.0,1.0,0.0,-0.0
PF03067,PF05335,38,6,4,34,2,2318,0.67,0.98,0.11,0.26,6,4,34,2,2318,0.67,0.98,0.11,0.26
PF03813,PF04935,18,17,4,14,13,2327,0.24,0.99,0.22,0.22,17,4,14,13,2327,0.24,0.99,0.22,0.22
PF02784,PF00278,27,29,23,4,6,2325,0.79,1.0,0.85,0.82,29,23,4,6,2325,0.79,1.0,0.85,0.82
PF15194,PF05939,1,0,0,1,0,2357,0,1.0,0.0,0,0,0,1,0,2357,0,1.0,0.0,0
PF12019,PF08724,4,1,0,4,1,2353,0.0,1.0,0.0,-0.0,1,0,4,1,2353,0.0,1.0,0.0,-0.0
PF08572,PF06544,11,27,11,0,16,2331,0.41,0.99,1.0,0.64,27,11,0,16,2331,0.41,0.99,1.0,0.64
PF08368,PF06743,9,11,8,1,3,2346,0.73,1.0,0.89,0.8,11,8,1,3,2346,0.73,1.0,0.89,0.8
PF01050,PF04613,12,21,1,11,20,2326,0.05,0.99,0.08,0.06,21,1,11,20,2326,0.05,0.99,0.08,0.06
PF04064,PF04063,7,8,7,0,1,2350,0.88,1.0,1.0,0.94,8,7,0,1,2350,0.88,1.0,1.0,0.94
PF12287,PF00386,1,43,0,1,43,2314,0.0,0.98,0.0,-0.0,43,0,1,43,2314,0.0,0.98,0.0,-0.0
PF16334,PF17168,2,6,2,0,4,2352,0.33,1.0,1.0,0.58,6,2,0,4,2352,0.33,1.0,1.0,0.58
PF04140,PF01632,30,10,5,25,5,2323,0.5,0.99,0.17,0.28,10,5,25,5,2323,0.5,0.99,0.17,0.28
PF04348,PF12437,2,3,0,2,3,2353,0.0,1.0,0.0,-0.0,3,0,2,3,2353,0.0,1.0,0.0,-0.0
PF15281,PF02277,5,4,0,5,4,2349,0.0,1.0,0.0,-0.0,4,0,5,4,2349,0.0,1.0,0.0,-0.0
PF10951,PF05939,0,0,0,0,0,2358,0,1.0,0,0,0,0,0,0,2358,0,1.0,0,0
PF16796,PF16540,17,20,6,11,14,2327,0.3,0.99,0.35,0.32,20,6,11,14,2327,0.3,0.99,0.35,0.32
PF08448,PF13188,20,13,11,9,2,2336,0.85,1.0,0.55,0.68,13,11,9,2,2336,0.85,1.0,0.55,0.68
PF11510,PF15337,9,12,3,6,9,2340,0.25,0.99,0.33,0.29,12,3,6,9,2340,0.25,0.99,0.33,0.29
PF09429,PF00649,19,11,1,18,10,2329,0.09,0.99,0.05,0.06,11,1,18,10,2329,0.09,0.99,0.05,0.06
PF09950,PF04917,0,2,0,0,2,2356,0.0,1.0,0,0,2,0,0,2,2356,0.0,1.0,0,0
PF03718,PF07080,1,6,0,1,6,2351,0.0,1.0,0.0,-0.0,6,0,1,6,2351,0.0,1.0,0.0,-0.0
PF06972,PF07001,2,7,0,2,7,2349,0.0,1.0,0.0,-0.0,7,0,2,7,2349,0.0,1.0,0.0,-0.0
PF06541,PF15715,0,3,0,0,3,2355,0.0,1.0,0,0,3,0,0,3,2355,0.0,1.0,0,0
PF00438,PF02773,17,14,14,3,0,2341,1.0,1.0,0.82,0.91,14,14,3,0,2341,1.0,1.0,0.82,0.91
PF09937,PF02141,0,68,0,0,68,2290,0.0,0.97,0,0,68,0,0,68,2290,0.0,0.97,0,0
PF04134,PF06232,15,5,2,13,3,2340,0.4,0.99,0.13,0.23,5,2,13,3,2340,0.4,0.99,0.13,0.23
PF10146,PF14931,5,3,0,5,3,2350,0.0,1.0,0.0,-0.0,3,0,5,3,2350,0.0,1.0,0.0,-0.0
PF02463,PF06470,83,26,19,64,7,2268,0.73,0.97,0.23,0.4,26,19,64,7,2268,0.73,0.97,0.23,0.4
PF00780,PF08826,76,7,6,70,1,2281,0.86,0.97,0.08,0.25,7,6,70,1,2281,0.86,0.97,0.08,0.25
PF03283,PF02990,29,66,11,18,55,2274,0.17,0.97,0.38,0.24,66,11,18,55,2274,0.17,0.97,0.38,0.24
PF15459,PF16874,4,5,0,4,5,2349,0.0,1.0,0.0,-0.0,5,0,4,5,2349,0.0,1.0,0.0,-0.0
PF14092,PF11249,0,0,0,0,0,2358,0,1.0,0,0,0,0,0,0,2358,0,1.0,0,0
PF15795,PF00214,0,2,0,0,2,2356,0.0,1.0,0,0,2,0,0,2,2356,0.0,1.0,0,0
PF11418,PF10649,0,0,0,0,0,2358,0,1.0,0,0,0,0,0,0,2358,0,1.0,0,0
PF05470,PF08375,31,19,7,24,12,2315,0.37,0.98,0.23,0.28,19,7,24,12,2315,0.37,0.98,0.23,0.28
PF15989,PF15325,0,1,0,0,1,2357,0.0,1.0,0,0,1,0,0,1,2357,0.0,1.0,0,0
PF13464,PF04375,3,3,0,3,3,2352,0.0,1.0,0.0,-0.0,3,0,3,3,2352,0.0,1.0,0.0,-0.0
PF04151,PF14841,0,1,0,0,1,2357,0.0,1.0,0,0,1,0,0,1,2357,0.0,1.0,0,0
PF12814,PF10650,16,3,1,15,2,2340,0.33,0.99,0.06,0.14,3,1,15,2,2340,0.33,0.99,0.06,0.14
PF00882,PF00357,0,3,0,0,3,2355,0.0,1.0,0,0,3,0,0,3,2355,0.0,1.0,0,0
PF02067,PF15175,1,0,0,1,0,2357,0,1.0,0.0,0,0,0,1,0,2357,0,1.0,0.0,0
PF15754,PF14862,3,2,0,3,2,2353,0.0,1.0,0.0,-0.0,2,0,3,2,2353,0.0,1.0,0.0,-0.0
PF04236,PF09026,5,9,1,4,8,2345,0.11,0.99,0.2,0.15,9,1,4,8,2345,0.11,0.99,0.2,0.15
PF07489,PF01776,0,17,0,0,17,2341,0.0,0.99,0,0,17,0,0,17,2341,0.0,0.99,0,0
PF11620,PF04621,4,9,4,0,5,2349,0.44,1.0,1.0,0.67,9,4,0,5,2349,0.44,1.0,1.0,0.67
PF06454,PF12906,14,50,4,10,46,2298,0.08,0.98,0.29,0.14,50,4,10,46,2298,0.08,0.98,0.29,0.14
PF09282,PF07223,2,1,0,2,1,2355,0.0,1.0,0.0,-0.0,1,0,2,1,2355,0.0,1.0,0.0,-0.0
PF08174,PF08916,14,7,1,13,6,2338,0.14,0.99,0.07,0.1,7,1,13,6,2338,0.14,0.99,0.07,0.1
PF15002,PF06951,18,18,3,15,15,2325,0.17,0.99,0.17,0.16,18,3,15,15,2325,0.17,0.99,0.17,0.16
PF15904,PF10428,3,6,1,2,5,2350,0.17,1.0,0.33,0.23,6,1,2,5,2350,0.17,1.0,0.33,0.23
PF15429,PF07484,1,0,0,1,0,2357,0,1.0,0.0,0,0,0,1,0,2357,0,1.0,0.0,0
PF06838,PF02534,1,17,0,1,17,2340,0.0,0.99,0.0,-0.0,17,0,1,17,2340,0.0,0.99,0.0,-0.0
PF06585,PF16984,20,5,4,16,1,2337,0.8,0.99,0.2,0.4,5,4,16,1,2337,0.8,0.99,0.2,0.4
PF13304,PF12399,10,13,4,6,9,2339,0.31,0.99,0.4,0.35,13,4,6,9,2339,0.31,0.99,0.4,0.35
PF08118,PF14942,5,5,0,5,5,2348,0.0,1.0,0.0,-0.0,5,0,5,5,2348,0.0,1.0,0.0,-0.0
PF10237,PF06839,24,48,16,8,32,2302,0.33,0.98,0.67,0.46,48,16,8,32,2302,0.33,0.98,0.67,0.46
PF09320,PF09350,22,8,2,20,6,2330,0.25,0.99,0.09,0.15,8,2,20,6,2330,0.25,0.99,0.09,0.15
PF14715,PF08093,0,3,0,0,3,2355,0.0,1.0,0,0,3,0,0,3,2355,0.0,1.0,0,0
PF04812,PF04814,5,6,5,0,1,2352,0.83,1.0,1.0,0.91,6,5,0,1,2352,0.83,1.0,1.0,0.91
PF04124,PF04981,14,10,3,11,7,2337,0.3,0.99,0.21,0.25,10,3,11,7,2337,0.3,0.99,0.21,0.25
PF12598,PF16176,3,9,3,0,6,2349,0.33,1.0,1.0,0.58,9,3,0,6,2349,0.33,1.0,1.0,0.58
PF11450,PF06277,0,0,0,0,0,2358,0,1.0,0,0,0,0,0,0,2358,0,1.0,0,0
PF09157,PF09183,7,1,1,6,0,2351,1.0,1.0,0.14,0.38,1,1,6,0,2351,1.0,1.0,0.14,0.38
PF07338,PF06798,9,0,0,9,0,2349,0,1.0,0.0,0,0,0,9,0,2349,0,1.0,0.0,0
PF03007,PF06974,12,11,7,5,4,2342,0.64,1.0,0.58,0.61,11,7,5,4,2342,0.64,1.0,0.58,0.61
PF16500,PF13825,5,0,0,5,0,2353,0,1.0,0.0,0,0,0,5,0,2353,0,1.0,0.0,0
PF11825,PF02159,8,17,7,1,10,2340,0.41,1.0,0.88,0.6,17,7,1,10,2340,0.41,1.0,0.88,0.6
PF15136,PF11435,4,1,0,4,1,2353,0.0,1.0,0.0,-0.0,1,0,4,1,2353,0.0,1.0,0.0,-0.0
PF06108,PF06912,12,7,0,12,7,2339,0.0,0.99,0.0,-0.0,7,0,12,7,2339,0.0,0.99,0.0,-0.0
PF06912,PF12716,7,0,0,7,0,2351,0,1.0,0.0,0,0,0,7,0,2351,0,1.0,0.0,0
PF06721,PF13689,4,0,0,4,0,2354,0,1.0,0.0,0,0,0,4,0,2354,0,1.0,0.0,0
PF15103,PF07310,3,4,0,3,4,2351,0.0,1.0,0.0,-0.0,4,0,3,4,2351,0.0,1.0,0.0,-0.0
PF11798,PF00817,8,47,8,0,39,2311,0.17,0.98,1.0,0.41,47,8,0,39,2311,0.17,0.98,1.0,0.41
PF01755,PF10155,22,15,4,18,11,2325,0.27,0.99,0.18,0.21,15,4,18,11,2325,0.27,0.99,0.18,0.21
PF15482,PF08795,0,0,0,0,0,2358,0,1.0,0,0,0,0,0,0,2358,0,1.0,0,0
PF05781,PF14662,5,4,3,2,1,2352,0.75,1.0,0.6,0.67,4,3,2,1,2352,0.75,1.0,0.6,0.67
PF02226,PF08727,18,18,18,0,0,2340,1.0,1.0,1.0,1.0,18,18,0,0,2340,1.0,1.0,1.0,1.0
PF01401,PF16959,27,4,4,23,0,2331,1.0,0.99,0.15,0.38,4,4,23,0,2331,1.0,0.99,0.15,0.38
PF15360,PF15550,3,3,0,3,3,2352,0.0,1.0,0.0,-0.0,3,0,3,3,2352,0.0,1.0,0.0,-0.0
PF00299,PF00323,1,2,0,1,2,2355,0.0,1.0,0.0,-0.0,2,0,1,2,2355,0.0,1.0,0.0,-0.0
PF02550,PF13336,16,17,12,4,5,2337,0.71,1.0,0.75,0.73,17,12,4,5,2337,0.71,1.0,0.75,0.73
PF00312,PF05180,36,16,10,26,6,2316,0.62,0.99,0.28,0.41,16,10,26,6,2316,0.62,0.99,0.28,0.41
PF05929,PF02495,1,0,0,1,0,2357,0,1.0,0.0,0,0,0,1,0,2357,0,1.0,0.0,0
PF05604,PF08528,1,11,0,1,11,2346,0.0,0.99,0.0,-0.0,11,0,1,11,2346,0.0,0.99,0.0,-0.0
PF14362,PF01752,0,4,0,0,4,2354,0.0,1.0,0,0,4,0,0,4,2354,0.0,1.0,0,0
PF08593,PF09122,1,0,0,1,0,2357,0,1.0,0.0,0,0,0,1,0,2357,0,1.0,0.0,0
PF15198,PF13737,0,0,0,0,0,2358,0,1.0,0,0,0,0,0,0,2358,0,1.0,0,0
PF17018,PF11210,0,1,0,0,1,2357,0.0,1.0,0,0,1,0,0,1,2357,0.0,1.0,0,0
PF00961,PF14528,15,1,1,14,0,2343,1.0,0.99,0.07,0.26,1,1,14,0,2343,1.0,0.99,0.07,0.26
PF06041,PF11734,17,5,1,16,4,2337,0.2,0.99,0.06,0.11,5,1,16,4,2337,0.2,0.99,0.06,0.11
PF14521,PF16089,16,0,0,16,0,2342,0,0.99,0.0,0,0,0,16,0,2342,0,0.99,0.0,0
PF08763,PF16885,15,5,5,10,0,2343,1.0,1.0,0.33,0.58,5,5,10,0,2343,1.0,1.0,0.33,0.58
PF17102,PF17101,18,7,6,12,1,2339,0.86,0.99,0.33,0.53,7,6,12,1,2339,0.86,0.99,0.33,0.53
PF06140,PF05308,13,5,1,12,4,2341,0.2,0.99,0.08,0.12,5,1,12,4,2341,0.2,0.99,0.08,0.12
PF11162,PF02217,0,4,0,0,4,2354,0.0,1.0,0,0,4,0,0,4,2354,0.0,1.0,0,0
PF02429,PF05111,2,2,0,2,2,2354,0.0,1.0,0.0,-0.0,2,0,2,2,2354,0.0,1.0,0.0,-0.0
PF04029,PF08795,2,0,0,2,0,2356,0,1.0,0.0,0,0,0,2,0,2356,0,1.0,0.0,0
PF06574,PF07298,9,4,1,8,3,2346,0.25,1.0,0.11,0.16,4,1,8,3,2346,0.25,1.0,0.11,0.16
PF01106,PF08712,28,22,22,6,0,2330,1.0,1.0,0.79,0.89,22,22,6,0,2330,1.0,1.0,0.79,0.89
PF13568,PF06798,0,0,0,0,0,2358,0,1.0,0,0,0,0,0,0,2358,0,1.0,0,0
PF05936,PF12080,2,0,0,2,0,2356,0,1.0,0.0,0,0,0,2,0,2356,0,1.0,0.0,0
PF07727,PF13976,213,96,82,131,14,2131,0.85,0.94,0.38,0.55,96,82,131,14,2131,0.85,0.94,0.38,0.55
PF04551,PF02901,7,9,3,4,6,2345,0.33,1.0,0.43,0.38,9,3,4,6,2345,0.33,1.0,0.43,0.38
PF02305,PF11751,4,0,0,4,0,2354,0,1.0,0.0,0,0,0,4,0,2354,0,1.0,0.0,0
PF09458,PF14200,23,8,2,21,6,2329,0.25,0.99,0.09,0.14,8,2,21,6,2329,0.25,0.99,0.09,0.14
PF07007,PF17119,0,5,0,0,5,2353,0.0,1.0,0,0,5,0,0,5,2353,0.0,1.0,0,0
PF16972,PF11069,5,5,0,5,5,2348,0.0,1.0,0.0,-0.0,5,0,5,5,2348,0.0,1.0,0.0,-0.0
PF13864,PF04004,16,22,4,12,18,2324,0.18,0.99,0.25,0.21,22,4,12,18,2324,0.18,0.99,0.25,0.21
PF04389,PF02225,88,77,42,46,35,2235,0.55,0.97,0.48,0.49,77,42,46,35,2235,0.55,0.97,0.48,0.49
PF00010,PF08447,183,51,32,151,19,2156,0.63,0.93,0.17,0.31,51,32,151,19,2156,0.63,0.93,0.17,0.31
PF17092,PF08274,1,0,0,1,0,2357,0,1.0,0.0,0,0,0,1,0,2357,0,1.0,0.0,0
PF05298,PF15677,2,2,0,2,2,2354,0.0,1.0,0.0,-0.0,2,0,2,2,2354,0.0,1.0,0.0,-0.0
PF02479,PF07892,0,2,0,0,2,2356,0.0,1.0,0,0,2,0,0,2,2356,0.0,1.0,0,0
PF15137,PF06890,3,0,0,3,0,2355,0,1.0,0.0,0,0,0,3,0,2355,0,1.0,0.0,0
PF10186,PF09816,24,16,4,20,12,2322,0.25,0.99,0.17,0.2,16,4,20,12,2322,0.25,0.99,0.17,0.2
PF05206,PF11722,22,20,14,8,6,2330,0.7,0.99,0.64,0.66,20,14,8,6,2330,0.7,0.99,0.64,0.66
PF12549,PF00351,5,41,5,0,36,2317,0.12,0.98,1.0,0.35,41,5,0,36,2317,0.12,0.98,1.0,0.35
PF01210,PF07479,41,43,38,3,5,2312,0.88,1.0,0.93,0.9,43,38,3,5,2312,0.88,1.0,0.93,0.9
PF05343,PF13471,16,8,0,16,8,2334,0.0,0.99,0.0,-0.0,8,0,16,8,2334,0.0,0.99,0.0,-0.0
PF00587,PF02686,101,12,3,98,9,2248,0.25,0.95,0.03,0.07,12,3,98,9,2248,0.25,0.95,0.03,0.07
PF04185,PF03647,27,25,8,19,17,2314,0.32,0.98,0.3,0.3,25,8,19,17,2314,0.32,0.98,0.3,0.3
PF01417,PF14661,52,3,2,50,1,2305,0.67,0.98,0.04,0.16,3,2,50,1,2305,0.67,0.98,0.04,0.16
PF08299,PF14841,4,1,1,3,0,2354,1.0,1.0,0.25,0.5,1,1,3,0,2354,1.0,1.0,0.25,0.5
PF16508,PF15276,10,1,1,9,0,2348,1.0,1.0,0.1,0.32,1,1,9,0,2348,1.0,1.0,0.1,0.32
PF15744,PF03823,0,5,0,0,5,2353,0.0,1.0,0,0,5,0,0,5,2353,0.0,1.0,0,0
PF16092,PF01493,9,14,4,5,10,2339,0.29,0.99,0.44,0.35,14,4,5,10,2339,0.29,0.99,0.44,0.35
PF08859,PF17017,0,0,0,0,0,2358,0,1.0,0,0,0,0,0,0,2358,0,1.0,0,0
PF08328,PF14698,4,16,0,4,16,2338,0.0,0.99,0.0,-0.0,16,0,4,16,2338,0.0,0.99,0.0,-0.0
PF16527,PF12729,4,3,3,1,0,2354,1.0,1.0,0.75,0.87,3,3,1,0,2354,1.0,1.0,0.75,0.87
PF00078,PF05380,412,62,53,359,9,1937,0.85,0.84,0.13,0.29,62,53,359,9,1937,0.85,0.84,0.13,0.29
PF15870,PF13423,16,36,5,11,31,2311,0.14,0.98,0.31,0.2,36,5,11,31,2311,0.14,0.98,0.31,0.2
PF03094,PF00244,24,50,9,15,41,2293,0.18,0.98,0.38,0.25,50,9,15,41,2293,0.18,0.98,0.38,0.25
PF16474,PF08687,27,7,2,25,5,2326,0.29,0.99,0.07,0.14,7,2,25,5,2326,0.29,0.99,0.07,0.14
PF07502,PF16915,2,1,1,1,0,2356,1.0,1.0,0.5,0.71,1,1,1,0,2356,1.0,1.0,0.5,0.71
PF12620,PF11568,5,3,1,4,2,2351,0.33,1.0,0.2,0.26,3,1,4,2,2351,0.33,1.0,0.2,0.26
PF06245,PF02556,0,10,0,0,10,2348,0.0,1.0,0,0,10,0,0,10,2348,0.0,1.0,0,0
PF06551,PF06462,0,20,0,0,20,2338,0.0,0.99,0,0,20,0,0,20,2338,0.0,0.99,0,0
PF03227,PF03489,20,16,4,16,12,2326,0.25,0.99,0.2,0.22,16,4,16,12,2326,0.25,0.99,0.2,0.22
PF16178,PF04547,20,32,16,4,16,2322,0.5,0.99,0.8,0.63,32,16,4,16,2322,0.5,0.99,0.8,0.63
PF10417,PF05421,59,3,3,56,0,2299,1.0,0.98,0.05,0.22,3,3,56,0,2299,1.0,0.98,0.05,0.22
PF06736,PF08204,1,0,0,1,0,2357,0,1.0,0.0,0,0,0,1,0,2357,0,1.0,0.0,0
PF12159,PF15055,0,0,0,0,0,2358,0,1.0,0,0,0,0,0,0,2358,0,1.0,0,0
PF16764,PF08604,2,9,2,0,7,2349,0.22,1.0,1.0,0.47,9,2,0,7,2349,0.22,1.0,1.0,0.47
PF09112,PF09113,0,0,0,0,0,2358,0,1.0,0,0,0,0,0,0,2358,0,1.0,0,0
PF02310,PF01642,12,6,6,6,0,2346,1.0,1.0,0.5,0.71,6,6,6,0,2346,1.0,1.0,0.5,0.71
PF17070,PF04296,1,0,0,1,0,2357,0,1.0,0.0,0,0,0,1,0,2357,0,1.0,0.0,0
PF13402,PF02368,7,4,0,7,4,2347,0.0,1.0,0.0,-0.0,4,0,7,4,2347,0.0,1.0,0.0,-0.0
PF03551,PF16908,0,38,0,0,38,2320,0.0,0.98,0,0,38,0,0,38,2320,0.0,0.98,0,0
PF04613,PF13720,21,2,1,20,1,2336,0.5,0.99,0.05,0.15,2,1,20,1,2336,0.5,0.99,0.05,0.15
PF01814,PF04405,26,0,0,26,0,2332,0,0.99,0.0,0,0,0,26,0,2332,0,0.99,0.0,0
PF02475,PF02676,34,13,9,25,4,2320,0.69,0.99,0.26,0.42,13,9,25,4,2320,0.69,0.99,0.26,0.42
PF01476,PF14856,73,17,16,57,1,2284,0.94,0.98,0.22,0.45,17,16,57,1,2284,0.94,0.98,0.22,0.45
PF13313,PF13482,0,1,0,0,1,2357,0.0,1.0,0,0,1,0,0,1,2357,0.0,1.0,0,0
PF08079,PF12076,19,12,1,18,11,2328,0.08,0.99,0.05,0.06,12,1,18,11,2328,0.08,0.99,0.05,0.06
PF15613,PF02791,44,43,41,3,2,2312,0.95,1.0,0.93,0.94,43,41,3,2,2312,0.95,1.0,0.93,0.94
PF15392,PF15082,0,3,0,0,3,2355,0.0,1.0,0,0,3,0,0,3,2355,0.0,1.0,0,0
PF08584,PF02284,9,9,1,8,8,2341,0.11,0.99,0.11,0.11,9,1,8,8,2341,0.11,0.99,0.11,0.11
PF05546,PF12049,15,0,0,15,0,2343,0,0.99,0.0,0,0,0,15,0,2343,0,0.99,0.0,0
PF10042,PF00038,4,49,1,3,48,2306,0.02,0.98,0.25,0.07,49,1,3,48,2306,0.02,0.98,0.25,0.07
PF02948,PF09394,10,0,0,10,0,2348,0,1.0,0.0,0,0,0,10,0,2348,0,1.0,0.0,0
PF07863,PF00141,0,67,0,0,67,2291,0.0,0.97,0,0,67,0,0,67,2291,0.0,0.97,0,0
PF03702,PF12006,15,13,6,9,7,2336,0.46,0.99,0.4,0.43,13,6,9,7,2336,0.46,0.99,0.4,0.43
PF06979,PF11927,12,21,1,11,20,2326,0.05,0.99,0.08,0.06,21,1,11,20,2326,0.05,0.99,0.08,0.06
PF08228,PF01878,4,14,1,3,13,2341,0.07,0.99,0.25,0.13,14,1,3,13,2341,0.07,0.99,0.25,0.13
PF09806,PF15352,8,5,0,8,5,2345,0.0,0.99,0.0,-0.0,5,0,8,5,2345,0.0,0.99,0.0,-0.0
PF00284,PF00223,7,21,2,5,19,2332,0.1,0.99,0.29,0.16,21,2,5,19,2332,0.1,0.99,0.29,0.16
PF14800,PF04129,6,43,3,3,40,2312,0.07,0.98,0.5,0.18,43,3,3,40,2312,0.07,0.98,0.5,0.18
PF14353,PF10380,0,2,0,0,2,2356,0.0,1.0,0,0,2,0,0,2,2356,0.0,1.0,0,0
PF01327,PF06658,19,4,0,19,4,2335,0.0,0.99,0.0,-0.0,4,0,19,4,2335,0.0,0.99,0.0,-0.0
PF07787,PF10252,14,3,3,11,0,2344,1.0,1.0,0.21,0.46,3,3,11,0,2344,1.0,1.0,0.21,0.46
PF05641,PF03735,17,15,5,12,10,2331,0.33,0.99,0.29,0.31,15,5,12,10,2331,0.33,0.99,0.29,0.31
PF15177,PF06679,13,1,0,13,1,2344,0.0,0.99,0.0,-0.0,1,0,13,1,2344,0.0,0.99,0.0,-0.0
PF13862,PF16053,14,22,2,12,20,2324,0.09,0.99,0.14,0.11,22,2,12,20,2324,0.09,0.99,0.14,0.11
PF02583,PF02348,7,10,1,6,9,2342,0.1,0.99,0.14,0.12,10,1,6,9,2342,0.1,0.99,0.14,0.12
PF08165,PF16165,4,14,3,1,11,2343,0.21,0.99,0.75,0.4,14,3,1,11,2343,0.21,0.99,0.75,0.4
PF06277,PF11921,0,1,0,0,1,2357,0.0,1.0,0,0,1,0,0,1,2357,0.0,1.0,0,0
PF00320,PF13919,75,17,9,66,8,2275,0.53,0.97,0.12,0.24,17,9,66,8,2275,0.53,0.97,0.12,0.24
PF15016,PF15146,2,2,0,2,2,2354,0.0,1.0,0.0,-0.0,2,0,2,2,2354,0.0,1.0,0.0,-0.0
PF12675,PF05001,0,13,0,0,13,2345,0.0,0.99,0,0,13,0,0,13,2345,0.0,0.99,0,0
PF16649,PF15211,3,0,0,3,0,2355,0,1.0,0.0,0,0,0,3,0,2355,0,1.0,0.0,0
PF09229,PF08327,31,28,27,4,1,2326,0.96,1.0,0.87,0.92,28,27,4,1,2326,0.96,1.0,0.87,0.92
PF16984,PF06585,5,20,4,1,16,2337,0.2,0.99,0.8,0.4,20,4,1,16,2337,0.2,0.99,0.8,0.4
PF08210,PF08028,15,6,5,10,1,2342,0.83,1.0,0.33,0.53,6,5,10,1,2342,0.83,1.0,0.33,0.53
PF08081,PF12220,1,6,1,0,5,2352,0.17,1.0,1.0,0.41,6,1,0,5,2352,0.17,1.0,1.0,0.41
PF15394,PF08432,6,0,0,6,0,2352,0,1.0,0.0,0,0,0,6,0,2352,0,1.0,0.0,0
PF02984,PF16899,79,24,7,72,17,2262,0.29,0.96,0.09,0.15,24,7,72,17,2262,0.29,0.96,0.09,0.15
PF13612,PF11751,4,0,0,4,0,2354,0,1.0,0.0,0,0,0,4,0,2354,0,1.0,0.0,0
PF01544,PF14441,58,5,2,56,3,2297,0.4,0.97,0.03,0.11,5,2,56,3,2297,0.4,0.97,0.03,0.11
PF16076,PF14829,39,5,3,36,2,2317,0.6,0.98,0.08,0.21,5,3,36,2,2317,0.6,0.98,0.08,0.21
PF01756,PF14749,41,35,27,14,8,2309,0.77,0.99,0.66,0.71,35,27,14,8,2309,0.77,0.99,0.66,0.71
PF17182,PF14418,0,2,0,0,2,2356,0.0,1.0,0,0,2,0,0,2,2356,0.0,1.0,0,0
PF11898,PF02559,3,6,2,1,4,2351,0.33,1.0,0.67,0.47,6,2,1,4,2351,0.33,1.0,0.67,0.47
PF16311,PF15141,0,0,0,0,0,2358,0,1.0,0,0,0,0,0,0,2358,0,1.0,0,0
PF09767,PF02450,10,33,5,5,28,2320,0.15,0.99,0.5,0.27,33,5,5,28,2320,0.15,0.99,0.5,0.27
PF07801,PF02672,9,5,0,9,5,2344,0.0,0.99,0.0,-0.0,5,0,9,5,2344,0.0,0.99,0.0,-0.0
PF12240,PF15248,2,9,0,2,9,2347,0.0,1.0,0.0,-0.0,9,0,2,9,2347,0.0,1.0,0.0,-0.0
PF08521,PF00672,6,34,6,0,28,2324,0.18,0.99,1.0,0.42,34,6,0,28,2324,0.18,0.99,1.0,0.42
PF14197,PF12757,12,2,2,10,0,2346,1.0,1.0,0.17,0.41,2,2,10,0,2346,1.0,1.0,0.17,0.41
PF03534,PF12256,1,1,1,0,0,2357,1.0,1.0,1.0,1.0,1,1,0,0,2357,1.0,1.0,1.0,1.0
PF00707,PF03479,15,10,1,14,9,2334,0.1,0.99,0.07,0.08,10,1,14,9,2334,0.1,0.99,0.07,0.08
PF15362,PF12278,2,0,0,2,0,2356,0,1.0,0.0,0,0,0,2,0,2356,0,1.0,0.0,0
PF09850,PF01364,1,3,0,1,3,2354,0.0,1.0,0.0,-0.0,3,0,1,3,2354,0.0,1.0,0.0,-0.0
PF14248,PF08093,0,3,0,0,3,2355,0.0,1.0,0,0,3,0,0,3,2355,0.0,1.0,0,0
PF17151,PF07004,0,28,0,0,28,2330,0.0,0.99,0,0,28,0,0,28,2330,0.0,0.99,0,0
PF07460,PF07453,16,4,3,13,1,2341,0.75,0.99,0.19,0.37,4,3,13,1,2341,0.75,0.99,0.19,0.37
PF08127,PF08773,6,3,2,4,1,2351,0.67,1.0,0.33,0.47,3,2,4,1,2351,0.67,1.0,0.33,0.47
PF11857,PF08924,6,0,0,6,0,2352,0,1.0,0.0,0,0,0,6,0,2352,0,1.0,0.0,0
PF02179,PF09055,30,5,2,28,3,2325,0.4,0.99,0.07,0.16,5,2,28,3,2325,0.4,0.99,0.07,0.16
PF09801,PF05512,14,5,0,14,5,2339,0.0,0.99,0.0,-0.0,5,0,14,5,2339,0.0,0.99,0.0,-0.0
PF03992,PF16166,37,2,1,36,1,2320,0.5,0.98,0.03,0.11,2,1,36,1,2320,0.5,0.98,0.03,0.11
PF06144,PF16725,11,3,1,10,2,2345,0.33,0.99,0.09,0.17,3,1,10,2,2345,0.33,0.99,0.09,0.17
PF16916,PF10241,22,11,5,17,6,2330,0.45,0.99,0.23,0.32,11,5,17,6,2330,0.45,0.99,0.23,0.32
PF01902,PF01042,14,40,9,5,31,2313,0.23,0.98,0.64,0.37,40,9,5,31,2313,0.23,0.98,0.64,0.37
PF06463,PF16881,17,21,5,12,16,2325,0.24,0.99,0.29,0.26,21,5,12,16,2325,0.24,0.99,0.29,0.26
PF06945,PF17017,0,0,0,0,0,2358,0,1.0,0,0,0,0,0,0,2358,0,1.0,0,0
PF07683,PF02492,19,38,17,2,21,2318,0.45,0.99,0.89,0.63,38,17,2,21,2318,0.45,0.99,0.89,0.63
PF12162,PF14596,4,3,3,1,0,2354,1.0,1.0,0.75,0.87,3,3,1,0,2354,1.0,1.0,0.75,0.87
PF08908,PF04289,0,0,0,0,0,2358,0,1.0,0,0,0,0,0,0,2358,0,1.0,0,0
PF04434,PF03108,40,30,22,18,8,2310,0.73,0.99,0.55,0.63,30,22,18,8,2310,0.73,0.99,0.55,0.63
PF02251,PF02252,10,17,10,0,7,2341,0.59,1.0,1.0,0.77,17,10,0,7,2341,0.59,1.0,1.0,0.77
PF14815,PF10576,18,5,5,13,0,2340,1.0,0.99,0.28,0.53,5,5,13,0,2340,1.0,0.99,0.28,0.53
PF07168,PF07712,6,0,0,6,0,2352,0,1.0,0.0,0,0,0,6,0,2352,0,1.0,0.0,0
PF14652,PF10347,2,11,0,2,11,2345,0.0,0.99,0.0,-0.0,11,0,2,11,2345,0.0,0.99,0.0,-0.0
PF10607,PF13765,42,41,12,30,29,2287,0.29,0.97,0.29,0.28,41,12,30,29,2287,0.29,0.97,0.29,0.28
PF04351,PF11741,0,0,0,0,0,2358,0,1.0,0,0,0,0,0,0,2358,0,1.0,0,0
PF17048,PF04734,13,15,13,0,2,2343,0.87,1.0,1.0,0.93,15,13,0,2,2343,0.87,1.0,1.0,0.93
PF13720,PF06426,2,17,1,1,16,2340,0.06,0.99,0.5,0.17,17,1,1,16,2340,0.06,0.99,0.5,0.17
PF07866,PF04024,0,0,0,0,0,2358,0,1.0,0,0,0,0,0,0,2358,0,1.0,0,0
PF13299,PF07521,28,45,12,16,33,2297,0.27,0.98,0.43,0.33,45,12,16,33,2297,0.27,0.98,0.43,0.33
PF12188,PF14596,3,3,3,0,0,2355,1.0,1.0,1.0,1.0,3,3,0,0,2355,1.0,1.0,1.0,1.0
PF15181,PF16477,2,0,0,2,0,2356,0,1.0,0.0,0,0,0,2,0,2356,0,1.0,0.0,0
PF08569,PF15390,20,0,0,20,0,2338,0,0.99,0.0,0,0,0,20,0,2338,0,0.99,0.0,0
PF10033,PF16944,10,7,1,9,6,2342,0.14,0.99,0.1,0.12,7,1,9,6,2342,0.14,0.99,0.1,0.12
PF16944,PF05508,7,1,0,7,1,2350,0.0,1.0,0.0,-0.0,1,0,7,1,2350,0.0,1.0,0.0,-0.0
PF10323,PF02118,20,8,3,17,5,2333,0.38,0.99,0.15,0.23,8,3,17,5,2333,0.38,0.99,0.15,0.23
PF05479,PF00321,4,1,0,4,1,2353,0.0,1.0,0.0,-0.0,1,0,4,1,2353,0.0,1.0,0.0,-0.0
PF08149,PF08145,21,10,5,16,5,2332,0.5,0.99,0.24,0.34,10,5,16,5,2332,0.5,0.99,0.24,0.34
PF13335,PF03090,0,0,0,0,0,2358,0,1.0,0,0,0,0,0,0,2358,0,1.0,0,0
PF17180,PF13696,3,13,2,1,11,2344,0.15,0.99,0.67,0.32,13,2,1,11,2344,0.15,0.99,0.67,0.32
PF08315,PF01279,27,5,1,26,4,2327,0.2,0.99,0.04,0.08,5,1,26,4,2327,0.2,0.99,0.04,0.08
PF11727,PF10361,0,0,0,0,0,2358,0,1.0,0,0,0,0,0,0,2358,0,1.0,0,0
PF11942,PF03439,15,29,15,0,14,2329,0.52,0.99,1.0,0.72,29,15,0,14,2329,0.52,0.99,1.0,0.72
PF05042,PF06376,8,3,0,8,3,2347,0.0,1.0,0.0,-0.0,3,0,8,3,2347,0.0,1.0,0.0,-0.0
PF04347,PF15681,2,5,0,2,5,2351,0.0,1.0,0.0,-0.0,5,0,2,5,2351,0.0,1.0,0.0,-0.0
PF02323,PF03203,3,0,0,3,0,2355,0,1.0,0.0,0,0,0,3,0,2355,0,1.0,0.0,0
PF02620,PF03703,17,1,0,17,1,2340,0.0,0.99,0.0,-0.0,1,0,17,1,2340,0.0,0.99,0.0,-0.0
PF08609,PF10179,8,5,0,8,5,2345,0.0,0.99,0.0,-0.0,5,0,8,5,2345,0.0,0.99,0.0,-0.0
PF05267,PF16089,0,0,0,0,0,2358,0,1.0,0,0,0,0,0,0,2358,0,1.0,0,0
PF09643,PF09281,0,4,0,0,4,2354,0.0,1.0,0,0,4,0,0,4,2354,0.0,1.0,0,0
PF06181,PF12628,0,0,0,0,0,2358,0,1.0,0,0,0,0,0,0,2358,0,1.0,0,0
PF11703,PF15703,0,2,0,0,2,2356,0.0,1.0,0,0,2,0,0,2,2356,0.0,1.0,0,0
PF02854,PF02847,67,36,32,35,4,2287,0.89,0.98,0.48,0.64,36,32,35,4,2287,0.89,0.98,0.48,0.64
PF00264,PF12142,68,5,5,63,0,2290,1.0,0.97,0.07,0.27,5,5,63,0,2290,1.0,0.97,0.07,0.27
PF13204,PF12904,0,0,0,0,0,2358,0,1.0,0,0,0,0,0,0,2358,0,1.0,0,0
PF10153,PF11291,10,0,0,10,0,2348,0,1.0,0.0,0,0,0,10,0,2348,0,1.0,0.0,0
PF10699,PF14611,3,10,1,2,9,2346,0.1,1.0,0.33,0.18,10,1,2,9,2346,0.1,1.0,0.33,0.18
PF12884,PF12886,3,8,2,1,6,2349,0.25,1.0,0.67,0.41,8,2,1,6,2349,0.25,1.0,0.67,0.41
PF02477,PF07434,1,0,0,1,0,2357,0,1.0,0.0,0,0,0,1,0,2357,0,1.0,0.0,0
PF05397,PF15624,20,5,2,18,3,2335,0.4,0.99,0.1,0.2,5,2,18,3,2335,0.4,0.99,0.1,0.2
PF05179,PF16050,12,16,12,0,4,2342,0.75,1.0,1.0,0.87,16,12,0,4,2342,0.75,1.0,1.0,0.87
PF05474,PF07149,3,0,0,3,0,2355,0,1.0,0.0,0,0,0,3,0,2355,0,1.0,0.0,0
PF15758,PF00796,0,4,0,0,4,2354,0.0,1.0,0,0,4,0,0,4,2354,0.0,1.0,0,0
PF16415,PF12842,27,23,23,4,0,2331,1.0,1.0,0.85,0.92,23,23,4,0,2331,1.0,1.0,0.85,0.92
PF04820,PF05390,11,6,0,11,6,2341,0.0,0.99,0.0,-0.0,6,0,11,6,2341,0.0,0.99,0.0,-0.0
PF00103,PF02267,10,7,2,8,5,2343,0.29,0.99,0.2,0.24,7,2,8,5,2343,0.29,0.99,0.2,0.24
PF01871,PF03350,10,1,0,10,1,2347,0.0,1.0,0.0,-0.0,1,0,10,1,2347,0.0,1.0,0.0,-0.0
PF09483,PF17152,0,3,0,0,3,2355,0.0,1.0,0,0,3,0,0,3,2355,0.0,1.0,0,0
PF05357,PF11954,0,6,0,0,6,2352,0.0,1.0,0,0,6,0,0,6,2352,0.0,1.0,0,0
PF10999,PF05874,0,3,0,0,3,2355,0.0,1.0,0,0,3,0,0,3,2355,0.0,1.0,0,0
PF06391,PF17121,15,7,7,8,0,2343,1.0,1.0,0.47,0.68,7,7,8,0,2343,1.0,1.0,0.47,0.68
PF08808,PF15281,0,5,0,0,5,2353,0.0,1.0,0,0,5,0,0,5,2353,0.0,1.0,0,0
PF13322,PF14028,0,0,0,0,0,2358,0,1.0,0,0,0,0,0,0,2358,0,1.0,0,0
PF00235,PF04177,29,17,5,24,12,2317,0.29,0.98,0.17,0.22,17,5,24,12,2317,0.29,0.98,0.17,0.22
PF02375,PF02928,38,19,19,19,0,2320,1.0,0.99,0.5,0.7,19,19,19,0,2320,1.0,0.99,0.5,0.7
PF02943,PF15109,2,0,0,2,0,2356,0,1.0,0.0,0,0,0,2,0,2356,0,1.0,0.0,0
PF10205,PF17045,4,0,0,4,0,2354,0,1.0,0.0,0,0,0,4,0,2354,0,1.0,0.0,0
PF11971,PF08683,22,13,10,12,3,2333,0.77,0.99,0.45,0.59,13,10,12,3,2333,0.77,0.99,0.45,0.59
PF13892,PF09110,28,24,17,11,7,2323,0.71,0.99,0.61,0.65,24,17,11,7,2323,0.71,0.99,0.61,0.65
PF07244,PF01103,11,44,11,0,33,2314,0.25,0.99,1.0,0.5,44,11,0,33,2314,0.25,0.99,1.0,0.5
PF09511,PF08302,17,7,7,10,0,2341,1.0,1.0,0.41,0.64,7,7,10,0,2341,1.0,1.0,0.41,0.64
PF00920,PF14027,46,24,11,35,13,2299,0.46,0.98,0.24,0.32,24,11,35,13,2299,0.46,0.98,0.24,0.32
PF10524,PF00859,11,6,6,5,0,2347,1.0,1.0,0.55,0.74,6,6,5,0,2347,1.0,1.0,0.55,0.74
PF02624,PF06798,0,0,0,0,0,2358,0,1.0,0,0,0,0,0,0,2358,0,1.0,0,0
PF10544,PF04383,17,7,2,15,5,2336,0.29,0.99,0.12,0.18,7,2,15,5,2336,0.29,0.99,0.12,0.18
PF03126,PF02201,20,52,13,7,39,2299,0.25,0.98,0.65,0.4,52,13,7,39,2299,0.25,0.98,0.65,0.4
PF13330,PF10162,25,18,5,20,13,2320,0.28,0.99,0.2,0.23,18,5,20,13,2320,0.28,0.99,0.2,0.23
PF05422,PF16979,5,23,5,0,18,2335,0.22,0.99,1.0,0.46,23,5,0,18,2335,0.22,0.99,1.0,0.46
PF00209,PF03491,74,5,5,69,0,2284,1.0,0.97,0.07,0.26,5,5,69,0,2284,1.0,0.97,0.07,0.26
PF10767,PF17025,0,0,0,0,0,2358,0,1.0,0,0,0,0,0,0,2358,0,1.0,0,0
PF01888,PF07538,2,0,0,2,0,2356,0,1.0,0.0,0,0,0,2,0,2356,0,1.0,0.0,0
PF05821,PF00717,13,54,5,8,49,2296,0.09,0.98,0.38,0.18,54,5,8,49,2296,0.09,0.98,0.38,0.18
PF06813,PF05978,13,30,4,9,26,2319,0.13,0.99,0.31,0.2,30,4,9,26,2319,0.13,0.99,0.31,0.2
PF16050,PF05179,16,12,12,4,0,2342,1.0,1.0,0.75,0.87,12,12,4,0,2342,1.0,1.0,0.75,0.87
PF17058,PF01077,0,23,0,0,23,2335,0.0,0.99,0,0,23,0,0,23,2335,0.0,0.99,0,0
PF04707,PF03765,25,47,14,11,33,2300,0.3,0.98,0.56,0.4,47,14,11,33,2300,0.3,0.98,0.56,0.4
PF15774,PF15337,1,12,0,1,12,2345,0.0,0.99,0.0,-0.0,12,0,1,12,2345,0.0,0.99,0.0,-0.0
PF10456,PF08944,25,2,2,23,0,2333,1.0,0.99,0.08,0.28,2,2,23,0,2333,1.0,0.99,0.08,0.28
PF09364,PF09363,6,6,6,0,0,2352,1.0,1.0,1.0,1.0,6,6,0,0,2352,1.0,1.0,1.0,1.0
PF01098,PF07361,22,10,3,19,7,2329,0.3,0.99,0.14,0.2,10,3,19,7,2329,0.3,0.99,0.14,0.2
PF00862,PF13439,17,31,6,11,25,2316,0.19,0.98,0.35,0.25,31,6,11,25,2316,0.19,0.98,0.35,0.25
PF02820,PF17208,45,5,4,41,1,2312,0.8,0.98,0.09,0.26,5,4,41,1,2312,0.8,0.98,0.09,0.26
PF05068,PF17188,0,0,0,0,0,2358,0,1.0,0,0,0,0,0,0,2358,0,1.0,0,0
PF12780,PF12777,77,78,70,7,8,2273,0.9,0.99,0.91,0.9,78,70,7,8,2273,0.9,0.99,0.91,0.9
PF16832,PF09108,0,0,0,0,0,2358,0,1.0,0,0,0,0,0,0,2358,0,1.0,0,0
PF12834,PF15762,0,0,0,0,0,2358,0,1.0,0,0,0,0,0,0,2358,0,1.0,0,0
PF09335,PF01789,46,13,4,42,9,2303,0.31,0.98,0.09,0.16,13,4,42,9,2303,0.31,0.98,0.09,0.16
PF13232,PF08847,0,0,0,0,0,2358,0,1.0,0,0,0,0,0,0,2358,0,1.0,0,0
PF05439,PF15925,12,7,2,10,5,2341,0.29,0.99,0.17,0.22,7,2,10,5,2341,0.29,0.99,0.17,0.22
PF10616,PF08936,0,0,0,0,0,2358,0,1.0,0,0,0,0,0,0,2358,0,1.0,0,0
PF11761,PF02979,0,4,0,0,4,2354,0.0,1.0,0,0,4,0,0,4,2354,0.0,1.0,0,0
PF14233,PF11769,0,0,0,0,0,2358,0,1.0,0,0,0,0,0,0,2358,0,1.0,0,0
PF09346,PF11566,5,13,2,3,11,2342,0.15,0.99,0.4,0.25,13,2,3,11,2342,0.15,0.99,0.4,0.25
PF02638,PF13406,6,2,0,6,2,2350,0.0,1.0,0.0,-0.0,2,0,6,2,2350,0.0,1.0,0.0,-0.0
PF01155,PF03831,3,0,0,3,0,2355,0,1.0,0.0,0,0,0,3,0,2355,0,1.0,0.0,0
PF04056,PF07975,24,10,10,14,0,2334,1.0,0.99,0.42,0.64,10,10,14,0,2334,1.0,0.99,0.42,0.64
PF00835,PF13097,6,6,0,6,6,2346,0.0,0.99,0.0,-0.0,6,0,6,6,2346,0.0,0.99,0.0,-0.0
PF06046,PF08312,22,27,5,17,22,2314,0.19,0.98,0.23,0.2,27,5,17,22,2314,0.19,0.98,0.23,0.2
PF09249,PF17007,2,0,0,2,0,2356,0,1.0,0.0,0,0,0,2,0,2356,0,1.0,0.0,0
PF13600,PF09727,4,10,0,4,10,2344,0.0,0.99,0.0,-0.0,10,0,4,10,2344,0.0,0.99,0.0,-0.0
PF09239,PF07730,3,12,0,3,12,2343,0.0,0.99,0.0,-0.0,12,0,3,12,2343,0.0,0.99,0.0,-0.0
PF10278,PF02605,10,3,0,10,3,2345,0.0,0.99,0.0,-0.0,3,0,10,3,2345,0.0,0.99,0.0,-0.0
PF01744,PF11617,13,1,0,13,1,2344,0.0,0.99,0.0,-0.0,1,0,13,1,2344,0.0,0.99,0.0,-0.0
PF01757,PF04515,56,25,11,45,14,2288,0.44,0.97,0.2,0.28,25,11,45,14,2288,0.44,0.97,0.2,0.28
PF05838,PF09951,0,0,0,0,0,2358,0,1.0,0,0,0,0,0,0,2358,0,1.0,0,0
PF01815,PF04958,0,4,0,0,4,2354,0.0,1.0,0,0,4,0,0,4,2354,0.0,1.0,0,0
PF06388,PF10244,2,9,0,2,9,2347,0.0,1.0,0.0,-0.0,9,0,2,9,2347,0.0,1.0,0.0,-0.0
PF15291,PF08308,3,0,0,3,0,2355,0,1.0,0.0,0,0,0,3,0,2355,0,1.0,0.0,0
PF14222,PF14225,9,9,8,1,1,2348,0.89,1.0,0.89,0.89,9,8,1,1,2348,0.89,1.0,0.89,0.89
PF11935,PF15917,9,2,1,8,1,2348,0.5,1.0,0.11,0.23,2,1,8,1,2348,0.5,1.0,0.11,0.23
PF15251,PF09805,2,17,0,2,17,2339,0.0,0.99,0.0,-0.0,17,0,2,17,2339,0.0,0.99,0.0,-0.0
PF01531,PF04901,7,6,1,6,5,2346,0.17,1.0,0.14,0.15,6,1,6,5,2346,0.17,1.0,0.14,0.15
PF09778,PF00277,2,1,0,2,1,2355,0.0,1.0,0.0,-0.0,1,0,2,1,2355,0.0,1.0,0.0,-0.0
PF04675,PF01068,38,42,37,1,5,2315,0.88,1.0,0.97,0.92,42,37,1,5,2315,0.88,1.0,0.97,0.92
PF15204,PF01668,0,5,0,0,5,2353,0.0,1.0,0,0,5,0,0,5,2353,0.0,1.0,0,0
PF00508,PF15052,6,4,1,5,3,2349,0.25,1.0,0.17,0.2,4,1,5,3,2349,0.25,1.0,0.17,0.2
PF16159,PF09354,5,5,3,2,2,2351,0.6,1.0,0.6,0.6,5,3,2,2,2351,0.6,1.0,0.6,0.6
PF01321,PF16188,33,20,18,15,2,2323,0.9,0.99,0.55,0.7,20,18,15,2,2323,0.9,0.99,0.55,0.7
PF01654,PF07681,10,3,3,7,0,2348,1.0,1.0,0.3,0.55,3,3,7,0,2348,1.0,1.0,0.3,0.55
PF15109,PF15715,0,3,0,0,3,2355,0.0,1.0,0,0,3,0,0,3,2355,0.0,1.0,0,0
PF09815,PF10744,37,5,5,32,0,2321,1.0,0.99,0.14,0.37,5,5,32,0,2321,1.0,0.99,0.14,0.37
PF00847,PF02362,48,54,20,28,34,2276,0.37,0.97,0.42,0.38,54,20,28,34,2276,0.37,0.97,0.42,0.38
PF17184,PF04179,7,5,5,2,0,2351,1.0,1.0,0.71,0.84,5,5,2,0,2351,1.0,1.0,0.71,0.84
PF15096,PF15623,1,0,0,1,0,2357,0,1.0,0.0,0,0,0,1,0,2357,0,1.0,0.0,0
PF15625,PF16056,5,4,1,4,3,2350,0.25,1.0,0.2,0.22,4,1,4,3,2350,0.25,1.0,0.2,0.22
PF12706,PF13691,64,23,19,45,4,2290,0.83,0.98,0.3,0.49,23,19,45,4,2290,0.83,0.98,0.3,0.49
PF08282,PF00689,48,116,30,18,86,2224,0.26,0.96,0.62,0.38,116,30,18,86,2224,0.26,0.96,0.62,0.38
PF00455,PF07476,9,0,0,9,0,2349,0,1.0,0.0,0,0,0,9,0,2349,0,1.0,0.0,0
PF16317,PF15383,6,15,1,5,14,2338,0.07,0.99,0.17,0.1,15,1,5,14,2338,0.07,0.99,0.17,0.1
PF15724,PF06875,1,0,0,1,0,2357,0,1.0,0.0,0,0,0,1,0,2357,0,1.0,0.0,0
PF05569,PF03831,1,0,0,1,0,2357,0,1.0,0.0,0,0,0,1,0,2357,0,1.0,0.0,0
PF08527,PF03068,6,10,6,0,4,2348,0.6,1.0,1.0,0.77,10,6,0,4,2348,0.6,1.0,1.0,0.77
PF02357,PF12656,9,21,0,9,21,2328,0.0,0.99,0.0,-0.01,21,0,9,21,2328,0.0,0.99,0.0,-0.01
PF07803,PF00822,3,20,1,2,19,2336,0.05,0.99,0.33,0.13,20,1,2,19,2336,0.05,0.99,0.33,0.13
PF06252,PF02080,0,9,0,0,9,2349,0.0,1.0,0,0,9,0,0,9,2349,0.0,1.0,0,0
PF01083,PF00457,32,10,8,24,2,2324,0.8,0.99,0.25,0.44,10,8,24,2,2324,0.8,0.99,0.25,0.44
PF00472,PF03462,65,41,41,24,0,2293,1.0,0.99,0.63,0.79,41,41,24,0,2293,1.0,0.99,0.63,0.79
PF08098,PF03891,3,0,0,3,0,2355,0,1.0,0.0,0,0,0,3,0,2355,0,1.0,0.0,0
PF16355,PF16353,12,10,2,10,8,2338,0.2,0.99,0.17,0.18,10,2,10,8,2338,0.2,0.99,0.17,0.18
PF04782,PF08234,24,3,0,24,3,2331,0.0,0.99,0.0,-0.0,3,0,24,3,2331,0.0,0.99,0.0,-0.0
PF10890,PF10459,4,2,0,4,2,2352,0.0,1.0,0.0,-0.0,2,0,4,2,2352,0.0,1.0,0.0,-0.0
PF15682,PF08843,7,0,0,7,0,2351,0,1.0,0.0,0,0,0,7,0,2351,0,1.0,0.0,0
PF15082,PF09322,3,0,0,3,0,2355,0,1.0,0.0,0,0,0,3,0,2355,0,1.0,0.0,0
PF10507,PF10239,11,15,4,7,11,2336,0.27,0.99,0.36,0.31,15,4,7,11,2336,0.27,0.99,0.36,0.31
PF15228,PF06592,3,1,0,3,1,2354,0.0,1.0,0.0,-0.0,1,0,3,1,2354,0.0,1.0,0.0,-0.0
PF10358,PF12510,33,1,1,32,0,2325,1.0,0.99,0.03,0.17,1,1,32,0,2325,1.0,0.99,0.03,0.17
PF03652,PF00537,10,2,0,10,2,2346,0.0,0.99,0.0,-0.0,2,0,10,2,2346,0.0,0.99,0.0,-0.0
PF01042,PF01902,40,14,9,31,5,2313,0.64,0.98,0.23,0.37,14,9,31,5,2313,0.64,0.98,0.23,0.37
PF08792,PF15211,1,0,0,1,0,2357,0,1.0,0.0,0,0,0,1,0,2357,0,1.0,0.0,0
PF14918,PF14920,0,0,0,0,0,2358,0,1.0,0,0,0,0,0,0,2358,0,1.0,0,0
PF08550,PF11702,24,3,1,23,2,2332,0.33,0.99,0.04,0.11,3,1,23,2,2332,0.33,0.99,0.04,0.11
PF00307,PF02187,134,28,20,114,8,2216,0.71,0.95,0.15,0.31,28,20,114,8,2216,0.71,0.95,0.15,0.31
PF07814,PF10188,20,0,0,20,0,2338,0,0.99,0.0,0,0,0,20,0,2338,0,0.99,0.0,0
PF05224,PF13887,24,10,10,14,0,2334,1.0,0.99,0.42,0.64,10,10,14,0,2334,1.0,0.99,0.42,0.64
PF11104,PF01292,0,11,0,0,11,2347,0.0,1.0,0,0,11,0,0,11,2347,0.0,1.0,0,0
PF02201,PF02229,52,24,13,39,11,2295,0.54,0.98,0.25,0.36,24,13,39,11,2295,0.54,0.98,0.25,0.36
PF08238,PF07720,89,12,6,83,6,2263,0.5,0.96,0.07,0.17,12,6,83,6,2263,0.5,0.96,0.07,0.17
PF04252,PF08345,7,4,0,7,4,2347,0.0,1.0,0.0,-0.0,4,0,7,4,2347,0.0,1.0,0.0,-0.0
PF01198,PF02284,40,9,4,36,5,2313,0.44,0.98,0.1,0.2,9,4,36,5,2313,0.44,0.98,0.1,0.2
PF04985,PF05939,0,0,0,0,0,2358,0,1.0,0,0,0,0,0,0,2358,0,1.0,0,0
PF15788,PF02740,0,4,0,0,4,2354,0.0,1.0,0,0,4,0,0,4,2354,0.0,1.0,0,0
PF11528,PF16011,0,3,0,0,3,2355,0.0,1.0,0,0,3,0,0,3,2355,0.0,1.0,0,0
PF08718,PF01791,27,20,4,23,16,2315,0.2,0.98,0.15,0.16,20,4,23,16,2315,0.2,0.98,0.15,0.16
PF03564,PF07245,73,10,9,64,1,2284,0.9,0.97,0.12,0.33,10,9,64,1,2284,0.9,0.97,0.12,0.33
PF08610,PF02983,18,4,2,16,2,2338,0.5,0.99,0.11,0.23,4,2,16,2,2338,0.5,0.99,0.11,0.23
PF04845,PF15388,14,3,0,14,3,2341,0.0,0.99,0.0,-0.0,3,0,14,3,2341,0.0,0.99,0.0,-0.0
PF08032,PF12105,7,6,3,4,3,2348,0.5,1.0,0.43,0.46,6,3,4,3,2348,0.5,1.0,0.43,0.46
PF13968,PF04578,35,31,29,6,2,2321,0.94,1.0,0.83,0.88,31,29,6,2,2321,0.94,1.0,0.83,0.88
PF00097,PF13445,137,112,57,80,55,2166,0.51,0.94,0.42,0.43,112,57,80,55,2166,0.51,0.94,0.42,0.43
PF01968,PF05378,43,43,43,0,0,2315,1.0,1.0,1.0,1.0,43,43,0,0,2315,1.0,1.0,1.0,1.0
PF15547,PF11402,0,0,0,0,0,2358,0,1.0,0,0,0,0,0,0,2358,0,1.0,0,0
PF11705,PF12131,17,3,1,16,2,2339,0.33,0.99,0.06,0.14,3,1,16,2,2339,0.33,0.99,0.06,0.14
PF01008,PF00293,54,143,31,23,112,2192,0.22,0.94,0.57,0.33,143,31,23,112,2192,0.22,0.94,0.57,0.33
PF03090,PF11751,0,0,0,0,0,2358,0,1.0,0,0,0,0,0,0,2358,0,1.0,0,0
PF16165,PF08150,14,11,7,7,4,2340,0.64,1.0,0.5,0.56,11,7,7,4,2340,0.64,1.0,0.5,0.56
PF13550,PF17050,0,5,0,0,5,2353,0.0,1.0,0,0,5,0,0,5,2353,0.0,1.0,0,0
PF01973,PF00002,0,102,0,0,102,2256,0.0,0.96,0,0,102,0,0,102,2256,0.0,0.96,0,0
PF08954,PF05386,1,2,1,0,1,2356,0.5,1.0,1.0,0.71,2,1,0,1,2356,0.5,1.0,1.0,0.71
PF16586,PF07409,0,0,0,0,0,2358,0,1.0,0,0,0,0,0,0,2358,0,1.0,0,0
PF05182,PF10309,31,15,5,26,10,2317,0.33,0.98,0.16,0.22,15,5,26,10,2317,0.33,0.98,0.16,0.22
PF05461,PF12605,29,9,6,23,3,2326,0.67,0.99,0.21,0.37,9,6,23,3,2326,0.67,0.99,0.21,0.37
PF02426,PF03831,7,0,0,7,0,2351,0,1.0,0.0,0,0,0,7,0,2351,0,1.0,0.0,0
PF16174,PF09598,1,2,0,1,2,2355,0.0,1.0,0.0,-0.0,2,0,1,2,2355,0.0,1.0,0.0,-0.0
PF05039,PF15359,2,3,0,2,3,2353,0.0,1.0,0.0,-0.0,3,0,2,3,2353,0.0,1.0,0.0,-0.0
PF11752,PF10118,0,6,0,0,6,2352,0.0,1.0,0,0,6,0,0,6,2352,0.0,1.0,0,0
PF03694,PF07281,13,7,2,11,5,2340,0.29,0.99,0.15,0.21,7,2,11,5,2340,0.29,0.99,0.15,0.21
PF04187,PF03759,1,16,0,1,16,2341,0.0,0.99,0.0,-0.0,16,0,1,16,2341,0.0,0.99,0.0,-0.0
PF11965,PF02514,5,2,2,3,0,2353,1.0,1.0,0.4,0.63,2,2,3,0,2353,1.0,1.0,0.4,0.63
PF06923,PF00766,0,18,0,0,18,2340,0.0,0.99,0,0,18,0,0,18,2340,0.0,0.99,0,0
PF03230,PF04964,0,0,0,0,0,2358,0,1.0,0,0,0,0,0,0,2358,0,1.0,0,0
PF14360,PF09246,22,3,2,20,1,2335,0.67,0.99,0.09,0.24,3,2,20,1,2335,0.67,0.99,0.09,0.24
PF00982,PF02358,41,49,38,3,11,2306,0.78,0.99,0.93,0.84,49,38,3,11,2306,0.78,0.99,0.93,0.84
PF01963,PF07896,16,10,5,11,5,2337,0.5,0.99,0.31,0.39,10,5,11,5,2337,0.5,0.99,0.31,0.39
PF15863,PF03907,1,1,1,0,0,2357,1.0,1.0,1.0,1.0,1,1,0,0,2357,1.0,1.0,1.0,1.0
PF09353,PF06376,5,3,0,5,3,2350,0.0,1.0,0.0,-0.0,3,0,5,3,2350,0.0,1.0,0.0,-0.0
PF12431,PF01339,1,13,1,0,12,2345,0.08,0.99,1.0,0.28,13,1,0,12,2345,0.08,0.99,1.0,0.28
PF09692,PF01878,4,14,1,3,13,2341,0.07,0.99,0.25,0.13,14,1,3,13,2341,0.07,0.99,0.25,0.13
PF14402,PF09685,0,0,0,0,0,2358,0,1.0,0,0,0,0,0,0,2358,0,1.0,0,0
PF11196,PF08744,0,0,0,0,0,2358,0,1.0,0,0,0,0,0,0,2358,0,1.0,0,0
PF07301,PF05979,3,3,3,0,0,2355,1.0,1.0,1.0,1.0,3,3,0,0,2355,1.0,1.0,1.0,1.0
