ID,Closest,No. True,No. Prediction,TP,FN,FP,TN,Precision,Accuracy,Hit Rate,MCC,No. Consensus Prediction,Consensus TP,Consensus FN,Consensus FP,Consensus TN,Consensus Precision,Consensus Accuracy,Consensus Hit Rate,Consensus MCC
PF14365,PF03080,2,7,1,1,6,1018,0.14,0.99,0.5,0.26,7,1,1,6,1018,0.14,0.99,0.5,0.26
PF16173,PF16116,0,0,0,0,0,1026,0,1.0,0,0,0,0,0,0,1026,0,1.0,0,0
PF04613,PF13720,7,0,0,7,0,1019,0,0.99,0.0,0,0,0,7,0,1019,0,0.99,0.0,0
PF15342,PF10571,1,0,0,1,0,1025,0,1.0,0.0,0,0,0,1,0,1025,0,1.0,0.0,0
PF16511,PF09141,10,6,6,4,0,1016,1.0,1.0,0.6,0.77,6,6,4,0,1016,1.0,1.0,0.6,0.77
PF04921,PF09496,4,3,0,4,3,1019,0.0,0.99,0.0,-0.0,3,0,4,3,1019,0.0,0.99,0.0,-0.0
PF12585,PF08591,0,0,0,0,0,1026,0,1.0,0,0,0,0,0,0,1026,0,1.0,0,0
PF15823,PF07157,0,0,0,0,0,1026,0,1.0,0,0,0,0,0,0,1026,0,1.0,0,0
PF01513,PF01758,11,5,2,9,3,1012,0.4,0.99,0.18,0.26,5,2,9,3,1012,0.4,0.99,0.18,0.26
PF00199,PF06628,12,9,9,3,0,1014,1.0,1.0,0.75,0.86,9,9,3,0,1014,1.0,1.0,0.75,0.86
PF09684,PF06082,0,0,0,0,0,1026,0,1.0,0,0,0,0,0,0,1026,0,1.0,0,0
PF13870,PF06211,0,3,0,0,3,1023,0.0,1.0,0,0,3,0,0,3,1023,0.0,1.0,0,0
PF13775,PF09667,3,0,0,3,0,1023,0,1.0,0.0,0,0,0,3,0,1023,0,1.0,0.0,0
PF08381,PF13713,5,3,3,2,0,1021,1.0,1.0,0.6,0.77,3,3,2,0,1021,1.0,1.0,0.6,0.77
PF03639,PF02015,6,3,2,4,1,1019,0.67,1.0,0.33,0.47,3,2,4,1,1019,0.67,1.0,0.33,0.47
PF08374,PF16492,1,1,1,0,0,1025,1.0,1.0,1.0,1.0,1,1,0,0,1025,1.0,1.0,1.0,1.0
PF04945,PF13296,0,0,0,0,0,1026,0,1.0,0,0,0,0,0,0,1026,0,1.0,0,0
PF00181,PF07985,15,7,4,11,3,1008,0.57,0.99,0.27,0.38,7,4,11,3,1008,0.57,0.99,0.27,0.38
PF08773,PF08127,2,3,1,1,2,1022,0.33,1.0,0.5,0.41,3,1,1,2,1022,0.33,1.0,0.5,0.41
PF03725,PF01138,16,40,15,1,25,985,0.38,0.97,0.94,0.58,40,15,1,25,985,0.38,0.97,0.94,0.58
PF12179,PF14593,1,2,1,0,1,1024,0.5,1.0,1.0,0.71,2,1,0,1,1024,0.5,1.0,1.0,0.71
PF11803,PF04321,0,7,0,0,7,1019,0.0,0.99,0,0,7,0,0,7,1019,0.0,0.99,0,0
PF08145,PF04494,4,9,0,4,9,1013,0.0,0.99,0.0,-0.01,9,0,4,9,1013,0.0,0.99,0.0,-0.01
PF04228,PF05509,0,1,0,0,1,1025,0.0,1.0,0,0,1,0,0,1,1025,0.0,1.0,0,0
PF16002,PF12213,2,3,1,1,2,1022,0.33,1.0,0.5,0.41,3,1,1,2,1022,0.33,1.0,0.5,0.41
PF02735,PF03731,13,12,12,1,0,1013,1.0,1.0,0.92,0.96,12,12,1,0,1013,1.0,1.0,0.92,0.96
PF11756,PF01476,0,27,0,0,27,999,0.0,0.97,0,0,27,0,0,27,999,0.0,0.97,0,0
PF14955,PF14935,6,1,0,6,1,1019,0.0,0.99,0.0,-0.0,1,0,6,1,1019,0.0,0.99,0.0,-0.0
PF10035,PF02588,1,1,1,0,0,1025,1.0,1.0,1.0,1.0,1,1,0,0,1025,1.0,1.0,1.0,1.0
PF10595,PF09728,2,9,1,1,8,1016,0.11,0.99,0.5,0.23,9,1,1,8,1016,0.11,0.99,0.5,0.23
PF06468,PF02014,4,7,1,3,6,1016,0.14,0.99,0.25,0.18,7,1,3,6,1016,0.14,0.99,0.25,0.18
PF07497,PF11421,3,4,0,3,4,1019,0.0,0.99,0.0,-0.0,4,0,3,4,1019,0.0,0.99,0.0,-0.0
PF08423,PF04005,25,8,4,21,4,997,0.5,0.98,0.16,0.27,8,4,21,4,997,0.5,0.98,0.16,0.27
PF11489,PF06420,0,1,0,0,1,1025,0.0,1.0,0,0,1,0,0,1,1025,0.0,1.0,0,0
PF10274,PF11977,6,6,3,3,3,1017,0.5,0.99,0.5,0.5,6,3,3,3,1017,0.5,0.99,0.5,0.5
PF04347,PF15681,1,2,0,1,2,1023,0.0,1.0,0.0,-0.0,2,0,1,2,1023,0.0,1.0,0.0,-0.0
PF04505,PF06083,7,1,0,7,1,1018,0.0,0.99,0.0,-0.0,1,0,7,1,1018,0.0,0.99,0.0,-0.0
PF16422,PF16423,1,1,1,0,0,1025,1.0,1.0,1.0,1.0,1,1,0,0,1025,1.0,1.0,1.0,1.0
PF08202,PF13230,5,4,0,5,4,1017,0.0,0.99,0.0,-0.0,4,0,5,4,1017,0.0,0.99,0.0,-0.0
PF07716,PF00170,30,26,8,22,18,978,0.31,0.96,0.27,0.27,26,8,22,18,978,0.31,0.96,0.27,0.27
PF02779,PF00456,38,9,7,31,2,986,0.78,0.97,0.18,0.37,9,7,31,2,986,0.78,0.97,0.18,0.37
PF00778,PF02377,6,2,2,4,0,1020,1.0,1.0,0.33,0.58,2,2,4,0,1020,1.0,1.0,0.33,0.58
PF06814,PF03195,7,4,1,6,3,1016,0.25,0.99,0.14,0.18,4,1,6,3,1016,0.25,0.99,0.14,0.18
PF05290,PF08873,0,0,0,0,0,1026,0,1.0,0,0,0,0,0,0,1026,0,1.0,0,0
PF03709,PF09950,0,0,0,0,0,1026,0,1.0,0,0,0,0,0,0,1026,0,1.0,0,0
PF06753,PF10285,1,0,0,1,0,1025,0,1.0,0.0,0,0,0,1,0,1025,0,1.0,0.0,0
PF06324,PF17056,1,1,0,1,1,1024,0.0,1.0,0.0,-0.0,1,0,1,1,1024,0.0,1.0,0.0,-0.0
PF17105,PF12157,1,8,0,1,8,1017,0.0,0.99,0.0,-0.0,8,0,1,8,1017,0.0,0.99,0.0,-0.0
PF00712,PF02768,4,4,4,0,0,1022,1.0,1.0,1.0,1.0,4,4,0,0,1022,1.0,1.0,1.0,1.0
PF06330,PF06581,2,1,0,2,1,1023,0.0,1.0,0.0,-0.0,1,0,2,1,1023,0.0,1.0,0.0,-0.0
PF14318,PF00946,2,2,2,0,0,1024,1.0,1.0,1.0,1.0,2,2,0,0,1024,1.0,1.0,1.0,1.0
PF04865,PF08479,0,0,0,0,0,1026,0,1.0,0,0,0,0,0,0,1026,0,1.0,0,0
PF17121,PF14824,2,5,0,2,5,1019,0.0,0.99,0.0,-0.0,5,0,2,5,1019,0.0,0.99,0.0,-0.0
PF06540,PF01296,0,0,0,0,0,1026,0,1.0,0,0,0,0,0,0,1026,0,1.0,0,0
PF01706,PF06834,0,0,0,0,0,1026,0,1.0,0,0,0,0,0,0,1026,0,1.0,0,0
PF11720,PF09183,0,0,0,0,0,1026,0,1.0,0,0,0,0,0,0,1026,0,1.0,0,0
PF14144,PF02173,5,3,1,4,2,1019,0.33,0.99,0.2,0.26,3,1,4,2,1019,0.33,0.99,0.2,0.26
PF08098,PF03891,1,0,0,1,0,1025,0,1.0,0.0,0,0,0,1,0,1025,0,1.0,0.0,0
PF12382,PF14465,1,0,0,1,0,1025,0,1.0,0.0,0,0,0,1,0,1025,0,1.0,0.0,0
PF01093,PF02267,0,1,0,0,1,1025,0.0,1.0,0,0,1,0,0,1,1025,0.0,1.0,0,0
PF03078,PF02337,2,3,1,1,2,1022,0.33,1.0,0.5,0.41,3,1,1,2,1022,0.33,1.0,0.5,0.41
PF03095,PF04729,7,7,2,5,5,1014,0.29,0.99,0.29,0.28,7,2,5,5,1014,0.29,0.99,0.29,0.28
PF15697,PF06533,2,0,0,2,0,1024,0,1.0,0.0,0,0,0,2,0,1024,0,1.0,0.0,0
PF07172,PF15129,0,0,0,0,0,1026,0,1.0,0,0,0,0,0,0,1026,0,1.0,0,0
PF02627,PF12311,9,0,0,9,0,1017,0,0.99,0.0,0,0,0,9,0,1017,0,0.99,0.0,0
PF15661,PF08275,1,2,0,1,2,1023,0.0,1.0,0.0,-0.0,2,0,1,2,1023,0.0,1.0,0.0,-0.0
PF06736,PF08204,0,0,0,0,0,1026,0,1.0,0,0,0,0,0,0,1026,0,1.0,0,0
PF14396,PF12399,2,3,1,1,2,1022,0.33,1.0,0.5,0.41,3,1,1,2,1022,0.33,1.0,0.5,0.41
PF03710,PF00419,1,3,0,1,3,1022,0.0,1.0,0.0,-0.0,3,0,1,3,1022,0.0,1.0,0.0,-0.0
PF09133,PF10033,3,5,0,3,5,1018,0.0,0.99,0.0,-0.0,5,0,3,5,1018,0.0,0.99,0.0,-0.0
PF04352,PF01752,0,1,0,0,1,1025,0.0,1.0,0,0,1,0,0,1,1025,0.0,1.0,0,0
PF05049,PF14946,6,0,0,6,0,1020,0,0.99,0.0,0,0,0,6,0,1020,0,0.99,0.0,0
PF01033,PF09412,7,8,3,4,5,1014,0.38,0.99,0.43,0.4,8,3,4,5,1014,0.38,0.99,0.43,0.4
PF08528,PF04090,4,1,0,4,1,1021,0.0,1.0,0.0,-0.0,1,0,4,1,1021,0.0,1.0,0.0,-0.0
PF04986,PF03050,2,0,0,2,0,1024,0,1.0,0.0,0,0,0,2,0,1024,0,1.0,0.0,0
PF02958,PF07914,15,7,1,14,6,1005,0.14,0.98,0.07,0.09,7,1,14,6,1005,0.14,0.98,0.07,0.09
PF10080,PF10634,0,0,0,0,0,1026,0,1.0,0,0,0,0,0,0,1026,0,1.0,0,0
PF07044,PF15633,0,0,0,0,0,1026,0,1.0,0,0,0,0,0,0,1026,0,1.0,0,0
PF05637,PF01786,11,6,1,10,5,1010,0.17,0.99,0.09,0.12,6,1,10,5,1010,0.17,0.99,0.09,0.12
PF11988,PF08744,0,0,0,0,0,1026,0,1.0,0,0,0,0,0,0,1026,0,1.0,0,0
PF11162,PF02217,0,1,0,0,1,1025,0.0,1.0,0,0,1,0,0,1,1025,0.0,1.0,0,0
PF14226,PF03171,26,25,22,4,3,997,0.88,0.99,0.85,0.86,25,22,4,3,997,0.88,0.99,0.85,0.86
PF01992,PF08061,3,0,0,3,0,1023,0,1.0,0.0,0,0,0,3,0,1023,0,1.0,0.0,0
PF11464,PF16696,10,0,0,10,0,1016,0,0.99,0.0,0,0,0,10,0,1016,0,0.99,0.0,0
PF05866,PF15082,2,0,0,2,0,1024,0,1.0,0.0,0,0,0,2,0,1024,0,1.0,0.0,0
PF00974,PF02465,0,2,0,0,2,1024,0.0,1.0,0,0,2,0,0,2,1024,0.0,1.0,0,0
PF12549,PF00351,1,12,1,0,11,1014,0.08,0.99,1.0,0.29,12,1,0,11,1014,0.08,0.99,1.0,0.29
PF15138,PF07400,5,1,0,5,1,1020,0.0,0.99,0.0,-0.0,1,0,5,1,1020,0.0,0.99,0.0,-0.0
PF05662,PF07409,5,0,0,5,0,1021,0,1.0,0.0,0,0,0,5,0,1021,0,1.0,0.0,0
PF08564,PF03234,4,4,3,1,1,1021,0.75,1.0,0.75,0.75,4,3,1,1,1021,0.75,1.0,0.75,0.75
PF04770,PF03479,3,3,0,3,3,1020,0.0,0.99,0.0,-0.0,3,0,3,3,1020,0.0,0.99,0.0,-0.0
PF02114,PF01784,6,1,0,6,1,1019,0.0,0.99,0.0,-0.0,1,0,6,1,1019,0.0,0.99,0.0,-0.0
PF14160,PF15805,2,0,0,2,0,1024,0,1.0,0.0,0,0,0,2,0,1024,0,1.0,0.0,0
PF15920,PF16704,0,2,0,0,2,1024,0.0,1.0,0,0,2,0,0,2,1024,0.0,1.0,0,0
PF17078,PF06485,2,1,0,2,1,1023,0.0,1.0,0.0,-0.0,1,0,2,1,1023,0.0,1.0,0.0,-0.0
PF06596,PF14998,2,0,0,2,0,1024,0,1.0,0.0,0,0,0,2,0,1024,0,1.0,0.0,0
PF00877,PF01810,6,6,0,6,6,1014,0.0,0.99,0.0,-0.01,6,0,6,6,1014,0.0,0.99,0.0,-0.01
PF12080,PF07499,0,2,0,0,2,1024,0.0,1.0,0,0,2,0,0,2,1024,0.0,1.0,0,0
PF04696,PF12511,5,5,3,2,2,1019,0.6,1.0,0.6,0.6,5,3,2,2,1019,0.6,1.0,0.6,0.6
PF06479,PF14593,7,2,1,6,1,1018,0.5,0.99,0.14,0.26,2,1,6,1,1018,0.5,0.99,0.14,0.26
PF01049,PF00028,4,37,3,1,34,988,0.08,0.97,0.75,0.24,37,3,1,34,988,0.08,0.97,0.75,0.24
PF03067,PF05335,11,2,1,10,1,1014,0.5,0.99,0.09,0.21,2,1,10,1,1014,0.5,0.99,0.09,0.21
PF09497,PF08729,4,3,1,3,2,1020,0.33,1.0,0.25,0.29,3,1,3,2,1020,0.33,1.0,0.25,0.29
PF08478,PF05467,0,0,0,0,0,1026,0,1.0,0,0,0,0,0,0,1026,0,1.0,0,0
PF06952,PF04754,0,2,0,0,2,1024,0.0,1.0,0,0,2,0,0,2,1024,0.0,1.0,0,0
PF05336,PF06711,2,1,1,1,0,1024,1.0,1.0,0.5,0.71,1,1,1,0,1024,1.0,1.0,0.5,0.71
PF12529,PF02485,1,11,1,0,10,1015,0.09,0.99,1.0,0.3,11,1,0,10,1015,0.09,0.99,1.0,0.3
PF14228,PF14222,2,2,2,0,0,1024,1.0,1.0,1.0,1.0,2,2,0,0,1024,1.0,1.0,1.0,1.0
PF06011,PF06333,9,3,1,8,2,1015,0.33,0.99,0.11,0.19,3,1,8,2,1015,0.33,0.99,0.11,0.19
PF16112,PF14114,0,0,0,0,0,1026,0,1.0,0,0,0,0,0,0,1026,0,1.0,0,0
PF16840,PF15318,0,0,0,0,0,1026,0,1.0,0,0,0,0,0,0,1026,0,1.0,0,0
PF08082,PF10598,7,6,6,1,0,1019,1.0,1.0,0.86,0.93,6,6,1,0,1019,1.0,1.0,0.86,0.93
PF10596,PF10597,8,6,6,2,0,1018,1.0,1.0,0.75,0.87,6,6,2,0,1018,1.0,1.0,0.75,0.87
PF04818,PF01805,23,21,8,15,13,990,0.38,0.97,0.35,0.35,21,8,15,13,990,0.38,0.97,0.35,0.35
PF01827,PF07735,6,6,0,6,6,1014,0.0,0.99,0.0,-0.01,6,0,6,6,1014,0.0,0.99,0.0,-0.01
PF11038,PF12385,0,0,0,0,0,1026,0,1.0,0,0,0,0,0,0,1026,0,1.0,0,0
PF04762,PF16940,7,2,0,7,2,1017,0.0,0.99,0.0,-0.0,2,0,7,2,1017,0.0,0.99,0.0,-0.0
PF01387,PF15252,0,0,0,0,0,1026,0,1.0,0,0,0,0,0,0,1026,0,1.0,0,0
PF14948,PF11548,2,4,2,0,2,1022,0.5,1.0,1.0,0.71,4,2,0,2,1022,0.5,1.0,1.0,0.71
PF06452,PF08792,4,1,0,4,1,1021,0.0,1.0,0.0,-0.0,1,0,4,1,1021,0.0,1.0,0.0,-0.0
PF06240,PF04290,3,2,2,1,0,1023,1.0,1.0,0.67,0.82,2,2,1,0,1023,1.0,1.0,0.67,0.82
PF00356,PF00532,9,5,5,4,0,1017,1.0,1.0,0.56,0.74,5,5,4,0,1017,1.0,1.0,0.56,0.74
PF01337,PF16836,0,1,0,0,1,1025,0.0,1.0,0,0,1,0,0,1,1025,0.0,1.0,0,0
PF10334,PF10337,5,6,5,0,1,1020,0.83,1.0,1.0,0.91,6,5,0,1,1020,0.83,1.0,1.0,0.91
PF14973,PF15249,4,5,0,4,5,1017,0.0,0.99,0.0,-0.0,5,0,4,5,1017,0.0,0.99,0.0,-0.0
PF01558,PF17147,3,3,3,0,0,1023,1.0,1.0,1.0,1.0,3,3,0,0,1023,1.0,1.0,1.0,1.0
PF03966,PF05365,10,3,0,10,3,1013,0.0,0.99,0.0,-0.01,3,0,10,3,1013,0.0,0.99,0.0,-0.01
PF01312,PF17193,2,0,0,2,0,1024,0,1.0,0.0,0,0,0,2,0,1024,0,1.0,0.0,0
PF01676,PF06415,10,1,1,9,0,1016,1.0,0.99,0.1,0.31,1,1,9,0,1016,1.0,0.99,0.1,0.31
PF10672,PF12955,1,1,0,1,1,1024,0.0,1.0,0.0,-0.0,1,0,1,1,1024,0.0,1.0,0.0,-0.0
PF06544,PF01205,9,18,3,6,15,1002,0.17,0.98,0.33,0.23,18,3,6,15,1002,0.17,0.98,0.33,0.23
PF10278,PF02605,2,1,0,2,1,1023,0.0,1.0,0.0,-0.0,1,0,2,1,1023,0.0,1.0,0.0,-0.0
PF07956,PF15302,2,0,0,2,0,1024,0,1.0,0.0,0,0,0,2,0,1024,0,1.0,0.0,0
PF10146,PF14931,1,1,0,1,1,1024,0.0,1.0,0.0,-0.0,1,0,1,1,1024,0.0,1.0,0.0,-0.0
PF02778,PF01974,4,10,4,0,6,1016,0.4,0.99,1.0,0.63,10,4,0,6,1016,0.4,0.99,1.0,0.63
PF12628,PF06724,0,0,0,0,0,1026,0,1.0,0,0,0,0,0,0,1026,0,1.0,0,0
PF01168,PF14031,16,4,4,12,0,1010,1.0,0.99,0.25,0.5,4,4,12,0,1010,1.0,0.99,0.25,0.5
PF05686,PF04777,19,19,7,12,12,995,0.37,0.98,0.37,0.36,19,7,12,12,995,0.37,0.98,0.37,0.36
PF01228,PF02901,1,2,1,0,1,1024,0.5,1.0,1.0,0.71,2,1,0,1,1024,0.5,1.0,1.0,0.71
PF14317,PF12608,0,0,0,0,0,1026,0,1.0,0,0,0,0,0,0,1026,0,1.0,0,0
PF03907,PF17078,0,2,0,0,2,1024,0.0,1.0,0,0,2,0,0,2,1024,0.0,1.0,0,0
PF07892,PF16350,1,10,1,0,9,1016,0.1,0.99,1.0,0.31,10,1,0,9,1016,0.1,0.99,1.0,0.31
PF11515,PF03256,4,12,4,0,8,1014,0.33,0.99,1.0,0.58,12,4,0,8,1014,0.33,0.99,1.0,0.58
PF00060,PF10613,35,24,22,13,2,989,0.92,0.99,0.63,0.75,24,22,13,2,989,0.92,0.99,0.63,0.75
PF06825,PF03386,1,0,0,1,0,1025,0,1.0,0.0,0,0,0,1,0,1025,0,1.0,0.0,0
PF16136,PF07897,1,1,1,0,0,1025,1.0,1.0,1.0,1.0,1,1,0,0,1025,1.0,1.0,1.0,1.0
PF10601,PF07816,9,0,0,9,0,1017,0,0.99,0.0,0,0,0,9,0,1017,0,0.99,0.0,0
PF08074,PF06461,8,8,8,0,0,1018,1.0,1.0,1.0,1.0,8,8,0,0,1018,1.0,1.0,1.0,1.0
PF12482,PF06357,2,2,0,2,2,1022,0.0,1.0,0.0,-0.0,2,0,2,2,1022,0.0,1.0,0.0,-0.0
PF14469,PF15172,2,0,0,2,0,1024,0,1.0,0.0,0,0,0,2,0,1024,0,1.0,0.0,0
PF02100,PF08559,3,4,0,3,4,1019,0.0,0.99,0.0,-0.0,4,0,3,4,1019,0.0,0.99,0.0,-0.0
PF08900,PF01778,0,9,0,0,9,1017,0.0,0.99,0,0,9,0,0,9,1017,0.0,0.99,0,0
PF15519,PF12220,7,1,0,7,1,1018,0.0,0.99,0.0,-0.0,1,0,7,1,1018,0.0,0.99,0.0,-0.0
PF09216,PF08642,0,0,0,0,0,1026,0,1.0,0,0,0,0,0,0,1026,0,1.0,0,0
PF06739,PF15817,1,1,1,0,0,1025,1.0,1.0,1.0,1.0,1,1,0,0,1025,1.0,1.0,1.0,1.0
PF11929,PF09372,1,0,0,1,0,1025,0,1.0,0.0,0,0,0,1,0,1025,0,1.0,0.0,0
PF02431,PF03386,1,0,0,1,0,1025,0,1.0,0.0,0,0,0,1,0,1025,0,1.0,0.0,0
PF16679,PF08839,7,8,6,1,2,1017,0.75,1.0,0.86,0.8,8,6,1,2,1017,0.75,1.0,0.86,0.8
PF03184,PF03221,30,26,18,12,8,988,0.69,0.98,0.6,0.63,26,18,12,8,988,0.69,0.98,0.6,0.63
PF16492,PF08374,1,1,1,0,0,1025,1.0,1.0,1.0,1.0,1,1,0,0,1025,1.0,1.0,1.0,1.0
PF16686,PF02765,2,5,2,0,3,1021,0.4,1.0,1.0,0.63,5,2,0,3,1021,0.4,1.0,1.0,0.63
PF15200,PF17076,0,1,0,0,1,1025,0.0,1.0,0,0,1,0,0,1,1025,0.0,1.0,0,0
PF06680,PF01161,0,18,0,0,18,1008,0.0,0.98,0,0,18,0,0,18,1008,0.0,0.98,0,0
PF08757,PF10042,1,1,0,1,1,1024,0.0,1.0,0.0,-0.0,1,0,1,1,1024,0.0,1.0,0.0,-0.0
PF05139,PF09424,2,2,0,2,2,1022,0.0,1.0,0.0,-0.0,2,0,2,2,1022,0.0,1.0,0.0,-0.0
PF17136,PF01777,6,10,2,4,8,1012,0.2,0.99,0.33,0.25,10,2,4,8,1012,0.2,0.99,0.33,0.25
PF17027,PF10618,0,0,0,0,0,1026,0,1.0,0,0,0,0,0,0,1026,0,1.0,0,0
PF03151,PF04230,22,1,0,22,1,1003,0.0,0.98,0.0,-0.0,1,0,22,1,1003,0.0,0.98,0.0,-0.0
PF00393,PF03446,9,17,8,1,9,1008,0.47,0.99,0.89,0.64,17,8,1,9,1008,0.47,0.99,0.89,0.64
PF15844,PF08116,0,1,0,0,1,1025,0.0,1.0,0,0,1,0,0,1,1025,0.0,1.0,0,0
PF02456,PF03845,1,5,0,1,5,1020,0.0,0.99,0.0,-0.0,5,0,1,5,1020,0.0,0.99,0.0,-0.0
PF03982,PF12146,11,29,5,6,24,991,0.17,0.97,0.45,0.27,29,5,6,24,991,0.17,0.97,0.45,0.27
PF10505,PF09733,6,5,0,6,5,1015,0.0,0.99,0.0,-0.01,5,0,6,5,1015,0.0,0.99,0.0,-0.01
PF01841,PF00868,16,3,3,13,0,1010,1.0,0.99,0.19,0.43,3,3,13,0,1010,1.0,0.99,0.19,0.43
PF12778,PF17206,0,0,0,0,0,1026,0,1.0,0,0,0,0,0,0,1026,0,1.0,0,0
PF04978,PF02873,2,2,1,1,1,1023,0.5,1.0,0.5,0.5,2,1,1,1,1023,0.5,1.0,0.5,0.5
PF01265,PF09468,7,2,0,7,2,1017,0.0,0.99,0.0,-0.0,2,0,7,2,1017,0.0,0.99,0.0,-0.0
PF00114,PF01580,1,2,0,1,2,1023,0.0,1.0,0.0,-0.0,2,0,1,2,1023,0.0,1.0,0.0,-0.0
PF02758,PF14484,5,7,3,2,4,1017,0.43,0.99,0.6,0.5,7,3,2,4,1017,0.43,0.99,0.6,0.5
PF02497,PF10380,0,1,0,0,1,1025,0.0,1.0,0,0,1,0,0,1,1025,0.0,1.0,0,0
PF03015,PF07993,16,30,15,1,15,995,0.5,0.98,0.94,0.68,30,15,1,15,995,0.5,0.98,0.94,0.68
PF01801,PF12246,1,3,0,1,3,1022,0.0,1.0,0.0,-0.0,3,0,1,3,1022,0.0,1.0,0.0,-0.0
PF08808,PF15281,0,1,0,0,1,1025,0.0,1.0,0,0,1,0,0,1,1025,0.0,1.0,0,0
PF00893,PF11363,1,0,0,1,0,1025,0,1.0,0.0,0,0,0,1,0,1025,0,1.0,0.0,0
PF08445,PF06021,5,2,1,4,1,1020,0.5,1.0,0.2,0.31,2,1,4,1,1020,0.5,1.0,0.2,0.31
PF11380,PF17101,2,0,0,2,0,1024,0,1.0,0.0,0,0,0,2,0,1024,0,1.0,0.0,0
PF07112,PF07390,0,0,0,0,0,1026,0,1.0,0,0,0,0,0,0,1026,0,1.0,0,0
PF02747,PF00705,10,8,8,2,0,1016,1.0,1.0,0.8,0.89,8,8,2,0,1016,1.0,1.0,0.8,0.89
PF06832,PF04355,0,2,0,0,2,1024,0.0,1.0,0,0,2,0,0,2,1024,0.0,1.0,0,0
PF11956,PF03520,2,5,2,0,3,1021,0.4,1.0,1.0,0.63,5,2,0,3,1021,0.4,1.0,1.0,0.63
PF02899,PF13356,5,4,2,3,2,1019,0.5,1.0,0.4,0.44,4,2,3,2,1019,0.5,1.0,0.4,0.44
PF06658,PF04176,1,6,1,0,5,1020,0.17,1.0,1.0,0.41,6,1,0,5,1020,0.17,1.0,1.0,0.41
PF02670,PF13288,8,3,2,6,1,1017,0.67,0.99,0.25,0.41,3,2,6,1,1017,0.67,0.99,0.25,0.41
PF00561,PF12146,55,29,20,35,9,962,0.69,0.96,0.36,0.48,29,20,35,9,962,0.69,0.96,0.36,0.48
PF09030,PF08214,5,12,5,0,7,1014,0.42,0.99,1.0,0.64,12,5,0,7,1014,0.42,0.99,1.0,0.64
PF16846,PF08493,1,4,1,0,3,1022,0.25,1.0,1.0,0.5,4,1,0,3,1022,0.25,1.0,1.0,0.5
PF08195,PF05811,0,2,0,0,2,1024,0.0,1.0,0,0,2,0,0,2,1024,0.0,1.0,0,0
PF17050,PF15556,2,1,0,2,1,1023,0.0,1.0,0.0,-0.0,1,0,2,1,1023,0.0,1.0,0.0,-0.0
PF07428,PF03553,0,1,0,0,1,1025,0.0,1.0,0,0,1,0,0,1,1025,0.0,1.0,0,0
PF09404,PF12904,8,0,0,8,0,1018,0,0.99,0.0,0,0,0,8,0,1018,0,0.99,0.0,0
PF05542,PF02470,0,2,0,0,2,1024,0.0,1.0,0,0,2,0,0,2,1024,0.0,1.0,0,0
PF12602,PF11751,0,0,0,0,0,1026,0,1.0,0,0,0,0,0,0,1026,0,1.0,0,0
PF02284,PF05915,1,0,0,1,0,1025,0,1.0,0.0,0,0,0,1,0,1025,0,1.0,0.0,0
PF09607,PF04236,4,1,0,4,1,1021,0.0,1.0,0.0,-0.0,1,0,4,1,1021,0.0,1.0,0.0,-0.0
PF13266,PF06683,0,0,0,0,0,1026,0,1.0,0,0,0,0,0,0,1026,0,1.0,0,0
PF07661,PF04717,1,0,0,1,0,1025,0,1.0,0.0,0,0,0,1,0,1025,0,1.0,0.0,0
PF11652,PF15379,0,0,0,0,0,1026,0,1.0,0,0,0,0,0,0,1026,0,1.0,0,0
PF04559,PF03865,1,0,0,1,0,1025,0,1.0,0.0,0,0,0,1,0,1025,0,1.0,0.0,0
PF05823,PF01674,1,5,0,1,5,1020,0.0,0.99,0.0,-0.0,5,0,1,5,1020,0.0,0.99,0.0,-0.0
PF12054,PF08658,3,7,0,3,7,1016,0.0,0.99,0.0,-0.0,7,0,3,7,1016,0.0,0.99,0.0,-0.0
PF11025,PF02915,0,1,0,0,1,1025,0.0,1.0,0,0,1,0,0,1,1025,0.0,1.0,0,0
PF00508,PF15052,3,1,0,3,1,1022,0.0,1.0,0.0,-0.0,1,0,3,1,1022,0.0,1.0,0.0,-0.0
PF14077,PF15512,0,0,0,0,0,1026,0,1.0,0,0,0,0,0,0,1026,0,1.0,0,0
PF08164,PF16174,6,0,0,6,0,1020,0,0.99,0.0,0,0,0,6,0,1020,0,0.99,0.0,0
PF06045,PF14683,1,10,1,0,9,1016,0.1,0.99,1.0,0.31,10,1,0,9,1016,0.1,0.99,1.0,0.31
PF04069,PF12911,5,3,1,4,2,1019,0.33,0.99,0.2,0.26,3,1,4,2,1019,0.33,0.99,0.2,0.26
PF05145,PF04046,1,4,0,1,4,1021,0.0,1.0,0.0,-0.0,4,0,1,4,1021,0.0,1.0,0.0,-0.0
PF04857,PF08675,13,1,1,12,0,1013,1.0,0.99,0.08,0.28,1,1,12,0,1013,1.0,0.99,0.08,0.28
PF08336,PF13640,6,29,5,1,24,996,0.17,0.98,0.83,0.37,29,5,1,24,996,0.17,0.98,0.83,0.37
PF04732,PF16208,3,2,0,3,2,1021,0.0,1.0,0.0,-0.0,2,0,3,2,1021,0.0,1.0,0.0,-0.0
PF15966,PF15965,2,2,2,0,0,1024,1.0,1.0,1.0,1.0,2,2,0,0,1024,1.0,1.0,1.0,1.0
PF02632,PF01668,2,2,0,2,2,1022,0.0,1.0,0.0,-0.0,2,0,2,2,1022,0.0,1.0,0.0,-0.0
PF05022,PF08640,4,6,2,2,4,1018,0.33,0.99,0.5,0.41,6,2,2,4,1018,0.33,0.99,0.5,0.41
PF04337,PF08345,0,2,0,0,2,1024,0.0,1.0,0,0,2,0,0,2,1024,0.0,1.0,0,0
PF06422,PF08370,9,2,1,8,1,1016,0.5,0.99,0.11,0.23,2,1,8,1,1016,0.5,0.99,0.11,0.23
PF07526,PF16493,2,3,1,1,2,1022,0.33,1.0,0.5,0.41,3,1,1,2,1022,0.33,1.0,0.5,0.41
PF13363,PF10435,7,7,7,0,0,1019,1.0,1.0,1.0,1.0,7,7,0,0,1019,1.0,1.0,1.0,1.0
PF13095,PF07444,0,0,0,0,0,1026,0,1.0,0,0,0,0,0,0,1026,0,1.0,0,0
PF16905,PF08763,6,5,3,3,2,1018,0.6,1.0,0.5,0.55,5,3,3,2,1018,0.6,1.0,0.5,0.55
PF01074,PF09261,18,18,16,2,2,1006,0.89,1.0,0.89,0.89,18,16,2,2,1006,0.89,1.0,0.89,0.89
PF12897,PF04350,2,0,0,2,0,1024,0,1.0,0.0,0,0,0,2,0,1024,0,1.0,0.0,0
PF01207,PF00035,27,32,9,18,23,976,0.28,0.96,0.33,0.29,32,9,18,23,976,0.28,0.96,0.33,0.29
PF05596,PF04691,0,3,0,0,3,1023,0.0,1.0,0,0,3,0,0,3,1023,0.0,1.0,0,0
PF08429,PF02928,7,6,6,1,0,1019,1.0,1.0,0.86,0.93,6,6,1,0,1019,1.0,1.0,0.86,0.93
PF12829,PF05685,1,2,0,1,2,1023,0.0,1.0,0.0,-0.0,2,0,1,2,1023,0.0,1.0,0.0,-0.0
PF15720,PF15441,1,1,1,0,0,1025,1.0,1.0,1.0,1.0,1,1,0,0,1025,1.0,1.0,1.0,1.0
PF16131,PF04098,6,9,0,6,9,1011,0.0,0.99,0.0,-0.01,9,0,6,9,1011,0.0,0.99,0.0,-0.01
PF04532,PF05299,0,0,0,0,0,1026,0,1.0,0,0,0,0,0,0,1026,0,1.0,0,0
PF00038,PF10042,15,1,0,15,1,1010,0.0,0.98,0.0,-0.0,1,0,15,1,1010,0.0,0.98,0.0,-0.0
PF10529,PF14920,0,0,0,0,0,1026,0,1.0,0,0,0,0,0,0,1026,0,1.0,0,0
PF07678,PF07703,7,3,3,4,0,1019,1.0,1.0,0.43,0.65,3,3,4,0,1019,1.0,1.0,0.43,0.65
PF05489,PF06805,0,0,0,0,0,1026,0,1.0,0,0,0,0,0,0,1026,0,1.0,0,0
PF15554,PF08653,1,3,0,1,3,1022,0.0,1.0,0.0,-0.0,3,0,1,3,1022,0.0,1.0,0.0,-0.0
PF13580,PF08345,1,2,0,1,2,1023,0.0,1.0,0.0,-0.0,2,0,1,2,1023,0.0,1.0,0.0,-0.0
PF13368,PF01751,4,23,4,0,19,1003,0.17,0.98,1.0,0.41,23,4,0,19,1003,0.17,0.98,1.0,0.41
PF14050,PF04968,1,7,0,1,7,1018,0.0,0.99,0.0,-0.0,7,0,1,7,1018,0.0,0.99,0.0,-0.0
PF08426,PF12904,0,0,0,0,0,1026,0,1.0,0,0,0,0,0,0,1026,0,1.0,0,0
PF07767,PF09751,7,4,1,6,3,1016,0.25,0.99,0.14,0.18,4,1,6,3,1016,0.25,0.99,0.14,0.18
PF06936,PF14340,3,2,1,2,1,1022,0.5,1.0,0.33,0.41,2,1,2,1,1022,0.5,1.0,0.33,0.41
PF13306,PF13855,19,115,16,3,99,908,0.14,0.9,0.84,0.32,115,16,3,99,908,0.14,0.9,0.84,0.32
PF14911,PF14951,1,1,0,1,1,1024,0.0,1.0,0.0,-0.0,1,0,1,1,1024,0.0,1.0,0.0,-0.0
PF02938,PF09924,2,2,1,1,1,1023,0.5,1.0,0.5,0.5,2,1,1,1,1023,0.5,1.0,0.5,0.5
PF05388,PF00450,3,39,3,0,36,987,0.08,0.96,1.0,0.27,39,3,0,36,987,0.08,0.96,1.0,0.27
PF10515,PF02177,2,2,2,0,0,1024,1.0,1.0,1.0,1.0,2,2,0,0,1024,1.0,1.0,1.0,1.0
PF14163,PF10399,1,1,1,0,0,1025,1.0,1.0,1.0,1.0,1,1,0,0,1025,1.0,1.0,1.0,1.0
PF07484,PF01913,0,1,0,0,1,1025,0.0,1.0,0,0,1,0,0,1,1025,0.0,1.0,0,0
PF13530,PF08479,1,0,0,1,0,1025,0,1.0,0.0,0,0,0,1,0,1025,0,1.0,0.0,0
PF05568,PF05881,0,2,0,0,2,1024,0.0,1.0,0,0,2,0,0,2,1024,0.0,1.0,0,0
PF03176,PF13323,7,2,0,7,2,1017,0.0,0.99,0.0,-0.0,2,0,7,2,1017,0.0,0.99,0.0,-0.0
PF15036,PF15125,2,0,0,2,0,1024,0,1.0,0.0,0,0,0,2,0,1024,0,1.0,0.0,0
PF03979,PF04546,3,2,2,1,0,1023,1.0,1.0,0.67,0.82,2,2,1,0,1023,1.0,1.0,0.67,0.82
PF06246,PF07019,3,14,2,1,12,1011,0.14,0.99,0.67,0.3,14,2,1,12,1011,0.14,0.99,0.67,0.3
PF03989,PF00521,5,12,4,1,8,1013,0.33,0.99,0.8,0.51,12,4,1,8,1013,0.33,0.99,0.8,0.51
PF12384,PF05869,1,4,1,0,3,1022,0.25,1.0,1.0,0.5,4,1,0,3,1022,0.25,1.0,1.0,0.5
PF05969,PF07405,1,0,0,1,0,1025,0,1.0,0.0,0,0,0,1,0,1025,0,1.0,0.0,0
PF15938,PF14996,0,0,0,0,0,1026,0,1.0,0,0,0,0,0,0,1026,0,1.0,0,0
PF16784,PF04854,0,1,0,0,1,1025,0.0,1.0,0,0,1,0,0,1,1025,0.0,1.0,0,0
PF01523,PF03548,6,0,0,6,0,1020,0,0.99,0.0,0,0,0,6,0,1020,0,0.99,0.0,0
PF07985,PF00181,7,15,4,3,11,1008,0.27,0.99,0.57,0.38,15,4,3,11,1008,0.27,0.99,0.57,0.38
PF14687,PF14688,1,2,1,0,1,1024,0.5,1.0,1.0,0.71,2,1,0,1,1024,0.5,1.0,1.0,0.71
PF15477,PF11669,8,1,1,7,0,1018,1.0,0.99,0.12,0.35,1,1,7,0,1018,1.0,0.99,0.12,0.35
PF14767,PF14766,0,1,0,0,1,1025,0.0,1.0,0,0,1,0,0,1,1025,0.0,1.0,0,0
PF04783,PF14818,3,4,1,2,3,1020,0.25,1.0,0.33,0.29,4,1,2,3,1020,0.25,1.0,0.33,0.29
PF02912,PF03147,2,9,2,0,7,1017,0.22,0.99,1.0,0.47,9,2,0,7,1017,0.22,0.99,1.0,0.47
PF07769,PF13722,0,1,0,0,1,1025,0.0,1.0,0,0,1,0,0,1,1025,0.0,1.0,0,0
PF00886,PF00499,4,3,0,4,3,1019,0.0,0.99,0.0,-0.0,3,0,4,3,1019,0.0,0.99,0.0,-0.0
PF05997,PF05030,6,6,0,6,6,1014,0.0,0.99,0.0,-0.01,6,0,6,6,1014,0.0,0.99,0.0,-0.01
PF14864,PF14863,1,1,1,0,0,1025,1.0,1.0,1.0,1.0,1,1,0,0,1025,1.0,1.0,1.0,1.0
PF01439,PF05659,1,1,0,1,1,1024,0.0,1.0,0.0,-0.0,1,0,1,1,1024,0.0,1.0,0.0,-0.0
PF12857,PF01032,0,2,0,0,2,1024,0.0,1.0,0,0,2,0,0,2,1024,0.0,1.0,0,0
PF10703,PF01297,1,2,0,1,2,1023,0.0,1.0,0.0,-0.0,2,0,1,2,1023,0.0,1.0,0.0,-0.0
PF02624,PF06798,0,0,0,0,0,1026,0,1.0,0,0,0,0,0,0,1026,0,1.0,0,0
PF05672,PF14738,5,3,0,5,3,1018,0.0,0.99,0.0,-0.0,3,0,5,3,1018,0.0,0.99,0.0,-0.0
PF05656,PF15224,0,0,0,0,0,1026,0,1.0,0,0,0,0,0,0,1026,0,1.0,0,0
PF09044,PF04232,2,0,0,2,0,1024,0,1.0,0.0,0,0,0,2,0,1024,0,1.0,0.0,0
PF12446,PF15224,0,0,0,0,0,1026,0,1.0,0,0,0,0,0,0,1026,0,1.0,0,0
PF15848,PF03238,0,0,0,0,0,1026,0,1.0,0,0,0,0,0,0,1026,0,1.0,0,0
PF05717,PF03613,0,1,0,0,1,1025,0.0,1.0,0,0,1,0,0,1,1025,0.0,1.0,0,0
PF03704,PF13464,1,2,0,1,2,1023,0.0,1.0,0.0,-0.0,2,0,1,2,1023,0.0,1.0,0.0,-0.0
PF07310,PF01913,1,1,0,1,1,1024,0.0,1.0,0.0,-0.0,1,0,1,1,1024,0.0,1.0,0.0,-0.0
PF00613,PF00792,13,10,10,3,0,1013,1.0,1.0,0.77,0.88,10,10,3,0,1013,1.0,1.0,0.77,0.88
PF06445,PF09397,3,2,0,3,2,1021,0.0,1.0,0.0,-0.0,2,0,3,2,1021,0.0,1.0,0.0,-0.0
PF14954,PF14935,1,1,0,1,1,1024,0.0,1.0,0.0,-0.0,1,0,1,1,1024,0.0,1.0,0.0,-0.0
PF02852,PF14691,22,8,3,19,5,999,0.38,0.98,0.14,0.22,8,3,19,5,999,0.38,0.98,0.14,0.22
PF04045,PF00079,17,21,4,13,17,992,0.19,0.97,0.24,0.2,21,4,13,17,992,0.19,0.97,0.24,0.2
PF05188,PF01624,20,19,18,2,1,1005,0.95,1.0,0.9,0.92,19,18,2,1,1005,0.95,1.0,0.9,0.92
PF04610,PF11751,5,0,0,5,0,1021,0,1.0,0.0,0,0,0,5,0,1021,0,1.0,0.0,0
PF15772,PF15119,0,2,0,0,2,1024,0.0,1.0,0,0,2,0,0,2,1024,0.0,1.0,0,0
PF12765,PF10441,6,3,0,6,3,1017,0.0,0.99,0.0,-0.0,3,0,6,3,1017,0.0,0.99,0.0,-0.0
PF03374,PF04451,0,0,0,0,0,1026,0,1.0,0,0,0,0,0,0,1026,0,1.0,0,0
PF01166,PF15910,4,0,0,4,0,1022,0,1.0,0.0,0,0,0,4,0,1022,0,1.0,0.0,0
PF00061,PF08212,15,7,1,14,6,1005,0.14,0.98,0.07,0.09,7,1,14,6,1005,0.14,0.98,0.07,0.09
PF12201,PF09690,1,0,0,1,0,1025,0,1.0,0.0,0,0,0,1,0,1025,0,1.0,0.0,0
PF17203,PF09239,3,1,0,3,1,1022,0.0,1.0,0.0,-0.0,1,0,3,1,1022,0.0,1.0,0.0,-0.0
PF12732,PF03865,0,0,0,0,0,1026,0,1.0,0,0,0,0,0,0,1026,0,1.0,0,0
PF11721,PF12819,6,8,2,4,6,1014,0.25,0.99,0.33,0.28,8,2,4,6,1014,0.25,0.99,0.33,0.28
PF12298,PF09282,5,0,0,5,0,1021,0,1.0,0.0,0,0,0,5,0,1021,0,1.0,0.0,0
PF04142,PF14975,18,3,3,15,0,1008,1.0,0.99,0.17,0.41,3,3,15,0,1008,1.0,0.99,0.17,0.41
PF02095,PF09049,1,0,0,1,0,1025,0,1.0,0.0,0,0,0,1,0,1025,0,1.0,0.0,0
PF10576,PF14815,2,8,2,0,6,1018,0.25,0.99,1.0,0.5,8,2,0,6,1018,0.25,0.99,1.0,0.5
PF07851,PF07767,5,7,1,4,6,1015,0.14,0.99,0.2,0.16,7,1,4,6,1015,0.14,0.99,0.2,0.16
PF14336,PF03769,2,1,0,2,1,1023,0.0,1.0,0.0,-0.0,1,0,2,1,1023,0.0,1.0,0.0,-0.0
PF08847,PF03379,0,2,0,0,2,1024,0.0,1.0,0,0,2,0,0,2,1024,0.0,1.0,0,0
PF08984,PF14850,0,5,0,0,5,1021,0.0,1.0,0,0,5,0,0,5,1021,0.0,1.0,0,0
PF08722,PF12696,2,2,2,0,0,1024,1.0,1.0,1.0,1.0,2,2,0,0,1024,1.0,1.0,1.0,1.0
PF06566,PF06567,0,0,0,0,0,1026,0,1.0,0,0,0,0,0,0,1026,0,1.0,0,0
PF15689,PF15690,0,1,0,0,1,1025,0.0,1.0,0,0,1,0,0,1,1025,0.0,1.0,0,0
PF09085,PF09991,1,0,0,1,0,1025,0,1.0,0.0,0,0,0,1,0,1025,0,1.0,0.0,0
PF12214,PF04087,5,0,0,5,0,1021,0,1.0,0.0,0,0,0,5,0,1021,0,1.0,0.0,0
PF02129,PF08530,9,7,7,2,0,1017,1.0,1.0,0.78,0.88,7,7,2,0,1017,1.0,1.0,0.78,0.88
PF16156,PF13780,0,0,0,0,0,1026,0,1.0,0,0,0,0,0,0,1026,0,1.0,0,0
PF00308,PF08479,4,0,0,4,0,1022,0,1.0,0.0,0,0,0,4,0,1022,0,1.0,0.0,0
PF03299,PF15929,8,0,0,8,0,1018,0,0.99,0.0,0,0,0,8,0,1018,0,0.99,0.0,0
PF11503,PF00954,0,15,0,0,15,1011,0.0,0.99,0,0,15,0,0,15,1011,0.0,0.99,0,0
PF14773,PF09463,3,0,0,3,0,1023,0,1.0,0.0,0,0,0,3,0,1023,0,1.0,0.0,0
PF04749,PF03162,21,3,0,21,3,1002,0.0,0.98,0.0,-0.01,3,0,21,3,1002,0.0,0.98,0.0,-0.01
PF11898,PF02559,0,2,0,0,2,1024,0.0,1.0,0,0,2,0,0,2,1024,0.0,1.0,0,0
PF06316,PF00849,0,23,0,0,23,1003,0.0,0.98,0,0,23,0,0,23,1003,0.0,0.98,0,0
PF03958,PF07963,4,5,4,0,1,1021,0.8,1.0,1.0,0.89,5,4,0,1,1021,0.8,1.0,1.0,0.89
PF09371,PF16921,0,0,0,0,0,1026,0,1.0,0,0,0,0,0,0,1026,0,1.0,0,0
PF10455,PF10224,2,1,0,2,1,1023,0.0,1.0,0.0,-0.0,1,0,2,1,1023,0.0,1.0,0.0,-0.0
PF02591,PF12889,0,0,0,0,0,1026,0,1.0,0,0,0,0,0,0,1026,0,1.0,0,0
PF14222,PF14225,2,3,2,0,1,1023,0.67,1.0,1.0,0.82,3,2,0,1,1023,0.67,1.0,1.0,0.82
PF00303,PF00186,7,8,5,2,3,1016,0.62,1.0,0.71,0.67,8,5,2,3,1016,0.62,1.0,0.71,0.67
PF02439,PF02124,1,0,0,1,0,1025,0,1.0,0.0,0,0,0,1,0,1025,0,1.0,0.0,0
PF11236,PF09684,0,0,0,0,0,1026,0,1.0,0,0,0,0,0,0,1026,0,1.0,0,0
PF00261,PF12718,11,1,1,10,0,1015,1.0,0.99,0.09,0.3,1,1,10,0,1015,1.0,0.99,0.09,0.3
PF06183,PF07385,0,0,0,0,0,1026,0,1.0,0,0,0,0,0,0,1026,0,1.0,0,0
PF08468,PF11697,1,0,0,1,0,1025,0,1.0,0.0,0,0,0,1,0,1025,0,1.0,0.0,0
PF10203,PF10310,2,1,0,2,1,1023,0.0,1.0,0.0,-0.0,1,0,2,1,1023,0.0,1.0,0.0,-0.0
PF03947,PF07985,12,7,3,9,4,1010,0.43,0.99,0.25,0.32,7,3,9,4,1010,0.43,0.99,0.25,0.32
PF15140,PF07248,9,1,1,8,0,1017,1.0,0.99,0.11,0.33,1,1,8,0,1017,1.0,0.99,0.11,0.33
PF14713,PF15551,1,0,0,1,0,1025,0,1.0,0.0,0,0,0,1,0,1025,0,1.0,0.0,0
PF00094,PF08742,27,18,18,9,0,999,1.0,0.99,0.67,0.81,18,18,9,0,999,1.0,0.99,0.67,0.81
PF13676,PF16095,18,17,9,9,8,1000,0.53,0.98,0.5,0.51,17,9,9,8,1000,0.53,0.98,0.5,0.51
PF02224,PF01037,2,2,0,2,2,1022,0.0,1.0,0.0,-0.0,2,0,2,2,1022,0.0,1.0,0.0,-0.0
PF13660,PF05161,3,2,2,1,0,1023,1.0,1.0,0.67,0.82,2,2,1,0,1023,1.0,1.0,0.67,0.82
PF05242,PF06008,0,4,0,0,4,1022,0.0,1.0,0,0,4,0,0,4,1022,0.0,1.0,0,0
PF03743,PF05939,9,0,0,9,0,1017,0,0.99,0.0,0,0,0,9,0,1017,0,0.99,0.0,0
PF03712,PF01082,7,7,7,0,0,1019,1.0,1.0,1.0,1.0,7,7,0,0,1019,1.0,1.0,1.0,1.0
PF07919,PF12742,3,1,1,2,0,1023,1.0,1.0,0.33,0.58,1,1,2,0,1023,1.0,1.0,0.33,0.58
PF03309,PF02654,0,1,0,0,1,1025,0.0,1.0,0,0,1,0,0,1,1025,0.0,1.0,0,0
PF15441,PF15720,1,1,1,0,0,1025,1.0,1.0,1.0,1.0,1,1,0,0,1025,1.0,1.0,1.0,1.0
PF00903,PF00120,15,16,4,11,12,999,0.25,0.98,0.27,0.25,16,4,11,12,999,0.25,0.98,0.27,0.25
PF00246,PF02244,30,11,11,19,0,996,1.0,0.98,0.37,0.6,11,11,19,0,996,1.0,0.98,0.37,0.6
PF05134,PF03934,2,4,2,0,2,1022,0.5,1.0,1.0,0.71,4,2,0,2,1022,0.5,1.0,1.0,0.71
PF00637,PF12816,23,4,2,21,2,1001,0.5,0.98,0.09,0.2,4,2,21,2,1001,0.5,0.98,0.09,0.2
PF06209,PF10537,3,9,1,2,8,1015,0.11,0.99,0.33,0.19,9,1,2,8,1015,0.11,0.99,0.33,0.19
PF13281,PF14593,5,2,1,4,1,1020,0.5,1.0,0.2,0.31,2,1,4,1,1020,0.5,1.0,0.2,0.31
PF15465,PF15775,1,0,0,1,0,1025,0,1.0,0.0,0,0,0,1,0,1025,0,1.0,0.0,0
PF11409,PF11979,0,2,0,0,2,1024,0.0,1.0,0,0,2,0,0,2,1024,0.0,1.0,0,0
PF04263,PF04265,13,7,7,6,0,1013,1.0,0.99,0.54,0.73,7,7,6,0,1013,1.0,0.99,0.54,0.73
PF12714,PF08742,7,18,7,0,11,1008,0.39,0.99,1.0,0.62,18,7,0,11,1008,0.39,0.99,1.0,0.62
PF07731,PF07732,29,27,25,4,2,995,0.93,0.99,0.86,0.89,27,25,4,2,995,0.93,0.99,0.86,0.89
PF11416,PF09177,1,4,0,1,4,1021,0.0,1.0,0.0,-0.0,4,0,1,4,1021,0.0,1.0,0.0,-0.0
PF01815,PF04958,0,1,0,0,1,1025,0.0,1.0,0,0,1,0,0,1,1025,0.0,1.0,0,0
PF00889,PF09412,5,8,1,4,7,1014,0.12,0.99,0.2,0.15,8,1,4,7,1014,0.12,0.99,0.2,0.15
PF09447,PF10490,1,1,0,1,1,1024,0.0,1.0,0.0,-0.0,1,0,1,1,1024,0.0,1.0,0.0,-0.0
PF12998,PF14051,11,5,3,8,2,1013,0.6,0.99,0.27,0.4,5,3,8,2,1013,0.6,0.99,0.27,0.4
PF07893,PF14800,9,2,1,8,1,1016,0.5,0.99,0.11,0.23,2,1,8,1,1016,0.5,0.99,0.11,0.23
PF07214,PF12834,0,0,0,0,0,1026,0,1.0,0,0,0,0,0,0,1026,0,1.0,0,0
PF08331,PF15052,0,1,0,0,1,1025,0.0,1.0,0,0,1,0,0,1,1025,0.0,1.0,0,0
PF06892,PF09095,0,1,0,0,1,1025,0.0,1.0,0,0,1,0,0,1,1025,0.0,1.0,0,0
PF16988,PF04157,2,5,2,0,3,1021,0.4,1.0,1.0,0.63,5,2,0,3,1021,0.4,1.0,1.0,0.63
PF08143,PF11627,0,0,0,0,0,1026,0,1.0,0,0,0,0,0,0,1026,0,1.0,0,0
PF10088,PF12937,0,68,0,0,68,958,0.0,0.93,0,0,68,0,0,68,958,0.0,0.93,0,0
PF12115,PF06912,0,3,0,0,3,1023,0.0,1.0,0,0,3,0,0,3,1023,0.0,1.0,0,0
PF11968,PF10218,4,0,0,4,0,1022,0,1.0,0.0,0,0,0,4,0,1022,0,1.0,0.0,0
PF16834,PF05613,1,0,0,1,0,1025,0,1.0,0.0,0,0,0,1,0,1025,0,1.0,0.0,0
PF14400,PF01342,0,4,0,0,4,1022,0.0,1.0,0,0,4,0,0,4,1022,0.0,1.0,0,0
PF01476,PF14856,27,6,5,22,1,998,0.83,0.98,0.19,0.39,6,5,22,1,998,0.83,0.98,0.19,0.39
PF15688,PF15690,1,1,1,0,0,1025,1.0,1.0,1.0,1.0,1,1,0,0,1025,1.0,1.0,1.0,1.0
PF04188,PF14656,5,3,0,5,3,1018,0.0,0.99,0.0,-0.0,3,0,5,3,1018,0.0,0.99,0.0,-0.0
PF00630,PF12780,16,31,7,9,24,986,0.23,0.97,0.44,0.3,31,7,9,24,986,0.23,0.97,0.44,0.3
PF12597,PF06232,4,0,0,4,0,1022,0,1.0,0.0,0,0,0,4,0,1022,0,1.0,0.0,0
PF02015,PF03664,3,4,1,2,3,1020,0.25,1.0,0.33,0.29,4,1,2,3,1020,0.25,1.0,0.33,0.29
PF08031,PF04030,19,10,4,15,6,1001,0.4,0.98,0.21,0.28,10,4,15,6,1001,0.4,0.98,0.21,0.28
PF16921,PF09371,0,0,0,0,0,1026,0,1.0,0,0,0,0,0,0,1026,0,1.0,0,0
PF09084,PF02653,9,4,2,7,2,1015,0.5,0.99,0.22,0.33,4,2,7,2,1015,0.5,0.99,0.22,0.33
PF03353,PF10440,3,3,0,3,3,1020,0.0,0.99,0.0,-0.0,3,0,3,3,1020,0.0,0.99,0.0,-0.0
PF04434,PF03108,14,12,8,6,4,1008,0.67,0.99,0.57,0.61,12,8,6,4,1008,0.67,0.99,0.57,0.61
PF02866,PF00056,12,17,12,0,5,1009,0.71,1.0,1.0,0.84,17,12,0,5,1009,0.71,1.0,1.0,0.84
PF00105,PF00104,26,27,23,3,4,996,0.85,0.99,0.88,0.86,27,23,3,4,996,0.85,0.99,0.88,0.86
PF03205,PF02217,1,1,0,1,1,1024,0.0,1.0,0.0,-0.0,1,0,1,1,1024,0.0,1.0,0.0,-0.0
PF00788,PF16517,38,8,8,30,0,988,1.0,0.97,0.21,0.45,8,8,30,0,988,1.0,0.97,0.21,0.45
PF16091,PF15759,0,0,0,0,0,1026,0,1.0,0,0,0,0,0,0,1026,0,1.0,0,0
PF07152,PF01588,0,23,0,0,23,1003,0.0,0.98,0,0,23,0,0,23,1003,0.0,0.98,0,0
PF00466,PF03647,8,7,2,6,5,1013,0.29,0.99,0.25,0.26,7,2,6,5,1013,0.29,0.99,0.25,0.26
PF03381,PF07896,10,3,1,9,2,1014,0.33,0.99,0.1,0.18,3,1,9,2,1014,0.33,0.99,0.1,0.18
PF03942,PF10780,8,0,0,8,0,1018,0,0.99,0.0,0,0,0,8,0,1018,0,0.99,0.0,0
PF08503,PF07530,0,2,0,0,2,1024,0.0,1.0,0,0,2,0,0,2,1024,0.0,1.0,0,0
PF12632,PF15871,1,0,0,1,0,1025,0,1.0,0.0,0,0,0,1,0,1025,0,1.0,0.0,0
PF09344,PF01303,0,1,0,0,1,1025,0.0,1.0,0,0,1,0,0,1,1025,0.0,1.0,0,0
PF03479,PF04934,3,9,1,2,8,1015,0.11,0.99,0.33,0.19,9,1,2,8,1015,0.11,0.99,0.33,0.19
PF14072,PF09967,1,1,0,1,1,1024,0.0,1.0,0.0,-0.0,1,0,1,1,1024,0.0,1.0,0.0,-0.0
PF07253,PF15786,0,0,0,0,0,1026,0,1.0,0,0,0,0,0,0,1026,0,1.0,0,0
PF11152,PF06549,0,0,0,0,0,1026,0,1.0,0,0,0,0,0,0,1026,0,1.0,0,0
PF06963,PF07063,10,2,1,9,1,1015,0.5,0.99,0.1,0.22,2,1,9,1,1015,0.5,0.99,0.1,0.22
PF03798,PF03826,23,2,0,23,2,1001,0.0,0.98,0.0,-0.01,2,0,23,2,1001,0.0,0.98,0.0,-0.01
PF13181,PF13176,84,34,26,58,8,934,0.76,0.94,0.31,0.46,34,26,58,8,934,0.76,0.94,0.31,0.46
PF05361,PF15359,2,0,0,2,0,1024,0,1.0,0.0,0,0,0,2,0,1024,0,1.0,0.0,0
PF04250,PF12054,0,3,0,0,3,1023,0.0,1.0,0,0,3,0,0,3,1023,0.0,1.0,0,0
PF01674,PF00965,5,5,0,5,5,1016,0.0,0.99,0.0,-0.0,5,0,5,5,1016,0.0,0.99,0.0,-0.0
PF13187,PF13237,2,1,1,1,0,1024,1.0,1.0,0.5,0.71,1,1,1,0,1024,1.0,1.0,0.5,0.71
PF08569,PF15390,7,0,0,7,0,1019,0,0.99,0.0,0,0,0,7,0,1019,0,0.99,0.0,0
PF02527,PF02448,4,0,0,4,0,1022,0,1.0,0.0,0,0,0,4,0,1022,0,1.0,0.0,0
PF15348,PF02337,5,3,0,5,3,1018,0.0,0.99,0.0,-0.0,3,0,5,3,1018,0.0,0.99,0.0,-0.0
PF15006,PF06907,3,1,0,3,1,1022,0.0,1.0,0.0,-0.0,1,0,3,1,1022,0.0,1.0,0.0,-0.0
PF07534,PF12068,14,7,2,12,5,1007,0.29,0.98,0.14,0.19,7,2,12,5,1007,0.29,0.98,0.14,0.19
PF05036,PF02603,4,2,2,2,0,1022,1.0,1.0,0.5,0.71,2,2,2,0,1022,1.0,1.0,0.5,0.71
PF01642,PF02310,1,3,1,0,2,1023,0.33,1.0,1.0,0.58,3,1,0,2,1023,0.33,1.0,1.0,0.58
PF07452,PF00093,0,18,0,0,18,1008,0.0,0.98,0,0,18,0,0,18,1008,0.0,0.98,0,0
PF12074,PF13251,2,5,0,2,5,1019,0.0,0.99,0.0,-0.0,5,0,2,5,1019,0.0,0.99,0.0,-0.0
PF04234,PF03389,1,0,0,1,0,1025,0,1.0,0.0,0,0,0,1,0,1025,0,1.0,0.0,0
PF02463,PF06470,27,7,5,22,2,997,0.71,0.98,0.19,0.36,7,5,22,2,997,0.71,0.98,0.19,0.36
PF10540,PF06292,5,10,3,2,7,1014,0.3,0.99,0.6,0.42,10,3,2,7,1014,0.3,0.99,0.6,0.42
PF03746,PF05860,0,0,0,0,0,1026,0,1.0,0,0,0,0,0,0,1026,0,1.0,0,0
PF00158,PF02954,6,3,3,3,0,1020,1.0,1.0,0.5,0.71,3,3,3,0,1020,1.0,1.0,0.5,0.71
PF11522,PF14621,1,1,0,1,1,1024,0.0,1.0,0.0,-0.0,1,0,1,1,1024,0.0,1.0,0.0,-0.0
PF02565,PF04355,2,2,2,0,0,1024,1.0,1.0,1.0,1.0,2,2,0,0,1024,1.0,1.0,1.0,1.0
PF00403,PF00080,22,14,7,15,7,997,0.5,0.98,0.32,0.39,14,7,15,7,997,0.5,0.98,0.32,0.39
PF12276,PF08260,0,0,0,0,0,1026,0,1.0,0,0,0,0,0,0,1026,0,1.0,0,0
PF06864,PF12421,1,0,0,1,0,1025,0,1.0,0.0,0,0,0,1,0,1025,0,1.0,0.0,0
PF06328,PF09067,1,2,0,1,2,1023,0.0,1.0,0.0,-0.0,2,0,1,2,1023,0.0,1.0,0.0,-0.0
PF14554,PF04692,0,0,0,0,0,1026,0,1.0,0,0,0,0,0,0,1026,0,1.0,0,0
PF09382,PF08072,14,3,3,11,0,1012,1.0,0.99,0.21,0.46,3,3,11,0,1012,1.0,0.99,0.21,0.46
PF01150,PF06179,12,8,4,8,4,1010,0.5,0.99,0.33,0.4,8,4,8,4,1010,0.5,0.99,0.33,0.4
PF07343,PF14232,0,0,0,0,0,1026,0,1.0,0,0,0,0,0,0,1026,0,1.0,0,0
PF05983,PF01279,5,1,0,5,1,1020,0.0,0.99,0.0,-0.0,1,0,5,1,1020,0.0,0.99,0.0,-0.0
PF17123,PF14624,9,2,1,8,1,1016,0.5,0.99,0.11,0.23,2,1,8,1,1016,0.5,0.99,0.11,0.23
PF11078,PF16176,2,3,1,1,2,1022,0.33,1.0,0.5,0.41,3,1,1,2,1022,0.33,1.0,0.5,0.41
PF05103,PF04225,1,3,1,0,2,1023,0.33,1.0,1.0,0.58,3,1,0,2,1023,0.33,1.0,1.0,0.58
PF12598,PF16176,1,3,1,0,2,1023,0.33,1.0,1.0,0.58,3,1,0,2,1023,0.33,1.0,1.0,0.58
PF16822,PF08497,0,0,0,0,0,1026,0,1.0,0,0,0,0,0,0,1026,0,1.0,0,0
PF12049,PF07223,0,0,0,0,0,1026,0,1.0,0,0,0,0,0,0,1026,0,1.0,0,0
PF05184,PF03489,7,7,5,2,2,1017,0.71,1.0,0.71,0.71,7,5,2,2,1017,0.71,1.0,0.71,0.71
PF01214,PF14798,7,1,0,7,1,1018,0.0,0.99,0.0,-0.0,1,0,7,1,1018,0.0,0.99,0.0,-0.0
PF08555,PF10780,2,0,0,2,0,1024,0,1.0,0.0,0,0,0,2,0,1024,0,1.0,0.0,0
PF09139,PF14996,10,0,0,10,0,1016,0,0.99,0.0,0,0,0,10,0,1016,0,0.99,0.0,0
PF01957,PF10726,0,0,0,0,0,1026,0,1.0,0,0,0,0,0,0,1026,0,1.0,0,0
PF07202,PF10377,3,3,0,3,3,1020,0.0,0.99,0.0,-0.0,3,0,3,3,1020,0.0,0.99,0.0,-0.0
PF09676,PF00994,0,18,0,0,18,1008,0.0,0.98,0,0,18,0,0,18,1008,0.0,0.98,0,0
PF16114,PF00549,2,11,2,0,9,1015,0.18,0.99,1.0,0.42,11,2,0,9,1015,0.18,0.99,1.0,0.42
PF00692,PF00077,9,9,3,6,6,1011,0.33,0.99,0.33,0.33,9,3,6,6,1011,0.33,0.99,0.33,0.33
PF02834,PF14573,0,0,0,0,0,1026,0,1.0,0,0,0,0,0,0,1026,0,1.0,0,0
PF10351,PF10344,5,0,0,5,0,1021,0,1.0,0.0,0,0,0,5,0,1021,0,1.0,0.0,0
PF04209,PF03386,9,0,0,9,0,1017,0,0.99,0.0,0,0,0,9,0,1017,0,0.99,0.0,0
PF07561,PF08508,2,1,0,2,1,1023,0.0,1.0,0.0,-0.0,1,0,2,1,1023,0.0,1.0,0.0,-0.0
PF13687,PF04466,2,1,0,2,1,1023,0.0,1.0,0.0,-0.0,1,0,2,1,1023,0.0,1.0,0.0,-0.0
PF15480,PF06890,0,0,0,0,0,1026,0,1.0,0,0,0,0,0,0,1026,0,1.0,0,0
PF14216,PF11223,1,1,0,1,1,1024,0.0,1.0,0.0,-0.0,1,0,1,1,1024,0.0,1.0,0.0,-0.0
PF04616,PF06439,19,1,1,18,0,1007,1.0,0.98,0.05,0.23,1,1,18,0,1007,1.0,0.98,0.05,0.23
PF03626,PF07726,0,1,0,0,1,1025,0.0,1.0,0,0,1,0,0,1,1025,0.0,1.0,0,0
PF01790,PF11751,2,0,0,2,0,1024,0,1.0,0.0,0,0,0,2,0,1024,0,1.0,0.0,0
PF15454,PF10224,10,1,0,10,1,1015,0.0,0.99,0.0,-0.0,1,0,10,1,1015,0.0,0.99,0.0,-0.0
PF11798,PF00817,2,14,2,0,12,1012,0.14,0.99,1.0,0.38,14,2,0,12,1012,0.14,0.99,1.0,0.38
PF02219,PF03385,9,2,0,9,2,1015,0.0,0.99,0.0,-0.0,2,0,9,2,1015,0.0,0.99,0.0,-0.0
PF08169,PF12031,9,3,0,9,3,1014,0.0,0.99,0.0,-0.01,3,0,9,3,1014,0.0,0.99,0.0,-0.01
PF10566,PF10908,0,0,0,0,0,1026,0,1.0,0,0,0,0,0,0,1026,0,1.0,0,0
PF00081,PF02777,14,14,14,0,0,1012,1.0,1.0,1.0,1.0,14,14,0,0,1012,1.0,1.0,1.0,1.0
PF04637,PF17164,0,0,0,0,0,1026,0,1.0,0,0,0,0,0,0,1026,0,1.0,0,0
PF00674,PF00799,0,1,0,0,1,1025,0.0,1.0,0,0,1,0,0,1,1025,0.0,1.0,0,0
PF02886,PF01273,6,4,4,2,0,1020,1.0,1.0,0.67,0.82,4,4,2,0,1020,1.0,1.0,0.67,0.82
PF12062,PF00685,1,25,0,1,25,1000,0.0,0.97,0.0,-0.0,25,0,1,25,1000,0.0,0.97,0.0,-0.0
PF03708,PF14421,1,0,0,1,0,1025,0,1.0,0.0,0,0,0,1,0,1025,0,1.0,0.0,0
PF00917,PF03000,18,10,3,15,7,1001,0.3,0.98,0.17,0.21,10,3,15,7,1001,0.3,0.98,0.17,0.21
PF01652,PF08534,22,10,2,20,8,996,0.2,0.97,0.09,0.12,10,2,20,8,996,0.2,0.97,0.09,0.12
PF05001,PF04990,5,1,1,4,0,1021,1.0,1.0,0.2,0.45,1,1,4,0,1021,1.0,1.0,0.2,0.45
PF04152,PF16891,8,6,3,5,3,1015,0.5,0.99,0.38,0.43,6,3,5,3,1015,0.5,0.99,0.38,0.43
PF03987,PF03986,8,5,5,3,0,1018,1.0,1.0,0.62,0.79,5,5,3,0,1018,1.0,1.0,0.62,0.79
PF06203,PF00320,8,25,2,6,23,995,0.08,0.97,0.25,0.13,25,2,6,23,995,0.08,0.97,0.25,0.13
PF14075,PF14383,1,1,0,1,1,1024,0.0,1.0,0.0,-0.0,1,0,1,1,1024,0.0,1.0,0.0,-0.0
PF15357,PF04754,0,2,0,0,2,1024,0.0,1.0,0,0,2,0,0,2,1024,0.0,1.0,0,0
PF00106,PF15011,118,0,0,118,0,908,0,0.88,0.0,0,0,0,118,0,908,0,0.88,0.0,0
PF11947,PF07011,1,2,0,1,2,1023,0.0,1.0,0.0,-0.0,2,0,1,2,1023,0.0,1.0,0.0,-0.0
PF07558,PF14818,2,4,0,2,4,1020,0.0,0.99,0.0,-0.0,4,0,2,4,1020,0.0,0.99,0.0,-0.0
PF12026,PF08824,0,0,0,0,0,1026,0,1.0,0,0,0,0,0,0,1026,0,1.0,0,0
PF00101,PF12338,3,1,1,2,0,1023,1.0,1.0,0.33,0.58,1,1,2,0,1023,1.0,1.0,0.33,0.58
PF05683,PF05681,3,1,1,2,0,1023,1.0,1.0,0.33,0.58,1,1,2,0,1023,1.0,1.0,0.33,0.58
PF09260,PF16028,3,3,2,1,1,1022,0.67,1.0,0.67,0.67,3,2,1,1,1022,0.67,1.0,0.67,0.67
PF11992,PF11932,0,0,0,0,0,1026,0,1.0,0,0,0,0,0,0,1026,0,1.0,0,0
PF08610,PF02983,6,1,1,5,0,1020,1.0,1.0,0.17,0.41,1,1,5,0,1020,1.0,1.0,0.17,0.41
PF00244,PF05091,17,15,5,12,10,999,0.33,0.98,0.29,0.3,15,5,12,10,999,0.33,0.98,0.29,0.3
PF01844,PF08388,5,2,2,3,0,1021,1.0,1.0,0.4,0.63,2,2,3,0,1021,1.0,1.0,0.4,0.63
PF03351,PF10517,11,2,2,9,0,1015,1.0,0.99,0.18,0.42,2,2,9,0,1015,1.0,0.99,0.18,0.42
PF05028,PF10257,11,9,2,9,7,1008,0.22,0.98,0.18,0.19,9,2,9,7,1008,0.22,0.98,0.18,0.19
PF13813,PF04646,11,2,1,10,1,1014,0.5,0.99,0.09,0.21,2,1,10,1,1014,0.5,0.99,0.09,0.21
PF16717,PF08558,4,6,0,4,6,1016,0.0,0.99,0.0,-0.0,6,0,4,6,1016,0.0,0.99,0.0,-0.0
PF08589,PF14519,2,0,0,2,0,1024,0,1.0,0.0,0,0,0,2,0,1024,0,1.0,0.0,0
PF15473,PF00162,8,17,6,2,11,1007,0.35,0.99,0.75,0.51,17,6,2,11,1007,0.35,0.99,0.75,0.51
PF15985,PF10447,9,4,0,9,4,1013,0.0,0.99,0.0,-0.01,4,0,9,4,1013,0.0,0.99,0.0,-0.01
PF04781,PF04780,1,2,1,0,1,1024,0.5,1.0,1.0,0.71,2,1,0,1,1024,0.5,1.0,1.0,0.71
PF00720,PF12686,0,0,0,0,0,1026,0,1.0,0,0,0,0,0,0,1026,0,1.0,0,0
PF09527,PF16096,0,0,0,0,0,1026,0,1.0,0,0,0,0,0,0,1026,0,1.0,0,0
PF00483,PF00132,21,35,15,6,20,985,0.43,0.97,0.71,0.54,35,15,6,20,985,0.43,0.97,0.71,0.54
PF17098,PF15311,7,4,0,7,4,1015,0.0,0.99,0.0,-0.01,4,0,7,4,1015,0.0,0.99,0.0,-0.01
PF11308,PF04320,0,1,0,0,1,1025,0.0,1.0,0,0,1,0,0,1,1025,0.0,1.0,0,0
PF00084,PF13402,38,4,1,37,3,985,0.25,0.96,0.03,0.07,4,1,37,3,985,0.25,0.96,0.03,0.07
PF05063,PF05346,11,12,3,8,9,1006,0.25,0.98,0.27,0.25,12,3,8,9,1006,0.25,0.98,0.27,0.25
PF08732,PF07464,2,1,0,2,1,1023,0.0,1.0,0.0,-0.0,1,0,2,1,1023,0.0,1.0,0.0,-0.0
PF03583,PF13092,2,4,0,2,4,1020,0.0,0.99,0.0,-0.0,4,0,2,4,1020,0.0,0.99,0.0,-0.0
PF11309,PF01226,0,4,0,0,4,1022,0.0,1.0,0,0,4,0,0,4,1022,0.0,1.0,0,0
PF17146,PF15017,2,0,0,2,0,1024,0,1.0,0.0,0,0,0,2,0,1024,0,1.0,0.0,0
PF14881,PF10644,6,7,5,1,2,1018,0.71,1.0,0.83,0.77,7,5,1,2,1018,0.71,1.0,0.83,0.77
PF03180,PF16358,3,1,1,2,0,1023,1.0,1.0,0.33,0.58,1,1,2,0,1023,1.0,1.0,0.33,0.58
PF15717,PF04988,0,1,0,0,1,1025,0.0,1.0,0,0,1,0,0,1,1025,0.0,1.0,0,0
PF01019,PF03091,18,16,5,13,11,997,0.31,0.98,0.28,0.28,16,5,13,11,997,0.31,0.98,0.28,0.28
PF14647,PF14648,1,1,1,0,0,1025,1.0,1.0,1.0,1.0,1,1,0,0,1025,1.0,1.0,1.0,1.0
PF13548,PF13677,1,0,0,1,0,1025,0,1.0,0.0,0,0,0,1,0,1025,0,1.0,0.0,0
PF03879,PF09696,6,8,2,4,6,1014,0.25,0.99,0.33,0.28,8,2,4,6,1014,0.25,0.99,0.33,0.28
PF00104,PF00105,27,26,23,4,3,996,0.88,0.99,0.85,0.86,26,23,4,3,996,0.88,0.99,0.85,0.86
PF08613,PF13908,19,1,0,19,1,1006,0.0,0.98,0.0,-0.0,1,0,19,1,1006,0.0,0.98,0.0,-0.0
PF00873,PF13953,6,7,4,2,3,1017,0.57,1.0,0.67,0.61,7,4,2,3,1017,0.57,1.0,0.67,0.61
PF01096,PF02150,18,13,8,10,5,1003,0.62,0.99,0.44,0.52,13,8,10,5,1003,0.62,0.99,0.44,0.52
PF04902,PF04904,1,1,1,0,0,1025,1.0,1.0,1.0,1.0,1,1,0,0,1025,1.0,1.0,1.0,1.0
PF01731,PF10420,3,0,0,3,0,1023,0,1.0,0.0,0,0,0,3,0,1023,0,1.0,0.0,0
PF07924,PF08287,0,3,0,0,3,1023,0.0,1.0,0,0,3,0,0,3,1023,0.0,1.0,0,0
PF16909,PF06650,15,14,13,2,1,1010,0.93,1.0,0.87,0.9,14,13,2,1,1010,0.93,1.0,0.87,0.9
PF11265,PF11232,3,1,1,2,0,1023,1.0,1.0,0.33,0.58,1,1,2,0,1023,1.0,1.0,0.33,0.58
PF00969,PF00993,4,2,2,2,0,1022,1.0,1.0,0.5,0.71,2,2,2,0,1022,1.0,1.0,0.5,0.71
PF12680,PF08787,4,3,0,4,3,1019,0.0,0.99,0.0,-0.0,3,0,4,3,1019,0.0,0.99,0.0,-0.0
PF00832,PF06388,8,1,0,8,1,1017,0.0,0.99,0.0,-0.0,1,0,8,1,1017,0.0,0.99,0.0,-0.0
PF00402,PF03271,12,9,3,9,6,1008,0.33,0.99,0.25,0.28,9,3,9,6,1008,0.33,0.99,0.25,0.28
PF00537,PF10839,0,0,0,0,0,1026,0,1.0,0,0,0,0,0,0,1026,0,1.0,0,0
PF06524,PF04643,2,0,0,2,0,1024,0,1.0,0.0,0,0,0,2,0,1024,0,1.0,0.0,0
PF03177,PF08801,7,8,7,0,1,1018,0.88,1.0,1.0,0.93,8,7,0,1,1018,0.88,1.0,1.0,0.93
PF02196,PF09128,9,4,3,6,1,1016,0.75,0.99,0.33,0.5,4,3,6,1,1016,0.75,0.99,0.33,0.5
PF01948,PF03428,0,0,0,0,0,1026,0,1.0,0,0,0,0,0,0,1026,0,1.0,0,0
PF03423,PF16338,1,1,1,0,0,1025,1.0,1.0,1.0,1.0,1,1,0,0,1025,1.0,1.0,1.0,1.0
PF00389,PF01842,32,16,6,26,10,984,0.38,0.96,0.19,0.25,16,6,26,10,984,0.38,0.96,0.19,0.25
PF17216,PF17215,6,4,4,2,0,1020,1.0,1.0,0.67,0.82,4,4,2,0,1020,1.0,1.0,0.67,0.82
PF02868,PF16485,1,0,0,1,0,1025,0,1.0,0.0,0,0,0,1,0,1025,0,1.0,0.0,0
PF13009,PF03590,0,2,0,0,2,1024,0.0,1.0,0,0,2,0,0,2,1024,0.0,1.0,0,0
PF12255,PF12256,0,0,0,0,0,1026,0,1.0,0,0,0,0,0,0,1026,0,1.0,0,0
PF13601,PF04014,0,0,0,0,0,1026,0,1.0,0,0,0,0,0,0,1026,0,1.0,0,0
PF03367,PF03074,6,6,0,6,6,1014,0.0,0.99,0.0,-0.01,6,0,6,6,1014,0.0,0.99,0.0,-0.01
PF17191,PF12105,1,1,1,0,0,1025,1.0,1.0,1.0,1.0,1,1,0,0,1025,1.0,1.0,1.0,1.0
PF05831,PF12764,0,1,0,0,1,1025,0.0,1.0,0,0,1,0,0,1,1025,0.0,1.0,0,0
PF13299,PF07521,9,15,3,6,12,1005,0.2,0.98,0.33,0.25,15,3,6,12,1005,0.2,0.98,0.33,0.25
PF16095,PF08477,17,28,13,4,15,994,0.46,0.98,0.76,0.59,28,13,4,15,994,0.46,0.98,0.76,0.59
PF17223,PF01269,0,13,0,0,13,1013,0.0,0.99,0,0,13,0,0,13,1013,0.0,0.99,0,0
PF17095,PF08683,2,5,2,0,3,1021,0.4,1.0,1.0,0.63,5,2,0,3,1021,0.4,1.0,1.0,0.63
PF10151,PF01959,2,2,0,2,2,1022,0.0,1.0,0.0,-0.0,2,0,2,2,1022,0.0,1.0,0.0,-0.0
PF07271,PF15400,2,0,0,2,0,1024,0,1.0,0.0,0,0,0,2,0,1024,0,1.0,0.0,0
PF06858,PF08155,11,9,9,2,0,1015,1.0,1.0,0.82,0.9,9,9,2,0,1015,1.0,1.0,0.82,0.9
PF08187,PF05572,1,8,0,1,8,1017,0.0,0.99,0.0,-0.0,8,0,1,8,1017,0.0,0.99,0.0,-0.0
PF12422,PF05041,0,2,0,0,2,1024,0.0,1.0,0,0,2,0,0,2,1024,0.0,1.0,0,0
PF04220,PF15556,0,1,0,0,1,1025,0.0,1.0,0,0,1,0,0,1,1025,0.0,1.0,0,0
PF05899,PF02502,1,3,0,1,3,1022,0.0,1.0,0.0,-0.0,3,0,1,3,1022,0.0,1.0,0.0,-0.0
PF05510,PF09384,1,7,0,1,7,1018,0.0,0.99,0.0,-0.0,7,0,1,7,1018,0.0,0.99,0.0,-0.0
PF04345,PF15674,3,2,1,2,1,1022,0.5,1.0,0.33,0.41,2,1,2,1,1022,0.5,1.0,0.33,0.41
PF12624,PF16910,19,10,9,10,1,1006,0.9,0.99,0.47,0.65,10,9,10,1,1006,0.9,0.99,0.47,0.65
PF00376,PF09278,1,1,1,0,0,1025,1.0,1.0,1.0,1.0,1,1,0,0,1025,1.0,1.0,1.0,1.0
PF09400,PF04917,0,1,0,0,1,1025,0.0,1.0,0,0,1,0,0,1,1025,0.0,1.0,0,0
PF02901,PF01228,2,1,1,1,0,1024,1.0,1.0,0.5,0.71,1,1,1,0,1024,1.0,1.0,0.5,0.71
PF06781,PF11625,0,0,0,0,0,1026,0,1.0,0,0,0,0,0,0,1026,0,1.0,0,0
PF04712,PF04064,5,4,0,5,4,1017,0.0,0.99,0.0,-0.0,4,0,5,4,1017,0.0,0.99,0.0,-0.0
PF05154,PF09350,13,3,1,12,2,1011,0.33,0.99,0.08,0.16,3,1,12,2,1011,0.33,0.99,0.08,0.16
PF10568,PF17172,8,6,1,7,5,1013,0.17,0.99,0.12,0.14,6,1,7,5,1013,0.17,0.99,0.12,0.14
PF01907,PF01922,8,4,1,7,3,1015,0.25,0.99,0.12,0.17,4,1,7,3,1015,0.25,0.99,0.12,0.17
PF16529,PF15246,4,1,0,4,1,1021,0.0,1.0,0.0,-0.0,1,0,4,1,1021,0.0,1.0,0.0,-0.0
PF04474,PF16010,0,10,0,0,10,1016,0.0,0.99,0,0,10,0,0,10,1016,0.0,0.99,0,0
PF05805,PF05296,6,2,0,6,2,1018,0.0,0.99,0.0,-0.0,2,0,6,2,1018,0.0,0.99,0.0,-0.0
PF05658,PF13018,1,1,1,0,0,1025,1.0,1.0,1.0,1.0,1,1,0,0,1025,1.0,1.0,1.0,1.0
PF17167,PF06165,1,1,1,0,0,1025,1.0,1.0,1.0,1.0,1,1,0,0,1025,1.0,1.0,1.0,1.0
PF04492,PF15482,1,0,0,1,0,1025,0,1.0,0.0,0,0,0,1,0,1025,0,1.0,0.0,0
PF04157,PF16988,5,2,2,3,0,1021,1.0,1.0,0.4,0.63,2,2,3,0,1021,1.0,1.0,0.4,0.63
PF15032,PF09108,0,0,0,0,0,1026,0,1.0,0,0,0,0,0,0,1026,0,1.0,0,0
PF02481,PF02729,4,14,4,0,10,1012,0.29,0.99,1.0,0.53,14,4,0,10,1012,0.29,0.99,1.0,0.53
PF01021,PF13929,1,1,0,1,1,1024,0.0,1.0,0.0,-0.0,1,0,1,1,1024,0.0,1.0,0.0,-0.0
PF01450,PF07991,5,5,5,0,0,1021,1.0,1.0,1.0,1.0,5,5,0,0,1021,1.0,1.0,1.0,1.0
PF02037,PF14443,35,0,0,35,0,991,0,0.97,0.0,0,0,0,35,0,991,0,0.97,0.0,0
PF01759,PF07703,6,3,1,5,2,1018,0.33,0.99,0.17,0.23,3,1,5,2,1018,0.33,0.99,0.17,0.23
PF03317,PF15200,2,0,0,2,0,1024,0,1.0,0.0,0,0,0,2,0,1024,0,1.0,0.0,0
PF13753,PF06745,0,0,0,0,0,1026,0,1.0,0,0,0,0,0,0,1026,0,1.0,0,0
PF07743,PF09350,10,3,0,10,3,1013,0.0,0.99,0.0,-0.01,3,0,10,3,1013,0.0,0.99,0.0,-0.01
PF15926,PF07139,5,3,0,5,3,1018,0.0,0.99,0.0,-0.0,3,0,5,3,1018,0.0,0.99,0.0,-0.0
PF09815,PF10744,12,1,1,11,0,1014,1.0,0.99,0.08,0.29,1,1,11,0,1014,1.0,0.99,0.08,0.29
PF04886,PF09272,8,3,2,6,1,1017,0.67,0.99,0.25,0.41,3,2,6,1,1017,0.67,0.99,0.25,0.41
PF02598,PF07137,5,2,0,5,2,1019,0.0,0.99,0.0,-0.0,2,0,5,2,1019,0.0,0.99,0.0,-0.0
PF09236,PF15838,3,0,0,3,0,1023,0,1.0,0.0,0,0,0,3,0,1023,0,1.0,0.0,0
PF12921,PF17177,2,24,1,1,23,1001,0.04,0.98,0.5,0.14,24,1,1,23,1001,0.04,0.98,0.5,0.14
PF03271,PF15147,9,0,0,9,0,1017,0,0.99,0.0,0,0,0,9,0,1017,0,0.99,0.0,0
PF14215,PF09427,3,3,0,3,3,1020,0.0,0.99,0.0,-0.0,3,0,3,3,1020,0.0,0.99,0.0,-0.0
PF07413,PF17031,0,0,0,0,0,1026,0,1.0,0,0,0,0,0,0,1026,0,1.0,0,0
PF03594,PF17028,1,0,0,1,0,1025,0,1.0,0.0,0,0,0,1,0,1025,0,1.0,0.0,0
PF02072,PF15088,2,0,0,2,0,1024,0,1.0,0.0,0,0,0,2,0,1024,0,1.0,0.0,0
PF15746,PF15480,0,0,0,0,0,1026,0,1.0,0,0,0,0,0,0,1026,0,1.0,0,0
PF02084,PF02420,1,0,0,1,0,1025,0,1.0,0.0,0,0,0,1,0,1025,0,1.0,0.0,0
PF00615,PF00610,41,25,17,24,8,977,0.68,0.97,0.41,0.52,25,17,24,8,977,0.68,0.97,0.41,0.52
PF02499,PF04196,1,2,0,1,2,1023,0.0,1.0,0.0,-0.0,2,0,1,2,1023,0.0,1.0,0.0,-0.0
PF10374,PF13638,5,9,2,3,7,1014,0.22,0.99,0.4,0.29,9,2,3,7,1014,0.22,0.99,0.4,0.29
PF02453,PF01073,10,9,3,7,6,1010,0.33,0.99,0.3,0.31,9,3,7,6,1010,0.33,0.99,0.3,0.31
PF09005,PF16568,5,0,0,5,0,1021,0,1.0,0.0,0,0,0,5,0,1021,0,1.0,0.0,0
PF05793,PF10200,11,5,4,7,1,1014,0.8,0.99,0.36,0.54,5,4,7,1,1014,0.8,0.99,0.36,0.54
PF00866,PF06995,4,0,0,4,0,1022,0,1.0,0.0,0,0,0,4,0,1022,0,1.0,0.0,0
PF14508,PF08708,0,0,0,0,0,1026,0,1.0,0,0,0,0,0,0,1026,0,1.0,0,0
PF01512,PF10531,7,12,6,1,6,1013,0.5,0.99,0.86,0.65,12,6,1,6,1013,0.5,0.99,0.86,0.65
PF01885,PF01126,8,8,1,7,7,1011,0.12,0.99,0.12,0.12,8,1,7,7,1011,0.12,0.99,0.12,0.12
PF12373,PF09991,0,0,0,0,0,1026,0,1.0,0,0,0,0,0,0,1026,0,1.0,0,0
PF17053,PF17049,1,1,0,1,1,1024,0.0,1.0,0.0,-0.0,1,0,1,1,1024,0.0,1.0,0.0,-0.0
PF04870,PF10179,9,1,0,9,1,1016,0.0,0.99,0.0,-0.0,1,0,9,1,1016,0.0,0.99,0.0,-0.0
PF09501,PF06122,0,0,0,0,0,1026,0,1.0,0,0,0,0,0,0,1026,0,1.0,0,0
PF07486,PF07805,3,0,0,3,0,1023,0,1.0,0.0,0,0,0,3,0,1023,0,1.0,0.0,0
PF06210,PF05065,0,1,0,0,1,1025,0.0,1.0,0,0,1,0,0,1,1025,0.0,1.0,0,0
PF12569,PF04049,11,9,2,9,7,1008,0.22,0.98,0.18,0.19,9,2,9,7,1008,0.22,0.98,0.18,0.19
PF07327,PF17124,1,0,0,1,0,1025,0,1.0,0.0,0,0,0,1,0,1025,0,1.0,0.0,0
PF02537,PF08622,6,2,0,6,2,1018,0.0,0.99,0.0,-0.0,2,0,6,2,1018,0.0,0.99,0.0,-0.0
PF15093,PF07891,0,1,0,0,1,1025,0.0,1.0,0,0,1,0,0,1,1025,0.0,1.0,0,0
PF13441,PF06547,0,2,0,0,2,1024,0.0,1.0,0,0,2,0,0,2,1024,0.0,1.0,0,0
PF13430,PF09232,3,1,0,3,1,1022,0.0,1.0,0.0,-0.0,1,0,3,1,1022,0.0,1.0,0.0,-0.0
PF04081,PF09459,8,0,0,8,0,1018,0,0.99,0.0,0,0,0,8,0,1018,0,0.99,0.0,0
PF00891,PF08100,18,5,5,13,0,1008,1.0,0.99,0.28,0.52,5,5,13,0,1008,1.0,0.99,0.28,0.52
PF09086,PF04339,0,0,0,0,0,1026,0,1.0,0,0,0,0,0,0,1026,0,1.0,0,0
PF07891,PF15235,1,0,0,1,0,1025,0,1.0,0.0,0,0,0,1,0,1025,0,1.0,0.0,0
PF04000,PF08528,7,4,2,5,2,1017,0.5,0.99,0.29,0.37,4,2,5,2,1017,0.5,0.99,0.29,0.37
PF01797,PF08571,1,6,0,1,6,1019,0.0,0.99,0.0,-0.0,6,0,1,6,1019,0.0,0.99,0.0,-0.0
PF14985,PF00770,1,1,1,0,0,1025,1.0,1.0,1.0,1.0,1,1,0,0,1025,1.0,1.0,1.0,1.0
PF00459,PF12311,19,0,0,19,0,1007,0,0.98,0.0,0,0,0,19,0,1007,0,0.98,0.0,0
PF06131,PF06007,3,1,0,3,1,1022,0.0,1.0,0.0,-0.0,1,0,3,1,1022,0.0,1.0,0.0,-0.0
PF15451,PF10631,0,0,0,0,0,1026,0,1.0,0,0,0,0,0,0,1026,0,1.0,0,0
PF05148,PF09310,9,0,0,9,0,1017,0,0.99,0.0,0,0,0,9,0,1017,0,0.99,0.0,0
PF05177,PF15509,2,0,0,2,0,1024,0,1.0,0.0,0,0,0,2,0,1024,0,1.0,0.0,0
PF00849,PF12656,23,5,1,22,4,999,0.2,0.97,0.04,0.08,5,1,22,4,999,0.2,0.97,0.04,0.08
PF07440,PF12121,0,0,0,0,0,1026,0,1.0,0,0,0,0,0,0,1026,0,1.0,0,0
PF14699,PF06202,3,3,3,0,0,1023,1.0,1.0,1.0,1.0,3,3,0,0,1023,1.0,1.0,1.0,1.0
PF09538,PF13965,0,2,0,0,2,1024,0.0,1.0,0,0,2,0,0,2,1024,0.0,1.0,0,0
PF07646,PF06588,10,1,0,10,1,1015,0.0,0.99,0.0,-0.0,1,0,10,1,1015,0.0,0.99,0.0,-0.0
PF07385,PF05536,0,2,0,0,2,1024,0.0,1.0,0,0,2,0,0,2,1024,0.0,1.0,0,0
PF00524,PF05065,1,1,0,1,1,1024,0.0,1.0,0.0,-0.0,1,0,1,1,1024,0.0,1.0,0.0,-0.0
PF03875,PF06042,2,1,0,2,1,1023,0.0,1.0,0.0,-0.0,1,0,2,1,1023,0.0,1.0,0.0,-0.0
PF04198,PF01420,2,2,0,2,2,1022,0.0,1.0,0.0,-0.0,2,0,2,2,1022,0.0,1.0,0.0,-0.0
PF10481,PF07926,1,4,0,1,4,1021,0.0,1.0,0.0,-0.0,4,0,1,4,1021,0.0,1.0,0.0,-0.0
PF06373,PF06446,6,1,0,6,1,1019,0.0,0.99,0.0,-0.0,1,0,6,1,1019,0.0,0.99,0.0,-0.0
PF03986,PF10381,5,5,5,0,0,1021,1.0,1.0,1.0,1.0,5,5,0,0,1021,1.0,1.0,1.0,1.0
PF07469,PF16279,1,2,1,0,1,1024,0.5,1.0,1.0,0.71,2,1,0,1,1024,0.5,1.0,1.0,0.71
PF12409,PF12515,8,3,1,7,2,1016,0.33,0.99,0.12,0.2,3,1,7,2,1016,0.33,0.99,0.12,0.2
PF00133,PF08264,36,32,27,9,5,985,0.84,0.99,0.75,0.79,32,27,9,5,985,0.84,0.99,0.75,0.79
PF12178,PF10407,2,0,0,2,0,1024,0,1.0,0.0,0,0,0,2,0,1024,0,1.0,0.0,0
PF07538,PF17164,0,0,0,0,0,1026,0,1.0,0,0,0,0,0,0,1026,0,1.0,0,0
PF07439,PF08210,0,4,0,0,4,1022,0.0,1.0,0,0,4,0,0,4,1022,0.0,1.0,0,0
PF02321,PF01114,7,2,0,7,2,1017,0.0,0.99,0.0,-0.0,2,0,7,2,1017,0.0,0.99,0.0,-0.0
PF14402,PF09685,0,0,0,0,0,1026,0,1.0,0,0,0,0,0,0,1026,0,1.0,0,0
PF17169,PF09050,1,0,0,1,0,1025,0,1.0,0.0,0,0,0,1,0,1025,0,1.0,0.0,0
PF14113,PF06890,0,0,0,0,0,1026,0,1.0,0,0,0,0,0,0,1026,0,1.0,0,0
PF05110,PF14763,1,0,0,1,0,1025,0,1.0,0.0,0,0,0,1,0,1025,0,1.0,0.0,0
PF11128,PF14975,0,3,0,0,3,1023,0.0,1.0,0,0,3,0,0,3,1023,0.0,1.0,0,0
PF08132,PF01536,3,10,2,1,8,1015,0.2,0.99,0.67,0.36,10,2,1,8,1015,0.2,0.99,0.67,0.36
PF04826,PF08609,3,1,0,3,1,1022,0.0,1.0,0.0,-0.0,1,0,3,1,1022,0.0,1.0,0.0,-0.0
PF14213,PF08881,0,7,0,0,7,1019,0.0,0.99,0,0,7,0,0,7,1019,0.0,0.99,0,0
PF14612,PF04148,5,3,1,4,2,1019,0.33,0.99,0.2,0.26,3,1,4,2,1019,0.33,0.99,0.2,0.26
PF04119,PF12900,2,1,0,2,1,1023,0.0,1.0,0.0,-0.0,1,0,2,1,1023,0.0,1.0,0.0,-0.0
PF11735,PF09687,8,0,0,8,0,1018,0,0.99,0.0,0,0,0,8,0,1018,0,0.99,0.0,0
PF00905,PF03717,16,13,13,3,0,1010,1.0,1.0,0.81,0.9,13,13,3,0,1010,1.0,1.0,0.81,0.9
PF02576,PF11255,2,0,0,2,0,1024,0,1.0,0.0,0,0,0,2,0,1024,0,1.0,0.0,0
PF03937,PF01987,6,6,0,6,6,1014,0.0,0.99,0.0,-0.01,6,0,6,6,1014,0.0,0.99,0.0,-0.01
PF02254,PF08619,10,3,2,8,1,1015,0.67,0.99,0.2,0.36,3,2,8,1,1015,0.67,0.99,0.2,0.36
PF06602,PF02893,24,25,11,13,14,988,0.44,0.97,0.46,0.44,25,11,13,14,988,0.44,0.97,0.46,0.44
PF06888,PF01937,1,12,1,0,11,1014,0.08,0.99,1.0,0.29,12,1,0,11,1014,0.08,0.99,1.0,0.29
PF02622,PF12428,4,1,1,3,0,1022,1.0,1.0,0.25,0.5,1,1,3,0,1022,1.0,1.0,0.25,0.5
PF09041,PF15557,2,0,0,2,0,1024,0,1.0,0.0,0,0,0,2,0,1024,0,1.0,0.0,0
PF01401,PF16959,11,1,1,10,0,1015,1.0,0.99,0.09,0.3,1,1,10,0,1015,1.0,0.99,0.09,0.3
PF07958,PF05658,3,1,0,3,1,1022,0.0,1.0,0.0,-0.0,1,0,3,1,1022,0.0,1.0,0.0,-0.0
PF10384,PF09596,3,2,0,3,2,1021,0.0,1.0,0.0,-0.0,2,0,3,2,1021,0.0,1.0,0.0,-0.0
PF02520,PF01277,2,0,0,2,0,1024,0,1.0,0.0,0,0,0,2,0,1024,0,1.0,0.0,0
PF09825,PF02237,4,2,2,2,0,1022,1.0,1.0,0.5,0.71,2,2,2,0,1022,1.0,1.0,0.5,0.71
PF01345,PF15334,0,0,0,0,0,1026,0,1.0,0,0,0,0,0,0,1026,0,1.0,0,0
PF00419,PF02277,3,1,0,3,1,1022,0.0,1.0,0.0,-0.0,1,0,3,1,1022,0.0,1.0,0.0,-0.0
PF16716,PF02024,1,1,0,1,1,1024,0.0,1.0,0.0,-0.0,1,0,1,1,1024,0.0,1.0,0.0,-0.0
PF03577,PF05191,1,8,0,1,8,1017,0.0,0.99,0.0,-0.0,8,0,1,8,1017,0.0,0.99,0.0,-0.0
PF15508,PF05432,0,3,0,0,3,1023,0.0,1.0,0,0,3,0,0,3,1023,0.0,1.0,0,0
PF10358,PF12510,10,0,0,10,0,1016,0,0.99,0.0,0,0,0,10,0,1016,0,0.99,0.0,0
PF02260,PF11865,21,8,7,14,1,1004,0.88,0.99,0.33,0.54,8,7,14,1,1004,0.88,0.99,0.33,0.54
PF02917,PF09109,1,0,0,1,0,1025,0,1.0,0.0,0,0,0,1,0,1025,0,1.0,0.0,0
PF03049,PF05375,0,4,0,0,4,1022,0.0,1.0,0,0,4,0,0,4,1022,0.0,1.0,0,0
PF01120,PF16757,9,4,4,5,0,1017,1.0,1.0,0.44,0.67,4,4,5,0,1017,1.0,1.0,0.44,0.67
PF07603,PF05673,0,0,0,0,0,1026,0,1.0,0,0,0,0,0,0,1026,0,1.0,0,0
PF15546,PF12241,1,1,0,1,1,1024,0.0,1.0,0.0,-0.0,1,0,1,1,1024,0.0,1.0,0.0,-0.0
PF01850,PF12604,0,0,0,0,0,1026,0,1.0,0,0,0,0,0,0,1026,0,1.0,0,0
PF12904,PF13204,0,0,0,0,0,1026,0,1.0,0,0,0,0,0,0,1026,0,1.0,0,0
PF05221,PF00670,8,5,5,3,0,1018,1.0,1.0,0.62,0.79,5,5,3,0,1018,1.0,1.0,0.62,0.79
PF02376,PF16534,8,2,2,6,0,1018,1.0,0.99,0.25,0.5,2,2,6,0,1018,1.0,0.99,0.25,0.5
PF06808,PF00950,3,2,0,3,2,1021,0.0,1.0,0.0,-0.0,2,0,3,2,1021,0.0,1.0,0.0,-0.0
PF02630,PF01871,8,5,1,7,4,1014,0.2,0.99,0.12,0.15,5,1,7,4,1014,0.2,0.99,0.12,0.15
PF03508,PF03509,0,1,0,0,1,1025,0.0,1.0,0,0,1,0,0,1,1025,0.0,1.0,0,0
PF05326,PF08404,0,1,0,0,1,1025,0.0,1.0,0,0,1,0,0,1,1025,0.0,1.0,0,0
PF02441,PF13462,13,4,2,11,2,1011,0.5,0.99,0.15,0.27,4,2,11,2,1011,0.5,0.99,0.15,0.27
PF16752,PF06374,5,1,0,5,1,1020,0.0,0.99,0.0,-0.0,1,0,5,1,1020,0.0,0.99,0.0,-0.0
PF16071,PF10933,0,0,0,0,0,1026,0,1.0,0,0,0,0,0,0,1026,0,1.0,0,0
PF15877,PF14775,0,4,0,0,4,1022,0.0,1.0,0,0,4,0,0,4,1022,0.0,1.0,0,0
PF02949,PF07035,20,1,0,20,1,1005,0.0,0.98,0.0,-0.0,1,0,20,1,1005,0.0,0.98,0.0,-0.0
PF05651,PF05280,0,5,0,0,5,1021,0.0,1.0,0,0,5,0,0,5,1021,0.0,1.0,0,0
PF10316,PF10325,5,1,0,5,1,1020,0.0,0.99,0.0,-0.0,1,0,5,1,1020,0.0,0.99,0.0,-0.0
PF12135,PF07430,0,1,0,0,1,1025,0.0,1.0,0,0,1,0,0,1,1025,0.0,1.0,0,0
PF15776,PF15343,2,0,0,2,0,1024,0,1.0,0.0,0,0,0,2,0,1024,0,1.0,0.0,0
PF10558,PF16860,1,2,0,1,2,1023,0.0,1.0,0.0,-0.0,2,0,1,2,1023,0.0,1.0,0.0,-0.0
PF13916,PF12509,0,4,0,0,4,1022,0.0,1.0,0,0,4,0,0,4,1022,0.0,1.0,0,0
PF07201,PF07411,3,0,0,3,0,1023,0,1.0,0.0,0,0,0,3,0,1023,0,1.0,0.0,0
PF09322,PF15082,0,0,0,0,0,1026,0,1.0,0,0,0,0,0,0,1026,0,1.0,0,0
PF16959,PF01401,1,11,1,0,10,1015,0.09,0.99,1.0,0.3,11,1,0,10,1015,0.09,0.99,1.0,0.3
PF05324,PF04644,1,0,0,1,0,1025,0,1.0,0.0,0,0,0,1,0,1025,0,1.0,0.0,0
PF15313,PF13097,4,2,0,4,2,1020,0.0,0.99,0.0,-0.0,2,0,4,2,1020,0.0,0.99,0.0,-0.0
PF13183,PF17221,3,1,0,3,1,1022,0.0,1.0,0.0,-0.0,1,0,3,1,1022,0.0,1.0,0.0,-0.0
PF04669,PF14159,4,0,0,4,0,1022,0,1.0,0.0,0,0,0,4,0,1022,0,1.0,0.0,0
PF04235,PF10406,0,5,0,0,5,1021,0.0,1.0,0,0,5,0,0,5,1021,0.0,1.0,0,0
PF11229,PF12530,1,2,1,0,1,1024,0.5,1.0,1.0,0.71,2,1,0,1,1024,0.5,1.0,1.0,0.71
PF05043,PF11975,4,5,2,2,3,1019,0.4,1.0,0.5,0.44,5,2,2,3,1019,0.4,1.0,0.5,0.44
PF01479,PF16065,25,4,4,21,0,1001,1.0,0.98,0.16,0.4,4,4,21,0,1001,1.0,0.98,0.16,0.4
PF08512,PF03531,14,7,7,7,0,1012,1.0,0.99,0.5,0.7,7,7,7,0,1012,1.0,0.99,0.5,0.7
PF01243,PF10590,7,5,5,2,0,1019,1.0,1.0,0.71,0.84,5,5,2,0,1019,1.0,1.0,0.71,0.84
PF04697,PF04783,1,3,0,1,3,1022,0.0,1.0,0.0,-0.0,3,0,1,3,1022,0.0,1.0,0.0,-0.0
PF09719,PF00112,0,38,0,0,38,988,0.0,0.96,0,0,38,0,0,38,988,0.0,0.96,0,0
PF05208,PF07096,8,4,2,6,2,1016,0.5,0.99,0.25,0.35,4,2,6,2,1016,0.5,0.99,0.25,0.35
PF09727,PF17045,3,0,0,3,0,1023,0,1.0,0.0,0,0,0,3,0,1023,0,1.0,0.0,0
PF05797,PF01752,1,1,0,1,1,1024,0.0,1.0,0.0,-0.0,1,0,1,1,1024,0.0,1.0,0.0,-0.0
PF12390,PF14376,0,1,0,0,1,1025,0.0,1.0,0,0,1,0,0,1,1025,0.0,1.0,0,0
PF03258,PF17154,0,1,0,0,1,1025,0.0,1.0,0,0,1,0,0,1,1025,0.0,1.0,0,0
PF01698,PF03414,1,4,1,0,3,1022,0.25,1.0,1.0,0.5,4,1,0,3,1022,0.25,1.0,1.0,0.5
PF04041,PF07400,2,1,0,2,1,1023,0.0,1.0,0.0,-0.0,1,0,2,1,1023,0.0,1.0,0.0,-0.0
PF11104,PF01292,0,2,0,0,2,1024,0.0,1.0,0,0,2,0,0,2,1024,0.0,1.0,0,0
PF09068,PF09069,4,3,3,1,0,1022,1.0,1.0,0.75,0.87,3,3,1,0,1022,1.0,1.0,0.75,0.87
PF15100,PF12686,0,0,0,0,0,1026,0,1.0,0,0,0,0,0,0,1026,0,1.0,0,0
PF13924,PF16117,5,0,0,5,0,1021,0,1.0,0.0,0,0,0,5,0,1021,0,1.0,0.0,0
PF12934,PF12933,0,0,0,0,0,1026,0,1.0,0,0,0,0,0,0,1026,0,1.0,0,0
PF08236,PF11764,7,3,0,7,3,1016,0.0,0.99,0.0,-0.0,3,0,7,3,1016,0.0,0.99,0.0,-0.0
PF04644,PF04643,0,0,0,0,0,1026,0,1.0,0,0,0,0,0,0,1026,0,1.0,0,0
PF14022,PF15093,1,0,0,1,0,1025,0,1.0,0.0,0,0,0,1,0,1025,0,1.0,0.0,0
PF01116,PF07005,14,4,3,11,1,1011,0.75,0.99,0.21,0.4,4,3,11,1,1011,0.75,0.99,0.21,0.4
PF07933,PF10520,6,3,0,6,3,1017,0.0,0.99,0.0,-0.0,3,0,6,3,1017,0.0,0.99,0.0,-0.0
PF15810,PF14610,2,2,1,1,1,1023,0.5,1.0,0.5,0.5,2,1,1,1,1023,0.5,1.0,0.5,0.5
PF04693,PF14862,0,2,0,0,2,1024,0.0,1.0,0,0,2,0,0,2,1024,0.0,1.0,0,0
PF05603,PF15165,4,0,0,4,0,1022,0,1.0,0.0,0,0,0,4,0,1022,0,1.0,0.0,0
PF10160,PF04176,0,6,0,0,6,1020,0.0,0.99,0,0,6,0,0,6,1020,0.0,0.99,0,0
PF09808,PF09816,5,4,0,5,4,1017,0.0,0.99,0.0,-0.0,4,0,5,4,1017,0.0,0.99,0.0,-0.0
PF00611,PF09128,19,4,1,18,3,1004,0.25,0.98,0.05,0.11,4,1,18,3,1004,0.25,0.98,0.05,0.11
PF01080,PF04184,6,3,0,6,3,1017,0.0,0.99,0.0,-0.0,3,0,6,3,1017,0.0,0.99,0.0,-0.0
PF13598,PF10212,2,2,0,2,2,1022,0.0,1.0,0.0,-0.0,2,0,2,2,1022,0.0,1.0,0.0,-0.0
PF03848,PF11751,0,0,0,0,0,1026,0,1.0,0,0,0,0,0,0,1026,0,1.0,0,0
PF08638,PF04048,5,10,0,5,10,1011,0.0,0.99,0.0,-0.01,10,0,5,10,1011,0.0,0.99,0.0,-0.01
PF13545,PF10137,2,0,0,2,0,1024,0,1.0,0.0,0,0,0,2,0,1024,0,1.0,0.0,0
PF09816,PF07545,4,1,0,4,1,1021,0.0,1.0,0.0,-0.0,1,0,4,1,1021,0.0,1.0,0.0,-0.0
PF16352,PF16346,0,0,0,0,0,1026,0,1.0,0,0,0,0,0,0,1026,0,1.0,0,0
PF06480,PF16193,14,11,1,13,10,1002,0.09,0.98,0.07,0.07,11,1,13,10,1002,0.09,0.98,0.07,0.07
PF15913,PF01483,8,12,4,4,8,1010,0.33,0.99,0.5,0.4,12,4,4,8,1010,0.33,0.99,0.5,0.4
PF15285,PF04111,2,9,1,1,8,1016,0.11,0.99,0.5,0.23,9,1,1,8,1016,0.11,0.99,0.5,0.23
PF04471,PF00555,1,1,0,1,1,1024,0.0,1.0,0.0,-0.0,1,0,1,1,1024,0.0,1.0,0.0,-0.0
PF07896,PF07816,3,0,0,3,0,1023,0,1.0,0.0,0,0,0,3,0,1023,0,1.0,0.0,0
PF09545,PF08108,0,1,0,0,1,1025,0.0,1.0,0,0,1,0,0,1,1025,0.0,1.0,0,0
PF12800,PF11953,0,0,0,0,0,1026,0,1.0,0,0,0,0,0,0,1026,0,1.0,0,0
PF12128,PF01630,0,6,0,0,6,1020,0.0,0.99,0,0,6,0,0,6,1020,0.0,0.99,0,0
PF12777,PF12780,32,31,28,4,3,991,0.9,0.99,0.88,0.89,31,28,4,3,991,0.9,0.99,0.88,0.89
PF06629,PF12192,0,0,0,0,0,1026,0,1.0,0,0,0,0,0,0,1026,0,1.0,0,0
PF06567,PF06566,0,0,0,0,0,1026,0,1.0,0,0,0,0,0,0,1026,0,1.0,0,0
PF13709,PF01455,1,0,0,1,0,1025,0,1.0,0.0,0,0,0,1,0,1025,0,1.0,0.0,0
PF02152,PF01288,4,8,4,0,4,1018,0.5,1.0,1.0,0.71,8,4,0,4,1018,0.5,1.0,1.0,0.71
PF07666,PF00621,1,40,1,0,39,986,0.03,0.96,1.0,0.16,40,1,0,39,986,0.03,0.96,1.0,0.16
PF07265,PF12044,0,3,0,0,3,1023,0.0,1.0,0,0,3,0,0,3,1023,0.0,1.0,0,0
PF14664,PF14663,8,8,7,1,1,1017,0.88,1.0,0.88,0.87,8,7,1,1,1017,0.88,1.0,0.88,0.87
PF09663,PF15128,1,1,0,1,1,1024,0.0,1.0,0.0,-0.0,1,0,1,1,1024,0.0,1.0,0.0,-0.0
PF04501,PF05489,0,0,0,0,0,1026,0,1.0,0,0,0,0,0,0,1026,0,1.0,0,0
PF08043,PF10530,1,0,0,1,0,1025,0,1.0,0.0,0,0,0,1,0,1025,0,1.0,0.0,0
PF13243,PF13249,10,9,9,1,0,1016,1.0,1.0,0.9,0.95,9,9,1,0,1016,1.0,1.0,0.9,0.95
PF14114,PF10566,0,0,0,0,0,1026,0,1.0,0,0,0,0,0,0,1026,0,1.0,0,0
PF01805,PF04818,21,23,8,13,15,990,0.35,0.97,0.38,0.35,23,8,13,15,990,0.35,0.97,0.38,0.35
PF11987,PF08364,24,5,5,19,0,1002,1.0,0.98,0.21,0.45,5,5,19,0,1002,1.0,0.98,0.21,0.45
PF03123,PF13876,2,0,0,2,0,1024,0,1.0,0.0,0,0,0,2,0,1024,0,1.0,0.0,0
PF16046,PF10311,1,1,0,1,1,1024,0.0,1.0,0.0,-0.0,1,0,1,1,1024,0.0,1.0,0.0,-0.0
PF02600,PF07464,0,1,0,0,1,1025,0.0,1.0,0,0,1,0,0,1,1025,0.0,1.0,0,0
PF14094,PF09655,0,0,0,0,0,1026,0,1.0,0,0,0,0,0,0,1026,0,1.0,0,0
PF10195,PF15011,1,0,0,1,0,1025,0,1.0,0.0,0,0,0,1,0,1025,0,1.0,0.0,0
PF17189,PF02055,7,10,6,1,4,1015,0.6,1.0,0.86,0.71,10,6,1,4,1015,0.6,1.0,0.86,0.71
PF01575,PF08354,12,2,2,10,0,1014,1.0,0.99,0.17,0.41,2,2,10,0,1014,1.0,0.99,0.17,0.41
PF02522,PF05167,1,1,0,1,1,1024,0.0,1.0,0.0,-0.0,1,0,1,1,1024,0.0,1.0,0.0,-0.0
PF00340,PF00711,2,1,0,2,1,1023,0.0,1.0,0.0,-0.0,1,0,2,1,1023,0.0,1.0,0.0,-0.0
PF13726,PF14983,0,1,0,0,1,1025,0.0,1.0,0,0,1,0,0,1,1025,0.0,1.0,0,0
PF13769,PF11617,0,0,0,0,0,1026,0,1.0,0,0,0,0,0,0,1026,0,1.0,0,0
PF16771,PF05947,0,0,0,0,0,1026,0,1.0,0,0,0,0,0,0,1026,0,1.0,0,0
PF00066,PF06816,9,5,5,4,0,1017,1.0,1.0,0.56,0.74,5,5,4,0,1017,1.0,1.0,0.56,0.74
PF13949,PF03097,11,23,10,1,13,1002,0.43,0.99,0.91,0.62,23,10,1,13,1002,0.43,0.99,0.91,0.62
PF09673,PF03238,0,0,0,0,0,1026,0,1.0,0,0,0,0,0,0,1026,0,1.0,0,0
PF05281,PF05361,2,2,0,2,2,1022,0.0,1.0,0.0,-0.0,2,0,2,2,1022,0.0,1.0,0.0,-0.0
PF01413,PF06339,3,3,1,2,2,1021,0.33,1.0,0.33,0.33,3,1,2,2,1021,0.33,1.0,0.33,0.33
PF00262,PF10595,13,2,1,12,1,1012,0.5,0.99,0.08,0.19,2,1,12,1,1012,0.5,0.99,0.08,0.19
PF02218,PF08824,1,0,0,1,0,1025,0,1.0,0.0,0,0,0,1,0,1025,0,1.0,0.0,0
PF00479,PF02781,12,11,11,1,0,1014,1.0,1.0,0.92,0.96,11,11,1,0,1014,1.0,1.0,0.92,0.96
PF16590,PF02951,0,2,0,0,2,1024,0.0,1.0,0,0,2,0,0,2,1024,0.0,1.0,0,0
PF00098,PF02093,64,3,2,62,1,961,0.67,0.94,0.03,0.14,3,2,62,1,961,0.67,0.94,0.03,0.14
PF01343,PF08496,11,2,2,9,0,1015,1.0,0.99,0.18,0.42,2,2,9,0,1015,1.0,0.99,0.18,0.42
PF09479,PF01436,0,23,0,0,23,1003,0.0,0.98,0,0,23,0,0,23,1003,0.0,0.98,0,0
PF02714,PF13967,12,12,11,1,1,1013,0.92,1.0,0.92,0.92,12,11,1,1,1013,0.92,1.0,0.92,0.92
PF01496,PF05742,11,3,1,10,2,1013,0.33,0.99,0.09,0.17,3,1,10,2,1013,0.33,0.99,0.09,0.17
PF00809,PF02607,9,2,2,7,0,1017,1.0,0.99,0.22,0.47,2,2,7,0,1017,1.0,0.99,0.22,0.47
PF08121,PF07277,0,0,0,0,0,1026,0,1.0,0,0,0,0,0,0,1026,0,1.0,0,0
PF10806,PF00816,3,1,0,3,1,1022,0.0,1.0,0.0,-0.0,1,0,3,1,1022,0.0,1.0,0.0,-0.0
PF12870,PF15712,0,0,0,0,0,1026,0,1.0,0,0,0,0,0,0,1026,0,1.0,0,0
PF12792,PF00376,1,1,1,0,0,1025,1.0,1.0,1.0,1.0,1,1,0,0,1025,1.0,1.0,1.0,1.0
PF17075,PF15144,0,0,0,0,0,1026,0,1.0,0,0,0,0,0,0,1026,0,1.0,0,0
PF03371,PF04000,11,7,1,10,6,1009,0.14,0.98,0.09,0.11,7,1,10,6,1009,0.14,0.98,0.09,0.11
PF15435,PF05869,0,4,0,0,4,1022,0.0,1.0,0,0,4,0,0,4,1022,0.0,1.0,0,0
PF00193,PF09291,7,0,0,7,0,1019,0,0.99,0.0,0,0,0,7,0,1019,0,0.99,0.0,0
PF05335,PF00468,2,3,0,2,3,1021,0.0,1.0,0.0,-0.0,3,0,2,3,1021,0.0,1.0,0.0,-0.0
PF15785,PF08163,7,3,0,7,3,1016,0.0,0.99,0.0,-0.0,3,0,7,3,1016,0.0,0.99,0.0,-0.0
PF02833,PF01368,5,10,2,3,8,1013,0.2,0.99,0.4,0.28,10,2,3,8,1013,0.2,0.99,0.4,0.28
PF05569,PF03831,0,0,0,0,0,1026,0,1.0,0,0,0,0,0,0,1026,0,1.0,0,0
PF00275,PF01761,11,10,7,4,3,1012,0.7,0.99,0.64,0.66,10,7,4,3,1012,0.7,0.99,0.64,0.66
PF15361,PF10357,2,4,0,2,4,1020,0.0,0.99,0.0,-0.0,4,0,2,4,1020,0.0,0.99,0.0,-0.0
PF09428,PF09962,1,2,0,1,2,1023,0.0,1.0,0.0,-0.0,2,0,1,2,1023,0.0,1.0,0.0,-0.0
PF13575,PF15097,0,0,0,0,0,1026,0,1.0,0,0,0,0,0,0,1026,0,1.0,0,0
PF09459,PF12046,0,0,0,0,0,1026,0,1.0,0,0,0,0,0,0,1026,0,1.0,0,0
PF10284,PF10285,0,0,0,0,0,1026,0,1.0,0,0,0,0,0,0,1026,0,1.0,0,0
PF04418,PF15003,3,3,0,3,3,1020,0.0,0.99,0.0,-0.0,3,0,3,3,1020,0.0,0.99,0.0,-0.0
PF00847,PF02362,16,16,5,11,11,999,0.31,0.98,0.31,0.3,16,5,11,11,999,0.31,0.98,0.31,0.3
PF11142,PF10241,0,4,0,0,4,1022,0.0,1.0,0,0,4,0,0,4,1022,0.0,1.0,0,0
PF06493,PF15337,0,5,0,0,5,1021,0.0,1.0,0,0,5,0,0,5,1021,0.0,1.0,0,0
PF06951,PF14954,4,1,0,4,1,1021,0.0,1.0,0.0,-0.0,1,0,4,1,1021,0.0,1.0,0.0,-0.0
PF07946,PF02186,4,8,1,3,7,1015,0.12,0.99,0.25,0.17,8,1,3,7,1015,0.12,0.99,0.25,0.17
PF03931,PF01466,20,20,14,6,6,1000,0.7,0.99,0.7,0.69,20,14,6,6,1000,0.7,0.99,0.7,0.69
PF04219,PF15835,0,0,0,0,0,1026,0,1.0,0,0,0,0,0,0,1026,0,1.0,0,0
PF03824,PF08228,4,1,0,4,1,1021,0.0,1.0,0.0,-0.0,1,0,4,1,1021,0.0,1.0,0.0,-0.0
PF05236,PF08788,11,3,1,10,2,1013,0.33,0.99,0.09,0.17,3,1,10,2,1013,0.33,0.99,0.09,0.17
PF14498,PF10350,5,3,1,4,2,1019,0.33,0.99,0.2,0.26,3,1,4,2,1019,0.33,0.99,0.2,0.26
PF16981,PF16839,0,1,0,0,1,1025,0.0,1.0,0,0,1,0,0,1,1025,0.0,1.0,0,0
PF16850,PF10554,1,0,0,1,0,1025,0,1.0,0.0,0,0,0,1,0,1025,0,1.0,0.0,0
PF13321,PF01347,0,13,0,0,13,1013,0.0,0.99,0,0,13,0,0,13,1013,0.0,0.99,0,0
PF15846,PF07117,1,0,0,1,0,1025,0,1.0,0.0,0,0,0,1,0,1025,0,1.0,0.0,0
PF03422,PF06439,7,1,1,6,0,1019,1.0,0.99,0.14,0.38,1,1,6,0,1019,1.0,0.99,0.14,0.38
PF03474,PF08828,2,1,1,1,0,1024,1.0,1.0,0.5,0.71,1,1,1,0,1024,1.0,1.0,0.5,0.71
PF14817,PF17167,4,1,0,4,1,1021,0.0,1.0,0.0,-0.0,1,0,4,1,1021,0.0,1.0,0.0,-0.0
PF06241,PF14764,2,2,0,2,2,1022,0.0,1.0,0.0,-0.0,2,0,2,2,1022,0.0,1.0,0.0,-0.0
PF15246,PF10377,1,3,0,1,3,1022,0.0,1.0,0.0,-0.0,3,0,1,3,1022,0.0,1.0,0.0,-0.0
PF15687,PF15688,0,1,0,0,1,1025,0.0,1.0,0,0,1,0,0,1,1025,0.0,1.0,0,0
PF14669,PF15082,0,0,0,0,0,1026,0,1.0,0,0,0,0,0,0,1026,0,1.0,0,0
PF00648,PF01067,32,24,22,10,2,992,0.92,0.99,0.69,0.79,24,22,10,2,992,0.92,0.99,0.69,0.79
PF08924,PF15225,0,2,0,0,2,1024,0.0,1.0,0,0,2,0,0,2,1024,0.0,1.0,0,0
PF04928,PF04926,8,8,6,2,2,1016,0.75,1.0,0.75,0.75,8,6,2,2,1016,0.75,1.0,0.75,0.75
PF00595,PF00625,78,18,14,64,4,944,0.78,0.93,0.18,0.35,18,14,64,4,944,0.78,0.93,0.18,0.35
PF07677,PF01835,6,3,3,3,0,1020,1.0,1.0,0.5,0.71,3,3,3,0,1020,1.0,1.0,0.5,0.71
PF14359,PF03831,0,0,0,0,0,1026,0,1.0,0,0,0,0,0,0,1026,0,1.0,0,0
PF03957,PF12498,1,1,1,0,0,1025,1.0,1.0,1.0,1.0,1,1,0,0,1025,1.0,1.0,1.0,1.0
PF03412,PF03459,3,2,1,2,1,1022,0.5,1.0,0.33,0.41,2,1,2,1,1022,0.5,1.0,0.33,0.41
PF13508,PF13673,5,13,2,3,11,1010,0.15,0.99,0.4,0.24,13,2,3,11,1010,0.15,0.99,0.4,0.24
PF10998,PF10226,2,2,0,2,2,1022,0.0,1.0,0.0,-0.0,2,0,2,2,1022,0.0,1.0,0.0,-0.0
PF02225,PF04258,23,14,8,15,6,997,0.57,0.98,0.35,0.44,14,8,15,6,997,0.57,0.98,0.35,0.44
PF04778,PF15856,0,0,0,0,0,1026,0,1.0,0,0,0,0,0,0,1026,0,1.0,0,0
PF15117,PF08404,0,1,0,0,1,1025,0.0,1.0,0,0,1,0,0,1,1025,0.0,1.0,0,0
PF16178,PF04547,8,11,6,2,5,1013,0.55,0.99,0.75,0.64,11,6,2,5,1013,0.55,0.99,0.75,0.64
PF14964,PF15293,2,0,0,2,0,1024,0,1.0,0.0,0,0,0,2,0,1024,0,1.0,0.0,0
PF08443,PF00328,1,30,1,0,29,996,0.03,0.97,1.0,0.18,30,1,0,29,996,0.03,0.97,1.0,0.18
PF02118,PF10323,2,8,1,1,7,1017,0.12,0.99,0.5,0.25,8,1,1,7,1017,0.12,0.99,0.5,0.25
PF15447,PF03011,1,1,1,0,0,1025,1.0,1.0,1.0,1.0,1,1,0,0,1025,1.0,1.0,1.0,1.0
PF11811,PF08482,0,0,0,0,0,1026,0,1.0,0,0,0,0,0,0,1026,0,1.0,0,0
PF04155,PF15973,7,0,0,7,0,1019,0,0.99,0.0,0,0,0,7,0,1019,0,0.99,0.0,0
PF15109,PF15715,0,3,0,0,3,1023,0.0,1.0,0,0,3,0,0,3,1023,0.0,1.0,0,0
PF07970,PF06201,17,10,3,14,7,1002,0.3,0.98,0.18,0.22,10,3,14,7,1002,0.3,0.98,0.18,0.22
PF08687,PF08688,1,0,0,1,0,1025,0,1.0,0.0,0,0,0,1,0,1025,0,1.0,0.0,0
PF07524,PF04139,10,9,1,9,8,1008,0.11,0.98,0.1,0.1,9,1,9,8,1008,0.11,0.98,0.1,0.1
PF03530,PF02888,9,4,4,5,0,1017,1.0,1.0,0.44,0.67,4,4,5,0,1017,1.0,1.0,0.44,0.67
PF16754,PF12034,0,0,0,0,0,1026,0,1.0,0,0,0,0,0,0,1026,0,1.0,0,0
PF11460,PF06989,0,0,0,0,0,1026,0,1.0,0,0,0,0,0,0,1026,0,1.0,0,0
PF06403,PF11751,0,0,0,0,0,1026,0,1.0,0,0,0,0,0,0,1026,0,1.0,0,0
PF15505,PF15119,0,2,0,0,2,1024,0.0,1.0,0,0,2,0,0,2,1024,0.0,1.0,0,0
PF02364,PF14288,6,7,6,0,1,1019,0.86,1.0,1.0,0.93,7,6,0,1,1019,0.86,1.0,1.0,0.93
PF06413,PF15247,6,3,1,5,2,1018,0.33,0.99,0.17,0.23,3,1,5,2,1018,0.33,0.99,0.17,0.23
PF07822,PF04811,1,22,0,1,22,1003,0.0,0.98,0.0,-0.0,22,0,1,22,1003,0.0,0.98,0.0,-0.0
PF12940,PF10426,1,1,1,0,0,1025,1.0,1.0,1.0,1.0,1,1,0,0,1025,1.0,1.0,1.0,1.0
PF09007,PF04629,0,2,0,0,2,1024,0.0,1.0,0,0,2,0,0,2,1024,0.0,1.0,0,0
PF15813,PF02200,2,1,1,1,0,1024,1.0,1.0,0.5,0.71,1,1,1,0,1024,1.0,1.0,0.5,0.71
PF07303,PF01284,5,18,4,1,14,1007,0.22,0.99,0.8,0.42,18,4,1,14,1007,0.22,0.99,0.8,0.42
PF05279,PF13174,1,10,1,0,9,1016,0.1,0.99,1.0,0.31,10,1,0,9,1016,0.1,0.99,1.0,0.31
PF02350,PF00480,1,6,1,0,5,1020,0.17,1.0,1.0,0.41,6,1,0,5,1020,0.17,1.0,1.0,0.41
PF05013,PF03841,0,0,0,0,0,1026,0,1.0,0,0,0,0,0,0,1026,0,1.0,0,0
PF05353,PF10645,1,0,0,1,0,1025,0,1.0,0.0,0,0,0,1,0,1025,0,1.0,0.0,0
PF05186,PF00334,15,22,7,8,15,996,0.32,0.98,0.47,0.37,22,7,8,15,996,0.32,0.98,0.47,0.37
PF14972,PF00714,1,1,0,1,1,1024,0.0,1.0,0.0,-0.0,1,0,1,1,1024,0.0,1.0,0.0,-0.0
PF06699,PF06218,8,6,2,6,4,1014,0.33,0.99,0.25,0.28,6,2,6,4,1014,0.33,0.99,0.25,0.28
PF12497,PF02166,2,3,2,0,1,1023,0.67,1.0,1.0,0.82,3,2,0,1,1023,0.67,1.0,1.0,0.82
PF05514,PF09781,0,1,0,0,1,1025,0.0,1.0,0,0,1,0,0,1,1025,0.0,1.0,0,0
PF13898,PF15019,13,1,0,13,1,1012,0.0,0.99,0.0,-0.0,1,0,13,1,1012,0.0,0.99,0.0,-0.0
PF05064,PF13874,3,4,0,3,4,1019,0.0,0.99,0.0,-0.0,4,0,3,4,1019,0.0,0.99,0.0,-0.0
PF10413,PF09193,2,1,1,1,0,1024,1.0,1.0,0.5,0.71,1,1,1,0,1024,1.0,1.0,0.5,0.71
PF11626,PF08914,3,7,3,0,4,1019,0.43,1.0,1.0,0.65,7,3,0,4,1019,0.43,1.0,1.0,0.65
PF04738,PF07409,0,0,0,0,0,1026,0,1.0,0,0,0,0,0,0,1026,0,1.0,0,0
PF06374,PF16752,1,5,0,1,5,1020,0.0,0.99,0.0,-0.0,5,0,1,5,1020,0.0,0.99,0.0,-0.0
PF02458,PF01063,14,15,6,8,9,1003,0.4,0.98,0.43,0.41,15,6,8,9,1003,0.4,0.98,0.43,0.41
PF00441,PF02770,43,46,41,2,5,978,0.89,0.99,0.95,0.92,46,41,2,5,978,0.89,0.99,0.95,0.92
PF06841,PF02511,0,2,0,0,2,1024,0.0,1.0,0,0,2,0,0,2,1024,0.0,1.0,0,0
PF05131,PF12451,7,6,2,5,4,1015,0.33,0.99,0.29,0.3,6,2,5,4,1015,0.33,0.99,0.29,0.3
PF16415,PF12842,10,9,9,1,0,1016,1.0,1.0,0.9,0.95,9,9,1,0,1016,1.0,1.0,0.9,0.95
PF03832,PF04965,4,0,0,4,0,1022,0,1.0,0.0,0,0,0,4,0,1022,0,1.0,0.0,0
PF01840,PF08964,0,1,0,0,1,1025,0.0,1.0,0,0,1,0,0,1,1025,0.0,1.0,0,0
PF07506,PF11405,0,0,0,0,0,1026,0,1.0,0,0,0,0,0,0,1026,0,1.0,0,0
PF16474,PF08687,11,1,1,10,0,1015,1.0,0.99,0.09,0.3,1,1,10,0,1015,1.0,0.99,0.09,0.3
PF05075,PF03436,0,1,0,0,1,1025,0.0,1.0,0,0,1,0,0,1,1025,0.0,1.0,0,0
PF04023,PF10547,0,0,0,0,0,1026,0,1.0,0,0,0,0,0,0,1026,0,1.0,0,0
PF13057,PF10057,0,0,0,0,0,1026,0,1.0,0,0,0,0,0,0,1026,0,1.0,0,0
PF04103,PF13908,3,1,0,3,1,1022,0.0,1.0,0.0,-0.0,1,0,3,1,1022,0.0,1.0,0.0,-0.0
PF15193,PF15107,0,1,0,0,1,1025,0.0,1.0,0,0,1,0,0,1,1025,0.0,1.0,0,0
PF06628,PF00199,9,12,9,0,3,1014,0.75,1.0,1.0,0.86,12,9,0,3,1014,0.75,1.0,1.0,0.86
PF01133,PF04253,6,9,0,6,9,1011,0.0,0.99,0.0,-0.01,9,0,6,9,1011,0.0,0.99,0.0,-0.01
PF05730,PF08613,10,19,5,5,14,1002,0.26,0.98,0.5,0.35,19,5,5,14,1002,0.26,0.98,0.5,0.35
PF04589,PF12031,2,3,0,2,3,1021,0.0,1.0,0.0,-0.0,3,0,2,3,1021,0.0,1.0,0.0,-0.0
PF16689,PF05956,1,1,1,0,0,1025,1.0,1.0,1.0,1.0,1,1,0,0,1025,1.0,1.0,1.0,1.0
PF03357,PF07491,23,2,2,21,0,1003,1.0,0.98,0.09,0.29,2,2,21,0,1003,1.0,0.98,0.09,0.29
PF01363,PF11409,57,0,0,57,0,969,0,0.94,0.0,0,0,0,57,0,969,0,0.94,0.0,0
PF12064,PF10513,2,16,1,1,15,1009,0.06,0.98,0.5,0.17,16,1,1,15,1009,0.06,0.98,0.5,0.17
PF04225,PF08437,3,1,0,3,1,1022,0.0,1.0,0.0,-0.0,1,0,3,1,1022,0.0,1.0,0.0,-0.0
PF12045,PF12284,1,0,0,1,0,1025,0,1.0,0.0,0,0,0,1,0,1025,0,1.0,0.0,0
PF16274,PF16544,1,2,0,1,2,1023,0.0,1.0,0.0,-0.0,2,0,1,2,1023,0.0,1.0,0.0,-0.0
PF12835,PF04375,0,1,0,0,1,1025,0.0,1.0,0,0,1,0,0,1,1025,0.0,1.0,0,0
PF13895,PF00047,22,27,15,7,12,992,0.56,0.98,0.68,0.61,27,15,7,12,992,0.56,0.98,0.68,0.61
PF02333,PF02012,3,0,0,3,0,1023,0,1.0,0.0,0,0,0,3,0,1023,0,1.0,0.0,0
PF06398,PF06462,8,8,2,6,6,1012,0.25,0.99,0.25,0.24,8,2,6,6,1012,0.25,0.99,0.25,0.24
PF05498,PF02704,3,3,0,3,3,1020,0.0,0.99,0.0,-0.0,3,0,3,3,1020,0.0,0.99,0.0,-0.0
PF14917,PF10375,0,0,0,0,0,1026,0,1.0,0,0,0,0,0,0,1026,0,1.0,0,0
PF07103,PF02353,3,10,3,0,7,1016,0.3,0.99,1.0,0.55,10,3,0,7,1016,0.3,0.99,1.0,0.55
PF07746,PF11800,0,0,0,0,0,1026,0,1.0,0,0,0,0,0,0,1026,0,1.0,0,0
PF00467,PF11942,15,4,1,14,3,1008,0.25,0.98,0.07,0.12,4,1,14,3,1008,0.25,0.98,0.07,0.12
PF04630,PF00006,0,33,0,0,33,993,0.0,0.97,0,0,33,0,0,33,993,0.0,0.97,0,0
PF01681,PF05986,0,8,0,0,8,1018,0.0,0.99,0,0,8,0,0,8,1018,0.0,0.99,0,0
PF15755,PF15046,1,2,0,1,2,1023,0.0,1.0,0.0,-0.0,2,0,1,2,1023,0.0,1.0,0.0,-0.0
PF00967,PF00187,3,11,3,0,8,1015,0.27,0.99,1.0,0.52,11,3,0,8,1015,0.27,0.99,1.0,0.52
PF07596,PF07960,0,0,0,0,0,1026,0,1.0,0,0,0,0,0,0,1026,0,1.0,0,0
PF15766,PF15052,0,1,0,0,1,1025,0.0,1.0,0,0,1,0,0,1,1025,0.0,1.0,0,0
PF17218,PF13907,0,8,0,0,8,1018,0.0,0.99,0,0,8,0,0,8,1018,0.0,0.99,0,0
PF00672,PF00990,11,9,5,6,4,1011,0.56,0.99,0.45,0.5,9,5,6,4,1011,0.56,0.99,0.45,0.5
PF00336,PF07569,0,8,0,0,8,1018,0.0,0.99,0,0,8,0,0,8,1018,0.0,0.99,0,0
PF06718,PF02452,1,1,1,0,0,1025,1.0,1.0,1.0,1.0,1,1,0,0,1025,1.0,1.0,1.0,1.0
PF00568,PF14957,15,3,3,12,0,1011,1.0,0.99,0.2,0.44,3,3,12,0,1011,1.0,0.99,0.2,0.44
PF00051,PF01392,19,15,9,10,6,1001,0.6,0.98,0.47,0.53,15,9,10,6,1001,0.6,0.98,0.47,0.53
PF05901,PF06651,0,0,0,0,0,1026,0,1.0,0,0,0,0,0,0,1026,0,1.0,0,0
PF03238,PF06681,0,0,0,0,0,1026,0,1.0,0,0,0,0,0,0,1026,0,1.0,0,0
PF08591,PF07961,0,1,0,0,1,1025,0.0,1.0,0,0,1,0,0,1,1025,0.0,1.0,0,0
PF04632,PF16967,1,0,0,1,0,1025,0,1.0,0.0,0,0,0,1,0,1025,0,1.0,0.0,0
PF16279,PF08832,2,2,2,0,0,1024,1.0,1.0,1.0,1.0,2,2,0,0,1024,1.0,1.0,1.0,1.0
PF08218,PF15815,0,0,0,0,0,1026,0,1.0,0,0,0,0,0,0,1026,0,1.0,0,0
PF10927,PF07652,0,2,0,0,2,1024,0.0,1.0,0,0,2,0,0,2,1024,0.0,1.0,0,0
PF01134,PF13932,13,12,12,1,0,1013,1.0,1.0,0.92,0.96,12,12,1,0,1013,1.0,1.0,0.92,0.96
PF09333,PF12624,13,19,6,7,13,1000,0.32,0.98,0.46,0.37,19,6,7,13,1000,0.32,0.98,0.46,0.37
PF12727,PF02522,0,1,0,0,1,1025,0.0,1.0,0,0,1,0,0,1,1025,0.0,1.0,0,0
PF03808,PF17049,1,1,0,1,1,1024,0.0,1.0,0.0,-0.0,1,0,1,1,1024,0.0,1.0,0.0,-0.0
PF01297,PF08299,2,2,0,2,2,1022,0.0,1.0,0.0,-0.0,2,0,2,2,1022,0.0,1.0,0.0,-0.0
PF01064,PF08515,8,4,3,5,1,1017,0.75,0.99,0.38,0.53,4,3,5,1,1017,0.75,0.99,0.38,0.53
PF09924,PF03741,2,3,1,1,2,1022,0.33,1.0,0.5,0.41,3,1,1,2,1022,0.33,1.0,0.5,0.41
PF02867,PF00317,8,7,7,1,0,1018,1.0,1.0,0.88,0.93,7,7,1,0,1018,1.0,1.0,0.88,0.93
PF00091,PF03953,36,33,30,6,3,987,0.91,0.99,0.83,0.87,33,30,6,3,987,0.91,0.99,0.83,0.87
PF13093,PF08228,2,1,0,2,1,1023,0.0,1.0,0.0,-0.0,1,0,2,1,1023,0.0,1.0,0.0,-0.0
PF13632,PF08174,8,6,1,7,5,1013,0.17,0.99,0.12,0.14,6,1,7,5,1013,0.17,0.99,0.12,0.14
PF05343,PF13471,5,3,0,5,3,1018,0.0,0.99,0.0,-0.0,3,0,5,3,1018,0.0,0.99,0.0,-0.0
PF15349,PF07807,0,4,0,0,4,1022,0.0,1.0,0,0,4,0,0,4,1022,0.0,1.0,0,0
PF02511,PF15763,2,0,0,2,0,1024,0,1.0,0.0,0,0,0,2,0,1024,0,1.0,0.0,0
PF04358,PF16205,0,8,0,0,8,1018,0.0,0.99,0,0,8,0,0,8,1018,0.0,0.99,0,0
PF07839,PF15235,1,0,0,1,0,1025,0,1.0,0.0,0,0,0,1,0,1025,0,1.0,0.0,0
PF01032,PF09383,2,1,0,2,1,1023,0.0,1.0,0.0,-0.0,1,0,2,1,1023,0.0,1.0,0.0,-0.0
PF10244,PF14935,1,1,0,1,1,1024,0.0,1.0,0.0,-0.0,1,0,1,1,1024,0.0,1.0,0.0,-0.0
PF03480,PF06808,4,3,3,1,0,1022,1.0,1.0,0.75,0.87,3,3,1,0,1022,1.0,1.0,0.75,0.87
PF14328,PF01752,0,1,0,0,1,1025,0.0,1.0,0,0,1,0,0,1,1025,0.0,1.0,0,0
PF08472,PF05116,1,9,1,0,8,1017,0.11,0.99,1.0,0.33,9,1,0,8,1017,0.11,0.99,1.0,0.33
PF11579,PF15334,0,0,0,0,0,1026,0,1.0,0,0,0,0,0,0,1026,0,1.0,0,0
PF00312,PF05180,11,6,3,8,3,1012,0.5,0.99,0.27,0.36,6,3,8,3,1012,0.5,0.99,0.27,0.36
PF09462,PF10407,5,0,0,5,0,1021,0,1.0,0.0,0,0,0,5,0,1021,0,1.0,0.0,0
PF11312,PF13013,1,0,0,1,0,1025,0,1.0,0.0,0,0,0,1,0,1025,0,1.0,0.0,0
PF11597,PF06333,2,3,2,0,1,1023,0.67,1.0,1.0,0.82,3,2,0,1,1023,0.67,1.0,1.0,0.82
PF04406,PF01066,12,22,3,9,19,995,0.14,0.97,0.25,0.17,22,3,9,19,995,0.14,0.97,0.25,0.17
PF01457,PF09992,3,1,0,3,1,1022,0.0,1.0,0.0,-0.0,1,0,3,1,1022,0.0,1.0,0.0,-0.0
PF10189,PF02213,5,6,1,4,5,1016,0.17,0.99,0.2,0.18,6,1,4,5,1016,0.17,0.99,0.2,0.18
PF12432,PF10395,1,0,0,1,0,1025,0,1.0,0.0,0,0,0,1,0,1025,0,1.0,0.0,0
PF04527,PF15955,0,1,0,0,1,1025,0.0,1.0,0,0,1,0,0,1,1025,0.0,1.0,0,0
PF03886,PF04288,0,2,0,0,2,1024,0.0,1.0,0,0,2,0,0,2,1024,0.0,1.0,0,0
PF06123,PF02014,0,7,0,0,7,1019,0.0,0.99,0,0,7,0,0,7,1019,0.0,0.99,0,0
PF05179,PF16050,4,5,4,0,1,1021,0.8,1.0,1.0,0.89,5,4,0,1,1021,0.8,1.0,1.0,0.89
PF10644,PF14881,7,6,5,2,1,1018,0.83,1.0,0.71,0.77,6,5,2,1,1018,0.83,1.0,0.71,0.77
PF05023,PF09328,5,2,2,3,0,1021,1.0,1.0,0.4,0.63,2,2,3,0,1021,1.0,1.0,0.4,0.63
PF04618,PF04617,1,1,0,1,1,1024,0.0,1.0,0.0,-0.0,1,0,1,1,1024,0.0,1.0,0.0,-0.0
PF14853,PF14852,4,3,3,1,0,1022,1.0,1.0,0.75,0.87,3,3,1,0,1022,1.0,1.0,0.75,0.87
PF02067,PF15175,0,0,0,0,0,1026,0,1.0,0,0,0,0,0,0,1026,0,1.0,0,0
PF00110,PF00822,9,7,2,7,5,1012,0.29,0.99,0.22,0.25,7,2,7,5,1012,0.29,0.99,0.22,0.25
PF05089,PF12971,6,3,3,3,0,1020,1.0,1.0,0.5,0.71,3,3,3,0,1020,1.0,1.0,0.5,0.71
PF15281,PF02277,1,1,0,1,1,1024,0.0,1.0,0.0,-0.0,1,0,1,1,1024,0.0,1.0,0.0,-0.0
PF09992,PF02012,1,0,0,1,0,1025,0,1.0,0.0,0,0,0,1,0,1025,0,1.0,0.0,0
PF05491,PF06934,3,0,0,3,0,1023,0,1.0,0.0,0,0,0,3,0,1023,0,1.0,0.0,0
PF01154,PF08540,11,11,10,1,1,1014,0.91,1.0,0.91,0.91,11,10,1,1,1014,0.91,1.0,0.91,0.91
PF15223,PF08782,0,2,0,0,2,1024,0.0,1.0,0,0,2,0,0,2,1024,0.0,1.0,0,0
PF14695,PF04412,1,0,0,1,0,1025,0,1.0,0.0,0,0,0,1,0,1025,0,1.0,0.0,0
PF06437,PF08591,4,0,0,4,0,1022,0,1.0,0.0,0,0,0,4,0,1022,0,1.0,0.0,0
PF12845,PF13870,4,0,0,4,0,1022,0,1.0,0.0,0,0,0,4,0,1022,0,1.0,0.0,0
PF12696,PF08722,2,2,2,0,0,1024,1.0,1.0,1.0,1.0,2,2,0,0,1024,1.0,1.0,1.0,1.0
PF00031,PF16845,5,1,1,4,0,1021,1.0,1.0,0.2,0.45,1,1,4,0,1021,1.0,1.0,0.2,0.45
PF16759,PF01660,5,4,0,5,4,1017,0.0,0.99,0.0,-0.0,4,0,5,4,1017,0.0,0.99,0.0,-0.0
PF01446,PF10174,1,6,0,1,6,1019,0.0,0.99,0.0,-0.0,6,0,1,6,1019,0.0,0.99,0.0,-0.0
PF17048,PF04734,4,6,4,0,2,1020,0.67,1.0,1.0,0.82,6,4,0,2,1020,0.67,1.0,1.0,0.82
PF06500,PF06108,2,5,0,2,5,1019,0.0,0.99,0.0,-0.0,5,0,2,5,1019,0.0,0.99,0.0,-0.0
PF06547,PF13441,2,0,0,2,0,1024,0,1.0,0.0,0,0,0,2,0,1024,0,1.0,0.0,0
PF00793,PF08584,9,5,0,9,5,1012,0.0,0.99,0.0,-0.01,5,0,9,5,1012,0.0,0.99,0.0,-0.01
PF11885,PF03085,6,0,0,6,0,1020,0,0.99,0.0,0,0,0,6,0,1020,0,0.99,0.0,0
PF04563,PF04561,16,1,1,15,0,1010,1.0,0.99,0.06,0.25,1,1,15,0,1010,1.0,0.99,0.06,0.25
PF00063,PF01576,50,17,12,38,5,971,0.71,0.96,0.24,0.4,17,12,38,5,971,0.71,0.96,0.24,0.4
PF01867,PF12544,2,0,0,2,0,1024,0,1.0,0.0,0,0,0,2,0,1024,0,1.0,0.0,0
PF10513,PF12064,16,2,1,15,1,1009,0.5,0.98,0.06,0.17,2,1,15,1,1009,0.5,0.98,0.06,0.17
PF12689,PF09778,7,0,0,7,0,1019,0,0.99,0.0,0,0,0,7,0,1019,0,0.99,0.0,0
PF06638,PF16954,2,2,0,2,2,1022,0.0,1.0,0.0,-0.0,2,0,2,2,1022,0.0,1.0,0.0,-0.0
PF17032,PF10868,0,1,0,0,1,1025,0.0,1.0,0,0,1,0,0,1,1025,0.0,1.0,0,0
PF12814,PF10650,5,0,0,5,0,1021,0,1.0,0.0,0,0,0,5,0,1021,0,1.0,0.0,0
PF11856,PF11019,1,0,0,1,0,1025,0,1.0,0.0,0,0,0,1,0,1025,0,1.0,0.0,0
PF05822,PF00965,4,5,0,4,5,1017,0.0,0.99,0.0,-0.0,5,0,4,5,1017,0.0,0.99,0.0,-0.0
PF09735,PF10480,5,0,0,5,0,1021,0,1.0,0.0,0,0,0,5,0,1021,0,1.0,0.0,0
PF09471,PF03601,1,0,0,1,0,1025,0,1.0,0.0,0,0,0,1,0,1025,0,1.0,0.0,0
PF16093,PF10181,6,1,0,6,1,1019,0.0,0.99,0.0,-0.0,1,0,6,1,1019,0.0,0.99,0.0,-0.0
PF12737,PF12731,1,1,1,0,0,1025,1.0,1.0,1.0,1.0,1,1,0,0,1025,1.0,1.0,1.0,1.0
PF02544,PF13506,17,4,0,17,4,1005,0.0,0.98,0.0,-0.01,4,0,17,4,1005,0.0,0.98,0.0,-0.01
PF10079,PF07495,0,1,0,0,1,1025,0.0,1.0,0,0,1,0,0,1,1025,0.0,1.0,0,0
PF12920,PF09374,1,0,0,1,0,1025,0,1.0,0.0,0,0,0,1,0,1025,0,1.0,0.0,0
PF06315,PF16216,3,1,0,3,1,1022,0.0,1.0,0.0,-0.0,1,0,3,1,1022,0.0,1.0,0.0,-0.0
PF07204,PF11465,2,3,0,2,3,1021,0.0,1.0,0.0,-0.0,3,0,2,3,1021,0.0,1.0,0.0,-0.0
PF07012,PF14362,1,0,0,1,0,1025,0,1.0,0.0,0,0,0,1,0,1025,0,1.0,0.0,0
PF11398,PF01874,0,1,0,0,1,1025,0.0,1.0,0,0,1,0,0,1,1025,0.0,1.0,0,0
PF16815,PF17003,3,0,0,3,0,1023,0,1.0,0.0,0,0,0,3,0,1023,0,1.0,0.0,0
PF09667,PF16090,0,4,0,0,4,1022,0.0,1.0,0,0,4,0,0,4,1022,0.0,1.0,0,0
PF10141,PF12779,0,0,0,0,0,1026,0,1.0,0,0,0,0,0,0,1026,0,1.0,0,0
PF12002,PF16193,11,11,11,0,0,1015,1.0,1.0,1.0,1.0,11,11,0,0,1015,1.0,1.0,1.0,1.0
PF08887,PF03525,0,1,0,0,1,1025,0.0,1.0,0,0,1,0,0,1,1025,0.0,1.0,0,0
PF09556,PF12080,1,0,0,1,0,1025,0,1.0,0.0,0,0,0,1,0,1025,0,1.0,0.0,0
PF02092,PF02091,4,2,2,2,0,1022,1.0,1.0,0.5,0.71,2,2,2,0,1022,1.0,1.0,0.5,0.71
PF16123,PF14864,9,1,1,8,0,1017,1.0,0.99,0.11,0.33,1,1,8,0,1017,1.0,0.99,0.11,0.33
PF07192,PF02557,0,1,0,0,1,1025,0.0,1.0,0,0,1,0,0,1,1025,0.0,1.0,0,0
PF06105,PF11815,11,8,3,8,5,1010,0.38,0.99,0.27,0.31,8,3,8,5,1010,0.38,0.99,0.27,0.31
PF00278,PF02784,8,7,7,1,0,1018,1.0,1.0,0.88,0.93,7,7,1,0,1018,1.0,1.0,0.88,0.93
PF13911,PF01632,7,2,1,6,1,1018,0.5,0.99,0.14,0.26,2,1,6,1,1018,0.5,0.99,0.14,0.26
PF02211,PF03090,1,0,0,1,0,1025,0,1.0,0.0,0,0,0,1,0,1025,0,1.0,0.0,0
PF04747,PF15818,0,1,0,0,1,1025,0.0,1.0,0,0,1,0,0,1,1025,0.0,1.0,0,0
PF10531,PF01512,12,7,6,6,1,1013,0.86,0.99,0.5,0.65,7,6,6,1,1013,0.86,0.99,0.5,0.65
PF16353,PF02929,3,3,3,0,0,1023,1.0,1.0,1.0,1.0,3,3,0,0,1023,1.0,1.0,1.0,1.0
PF06477,PF08212,3,7,2,1,5,1018,0.29,0.99,0.67,0.43,7,2,1,5,1018,0.29,0.99,0.67,0.43
PF07147,PF02872,4,9,1,3,8,1014,0.11,0.99,0.25,0.16,9,1,3,8,1014,0.11,0.99,0.25,0.16
PF07684,PF06816,6,5,5,1,0,1020,1.0,1.0,0.83,0.91,5,5,1,0,1020,1.0,1.0,0.83,0.91
PF05872,PF15442,0,1,0,0,1,1025,0.0,1.0,0,0,1,0,0,1,1025,0.0,1.0,0,0
PF01817,PF01958,5,6,1,4,5,1016,0.17,0.99,0.2,0.18,6,1,4,5,1016,0.17,0.99,0.2,0.18
PF15819,PF14539,0,0,0,0,0,1026,0,1.0,0,0,0,0,0,0,1026,0,1.0,0,0
PF11981,PF12840,0,0,0,0,0,1026,0,1.0,0,0,0,0,0,0,1026,0,1.0,0,0
PF15282,PF15090,4,1,0,4,1,1021,0.0,1.0,0.0,-0.0,1,0,4,1,1021,0.0,1.0,0.0,-0.0
PF12006,PF14087,5,3,0,5,3,1018,0.0,0.99,0.0,-0.0,3,0,5,3,1018,0.0,0.99,0.0,-0.0
PF02172,PF08941,8,5,0,8,5,1013,0.0,0.99,0.0,-0.01,5,0,8,5,1013,0.0,0.99,0.0,-0.01
PF03575,PF05405,1,4,0,1,4,1021,0.0,1.0,0.0,-0.0,4,0,1,4,1021,0.0,1.0,0.0,-0.0
PF09747,PF04253,4,9,4,0,5,1017,0.44,1.0,1.0,0.67,9,4,0,5,1017,0.44,1.0,1.0,0.67
PF06964,PF14498,8,5,3,5,2,1016,0.6,0.99,0.38,0.47,5,3,5,2,1016,0.6,0.99,0.38,0.47
PF00542,PF16320,9,8,8,1,0,1017,1.0,1.0,0.89,0.94,8,8,1,0,1017,1.0,1.0,0.89,0.94
PF06972,PF07001,0,2,0,0,2,1024,0.0,1.0,0,0,2,0,0,2,1024,0.0,1.0,0,0
PF08372,PF16165,4,4,0,4,4,1018,0.0,0.99,0.0,-0.0,4,0,4,4,1018,0.0,0.99,0.0,-0.0
PF01395,PF05405,11,4,0,11,4,1011,0.0,0.99,0.0,-0.01,4,0,11,4,1011,0.0,0.99,0.0,-0.01
PF04583,PF07927,1,0,0,1,0,1025,0,1.0,0.0,0,0,0,1,0,1025,0,1.0,0.0,0
PF10843,PF13750,1,0,0,1,0,1025,0,1.0,0.0,0,0,0,1,0,1025,0,1.0,0.0,0
PF10976,PF03562,0,0,0,0,0,1026,0,1.0,0,0,0,0,0,0,1026,0,1.0,0,0
PF09596,PF12478,2,3,0,2,3,1021,0.0,1.0,0.0,-0.0,3,0,2,3,1021,0.0,1.0,0.0,-0.0
PF08231,PF05046,9,5,1,8,4,1013,0.2,0.99,0.11,0.14,5,1,8,4,1013,0.2,0.99,0.11,0.14
PF06206,PF07172,1,0,0,1,0,1025,0,1.0,0.0,0,0,0,1,0,1025,0,1.0,0.0,0
PF04847,PF14935,6,1,0,6,1,1019,0.0,0.99,0.0,-0.0,1,0,6,1,1019,0.0,0.99,0.0,-0.0
PF01174,PF03102,4,3,0,4,3,1019,0.0,0.99,0.0,-0.0,3,0,4,3,1019,0.0,0.99,0.0,-0.0
PF01730,PF08286,2,0,0,2,0,1024,0,1.0,0.0,0,0,0,2,0,1024,0,1.0,0.0,0
PF10271,PF15867,2,2,0,2,2,1022,0.0,1.0,0.0,-0.0,2,0,2,2,1022,0.0,1.0,0.0,-0.0
PF04950,PF08142,17,14,14,3,0,1009,1.0,1.0,0.82,0.91,14,14,3,0,1009,1.0,1.0,0.82,0.91
PF15384,PF15828,1,1,0,1,1,1024,0.0,1.0,0.0,-0.0,1,0,1,1,1024,0.0,1.0,0.0,-0.0
PF15668,PF15843,1,0,0,1,0,1025,0,1.0,0.0,0,0,0,1,0,1025,0,1.0,0.0,0
PF01802,PF07250,0,4,0,0,4,1022,0.0,1.0,0,0,4,0,0,4,1022,0.0,1.0,0,0
PF09307,PF08831,5,5,5,0,0,1021,1.0,1.0,1.0,1.0,5,5,0,0,1021,1.0,1.0,1.0,1.0
PF08709,PF01365,10,9,9,1,0,1016,1.0,1.0,0.9,0.95,9,9,1,0,1016,1.0,1.0,0.9,0.95
PF15080,PF14512,0,0,0,0,0,1026,0,1.0,0,0,0,0,0,0,1026,0,1.0,0,0
PF02542,PF07080,2,3,0,2,3,1021,0.0,1.0,0.0,-0.0,3,0,2,3,1021,0.0,1.0,0.0,-0.0
PF01245,PF03195,9,4,0,9,4,1013,0.0,0.99,0.0,-0.01,4,0,9,4,1013,0.0,0.99,0.0,-0.01
PF12143,PF12142,2,2,2,0,0,1024,1.0,1.0,1.0,1.0,2,2,0,0,1024,1.0,1.0,1.0,1.0
PF00464,PF02284,13,1,0,13,1,1012,0.0,0.99,0.0,-0.0,1,0,13,1,1012,0.0,0.99,0.0,-0.0
PF10046,PF11264,2,2,0,2,2,1022,0.0,1.0,0.0,-0.0,2,0,2,2,1022,0.0,1.0,0.0,-0.0
PF08541,PF08392,4,3,2,2,1,1021,0.67,1.0,0.5,0.58,3,2,2,1,1021,0.67,1.0,0.5,0.58
PF03473,PF03476,7,6,6,1,0,1019,1.0,1.0,0.86,0.93,6,6,1,0,1019,1.0,1.0,0.86,0.93
PF10403,PF10405,9,9,9,0,0,1017,1.0,1.0,1.0,1.0,9,9,0,0,1017,1.0,1.0,1.0,1.0
PF11127,PF09122,2,0,0,2,0,1024,0,1.0,0.0,0,0,0,2,0,1024,0,1.0,0.0,0
PF01744,PF11617,3,0,0,3,0,1023,0,1.0,0.0,0,0,0,3,0,1023,0,1.0,0.0,0
PF06608,PF11317,1,0,0,1,0,1025,0,1.0,0.0,0,0,0,1,0,1025,0,1.0,0.0,0
PF01026,PF08619,14,3,2,12,1,1011,0.67,0.99,0.14,0.3,3,2,12,1,1011,0.67,0.99,0.14,0.3
PF01666,PF04562,0,0,0,0,0,1026,0,1.0,0,0,0,0,0,0,1026,0,1.0,0,0
PF00929,PF15870,34,6,3,31,3,989,0.5,0.97,0.09,0.2,6,3,31,3,989,0.5,0.97,0.09,0.2
PF02757,PF02756,2,0,0,2,0,1024,0,1.0,0.0,0,0,0,2,0,1024,0,1.0,0.0,0
PF06882,PF09829,1,0,0,1,0,1025,0,1.0,0.0,0,0,0,1,0,1025,0,1.0,0.0,0
PF03840,PF04237,1,0,0,1,0,1025,0,1.0,0.0,0,0,0,1,0,1025,0,1.0,0.0,0
PF09402,PF08198,6,0,0,6,0,1020,0,0.99,0.0,0,0,0,6,0,1020,0,0.99,0.0,0
PF14403,PF06355,0,1,0,0,1,1025,0.0,1.0,0,0,1,0,0,1,1025,0.0,1.0,0,0
PF15809,PF15555,0,1,0,0,1,1025,0.0,1.0,0,0,1,0,0,1,1025,0.0,1.0,0,0
PF07866,PF04024,0,0,0,0,0,1026,0,1.0,0,0,0,0,0,0,1026,0,1.0,0,0
PF13237,PF00499,1,3,1,0,2,1023,0.33,1.0,1.0,0.58,3,1,0,2,1023,0.33,1.0,1.0,0.58
PF03288,PF03745,0,0,0,0,0,1026,0,1.0,0,0,0,0,0,0,1026,0,1.0,0,0
PF04500,PF15423,15,0,0,15,0,1011,0,0.99,0.0,0,0,0,15,0,1011,0,0.99,0.0,0
PF07117,PF15976,0,0,0,0,0,1026,0,1.0,0,0,0,0,0,0,1026,0,1.0,0,0
PF11718,PF07521,9,15,8,1,7,1010,0.53,0.99,0.89,0.69,15,8,1,7,1010,0.53,0.99,0.89,0.69
PF14305,PF11057,0,0,0,0,0,1026,0,1.0,0,0,0,0,0,0,1026,0,1.0,0,0
PF14667,PF01554,2,17,2,0,15,1009,0.12,0.99,1.0,0.34,17,2,0,15,1009,0.12,0.99,1.0,0.34
PF04029,PF08795,0,0,0,0,0,1026,0,1.0,0,0,0,0,0,0,1026,0,1.0,0,0
PF15792,PF14049,0,0,0,0,0,1026,0,1.0,0,0,0,0,0,0,1026,0,1.0,0,0
PF12435,PF02041,3,1,0,3,1,1022,0.0,1.0,0.0,-0.0,1,0,3,1,1022,0.0,1.0,0.0,-0.0
PF00394,PF07732,23,27,22,1,5,998,0.81,0.99,0.96,0.88,27,22,1,5,998,0.81,0.99,0.96,0.88
PF00391,PF02896,8,9,6,2,3,1015,0.67,1.0,0.75,0.7,9,6,2,3,1015,0.67,1.0,0.75,0.7
PF06617,PF09122,4,0,0,4,0,1022,0,1.0,0.0,0,0,0,4,0,1022,0,1.0,0.0,0
PF17176,PF13718,0,7,0,0,7,1019,0.0,0.99,0,0,7,0,0,7,1019,0.0,0.99,0,0
PF10609,PF01883,12,7,0,12,7,1007,0.0,0.98,0.0,-0.01,7,0,12,7,1007,0.0,0.98,0.0,-0.01
PF12825,PF12828,4,2,2,2,0,1022,1.0,1.0,0.5,0.71,2,2,2,0,1022,1.0,1.0,0.5,0.71
PF01429,PF10440,24,3,2,22,1,1001,0.67,0.98,0.08,0.23,3,2,22,1,1001,0.67,0.98,0.08,0.23
PF11558,PF17046,0,1,0,0,1,1025,0.0,1.0,0,0,1,0,0,1,1025,0.0,1.0,0,0
PF05756,PF10106,0,0,0,0,0,1026,0,1.0,0,0,0,0,0,0,1026,0,1.0,0,0
PF10563,PF03203,0,0,0,0,0,1026,0,1.0,0,0,0,0,0,0,1026,0,1.0,0,0
PF03445,PF07721,9,3,0,9,3,1014,0.0,0.99,0.0,-0.01,3,0,9,3,1014,0.0,0.99,0.0,-0.01
PF10491,PF10492,1,0,0,1,0,1025,0,1.0,0.0,0,0,0,1,0,1025,0,1.0,0.0,0
PF00160,PF13879,58,4,4,54,0,968,1.0,0.95,0.07,0.26,4,4,54,0,968,1.0,0.95,0.07,0.26
PF17003,PF00895,0,1,0,0,1,1025,0.0,1.0,0,0,1,0,0,1,1025,0.0,1.0,0,0
PF06777,PF06733,8,22,8,0,14,1004,0.36,0.99,1.0,0.6,22,8,0,14,1004,0.36,0.99,1.0,0.6
PF01140,PF01141,3,2,2,1,0,1023,1.0,1.0,0.67,0.82,2,2,1,0,1023,1.0,1.0,0.67,0.82
PF02016,PF08744,5,0,0,5,0,1021,0,1.0,0.0,0,0,0,5,0,1021,0,1.0,0.0,0
PF03068,PF08527,1,1,1,0,0,1025,1.0,1.0,1.0,1.0,1,1,0,0,1025,1.0,1.0,1.0,1.0
PF14657,PF16055,2,0,0,2,0,1024,0,1.0,0.0,0,0,0,2,0,1024,0,1.0,0.0,0
PF01769,PF03448,3,3,1,2,2,1021,0.33,1.0,0.33,0.33,3,1,2,2,1021,0.33,1.0,0.33,0.33
PF05418,PF15662,1,0,0,1,0,1025,0,1.0,0.0,0,0,0,1,0,1025,0,1.0,0.0,0
PF03103,PF15973,5,0,0,5,0,1021,0,1.0,0.0,0,0,0,5,0,1021,0,1.0,0.0,0
PF07149,PF03963,0,1,0,0,1,1025,0.0,1.0,0,0,1,0,0,1,1025,0.0,1.0,0,0
PF00438,PF02773,9,7,7,2,0,1017,1.0,1.0,0.78,0.88,7,7,2,0,1017,1.0,1.0,0.78,0.88
PF02065,PF16874,3,3,3,0,0,1023,1.0,1.0,1.0,1.0,3,3,0,0,1023,1.0,1.0,1.0,1.0
PF02606,PF01701,1,2,0,1,2,1023,0.0,1.0,0.0,-0.0,2,0,1,2,1023,0.0,1.0,0.0,-0.0
PF01466,PF03931,20,20,14,6,6,1000,0.7,0.99,0.7,0.69,20,14,6,6,1000,0.7,0.99,0.7,0.69
PF04977,PF00387,1,13,0,1,13,1012,0.0,0.99,0.0,-0.0,13,0,1,13,1012,0.0,0.99,0.0,-0.0
PF15854,PF12571,1,0,0,1,0,1025,0,1.0,0.0,0,0,0,1,0,1025,0,1.0,0.0,0
PF00386,PF00229,11,4,3,8,1,1014,0.75,0.99,0.27,0.45,4,3,8,1,1014,0.75,0.99,0.27,0.45
PF13556,PF17007,0,0,0,0,0,1026,0,1.0,0,0,0,0,0,0,1026,0,1.0,0,0
PF11713,PF14113,0,0,0,0,0,1026,0,1.0,0,0,0,0,0,0,1026,0,1.0,0,0
PF10731,PF06681,0,0,0,0,0,1026,0,1.0,0,0,0,0,0,0,1026,0,1.0,0,0
PF09057,PF07464,2,1,0,2,1,1023,0.0,1.0,0.0,-0.0,1,0,2,1,1023,0.0,1.0,0.0,-0.0
PF11835,PF13320,0,0,0,0,0,1026,0,1.0,0,0,0,0,0,0,1026,0,1.0,0,0
PF14849,PF10139,3,0,0,3,0,1023,0,1.0,0.0,0,0,0,3,0,1023,0,1.0,0.0,0
PF01509,PF01472,15,10,4,11,6,1005,0.4,0.98,0.27,0.32,10,4,11,6,1005,0.4,0.98,0.27,0.32
PF01341,PF02015,6,3,2,4,1,1019,0.67,1.0,0.33,0.47,3,2,4,1,1019,0.67,1.0,0.33,0.47
PF12418,PF12806,2,2,2,0,0,1024,1.0,1.0,1.0,1.0,2,2,0,0,1024,1.0,1.0,1.0,1.0
PF12104,PF09191,1,1,1,0,0,1025,1.0,1.0,1.0,1.0,1,1,0,0,1025,1.0,1.0,1.0,1.0
PF06278,PF16869,2,0,0,2,0,1024,0,1.0,0.0,0,0,0,2,0,1024,0,1.0,0.0,0
PF05930,PF15529,0,0,0,0,0,1026,0,1.0,0,0,0,0,0,0,1026,0,1.0,0,0
PF08727,PF00947,4,4,4,0,0,1022,1.0,1.0,1.0,1.0,4,4,0,0,1022,1.0,1.0,1.0,1.0
PF03529,PF12284,1,0,0,1,0,1025,0,1.0,0.0,0,0,0,1,0,1025,0,1.0,0.0,0
PF17177,PF16953,24,8,3,21,5,997,0.38,0.97,0.12,0.21,8,3,21,5,997,0.38,0.97,0.12,0.21
PF03171,PF14226,25,26,22,3,4,997,0.85,0.99,0.88,0.86,26,22,3,4,997,0.85,0.99,0.88,0.86
PF15775,PF14251,0,2,0,0,2,1024,0.0,1.0,0,0,2,0,0,2,1024,0.0,1.0,0,0
PF14653,PF06875,0,0,0,0,0,1026,0,1.0,0,0,0,0,0,0,1026,0,1.0,0,0
PF08592,PF10224,3,1,1,2,0,1023,1.0,1.0,0.33,0.58,1,1,2,0,1023,1.0,1.0,0.33,0.58
PF00689,PF08282,40,21,11,29,10,976,0.52,0.96,0.28,0.36,21,11,29,10,976,0.52,0.96,0.28,0.36
PF13323,PF00368,2,8,2,0,6,1018,0.25,0.99,1.0,0.5,8,2,0,6,1018,0.25,0.99,1.0,0.5
PF11272,PF04963,0,2,0,0,2,1024,0.0,1.0,0,0,2,0,0,2,1024,0.0,1.0,0,0
PF05287,PF01500,0,0,0,0,0,1026,0,1.0,0,0,0,0,0,0,1026,0,1.0,0,0
PF03401,PF13247,0,0,0,0,0,1026,0,1.0,0,0,0,0,0,0,1026,0,1.0,0,0
PF10681,PF07544,3,3,0,3,3,1020,0.0,0.99,0.0,-0.0,3,0,3,3,1020,0.0,0.99,0.0,-0.0
PF00252,PF00329,19,6,3,16,3,1004,0.5,0.98,0.16,0.27,6,3,16,3,1004,0.5,0.98,0.16,0.27
PF05953,PF04120,0,1,0,0,1,1025,0.0,1.0,0,0,1,0,0,1,1025,0.0,1.0,0,0
PF05908,PF15052,0,1,0,0,1,1025,0.0,1.0,0,0,1,0,0,1,1025,0.0,1.0,0,0
PF14380,PF08488,5,1,1,4,0,1021,1.0,1.0,0.2,0.45,1,1,4,0,1021,1.0,1.0,0.2,0.45
PF00148,PF08369,3,3,3,0,0,1023,1.0,1.0,1.0,1.0,3,3,0,0,1023,1.0,1.0,1.0,1.0
PF02420,PF02084,0,1,0,0,1,1025,0.0,1.0,0,0,1,0,0,1,1025,0.0,1.0,0,0
PF02611,PF05488,1,0,0,1,0,1025,0,1.0,0.0,0,0,0,1,0,1025,0,1.0,0.0,0
PF01119,PF10699,14,1,1,13,0,1012,1.0,0.99,0.07,0.27,1,1,13,0,1012,1.0,0.99,0.07,0.27
PF10096,PF08545,0,3,0,0,3,1023,0.0,1.0,0,0,3,0,0,3,1023,0.0,1.0,0,0
PF11979,PF11409,2,0,0,2,0,1024,0,1.0,0.0,0,0,0,2,0,1024,0,1.0,0.0,0
PF11071,PF17010,0,0,0,0,0,1026,0,1.0,0,0,0,0,0,0,1026,0,1.0,0,0
PF15270,PF09937,0,0,0,0,0,1026,0,1.0,0,0,0,0,0,0,1026,0,1.0,0,0
PF02568,PF07494,0,1,0,0,1,1025,0.0,1.0,0,0,1,0,0,1,1025,0.0,1.0,0,0
PF03699,PF08681,0,0,0,0,0,1026,0,1.0,0,0,0,0,0,0,1026,0,1.0,0,0
PF02070,PF12153,1,1,0,1,1,1024,0.0,1.0,0.0,-0.0,1,0,1,1,1024,0.0,1.0,0.0,-0.0
PF10236,PF05602,4,8,0,4,8,1014,0.0,0.99,0.0,-0.01,8,0,4,8,1014,0.0,0.99,0.0,-0.01
PF02626,PF02682,8,8,8,0,0,1018,1.0,1.0,1.0,1.0,8,8,0,0,1018,1.0,1.0,1.0,1.0
PF02392,PF03040,5,3,2,3,1,1020,0.67,1.0,0.4,0.51,3,2,3,1,1020,0.67,1.0,0.4,0.51
PF03349,PF05736,0,0,0,0,0,1026,0,1.0,0,0,0,0,0,0,1026,0,1.0,0,0
PF11288,PF00519,0,2,0,0,2,1024,0.0,1.0,0,0,2,0,0,2,1024,0.0,1.0,0,0
PF02995,PF13383,8,5,3,5,2,1016,0.6,0.99,0.38,0.47,5,3,5,2,1016,0.6,0.99,0.38,0.47
PF08922,PF09074,1,1,0,1,1,1024,0.0,1.0,0.0,-0.0,1,0,1,1,1024,0.0,1.0,0.0,-0.0
PF10392,PF08640,5,6,1,4,5,1016,0.17,0.99,0.2,0.18,6,1,4,5,1016,0.17,0.99,0.2,0.18
PF01086,PF08137,4,1,0,4,1,1021,0.0,1.0,0.0,-0.0,1,0,4,1,1021,0.0,1.0,0.0,-0.0
PF12488,PF00796,1,1,0,1,1,1024,0.0,1.0,0.0,-0.0,1,0,1,1,1024,0.0,1.0,0.0,-0.0
PF17175,PF09687,4,0,0,4,0,1022,0,1.0,0.0,0,0,0,4,0,1022,0,1.0,0.0,0
PF14745,PF14744,4,4,4,0,0,1022,1.0,1.0,1.0,1.0,4,4,0,0,1022,1.0,1.0,1.0,1.0
PF01130,PF16969,14,5,3,11,2,1010,0.6,0.99,0.21,0.35,5,3,11,2,1010,0.6,0.99,0.21,0.35
PF08124,PF02278,0,0,0,0,0,1026,0,1.0,0,0,0,0,0,0,1026,0,1.0,0,0
PF04326,PF09848,3,5,0,3,5,1018,0.0,0.99,0.0,-0.0,5,0,3,5,1018,0.0,0.99,0.0,-0.0
PF03998,PF03214,5,4,0,5,4,1017,0.0,0.99,0.0,-0.0,4,0,5,4,1017,0.0,0.99,0.0,-0.0
PF16027,PF15806,0,1,0,0,1,1025,0.0,1.0,0,0,1,0,0,1,1025,0.0,1.0,0,0
PF07794,PF02740,0,2,0,0,2,1024,0.0,1.0,0,0,2,0,0,2,1024,0.0,1.0,0,0
PF05003,PF01343,1,11,0,1,11,1014,0.0,0.99,0.0,-0.0,11,0,1,11,1014,0.0,0.99,0.0,-0.0
PF01754,PF01428,4,15,0,4,15,1007,0.0,0.98,0.0,-0.01,15,0,4,15,1007,0.0,0.98,0.0,-0.01
PF11571,PF10496,2,3,0,2,3,1021,0.0,1.0,0.0,-0.0,3,0,2,3,1021,0.0,1.0,0.0,-0.0
PF01333,PF16639,1,4,1,0,3,1022,0.25,1.0,1.0,0.5,4,1,0,3,1022,0.25,1.0,1.0,0.5
PF00238,PF02284,8,1,0,8,1,1017,0.0,0.99,0.0,-0.0,1,0,8,1,1017,0.0,0.99,0.0,-0.0
PF10360,PF04152,0,8,0,0,8,1018,0.0,0.99,0,0,8,0,0,8,1018,0.0,0.99,0,0
PF14694,PF04412,2,0,0,2,0,1024,0,1.0,0.0,0,0,0,2,0,1024,0,1.0,0.0,0
PF05836,PF15760,1,0,0,1,0,1025,0,1.0,0.0,0,0,0,1,0,1025,0,1.0,0.0,0
PF03872,PF04314,0,0,0,0,0,1026,0,1.0,0,0,0,0,0,0,1026,0,1.0,0,0
PF15167,PF04363,0,0,0,0,0,1026,0,1.0,0,0,0,0,0,0,1026,0,1.0,0,0
PF08748,PF04848,0,2,0,0,2,1024,0.0,1.0,0,0,2,0,0,2,1024,0.0,1.0,0,0
PF13942,PF06451,0,1,0,0,1,1025,0.0,1.0,0,0,1,0,0,1,1025,0.0,1.0,0,0
PF02127,PF14388,7,5,3,4,2,1017,0.6,0.99,0.43,0.5,5,3,4,2,1017,0.6,0.99,0.43,0.5
PF13833,PF13499,36,94,28,8,66,924,0.3,0.93,0.78,0.45,94,28,8,66,924,0.3,0.93,0.78,0.45
PF09026,PF04236,2,1,0,2,1,1023,0.0,1.0,0.0,-0.0,1,0,2,1,1023,0.0,1.0,0.0,-0.0
PF15350,PF14022,0,1,0,0,1,1025,0.0,1.0,0,0,1,0,0,1,1025,0.0,1.0,0,0
PF04999,PF03865,2,0,0,2,0,1024,0,1.0,0.0,0,0,0,2,0,1024,0,1.0,0.0,0
PF00183,PF09239,19,1,0,19,1,1006,0.0,0.98,0.0,-0.0,1,0,19,1,1006,0.0,0.98,0.0,-0.0
PF12590,PF01643,1,1,1,0,0,1025,1.0,1.0,1.0,1.0,1,1,0,0,1025,1.0,1.0,1.0,1.0
PF10370,PF05913,1,1,0,1,1,1024,0.0,1.0,0.0,-0.0,1,0,1,1,1024,0.0,1.0,0.0,-0.0
PF14663,PF14664,8,8,7,1,1,1017,0.88,1.0,0.88,0.87,8,7,1,1,1017,0.88,1.0,0.88,0.87
PF08102,PF13737,0,0,0,0,0,1026,0,1.0,0,0,0,0,0,0,1026,0,1.0,0,0
PF03250,PF10189,5,5,1,4,4,1017,0.2,0.99,0.2,0.2,5,1,4,4,1017,0.2,0.99,0.2,0.2
PF08934,PF01857,1,2,1,0,1,1024,0.5,1.0,1.0,0.71,2,1,0,1,1024,0.5,1.0,1.0,0.71
PF01092,PF10234,8,2,0,8,2,1016,0.0,0.99,0.0,-0.0,2,0,8,2,1016,0.0,0.99,0.0,-0.0
PF02924,PF05309,0,1,0,0,1,1025,0.0,1.0,0,0,1,0,0,1,1025,0.0,1.0,0,0
PF10290,PF10287,1,1,1,0,0,1025,1.0,1.0,1.0,1.0,1,1,0,0,1025,1.0,1.0,1.0,1.0
PF09874,PF06007,1,1,0,1,1,1024,0.0,1.0,0.0,-0.0,1,0,1,1,1024,0.0,1.0,0.0,-0.0
PF03006,PF04178,13,11,4,9,7,1006,0.36,0.98,0.31,0.33,11,4,9,7,1006,0.36,0.98,0.31,0.33
PF07759,PF00040,0,10,0,0,10,1016,0.0,0.99,0,0,10,0,0,10,1016,0.0,0.99,0,0
PF09281,PF06394,2,3,0,2,3,1021,0.0,1.0,0.0,-0.0,3,0,2,3,1021,0.0,1.0,0.0,-0.0
PF07386,PF06581,4,1,0,4,1,1021,0.0,1.0,0.0,-0.0,1,0,4,1,1021,0.0,1.0,0.0,-0.0
PF02879,PF02880,19,19,18,1,1,1006,0.95,1.0,0.95,0.95,19,18,1,1,1006,0.95,1.0,0.95,0.95
PF09806,PF15352,2,3,0,2,3,1021,0.0,1.0,0.0,-0.0,3,0,2,3,1021,0.0,1.0,0.0,-0.0
PF00749,PF03950,30,18,18,12,0,996,1.0,0.99,0.6,0.77,18,18,12,0,996,1.0,0.99,0.6,0.77
PF13184,PF08529,3,3,3,0,0,1023,1.0,1.0,1.0,1.0,3,3,0,0,1023,1.0,1.0,1.0,1.0
PF10988,PF13722,0,1,0,0,1,1025,0.0,1.0,0,0,1,0,0,1,1025,0.0,1.0,0,0
PF04303,PF03972,5,3,2,3,1,1020,0.67,1.0,0.4,0.51,3,2,3,1,1020,0.67,1.0,0.4,0.51
PF13751,PF05947,1,0,0,1,0,1025,0,1.0,0.0,0,0,0,1,0,1025,0,1.0,0.0,0
PF11750,PF12996,0,0,0,0,0,1026,0,1.0,0,0,0,0,0,0,1026,0,1.0,0,0
PF07898,PF15013,1,1,0,1,1,1024,0.0,1.0,0.0,-0.0,1,0,1,1,1024,0.0,1.0,0.0,-0.0
PF04976,PF05018,1,6,0,1,6,1019,0.0,0.99,0.0,-0.0,6,0,1,6,1019,0.0,0.99,0.0,-0.0
PF06108,PF06912,5,3,0,5,3,1018,0.0,0.99,0.0,-0.0,3,0,5,3,1018,0.0,0.99,0.0,-0.0
PF11354,PF05613,0,0,0,0,0,1026,0,1.0,0,0,0,0,0,0,1026,0,1.0,0,0
PF15419,PF13441,0,0,0,0,0,1026,0,1.0,0,0,0,0,0,0,1026,0,1.0,0,0
PF08572,PF06544,4,9,4,0,5,1017,0.44,1.0,1.0,0.67,9,4,0,5,1017,0.44,1.0,1.0,0.67
PF07963,PF00482,5,3,3,2,0,1021,1.0,1.0,0.6,0.77,3,3,2,0,1021,1.0,1.0,0.6,0.77
PF08207,PF09285,8,5,5,3,0,1018,1.0,1.0,0.62,0.79,5,5,3,0,1018,1.0,1.0,0.62,0.79
PF01696,PF13005,0,0,0,0,0,1026,0,1.0,0,0,0,0,0,0,1026,0,1.0,0,0
PF01845,PF03460,1,6,0,1,6,1019,0.0,0.99,0.0,-0.0,6,0,1,6,1019,0.0,0.99,0.0,-0.0
PF15820,PF15990,0,2,0,0,2,1024,0.0,1.0,0,0,2,0,0,2,1024,0.0,1.0,0,0
PF12716,PF06912,0,3,0,0,3,1023,0.0,1.0,0,0,3,0,0,3,1023,0.0,1.0,0,0
PF12147,PF10971,1,1,1,0,0,1025,1.0,1.0,1.0,1.0,1,1,0,0,1025,1.0,1.0,1.0,1.0
PF12161,PF13588,1,2,1,0,1,1024,0.5,1.0,1.0,0.71,2,1,0,1,1024,0.5,1.0,1.0,0.71
PF12580,PF12583,6,4,4,2,0,1020,1.0,1.0,0.67,0.82,4,4,2,0,1020,1.0,1.0,0.67,0.82
PF06693,PF09296,0,3,0,0,3,1023,0.0,1.0,0,0,3,0,0,3,1023,0.0,1.0,0,0
PF07505,PF03428,0,0,0,0,0,1026,0,1.0,0,0,0,0,0,0,1026,0,1.0,0,0
PF11688,PF05757,0,2,0,0,2,1024,0.0,1.0,0,0,2,0,0,2,1024,0.0,1.0,0,0
PF08243,PF12169,7,0,0,7,0,1019,0,0.99,0.0,0,0,0,7,0,1019,0,0.99,0.0,0
PF05493,PF00543,6,1,0,6,1,1019,0.0,0.99,0.0,-0.0,1,0,6,1,1019,0.0,0.99,0.0,-0.0
PF00860,PF04724,24,4,2,22,2,1000,0.5,0.98,0.08,0.2,4,2,22,2,1000,0.5,0.98,0.08,0.2
PF16363,PF04321,17,7,4,13,3,1006,0.57,0.98,0.24,0.36,7,4,13,3,1006,0.57,0.98,0.24,0.36
PF06418,PF00697,14,2,1,13,1,1011,0.5,0.99,0.07,0.19,2,1,13,1,1011,0.5,0.99,0.07,0.19
PF06174,PF00736,0,18,0,0,18,1008,0.0,0.98,0,0,18,0,0,18,1008,0.0,0.98,0,0
PF03568,PF08638,10,5,1,9,4,1012,0.2,0.99,0.1,0.14,5,1,9,4,1012,0.2,0.99,0.1,0.14
PF04526,PF03188,3,25,2,1,23,1000,0.08,0.98,0.67,0.23,25,2,1,23,1000,0.08,0.98,0.67,0.23
PF12793,PF05710,0,0,0,0,0,1026,0,1.0,0,0,0,0,0,0,1026,0,1.0,0,0
PF06763,PF11924,0,1,0,0,1,1025,0.0,1.0,0,0,1,0,0,1,1025,0.0,1.0,0,0
PF16090,PF09667,4,0,0,4,0,1022,0,1.0,0.0,0,0,0,4,0,1022,0,1.0,0.0,0
PF15612,PF02791,13,15,10,3,5,1008,0.67,0.99,0.77,0.71,15,10,3,5,1008,0.67,0.99,0.77,0.71
PF01918,PF02704,10,3,1,9,2,1014,0.33,0.99,0.1,0.18,3,1,9,2,1014,0.33,0.99,0.1,0.18
PF06218,PF06699,6,8,2,4,6,1014,0.25,0.99,0.33,0.28,8,2,4,6,1014,0.25,0.99,0.33,0.28
PF09013,PF07334,3,1,0,3,1,1022,0.0,1.0,0.0,-0.0,1,0,3,1,1022,0.0,1.0,0.0,-0.0
PF07017,PF04465,0,0,0,0,0,1026,0,1.0,0,0,0,0,0,0,1026,0,1.0,0,0
PF16669,PF07721,2,3,0,2,3,1021,0.0,1.0,0.0,-0.0,3,0,2,3,1021,0.0,1.0,0.0,-0.0
PF14558,PF11597,5,2,1,4,1,1020,0.5,1.0,0.2,0.31,2,1,4,1,1020,0.5,1.0,0.2,0.31
PF16740,PF11703,2,0,0,2,0,1024,0,1.0,0.0,0,0,0,2,0,1024,0,1.0,0.0,0
PF04301,PF05518,0,0,0,0,0,1026,0,1.0,0,0,0,0,0,0,1026,0,1.0,0,0
PF07559,PF03963,1,1,1,0,0,1025,1.0,1.0,1.0,1.0,1,1,0,0,1025,1.0,1.0,1.0,1.0
PF11338,PF09510,3,1,0,3,1,1022,0.0,1.0,0.0,-0.0,1,0,3,1,1022,0.0,1.0,0.0,-0.0
PF17198,PF09367,0,1,0,0,1,1025,0.0,1.0,0,0,1,0,0,1,1025,0.0,1.0,0,0
PF08375,PF09440,6,1,0,6,1,1019,0.0,0.99,0.0,-0.0,1,0,6,1,1019,0.0,0.99,0.0,-0.0
PF08728,PF00649,4,2,1,3,1,1021,0.5,1.0,0.25,0.35,2,1,3,1,1021,0.5,1.0,0.25,0.35
PF09165,PF08802,2,1,1,1,0,1024,1.0,1.0,0.5,0.71,1,1,1,0,1024,1.0,1.0,0.5,0.71
PF01351,PF10498,13,2,1,12,1,1012,0.5,0.99,0.08,0.19,2,1,12,1,1012,0.5,0.99,0.08,0.19
PF17122,PF12451,4,6,4,0,2,1020,0.67,1.0,1.0,0.82,6,4,0,2,1020,0.67,1.0,1.0,0.82
PF12855,PF07051,1,1,0,1,1,1024,0.0,1.0,0.0,-0.0,1,0,1,1,1024,0.0,1.0,0.0,-0.0
PF09285,PF01132,5,5,5,0,0,1021,1.0,1.0,1.0,1.0,5,5,0,0,1021,1.0,1.0,1.0,1.0
PF01842,PF00351,16,12,6,10,6,1004,0.5,0.98,0.38,0.43,12,6,10,6,1004,0.5,0.98,0.38,0.43
PF05153,PF05995,5,7,1,4,6,1015,0.14,0.99,0.2,0.16,7,1,4,6,1015,0.14,0.99,0.2,0.16
PF00443,PF06337,70,9,8,62,1,955,0.89,0.94,0.11,0.31,9,8,62,1,955,0.89,0.94,0.11,0.31
PF15334,PF15770,0,0,0,0,0,1026,0,1.0,0,0,0,0,0,0,1026,0,1.0,0,0
PF08407,PF15489,5,1,0,5,1,1020,0.0,0.99,0.0,-0.0,1,0,5,1,1020,0.0,0.99,0.0,-0.0
PF06367,PF06371,20,20,20,0,0,1006,1.0,1.0,1.0,1.0,20,20,0,0,1006,1.0,1.0,1.0,1.0
PF10442,PF12014,0,0,0,0,0,1026,0,1.0,0,0,0,0,0,0,1026,0,1.0,0,0
PF09003,PF13356,2,4,2,0,2,1022,0.5,1.0,1.0,0.71,4,2,0,2,1022,0.5,1.0,1.0,0.71
PF12867,PF10017,5,3,3,2,0,1021,1.0,1.0,0.6,0.77,3,3,2,0,1021,1.0,1.0,0.6,0.77
PF10685,PF16871,1,0,0,1,0,1025,0,1.0,0.0,0,0,0,1,0,1025,0,1.0,0.0,0
PF01306,PF01292,1,2,0,1,2,1023,0.0,1.0,0.0,-0.0,2,0,1,2,1023,0.0,1.0,0.0,-0.0
PF03063,PF01402,1,1,0,1,1,1024,0.0,1.0,0.0,-0.0,1,0,1,1,1024,0.0,1.0,0.0,-0.0
PF08695,PF08641,3,2,0,3,2,1021,0.0,1.0,0.0,-0.0,2,0,3,2,1021,0.0,1.0,0.0,-0.0
PF13390,PF09829,0,0,0,0,0,1026,0,1.0,0,0,0,0,0,0,1026,0,1.0,0,0
PF07531,PF08729,9,3,1,8,2,1015,0.33,0.99,0.11,0.19,3,1,8,2,1015,0.33,0.99,0.11,0.19
PF01030,PF00757,9,9,7,2,2,1015,0.78,1.0,0.78,0.78,9,7,2,2,1015,0.78,1.0,0.78,0.78
PF08075,PF10443,6,2,1,5,1,1019,0.5,0.99,0.17,0.29,2,1,5,1,1019,0.5,0.99,0.17,0.29
PF10571,PF12049,0,0,0,0,0,1026,0,1.0,0,0,0,0,0,0,1026,0,1.0,0,0
PF17045,PF09762,0,1,0,0,1,1025,0.0,1.0,0,0,1,0,0,1,1025,0.0,1.0,0,0
PF05127,PF13718,8,7,7,1,0,1018,1.0,1.0,0.88,0.93,7,7,1,0,1018,1.0,1.0,0.88,0.93
PF06974,PF03007,3,4,2,1,2,1021,0.5,1.0,0.67,0.58,4,2,1,2,1021,0.5,1.0,0.67,0.58
PF08019,PF12411,4,1,1,3,0,1022,1.0,1.0,0.25,0.5,1,1,3,0,1022,1.0,1.0,0.25,0.5
PF06364,PF02952,3,1,0,3,1,1022,0.0,1.0,0.0,-0.0,1,0,3,1,1022,0.0,1.0,0.0,-0.0
PF04551,PF02901,2,2,1,1,1,1023,0.5,1.0,0.5,0.5,2,1,1,1,1023,0.5,1.0,0.5,0.5
PF17213,PF12297,1,1,0,1,1,1024,0.0,1.0,0.0,-0.0,1,0,1,1,1024,0.0,1.0,0.0,-0.0
PF03916,PF13689,0,0,0,0,0,1026,0,1.0,0,0,0,0,0,0,1026,0,1.0,0,0
PF08799,PF08145,11,4,0,11,4,1011,0.0,0.99,0.0,-0.01,4,0,11,4,1011,0.0,0.99,0.0,-0.01
PF15719,PF11029,0,2,0,0,2,1024,0.0,1.0,0,0,2,0,0,2,1024,0.0,1.0,0,0
PF08941,PF06803,5,3,0,5,3,1018,0.0,0.99,0.0,-0.0,3,0,5,3,1018,0.0,0.99,0.0,-0.0
PF04942,PF01549,3,28,1,2,27,996,0.04,0.97,0.33,0.1,28,1,2,27,996,0.04,0.97,0.33,0.1
PF09510,PF08795,1,0,0,1,0,1025,0,1.0,0.0,0,0,0,1,0,1025,0,1.0,0.0,0
PF05743,PF09454,7,6,6,1,0,1019,1.0,1.0,0.86,0.93,6,6,1,0,1019,1.0,1.0,0.86,0.93
PF02251,PF02252,3,4,3,0,1,1022,0.75,1.0,1.0,0.87,4,3,0,1,1022,0.75,1.0,1.0,0.87
PF10253,PF11510,1,2,0,1,2,1023,0.0,1.0,0.0,-0.0,2,0,1,2,1023,0.0,1.0,0.0,-0.0
PF15318,PF16840,0,0,0,0,0,1026,0,1.0,0,0,0,0,0,0,1026,0,1.0,0,0
PF13293,PF04617,0,1,0,0,1,1025,0.0,1.0,0,0,1,0,0,1,1025,0.0,1.0,0,0
PF01272,PF06429,11,1,0,11,1,1014,0.0,0.99,0.0,-0.0,1,0,11,1,1014,0.0,0.99,0.0,-0.0
PF01486,PF12347,4,0,0,4,0,1022,0,1.0,0.0,0,0,0,4,0,1022,0,1.0,0.0,0
PF01809,PF15550,0,2,0,0,2,1024,0.0,1.0,0,0,2,0,0,2,1024,0.0,1.0,0,0
PF00384,PF09326,9,4,3,6,1,1016,0.75,0.99,0.33,0.5,4,3,6,1,1016,0.75,0.99,0.33,0.5
PF05017,PF02057,0,1,0,0,1,1025,0.0,1.0,0,0,1,0,0,1,1025,0.0,1.0,0,0
PF05784,PF12896,1,9,0,1,9,1016,0.0,0.99,0.0,-0.0,9,0,1,9,1016,0.0,0.99,0.0,-0.0
PF05573,PF11775,1,0,0,1,0,1025,0,1.0,0.0,0,0,0,1,0,1025,0,1.0,0.0,0
PF13627,PF09257,0,0,0,0,0,1026,0,1.0,0,0,0,0,0,0,1026,0,1.0,0,0
PF10620,PF01411,0,21,0,0,21,1005,0.0,0.98,0,0,21,0,0,21,1005,0.0,0.98,0,0
PF02727,PF02728,7,7,5,2,2,1017,0.71,1.0,0.71,0.71,7,5,2,2,1017,0.71,1.0,0.71,0.71
PF01220,PF06070,1,0,0,1,0,1025,0,1.0,0.0,0,0,0,1,0,1025,0,1.0,0.0,0
PF16824,PF16822,0,0,0,0,0,1026,0,1.0,0,0,0,0,0,0,1026,0,1.0,0,0
PF09669,PF01312,0,2,0,0,2,1024,0.0,1.0,0,0,2,0,0,2,1024,0.0,1.0,0,0
PF09688,PF02427,0,1,0,0,1,1025,0.0,1.0,0,0,1,0,0,1,1025,0.0,1.0,0,0
PF08008,PF02217,0,1,0,0,1,1025,0.0,1.0,0,0,1,0,0,1,1025,0.0,1.0,0,0
PF05985,PF03900,1,13,0,1,13,1012,0.0,0.99,0.0,-0.0,13,0,1,13,1012,0.0,0.99,0.0,-0.0
PF06044,PF12299,0,0,0,0,0,1026,0,1.0,0,0,0,0,0,0,1026,0,1.0,0,0
PF02966,PF11221,5,3,1,4,2,1019,0.33,0.99,0.2,0.26,3,1,4,2,1019,0.33,0.99,0.2,0.26
PF16471,PF04388,2,2,0,2,2,1022,0.0,1.0,0.0,-0.0,2,0,2,2,1022,0.0,1.0,0.0,-0.0
PF00302,PF00566,0,65,0,0,65,961,0.0,0.94,0,0,65,0,0,65,961,0.0,0.94,0,0
PF00107,PF08240,57,63,47,10,16,953,0.75,0.97,0.82,0.77,63,47,10,16,953,0.75,0.97,0.82,0.77
PF10542,PF00127,0,2,0,0,2,1024,0.0,1.0,0,0,2,0,0,2,1024,0.0,1.0,0,0
PF03913,PF13629,0,2,0,0,2,1024,0.0,1.0,0,0,2,0,0,2,1024,0.0,1.0,0,0
PF10280,PF01279,3,1,0,3,1,1022,0.0,1.0,0.0,-0.0,1,0,3,1,1022,0.0,1.0,0.0,-0.0
PF09311,PF03528,1,1,1,0,0,1025,1.0,1.0,1.0,1.0,1,1,0,0,1025,1.0,1.0,1.0,1.0
PF04402,PF00727,3,1,0,3,1,1022,0.0,1.0,0.0,-0.0,1,0,3,1,1022,0.0,1.0,0.0,-0.0
PF15621,PF04370,0,0,0,0,0,1026,0,1.0,0,0,0,0,0,0,1026,0,1.0,0,0
PF05923,PF05924,4,2,2,2,0,1022,1.0,1.0,0.5,0.71,2,2,2,0,1022,1.0,1.0,0.5,0.71
PF09717,PF09285,2,5,0,2,5,1019,0.0,0.99,0.0,-0.0,5,0,2,5,1019,0.0,0.99,0.0,-0.0
PF02417,PF05422,5,1,0,5,1,1020,0.0,0.99,0.0,-0.0,1,0,5,1,1020,0.0,0.99,0.0,-0.0
PF03405,PF05910,3,5,1,2,4,1019,0.2,0.99,0.33,0.26,5,1,2,4,1019,0.2,0.99,0.33,0.26
PF02811,PF09587,3,3,0,3,3,1020,0.0,0.99,0.0,-0.0,3,0,3,3,1020,0.0,0.99,0.0,-0.0
PF13846,PF12449,2,4,0,2,4,1020,0.0,0.99,0.0,-0.0,4,0,2,4,1020,0.0,0.99,0.0,-0.0
PF00852,PF17039,20,11,11,9,0,1006,1.0,0.99,0.55,0.74,11,11,9,0,1006,1.0,0.99,0.55,0.74
PF14257,PF14985,0,1,0,0,1,1025,0.0,1.0,0,0,1,0,0,1,1025,0.0,1.0,0,0
PF16654,PF11697,0,0,0,0,0,1026,0,1.0,0,0,0,0,0,0,1026,0,1.0,0,0
PF00156,PF00215,18,17,8,10,9,999,0.47,0.98,0.44,0.45,17,8,10,9,999,0.47,0.98,0.44,0.45
PF01015,PF16054,7,2,0,7,2,1017,0.0,0.99,0.0,-0.0,2,0,7,2,1017,0.0,0.99,0.0,-0.0
PF13825,PF16500,0,2,0,0,2,1024,0.0,1.0,0,0,2,0,0,2,1024,0.0,1.0,0,0
PF08225,PF08187,1,1,0,1,1,1024,0.0,1.0,0.0,-0.0,1,0,1,1,1024,0.0,1.0,0.0,-0.0
PF01743,PF01144,9,8,1,8,7,1010,0.12,0.99,0.11,0.11,8,1,8,7,1010,0.12,0.99,0.11,0.11
PF15952,PF08730,2,0,0,2,0,1024,0,1.0,0.0,0,0,0,2,0,1024,0,1.0,0.0,0
PF01369,PF12783,22,17,13,9,4,1000,0.76,0.99,0.59,0.67,17,13,9,4,1000,0.76,0.99,0.59,0.67
PF08313,PF03110,7,0,0,7,0,1019,0,0.99,0.0,0,0,0,7,0,1019,0,0.99,0.0,0
PF03264,PF02217,0,1,0,0,1,1025,0.0,1.0,0,0,1,0,0,1,1025,0.0,1.0,0,0
PF00118,PF10247,42,3,2,40,1,983,0.67,0.96,0.05,0.17,3,2,40,1,983,0.67,0.96,0.05,0.17
PF10117,PF17164,0,0,0,0,0,1026,0,1.0,0,0,0,0,0,0,1026,0,1.0,0,0
PF13090,PF02503,1,1,1,0,0,1025,1.0,1.0,1.0,1.0,1,1,0,0,1025,1.0,1.0,1.0,1.0
PF04404,PF11863,0,1,0,0,1,1025,0.0,1.0,0,0,1,0,0,1,1025,0.0,1.0,0,0
PF00799,PF08283,1,1,1,0,0,1025,1.0,1.0,1.0,1.0,1,1,0,0,1025,1.0,1.0,1.0,1.0
PF13757,PF15057,0,11,0,0,11,1015,0.0,0.99,0,0,11,0,0,11,1015,0.0,0.99,0,0
PF04665,PF10544,0,4,0,0,4,1022,0.0,1.0,0,0,4,0,0,4,1022,0.0,1.0,0,0
PF14161,PF02805,1,2,0,1,2,1023,0.0,1.0,0.0,-0.0,2,0,1,2,1023,0.0,1.0,0.0,-0.0
PF03762,PF14200,2,3,1,1,2,1022,0.33,1.0,0.5,0.41,3,1,1,2,1022,0.33,1.0,0.5,0.41
PF00807,PF09051,0,0,0,0,0,1026,0,1.0,0,0,0,0,0,0,1026,0,1.0,0,0
PF08736,PF04382,11,3,3,8,0,1015,1.0,0.99,0.27,0.52,3,3,8,0,1015,1.0,0.99,0.27,0.52
PF10545,PF02944,25,5,5,20,0,1001,1.0,0.98,0.2,0.44,5,5,20,0,1001,1.0,0.98,0.2,0.44
PF10217,PF07052,3,5,0,3,5,1018,0.0,0.99,0.0,-0.0,5,0,3,5,1018,0.0,0.99,0.0,-0.0
PF08953,PF09453,6,8,1,5,7,1013,0.12,0.99,0.17,0.14,8,1,5,7,1013,0.12,0.99,0.17,0.14
PF03325,PF15909,1,0,0,1,0,1025,0,1.0,0.0,0,0,0,1,0,1025,0,1.0,0.0,0
PF10108,PF08496,1,2,1,0,1,1024,0.5,1.0,1.0,0.71,2,1,0,1,1024,0.5,1.0,1.0,0.71
PF06775,PF07798,11,4,2,9,2,1013,0.5,0.99,0.18,0.3,4,2,9,2,1013,0.5,0.99,0.18,0.3
PF17058,PF01077,0,6,0,0,6,1020,0.0,0.99,0,0,6,0,0,6,1020,0.0,0.99,0,0
PF08552,PF04934,3,9,1,2,8,1015,0.11,0.99,0.33,0.19,9,1,2,8,1015,0.11,0.99,0.33,0.19
PF01201,PF06658,9,1,0,9,1,1016,0.0,0.99,0.0,-0.0,1,0,9,1,1016,0.0,0.99,0.0,-0.0
PF06250,PF12161,1,1,1,0,0,1025,1.0,1.0,1.0,1.0,1,1,0,0,1025,1.0,1.0,1.0,1.0
PF12761,PF16880,6,7,2,4,5,1015,0.29,0.99,0.33,0.3,7,2,4,5,1015,0.29,0.99,0.33,0.3
PF08840,PF04775,2,3,2,0,1,1023,0.67,1.0,1.0,0.82,3,2,0,1,1023,0.67,1.0,1.0,0.82
PF01180,PF16020,14,2,1,13,1,1011,0.5,0.99,0.07,0.19,2,1,13,1,1011,0.5,0.99,0.07,0.19
PF03932,PF06172,16,2,0,16,2,1008,0.0,0.98,0.0,-0.01,2,0,16,2,1008,0.0,0.98,0.0,-0.01
PF08818,PF02369,0,0,0,0,0,1026,0,1.0,0,0,0,0,0,0,1026,0,1.0,0,0
PF06167,PF13986,2,2,2,0,0,1024,1.0,1.0,1.0,1.0,2,2,0,0,1024,1.0,1.0,1.0,1.0
PF12392,PF01514,1,2,0,1,2,1023,0.0,1.0,0.0,-0.0,2,0,1,2,1023,0.0,1.0,0.0,-0.0
PF07773,PF07162,12,10,3,9,7,1007,0.3,0.98,0.25,0.27,10,3,9,7,1007,0.3,0.98,0.25,0.27
PF05207,PF14901,13,2,1,12,1,1012,0.5,0.99,0.08,0.19,2,1,12,1,1012,0.5,0.99,0.08,0.19
PF03186,PF06725,1,1,0,1,1,1024,0.0,1.0,0.0,-0.0,1,0,1,1,1024,0.0,1.0,0.0,-0.0
PF16062,PF00821,1,1,0,1,1,1024,0.0,1.0,0.0,-0.0,1,0,1,1,1024,0.0,1.0,0.0,-0.0
PF01313,PF00813,1,1,1,0,0,1025,1.0,1.0,1.0,1.0,1,1,0,0,1025,1.0,1.0,1.0,1.0
PF05705,PF14388,7,5,3,4,2,1017,0.6,0.99,0.43,0.5,5,3,4,2,1017,0.6,0.99,0.43,0.5
PF06013,PF14985,0,1,0,0,1,1025,0.0,1.0,0,0,1,0,0,1,1025,0.0,1.0,0,0
PF17013,PF04370,0,0,0,0,0,1026,0,1.0,0,0,0,0,0,0,1026,0,1.0,0,0
PF01296,PF06540,0,0,0,0,0,1026,0,1.0,0,0,0,0,0,0,1026,0,1.0,0,0
PF15053,PF11017,0,1,0,0,1,1025,0.0,1.0,0,0,1,0,0,1,1025,0.0,1.0,0,0
PF11467,PF10513,4,16,2,2,14,1008,0.12,0.98,0.5,0.24,16,2,2,14,1008,0.12,0.98,0.5,0.24
PF12347,PF01486,0,4,0,0,4,1022,0.0,1.0,0,0,4,0,0,4,1022,0.0,1.0,0,0
PF11807,PF04199,8,13,3,5,10,1008,0.23,0.99,0.38,0.29,13,3,5,10,1008,0.23,0.99,0.38,0.29
PF12877,PF16019,2,2,0,2,2,1022,0.0,1.0,0.0,-0.0,2,0,2,2,1022,0.0,1.0,0.0,-0.0
PF03416,PF04831,16,1,0,16,1,1009,0.0,0.98,0.0,-0.0,1,0,16,1,1009,0.0,0.98,0.0,-0.0
PF03222,PF14159,2,0,0,2,0,1024,0,1.0,0.0,0,0,0,2,0,1024,0,1.0,0.0,0
PF10045,PF08744,0,0,0,0,0,1026,0,1.0,0,0,0,0,0,0,1026,0,1.0,0,0
PF06462,PF06398,8,8,2,6,6,1012,0.25,0.99,0.25,0.24,8,2,6,6,1012,0.25,0.99,0.25,0.24
PF15186,PF03548,0,0,0,0,0,1026,0,1.0,0,0,0,0,0,0,1026,0,1.0,0,0
PF01936,PF14418,5,0,0,5,0,1021,0,1.0,0.0,0,0,0,5,0,1021,0,1.0,0.0,0
PF16983,PF02219,2,9,1,1,8,1016,0.11,0.99,0.5,0.23,9,1,1,8,1016,0.11,0.99,0.5,0.23
PF14392,PF14111,12,31,10,2,21,993,0.32,0.98,0.83,0.51,31,10,2,21,993,0.32,0.98,0.83,0.51
PF12138,PF09117,3,2,0,3,2,1021,0.0,1.0,0.0,-0.0,2,0,3,2,1021,0.0,1.0,0.0,-0.0
PF08766,PF02229,15,6,1,14,5,1006,0.17,0.98,0.07,0.1,6,1,14,5,1006,0.17,0.98,0.07,0.1
PF03166,PF00859,11,2,1,10,1,1014,0.5,0.99,0.09,0.21,2,1,10,1,1014,0.5,0.99,0.09,0.21
PF13202,PF13833,43,36,23,20,13,970,0.64,0.97,0.53,0.57,36,23,20,13,970,0.64,0.97,0.53,0.57
PF10348,PF10355,6,4,4,2,0,1020,1.0,1.0,0.67,0.82,4,4,2,0,1020,1.0,1.0,0.67,0.82
PF08091,PF11312,1,1,0,1,1,1024,0.0,1.0,0.0,-0.0,1,0,1,1,1024,0.0,1.0,0.0,-0.0
PF05093,PF12589,8,5,1,7,4,1014,0.2,0.99,0.12,0.15,5,1,7,4,1014,0.2,0.99,0.12,0.15
PF15121,PF15762,2,0,0,2,0,1024,0,1.0,0.0,0,0,0,2,0,1024,0,1.0,0.0,0
PF08531,PF05592,6,10,6,0,4,1016,0.6,1.0,1.0,0.77,10,6,0,4,1016,0.6,1.0,1.0,0.77
PF04116,PF04765,23,8,3,20,5,998,0.38,0.98,0.13,0.21,8,3,20,5,998,0.38,0.98,0.13,0.21
PF07057,PF08291,1,0,0,1,0,1025,0,1.0,0.0,0,0,0,1,0,1025,0,1.0,0.0,0
PF09531,PF07574,6,10,0,6,10,1010,0.0,0.98,0.0,-0.01,10,0,6,10,1010,0.0,0.98,0.0,-0.01
PF02730,PF07411,1,0,0,1,0,1025,0,1.0,0.0,0,0,0,1,0,1025,0,1.0,0.0,0
PF13367,PF11341,1,1,1,0,0,1025,1.0,1.0,1.0,1.0,1,1,0,0,1025,1.0,1.0,1.0,1.0
PF09299,PF14659,1,2,1,0,1,1024,0.5,1.0,1.0,0.71,2,1,0,1,1024,0.5,1.0,1.0,0.71
PF14432,PF03178,31,7,4,27,3,992,0.57,0.97,0.13,0.26,7,4,27,3,992,0.57,0.97,0.13,0.26
PF04221,PF04170,1,0,0,1,0,1025,0,1.0,0.0,0,0,0,1,0,1025,0,1.0,0.0,0
PF10313,PF08145,2,4,0,2,4,1020,0.0,0.99,0.0,-0.0,4,0,2,4,1020,0.0,0.99,0.0,-0.0
PF06920,PF14429,9,11,6,3,5,1012,0.55,0.99,0.67,0.6,11,6,3,5,1012,0.55,0.99,0.67,0.6
PF01753,PF09273,34,9,4,30,5,987,0.44,0.97,0.12,0.22,9,4,30,5,987,0.44,0.97,0.12,0.22
PF16130,PF17070,0,0,0,0,0,1026,0,1.0,0,0,0,0,0,0,1026,0,1.0,0,0
PF09055,PF16843,0,0,0,0,0,1026,0,1.0,0,0,0,0,0,0,1026,0,1.0,0,0
PF01900,PF01680,7,8,1,6,7,1012,0.12,0.99,0.14,0.13,8,1,6,7,1012,0.12,0.99,0.14,0.13
PF05239,PF03468,3,3,0,3,3,1020,0.0,0.99,0.0,-0.0,3,0,3,3,1020,0.0,0.99,0.0,-0.0
PF12095,PF08843,2,0,0,2,0,1024,0,1.0,0.0,0,0,0,2,0,1024,0,1.0,0.0,0
PF04420,PF09749,7,5,2,5,3,1016,0.4,0.99,0.29,0.33,5,2,5,3,1016,0.4,0.99,0.29,0.33
PF16030,PF12032,5,8,2,3,6,1015,0.25,0.99,0.4,0.31,8,2,3,6,1015,0.25,0.99,0.4,0.31
PF16579,PF08332,7,4,2,5,2,1017,0.5,0.99,0.29,0.37,4,2,5,2,1017,0.5,0.99,0.29,0.37
PF03739,PF17193,4,0,0,4,0,1022,0,1.0,0.0,0,0,0,4,0,1022,0,1.0,0.0,0
PF10705,PF10868,0,1,0,0,1,1025,0.0,1.0,0,0,1,0,0,1,1025,0.0,1.0,0,0
PF11291,PF10375,0,0,0,0,0,1026,0,1.0,0,0,0,0,0,0,1026,0,1.0,0,0
PF04144,PF00992,7,2,1,6,1,1018,0.5,0.99,0.14,0.26,2,1,6,1,1018,0.5,0.99,0.14,0.26
PF00724,PF00756,16,12,7,9,5,1005,0.58,0.99,0.44,0.5,12,7,9,5,1005,0.58,0.99,0.44,0.5
PF00634,PF09169,2,3,2,0,1,1023,0.67,1.0,1.0,0.82,3,2,0,1,1023,0.67,1.0,1.0,0.82
PF14382,PF14875,7,1,1,6,0,1019,1.0,0.99,0.14,0.38,1,1,6,0,1019,1.0,0.99,0.14,0.38
PF02448,PF15559,0,1,0,0,1,1025,0.0,1.0,0,0,1,0,0,1,1025,0.0,1.0,0,0
PF12509,PF11261,4,3,0,4,3,1019,0.0,0.99,0.0,-0.0,3,0,4,3,1019,0.0,0.99,0.0,-0.0
PF01137,PF05189,9,4,1,8,3,1014,0.25,0.99,0.11,0.16,4,1,8,3,1014,0.25,0.99,0.11,0.16
PF02290,PF07911,7,3,0,7,3,1016,0.0,0.99,0.0,-0.0,3,0,7,3,1016,0.0,0.99,0.0,-0.0
PF14312,PF03382,3,2,0,3,2,1021,0.0,1.0,0.0,-0.0,2,0,3,2,1021,0.0,1.0,0.0,-0.0
PF10303,PF09810,3,3,1,2,2,1021,0.33,1.0,0.33,0.33,3,1,2,2,1021,0.33,1.0,0.33,0.33
PF10780,PF01097,0,3,0,0,3,1023,0.0,1.0,0,0,3,0,0,3,1023,0.0,1.0,0,0
PF01490,PF00657,43,22,12,31,10,973,0.55,0.96,0.28,0.37,22,12,31,10,973,0.55,0.96,0.28,0.37
PF07817,PF11527,2,4,0,2,4,1020,0.0,0.99,0.0,-0.0,4,0,2,4,1020,0.0,0.99,0.0,-0.0
PF14200,PF03762,3,2,1,2,1,1022,0.5,1.0,0.33,0.41,2,1,2,1,1022,0.5,1.0,0.33,0.41
PF16889,PF10566,0,0,0,0,0,1026,0,1.0,0,0,0,0,0,0,1026,0,1.0,0,0
PF11591,PF03475,0,1,0,0,1,1025,0.0,1.0,0,0,1,0,0,1,1025,0.0,1.0,0,0
PF14811,PF01160,2,3,0,2,3,1021,0.0,1.0,0.0,-0.0,3,0,2,3,1021,0.0,1.0,0.0,-0.0
PF07418,PF07333,0,0,0,0,0,1026,0,1.0,0,0,0,0,0,0,1026,0,1.0,0,0
PF15764,PF15553,0,0,0,0,0,1026,0,1.0,0,0,0,0,0,0,1026,0,1.0,0,0
PF07238,PF06761,1,0,0,1,0,1025,0,1.0,0.0,0,0,0,1,0,1025,0,1.0,0.0,0
PF00794,PF00792,9,10,7,2,3,1014,0.7,1.0,0.78,0.74,10,7,2,3,1014,0.7,1.0,0.78,0.74
PF04692,PF14554,0,0,0,0,0,1026,0,1.0,0,0,0,0,0,0,1026,0,1.0,0,0
PF07312,PF09614,0,0,0,0,0,1026,0,1.0,0,0,0,0,0,0,1026,0,1.0,0,0
PF13012,PF12134,13,8,2,11,6,1007,0.25,0.98,0.15,0.19,8,2,11,6,1007,0.25,0.98,0.15,0.19
PF14759,PF14962,3,1,1,2,0,1023,1.0,1.0,0.33,0.58,1,1,2,0,1023,1.0,1.0,0.33,0.58
PF08765,PF11421,0,4,0,0,4,1022,0.0,1.0,0,0,4,0,0,4,1022,0.0,1.0,0,0
PF08168,PF15027,0,0,0,0,0,1026,0,1.0,0,0,0,0,0,0,1026,0,1.0,0,0
PF00768,PF07943,3,3,3,0,0,1023,1.0,1.0,1.0,1.0,3,3,0,0,1023,1.0,1.0,1.0,1.0
PF04095,PF00472,5,22,3,2,19,1002,0.14,0.98,0.6,0.28,22,3,2,19,1002,0.14,0.98,0.6,0.28
PF08367,PF16187,2,12,1,1,11,1013,0.08,0.99,0.5,0.2,12,1,1,11,1013,0.08,0.99,0.5,0.2
PF00140,PF08281,3,5,2,1,3,1020,0.4,1.0,0.67,0.51,5,2,1,3,1020,0.4,1.0,0.67,0.51
PF06779,PF09444,1,1,0,1,1,1024,0.0,1.0,0.0,-0.0,1,0,1,1,1024,0.0,1.0,0.0,-0.0
PF12849,PF13458,9,6,5,4,1,1016,0.83,1.0,0.56,0.68,6,5,4,1,1016,0.83,1.0,0.56,0.68
PF11559,PF10506,5,2,0,5,2,1019,0.0,0.99,0.0,-0.0,2,0,5,2,1019,0.0,0.99,0.0,-0.0
PF11899,PF12036,2,0,0,2,0,1024,0,1.0,0.0,0,0,0,2,0,1024,0,1.0,0.0,0
PF02083,PF13096,3,1,0,3,1,1022,0.0,1.0,0.0,-0.0,1,0,3,1,1022,0.0,1.0,0.0,-0.0
PF08947,PF12162,2,2,2,0,0,1024,1.0,1.0,1.0,1.0,2,2,0,0,1024,1.0,1.0,1.0,1.0
PF10404,PF10403,6,9,6,0,3,1017,0.67,1.0,1.0,0.82,9,6,0,3,1017,0.67,1.0,1.0,0.82
PF02415,PF00746,2,0,0,2,0,1024,0,1.0,0.0,0,0,0,2,0,1024,0,1.0,0.0,0
PF04629,PF09007,2,0,0,2,0,1024,0,1.0,0.0,0,0,0,2,0,1024,0,1.0,0.0,0
PF00882,PF00357,0,0,0,0,0,1026,0,1.0,0,0,0,0,0,0,1026,0,1.0,0,0
PF10501,PF13664,2,3,1,1,2,1022,0.33,1.0,0.5,0.41,3,1,1,2,1022,0.33,1.0,0.5,0.41
PF00154,PF03198,10,11,1,9,10,1006,0.09,0.98,0.1,0.09,11,1,9,10,1006,0.09,0.98,0.1,0.09
PF04122,PF08310,0,1,0,0,1,1025,0.0,1.0,0,0,1,0,0,1,1025,0.0,1.0,0,0
PF14723,PF16756,0,0,0,0,0,1026,0,1.0,0,0,0,0,0,0,1026,0,1.0,0,0
PF05929,PF02495,1,0,0,1,0,1025,0,1.0,0.0,0,0,0,1,0,1025,0,1.0,0.0,0
PF01361,PF09500,1,0,0,1,0,1025,0,1.0,0.0,0,0,0,1,0,1025,0,1.0,0.0,0
PF10210,PF02237,5,2,1,4,1,1020,0.5,1.0,0.2,0.31,2,1,4,1,1020,0.5,1.0,0.2,0.31
PF00358,PF06780,5,0,0,5,0,1021,0,1.0,0.0,0,0,0,5,0,1021,0,1.0,0.0,0
PF06529,PF12498,3,1,1,2,0,1023,1.0,1.0,0.33,0.58,1,1,2,0,1023,1.0,1.0,0.33,0.58
PF05536,PF00475,2,9,0,2,9,1015,0.0,0.99,0.0,-0.0,9,0,2,9,1015,0.0,0.99,0.0,-0.0
PF14255,PF03244,0,1,0,0,1,1025,0.0,1.0,0,0,1,0,0,1,1025,0.0,1.0,0,0
PF06441,PF06237,12,1,0,12,1,1013,0.0,0.99,0.0,-0.0,1,0,12,1,1013,0.0,0.99,0.0,-0.0
PF13873,PF16064,12,5,2,10,3,1011,0.4,0.99,0.17,0.25,5,2,10,3,1011,0.4,0.99,0.17,0.25
PF03498,PF05100,1,0,0,1,0,1025,0,1.0,0.0,0,0,0,1,0,1025,0,1.0,0.0,0
PF11614,PF13746,2,2,2,0,0,1024,1.0,1.0,1.0,1.0,2,2,0,0,1024,1.0,1.0,1.0,1.0
PF03256,PF11515,12,4,4,8,0,1014,1.0,0.99,0.33,0.58,4,4,8,0,1014,1.0,0.99,0.33,0.58
PF09856,PF02561,0,2,0,0,2,1024,0.0,1.0,0,0,2,0,0,2,1024,0.0,1.0,0,0
PF14079,PF02217,0,1,0,0,1,1025,0.0,1.0,0,0,1,0,0,1,1025,0.0,1.0,0,0
PF14932,PF04869,2,10,0,2,10,1014,0.0,0.99,0.0,-0.0,10,0,2,10,1014,0.0,0.99,0.0,-0.0
PF12030,PF16674,3,1,1,2,0,1023,1.0,1.0,0.33,0.58,1,1,2,0,1023,1.0,1.0,0.33,0.58
PF10156,PF04087,2,0,0,2,0,1024,0,1.0,0.0,0,0,0,2,0,1024,0,1.0,0.0,0
PF16546,PF07219,8,1,0,8,1,1017,0.0,0.99,0.0,-0.0,1,0,8,1,1017,0.0,0.99,0.0,-0.0
PF09284,PF14683,3,10,3,0,7,1016,0.3,0.99,1.0,0.55,10,3,0,7,1016,0.3,0.99,1.0,0.55
PF14524,PF11803,2,0,0,2,0,1024,0,1.0,0.0,0,0,0,2,0,1024,0,1.0,0.0,0
PF14618,PF17124,0,0,0,0,0,1026,0,1.0,0,0,0,0,0,0,1026,0,1.0,0,0
PF09528,PF04954,0,0,0,0,0,1026,0,1.0,0,0,0,0,0,0,1026,0,1.0,0,0
PF15184,PF15776,0,2,0,0,2,1024,0.0,1.0,0,0,2,0,0,2,1024,0.0,1.0,0,0
PF14944,PF09303,2,2,1,1,1,1023,0.5,1.0,0.5,0.5,2,1,1,1,1023,0.5,1.0,0.5,0.5
PF08644,PF14826,4,6,4,0,2,1020,0.67,1.0,1.0,0.82,6,4,0,2,1020,0.67,1.0,1.0,0.82
PF14850,PF06433,5,3,2,3,1,1020,0.67,1.0,0.4,0.51,3,2,3,1,1020,0.67,1.0,0.4,0.51
PF15677,PF15119,2,2,0,2,2,1022,0.0,1.0,0.0,-0.0,2,0,2,2,1022,0.0,1.0,0.0,-0.0
PF03605,PF06890,1,0,0,1,0,1025,0,1.0,0.0,0,0,0,1,0,1025,0,1.0,0.0,0
PF01586,PF12533,5,2,1,4,1,1020,0.5,1.0,0.2,0.31,2,1,4,1,1020,0.5,1.0,0.2,0.31
PF03619,PF05653,9,14,2,7,12,1005,0.14,0.98,0.22,0.17,14,2,7,12,1005,0.14,0.98,0.22,0.17
PF10315,PF15097,0,0,0,0,0,1026,0,1.0,0,0,0,0,0,0,1026,0,1.0,0,0
PF10630,PF15234,0,1,0,0,1,1025,0.0,1.0,0,0,1,0,0,1,1025,0.0,1.0,0,0
PF06962,PF11842,0,0,0,0,0,1026,0,1.0,0,0,0,0,0,0,1026,0,1.0,0,0
PF14588,PF15775,1,0,0,1,0,1025,0,1.0,0.0,0,0,0,1,0,1025,0,1.0,0.0,0
PF02685,PF05996,4,2,0,4,2,1020,0.0,0.99,0.0,-0.0,2,0,4,2,1020,0.0,0.99,0.0,-0.0
PF15837,PF06681,0,0,0,0,0,1026,0,1.0,0,0,0,0,0,0,1026,0,1.0,0,0
PF03525,PF08744,1,0,0,1,0,1025,0,1.0,0.0,0,0,0,1,0,1025,0,1.0,0.0,0
PF03980,PF08561,3,5,0,3,5,1018,0.0,0.99,0.0,-0.0,5,0,3,5,1018,0.0,0.99,0.0,-0.0
PF00798,PF15608,0,0,0,0,0,1026,0,1.0,0,0,0,0,0,0,1026,0,1.0,0,0
PF06764,PF00737,0,2,0,0,2,1024,0.0,1.0,0,0,2,0,0,2,1024,0.0,1.0,0,0
PF15707,PF05418,0,1,0,0,1,1025,0.0,1.0,0,0,1,0,0,1,1025,0.0,1.0,0,0
PF05719,PF14778,4,2,1,3,1,1021,0.5,1.0,0.25,0.35,2,1,3,1,1021,0.5,1.0,0.25,0.35
PF03119,PF01653,5,10,5,0,5,1016,0.5,1.0,1.0,0.71,10,5,0,5,1016,0.5,1.0,1.0,0.71
PF16172,PF14429,1,11,1,0,10,1015,0.09,0.99,1.0,0.3,11,1,0,10,1015,0.09,0.99,1.0,0.3
PF00074,PF02422,1,1,0,1,1,1024,0.0,1.0,0.0,-0.0,1,0,1,1,1024,0.0,1.0,0.0,-0.0
PF04811,PF08033,22,18,18,4,0,1004,1.0,1.0,0.82,0.9,18,18,4,0,1004,1.0,1.0,0.82,0.9
PF07352,PF01325,1,0,0,1,0,1025,0,1.0,0.0,0,0,0,1,0,1025,0,1.0,0.0,0
PF06842,PF09495,6,1,0,6,1,1019,0.0,0.99,0.0,-0.0,1,0,6,1,1019,0.0,0.99,0.0,-0.0
PF00127,PF10542,2,0,0,2,0,1024,0,1.0,0.0,0,0,0,2,0,1024,0,1.0,0.0,0
PF04481,PF02195,2,4,0,2,4,1020,0.0,0.99,0.0,-0.0,4,0,2,4,1020,0.0,0.99,0.0,-0.0
PF01348,PF01215,9,5,2,7,3,1014,0.4,0.99,0.22,0.29,5,2,7,3,1014,0.4,0.99,0.22,0.29
PF01687,PF13419,8,29,3,5,26,992,0.1,0.97,0.38,0.19,29,3,5,26,992,0.1,0.97,0.38,0.19
PF12805,PF08497,0,0,0,0,0,1026,0,1.0,0,0,0,0,0,0,1026,0,1.0,0,0
PF08335,PF03710,1,1,1,0,0,1025,1.0,1.0,1.0,1.0,1,1,0,0,1025,1.0,1.0,1.0,1.0
PF02961,PF09307,1,5,0,1,5,1020,0.0,0.99,0.0,-0.0,5,0,1,5,1020,0.0,0.99,0.0,-0.0
PF16658,PF09173,0,1,0,0,1,1025,0.0,1.0,0,0,1,0,0,1,1025,0.0,1.0,0,0
PF08064,PF08163,3,3,0,3,3,1020,0.0,0.99,0.0,-0.0,3,0,3,3,1020,0.0,0.99,0.0,-0.0
PF14677,PF14680,1,1,1,0,0,1025,1.0,1.0,1.0,1.0,1,1,0,0,1025,1.0,1.0,1.0,1.0
PF15780,PF12510,6,0,0,6,0,1020,0,0.99,0.0,0,0,0,6,0,1020,0,0.99,0.0,0
PF08326,PF00289,10,22,9,1,13,1003,0.41,0.99,0.9,0.6,22,9,1,13,1003,0.41,0.99,0.9,0.6
PF01747,PF14306,6,6,6,0,0,1020,1.0,1.0,1.0,1.0,6,6,0,0,1020,1.0,1.0,1.0,1.0
PF14780,PF14977,1,4,0,1,4,1021,0.0,1.0,0.0,-0.0,4,0,1,4,1021,0.0,1.0,0.0,-0.0
PF07945,PF09280,1,8,0,1,8,1017,0.0,0.99,0.0,-0.0,8,0,1,8,1017,0.0,0.99,0.0,-0.0
PF07449,PF15928,1,2,1,0,1,1024,0.5,1.0,1.0,0.71,2,1,0,1,1024,0.5,1.0,1.0,0.71
PF14832,PF17124,2,0,0,2,0,1024,0,1.0,0.0,0,0,0,2,0,1024,0,1.0,0.0,0
PF03554,PF01303,0,1,0,0,1,1025,0.0,1.0,0,0,1,0,0,1,1025,0.0,1.0,0,0
PF05346,PF04139,12,9,1,11,8,1006,0.11,0.98,0.08,0.09,9,1,11,8,1006,0.11,0.98,0.08,0.09
PF09695,PF01753,0,34,0,0,34,992,0.0,0.97,0,0,34,0,0,34,992,0.0,0.97,0,0
PF09060,PF09007,0,0,0,0,0,1026,0,1.0,0,0,0,0,0,0,1026,0,1.0,0,0
PF03018,PF03168,5,6,1,4,5,1016,0.17,0.99,0.2,0.18,6,1,4,5,1016,0.17,0.99,0.2,0.18
PF15144,PF17075,0,0,0,0,0,1026,0,1.0,0,0,0,0,0,0,1026,0,1.0,0,0
PF12324,PF11245,4,0,0,4,0,1022,0,1.0,0.0,0,0,0,4,0,1022,0,1.0,0.0,0
PF10735,PF08262,0,0,0,0,0,1026,0,1.0,0,0,0,0,0,0,1026,0,1.0,0,0
PF04821,PF09743,4,2,0,4,2,1020,0.0,0.99,0.0,-0.0,2,0,4,2,1020,0.0,0.99,0.0,-0.0
PF15979,PF10350,4,3,0,4,3,1019,0.0,0.99,0.0,-0.0,3,0,4,3,1019,0.0,0.99,0.0,-0.0
PF10714,PF08497,4,0,0,4,0,1022,0,1.0,0.0,0,0,0,4,0,1022,0,1.0,0.0,0
PF04265,PF04263,7,13,7,0,6,1013,0.54,0.99,1.0,0.73,13,7,0,6,1013,0.54,0.99,1.0,0.73
PF02132,PF08275,2,2,1,1,1,1023,0.5,1.0,0.5,0.5,2,1,1,1,1023,0.5,1.0,0.5,0.5
PF11415,PF16716,0,1,0,0,1,1025,0.0,1.0,0,0,1,0,0,1,1025,0.0,1.0,0,0
PF15023,PF06834,0,0,0,0,0,1026,0,1.0,0,0,0,0,0,0,1026,0,1.0,0,0
PF10256,PF04716,9,10,3,6,7,1010,0.3,0.99,0.33,0.31,10,3,6,7,1010,0.3,0.99,0.33,0.31
PF16871,PF11958,0,1,0,0,1,1025,0.0,1.0,0,0,1,0,0,1,1025,0.0,1.0,0,0
PF01821,PF07677,1,6,1,0,5,1020,0.17,1.0,1.0,0.41,6,1,0,5,1020,0.17,1.0,1.0,0.41
PF14748,PF03807,4,8,4,0,4,1018,0.5,1.0,1.0,0.71,8,4,0,4,1018,0.5,1.0,1.0,0.71
PF05262,PF07988,0,2,0,0,2,1024,0.0,1.0,0,0,2,0,0,2,1024,0.0,1.0,0,0
PF02932,PF02931,41,48,40,1,8,977,0.83,0.99,0.98,0.9,48,40,1,8,977,0.83,0.99,0.98,0.9
PF04598,PF15718,1,2,0,1,2,1023,0.0,1.0,0.0,-0.0,2,0,1,2,1023,0.0,1.0,0.0,-0.0
PF08324,PF06957,7,8,1,6,7,1012,0.12,0.99,0.14,0.13,8,1,6,7,1012,0.12,0.99,0.14,0.13
PF00706,PF15119,1,2,0,1,2,1023,0.0,1.0,0.0,-0.0,2,0,1,2,1023,0.0,1.0,0.0,-0.0
PF12356,PF09247,5,1,0,5,1,1020,0.0,0.99,0.0,-0.0,1,0,5,1,1020,0.0,0.99,0.0,-0.0
PF05159,PF13477,2,0,0,2,0,1024,0,1.0,0.0,0,0,0,2,0,1024,0,1.0,0.0,0
PF00525,PF10660,0,0,0,0,0,1026,0,1.0,0,0,0,0,0,0,1026,0,1.0,0,0
PF14995,PF15041,4,0,0,4,0,1022,0,1.0,0.0,0,0,0,4,0,1022,0,1.0,0.0,0
PF12733,PF06662,1,2,0,1,2,1023,0.0,1.0,0.0,-0.0,2,0,1,2,1023,0.0,1.0,0.0,-0.0
PF01832,PF14600,1,1,0,1,1,1024,0.0,1.0,0.0,-0.0,1,0,1,1,1024,0.0,1.0,0.0,-0.0
PF12971,PF12972,3,4,2,1,2,1021,0.5,1.0,0.67,0.58,4,2,1,2,1021,0.5,1.0,0.67,0.58
PF02068,PF08291,0,0,0,0,0,1026,0,1.0,0,0,0,0,0,0,1026,0,1.0,0,0
PF13897,PF03765,5,17,4,1,13,1008,0.24,0.99,0.8,0.43,17,4,1,13,1008,0.24,0.99,0.8,0.43
PF16089,PF15884,0,0,0,0,0,1026,0,1.0,0,0,0,0,0,0,1026,0,1.0,0,0
PF05299,PF05707,0,0,0,0,0,1026,0,1.0,0,0,0,0,0,0,1026,0,1.0,0,0
PF04988,PF15696,1,0,0,1,0,1025,0,1.0,0.0,0,0,0,1,0,1025,0,1.0,0.0,0
PF03032,PF10583,5,2,0,5,2,1019,0.0,0.99,0.0,-0.0,2,0,5,2,1019,0.0,0.99,0.0,-0.0
PF03902,PF00172,3,78,3,0,75,948,0.04,0.93,1.0,0.19,78,3,0,75,948,0.04,0.93,1.0,0.19
PF06384,PF13096,2,1,0,2,1,1023,0.0,1.0,0.0,-0.0,1,0,2,1,1023,0.0,1.0,0.0,-0.0
PF12898,PF14216,0,1,0,0,1,1025,0.0,1.0,0,0,1,0,0,1,1025,0.0,1.0,0,0
PF00202,PF05577,25,15,8,17,7,994,0.53,0.98,0.32,0.4,15,8,17,7,994,0.53,0.98,0.32,0.4
PF01826,PF08742,23,18,15,8,3,1000,0.83,0.99,0.65,0.73,18,15,8,3,1000,0.83,0.99,0.65,0.73
PF03791,PF03790,2,2,2,0,0,1024,1.0,1.0,1.0,1.0,2,2,0,0,1024,1.0,1.0,1.0,1.0
PF15304,PF01430,1,1,0,1,1,1024,0.0,1.0,0.0,-0.0,1,0,1,1,1024,0.0,1.0,0.0,-0.0
PF08641,PF09631,2,5,1,1,4,1020,0.2,1.0,0.5,0.31,5,1,1,4,1020,0.2,1.0,0.5,0.31
PF13193,PF16177,45,7,5,40,2,979,0.71,0.96,0.11,0.27,7,5,40,2,979,0.71,0.96,0.11,0.27
PF16216,PF15272,1,0,0,1,0,1025,0,1.0,0.0,0,0,0,1,0,1025,0,1.0,0.0,0
PF07014,PF09051,1,0,0,1,0,1025,0,1.0,0.0,0,0,0,1,0,1025,0,1.0,0.0,0
PF08100,PF00891,5,18,5,0,13,1008,0.28,0.99,1.0,0.52,18,5,0,13,1008,0.28,0.99,1.0,0.52
PF13011,PF05418,0,1,0,0,1,1025,0.0,1.0,0,0,1,0,0,1,1025,0.0,1.0,0,0
PF02271,PF12680,7,4,1,6,3,1016,0.25,0.99,0.14,0.18,4,1,6,3,1016,0.25,0.99,0.14,0.18
PF11123,PF09699,0,0,0,0,0,1026,0,1.0,0,0,0,0,0,0,1026,0,1.0,0,0
PF03211,PF00457,6,3,2,4,1,1019,0.67,1.0,0.33,0.47,3,2,4,1,1019,0.67,1.0,0.33,0.47
PF13971,PF15556,2,1,0,2,1,1023,0.0,1.0,0.0,-0.0,1,0,2,1,1023,0.0,1.0,0.0,-0.0
PF03133,PF01975,26,9,5,21,4,996,0.56,0.98,0.19,0.32,9,5,21,4,996,0.56,0.98,0.19,0.32
PF03692,PF15062,0,0,0,0,0,1026,0,1.0,0,0,0,0,0,0,1026,0,1.0,0,0
PF01974,PF02778,10,4,4,6,0,1016,1.0,0.99,0.4,0.63,4,4,6,0,1016,1.0,0.99,0.4,0.63
PF03849,PF00793,8,9,1,7,8,1010,0.11,0.99,0.12,0.11,9,1,7,8,1010,0.11,0.99,0.12,0.11
PF10979,PF01076,0,1,0,0,1,1025,0.0,1.0,0,0,1,0,0,1,1025,0.0,1.0,0,0
PF06487,PF03760,4,2,0,4,2,1020,0.0,0.99,0.0,-0.0,2,0,4,2,1020,0.0,0.99,0.0,-0.0
PF00543,PF11264,1,2,0,1,2,1023,0.0,1.0,0.0,-0.0,2,0,1,2,1023,0.0,1.0,0.0,-0.0
PF02969,PF10491,9,1,0,9,1,1016,0.0,0.99,0.0,-0.0,1,0,9,1,1016,0.0,0.99,0.0,-0.0
PF05495,PF13441,9,0,0,9,0,1017,0,0.99,0.0,0,0,0,9,0,1017,0,0.99,0.0,0
PF01223,PF01663,12,24,4,8,20,994,0.17,0.97,0.33,0.22,24,4,8,20,994,0.17,0.97,0.33,0.22
PF02984,PF16899,27,8,2,25,6,993,0.25,0.97,0.07,0.12,8,2,25,6,993,0.25,0.97,0.07,0.12
PF05884,PF11703,0,0,0,0,0,1026,0,1.0,0,0,0,0,0,0,1026,0,1.0,0,0
PF14895,PF00964,2,2,0,2,2,1022,0.0,1.0,0.0,-0.0,2,0,2,2,1022,0.0,1.0,0.0,-0.0
PF06035,PF14715,0,0,0,0,0,1026,0,1.0,0,0,0,0,0,0,1026,0,1.0,0,0
PF07829,PF10017,1,3,0,1,3,1022,0.0,1.0,0.0,-0.0,3,0,1,3,1022,0.0,1.0,0.0,-0.0
PF02694,PF03459,1,2,0,1,2,1023,0.0,1.0,0.0,-0.0,2,0,1,2,1023,0.0,1.0,0.0,-0.0
PF15187,PF06875,0,0,0,0,0,1026,0,1.0,0,0,0,0,0,0,1026,0,1.0,0,0
PF12731,PF12737,1,1,1,0,0,1025,1.0,1.0,1.0,1.0,1,1,0,0,1025,1.0,1.0,1.0,1.0
PF01218,PF04107,7,1,0,7,1,1018,0.0,0.99,0.0,-0.0,1,0,7,1,1018,0.0,0.99,0.0,-0.0
PF15431,PF06834,0,0,0,0,0,1026,0,1.0,0,0,0,0,0,0,1026,0,1.0,0,0
PF01175,PF07159,1,3,0,1,3,1022,0.0,1.0,0.0,-0.0,3,0,1,3,1022,0.0,1.0,0.0,-0.0
PF12735,PF12955,1,1,0,1,1,1024,0.0,1.0,0.0,-0.0,1,0,1,1,1024,0.0,1.0,0.0,-0.0
PF07344,PF03242,0,2,0,0,2,1024,0.0,1.0,0,0,2,0,0,2,1024,0.0,1.0,0,0
PF16164,PF05587,0,2,0,0,2,1024,0.0,1.0,0,0,2,0,0,2,1024,0.0,1.0,0,0
PF15955,PF15868,1,3,0,1,3,1022,0.0,1.0,0.0,-0.0,3,0,1,3,1022,0.0,1.0,0.0,-0.0
PF03130,PF10508,1,4,0,1,4,1021,0.0,1.0,0.0,-0.0,4,0,1,4,1021,0.0,1.0,0.0,-0.0
PF07569,PF15512,8,0,0,8,0,1018,0,0.99,0.0,0,0,0,8,0,1018,0,0.99,0.0,0
PF02277,PF15281,1,1,0,1,1,1024,0.0,1.0,0.0,-0.0,1,0,1,1,1024,0.0,1.0,0.0,-0.0
PF02203,PF00015,3,6,3,0,3,1020,0.5,1.0,1.0,0.71,6,3,0,3,1020,0.5,1.0,1.0,0.71
PF03028,PF12777,32,32,31,1,1,993,0.97,1.0,0.97,0.97,32,31,1,1,993,0.97,1.0,0.97,0.97
PF10211,PF16531,4,3,0,4,3,1019,0.0,0.99,0.0,-0.0,3,0,4,3,1019,0.0,0.99,0.0,-0.0
PF05769,PF05346,3,12,2,1,10,1013,0.17,0.99,0.67,0.33,12,2,1,10,1013,0.17,0.99,0.67,0.33
PF05703,PF08458,4,4,4,0,0,1022,1.0,1.0,1.0,1.0,4,4,0,0,1022,1.0,1.0,1.0,1.0
PF08609,PF10179,1,1,0,1,1,1024,0.0,1.0,0.0,-0.0,1,0,1,1,1024,0.0,1.0,0.0,-0.0
PF16558,PF04699,8,8,1,7,7,1011,0.12,0.99,0.12,0.12,8,1,7,7,1011,0.12,0.99,0.12,0.12
PF16320,PF13259,8,3,2,6,1,1017,0.67,0.99,0.25,0.41,3,2,6,1,1017,0.67,0.99,0.25,0.41
PF04552,PF04963,2,2,2,0,0,1024,1.0,1.0,1.0,1.0,2,2,0,0,1024,1.0,1.0,1.0,1.0
PF10523,PF03131,5,11,1,4,10,1011,0.09,0.99,0.2,0.13,11,1,4,10,1011,0.09,0.99,0.2,0.13
PF10376,PF09367,1,1,0,1,1,1024,0.0,1.0,0.0,-0.0,1,0,1,1,1024,0.0,1.0,0.0,-0.0
PF14674,PF14677,0,1,0,0,1,1025,0.0,1.0,0,0,1,0,0,1,1025,0.0,1.0,0,0
PF06513,PF03344,0,0,0,0,0,1026,0,1.0,0,0,0,0,0,0,1026,0,1.0,0,0
PF14576,PF14577,0,0,0,0,0,1026,0,1.0,0,0,0,0,0,0,1026,0,1.0,0,0
PF05917,PF16752,0,5,0,0,5,1021,0.0,1.0,0,0,5,0,0,5,1021,0.0,1.0,0,0
PF00119,PF00124,5,5,0,5,5,1016,0.0,0.99,0.0,-0.0,5,0,5,5,1016,0.0,0.99,0.0,-0.0
PF07218,PF03729,0,0,0,0,0,1026,0,1.0,0,0,0,0,0,0,1026,0,1.0,0,0
PF02354,PF02191,1,4,1,0,3,1022,0.25,1.0,1.0,0.5,4,1,0,3,1022,0.25,1.0,1.0,0.5
PF14565,PF00714,1,1,0,1,1,1024,0.0,1.0,0.0,-0.0,1,0,1,1,1024,0.0,1.0,0.0,-0.0
PF01182,PF02585,8,9,5,3,4,1014,0.56,0.99,0.62,0.59,9,5,3,4,1014,0.56,0.99,0.62,0.59
PF12851,PF15778,1,0,0,1,0,1025,0,1.0,0.0,0,0,0,1,0,1025,0,1.0,0.0,0
PF08577,PF10573,2,1,0,2,1,1023,0.0,1.0,0.0,-0.0,1,0,2,1,1023,0.0,1.0,0.0,-0.0
PF01902,PF01042,5,12,3,2,9,1012,0.25,0.99,0.6,0.38,12,3,2,9,1012,0.25,0.99,0.6,0.38
PF15886,PF06955,4,5,1,3,4,1018,0.2,0.99,0.25,0.22,5,1,3,4,1018,0.2,0.99,0.25,0.22
PF16979,PF05422,9,1,1,8,0,1017,1.0,0.99,0.11,0.33,1,1,8,0,1017,1.0,0.99,0.11,0.33
PF07539,PF17034,5,5,0,5,5,1016,0.0,0.99,0.0,-0.0,5,0,5,5,1016,0.0,0.99,0.0,-0.0
PF11030,PF02632,0,2,0,0,2,1024,0.0,1.0,0,0,2,0,0,2,1024,0.0,1.0,0,0
PF11805,PF08228,0,1,0,0,1,1025,0.0,1.0,0,0,1,0,0,1,1025,0.0,1.0,0,0
PF14919,PF14918,0,0,0,0,0,1026,0,1.0,0,0,0,0,0,0,1026,0,1.0,0,0
PF00327,PF01281,6,8,0,6,8,1012,0.0,0.99,0.0,-0.01,8,0,6,8,1012,0.0,0.99,0.0,-0.01
PF03647,PF00301,7,0,0,7,0,1019,0,0.99,0.0,0,0,0,7,0,1019,0,0.99,0.0,0
PF05119,PF04235,0,0,0,0,0,1026,0,1.0,0,0,0,0,0,0,1026,0,1.0,0,0
PF15789,PF11765,0,1,0,0,1,1025,0.0,1.0,0,0,1,0,0,1,1025,0.0,1.0,0,0
PF06431,PF02217,1,1,1,0,0,1025,1.0,1.0,1.0,1.0,1,1,0,0,1025,1.0,1.0,1.0,1.0
PF00184,PF02740,1,2,0,1,2,1023,0.0,1.0,0.0,-0.0,2,0,1,2,1023,0.0,1.0,0.0,-0.0
PF14547,PF14159,2,0,0,2,0,1024,0,1.0,0.0,0,0,0,2,0,1024,0,1.0,0.0,0
PF06052,PF07883,2,13,2,0,11,1013,0.15,0.99,1.0,0.39,13,2,0,11,1013,0.15,0.99,1.0,0.39
PF10293,PF10305,3,1,1,2,0,1023,1.0,1.0,0.33,0.58,1,1,2,0,1023,1.0,1.0,0.33,0.58
PF12328,PF06351,3,0,0,3,0,1023,0,1.0,0.0,0,0,0,3,0,1023,0,1.0,0.0,0
PF15319,PF05025,2,2,0,2,2,1022,0.0,1.0,0.0,-0.0,2,0,2,2,1022,0.0,1.0,0.0,-0.0
PF07317,PF01750,0,0,0,0,0,1026,0,1.0,0,0,0,0,0,0,1026,0,1.0,0,0
PF04880,PF11831,2,7,0,2,7,1017,0.0,0.99,0.0,-0.0,7,0,2,7,1017,0.0,0.99,0.0,-0.0
PF07391,PF13876,0,0,0,0,0,1026,0,1.0,0,0,0,0,0,0,1026,0,1.0,0,0
PF06876,PF15325,1,0,0,1,0,1025,0,1.0,0.0,0,0,0,1,0,1025,0,1.0,0.0,0
PF03834,PF07816,8,0,0,8,0,1018,0,0.99,0.0,0,0,0,8,0,1018,0,0.99,0.0,0
PF09067,PF12772,2,0,0,2,0,1024,0,1.0,0.0,0,0,0,2,0,1024,0,1.0,0.0,0
PF01371,PF08414,1,5,0,1,5,1020,0.0,0.99,0.0,-0.0,5,0,1,5,1020,0.0,0.99,0.0,-0.0
PF00111,PF03450,17,9,6,11,3,1006,0.67,0.99,0.35,0.48,9,6,11,3,1006,0.67,0.99,0.35,0.48
PF05069,PF10077,0,2,0,0,2,1024,0.0,1.0,0,0,2,0,0,2,1024,0.0,1.0,0,0
PF09845,PF06136,0,5,0,0,5,1021,0.0,1.0,0,0,5,0,0,5,1021,0.0,1.0,0,0
PF10782,PF11751,0,0,0,0,0,1026,0,1.0,0,0,0,0,0,0,1026,0,1.0,0,0
PF06320,PF10542,4,0,0,4,0,1022,0,1.0,0.0,0,0,0,4,0,1022,0,1.0,0.0,0
PF00416,PF00411,17,11,3,14,8,1001,0.27,0.98,0.18,0.21,11,3,14,8,1001,0.27,0.98,0.18,0.21
PF03490,PF15471,1,0,0,1,0,1025,0,1.0,0.0,0,0,0,1,0,1025,0,1.0,0.0,0
PF00859,PF10524,2,4,2,0,2,1022,0.5,1.0,1.0,0.71,4,2,0,2,1022,0.5,1.0,1.0,0.71
PF13198,PF01283,0,13,0,0,13,1013,0.0,0.99,0,0,13,0,0,13,1013,0.0,0.99,0,0
PF16198,PF08068,9,4,4,5,0,1017,1.0,1.0,0.44,0.67,4,4,5,0,1017,1.0,1.0,0.44,0.67
PF12755,PF13001,11,5,3,8,2,1013,0.6,0.99,0.27,0.4,5,3,8,2,1013,0.6,0.99,0.27,0.4
PF12180,PF13851,1,2,0,1,2,1023,0.0,1.0,0.0,-0.0,2,0,1,2,1023,0.0,1.0,0.0,-0.0
PF07052,PF11623,5,1,0,5,1,1020,0.0,0.99,0.0,-0.0,1,0,5,1,1020,0.0,0.99,0.0,-0.0
PF15316,PF12328,1,3,0,1,3,1022,0.0,1.0,0.0,-0.0,3,0,1,3,1022,0.0,1.0,0.0,-0.0
PF02882,PF01268,13,5,5,8,0,1013,1.0,0.99,0.38,0.62,5,5,8,0,1013,1.0,0.99,0.38,0.62
PF09697,PF15141,0,0,0,0,0,1026,0,1.0,0,0,0,0,0,0,1026,0,1.0,0,0
PF08943,PF08894,0,0,0,0,0,1026,0,1.0,0,0,0,0,0,0,1026,0,1.0,0,0
PF12437,PF16952,1,2,1,0,1,1024,0.5,1.0,1.0,0.71,2,1,0,1,1024,0.5,1.0,1.0,0.71
PF14299,PF07723,7,7,2,5,5,1014,0.29,0.99,0.29,0.28,7,2,5,5,1014,0.29,0.99,0.29,0.28
PF01138,PF03725,40,16,15,25,1,985,0.94,0.97,0.38,0.58,16,15,25,1,985,0.94,0.97,0.38,0.58
PF02884,PF02278,0,0,0,0,0,1026,0,1.0,0,0,0,0,0,0,1026,0,1.0,0,0
PF15087,PF02106,0,1,0,0,1,1025,0.0,1.0,0,0,1,0,0,1,1025,0.0,1.0,0,0
PF03607,PF05517,10,6,2,8,4,1012,0.33,0.99,0.2,0.25,6,2,8,4,1012,0.33,0.99,0.2,0.25
PF10698,PF06724,0,0,0,0,0,1026,0,1.0,0,0,0,0,0,0,1026,0,1.0,0,0
PF12168,PF01706,0,0,0,0,0,1026,0,1.0,0,0,0,0,0,0,1026,0,1.0,0,0
PF11080,PF14551,0,29,0,0,29,997,0.0,0.97,0,0,29,0,0,29,997,0.0,0.97,0,0
PF05527,PF08718,3,8,0,3,8,1015,0.0,0.99,0.0,-0.0,8,0,3,8,1015,0.0,0.99,0.0,-0.0
PF05383,PF14327,16,8,2,14,6,1004,0.25,0.98,0.12,0.17,8,2,14,6,1004,0.25,0.98,0.12,0.17
PF17168,PF16335,1,1,1,0,0,1025,1.0,1.0,1.0,1.0,1,1,0,0,1025,1.0,1.0,1.0,1.0
PF16527,PF12729,1,1,1,0,0,1025,1.0,1.0,1.0,1.0,1,1,0,0,1025,1.0,1.0,1.0,1.0
PF11855,PF10467,1,0,0,1,0,1025,0,1.0,0.0,0,0,0,1,0,1025,0,1.0,0.0,0
PF09979,PF05164,1,0,0,1,0,1025,0,1.0,0.0,0,0,0,1,0,1025,0,1.0,0.0,0
PF00421,PF00124,7,5,4,3,1,1018,0.8,1.0,0.57,0.67,5,4,3,1,1018,0.8,1.0,0.57,0.67
PF01951,PF09174,4,1,1,3,0,1022,1.0,1.0,0.25,0.5,1,1,3,0,1022,1.0,1.0,0.25,0.5
PF01091,PF05196,0,0,0,0,0,1026,0,1.0,0,0,0,0,0,0,1026,0,1.0,0,0
PF06247,PF14911,0,1,0,0,1,1025,0.0,1.0,0,0,1,0,0,1,1025,0.0,1.0,0,0
PF11974,PF02655,0,0,0,0,0,1026,0,1.0,0,0,0,0,0,0,1026,0,1.0,0,0
PF05724,PF05995,3,7,1,2,6,1017,0.14,0.99,0.33,0.21,7,1,2,6,1017,0.14,0.99,0.33,0.21
PF08451,PF00962,2,15,2,0,13,1011,0.13,0.99,1.0,0.36,15,2,0,13,1011,0.13,0.99,1.0,0.36
PF05875,PF10455,10,2,0,10,2,1014,0.0,0.99,0.0,-0.0,2,0,10,2,1014,0.0,0.99,0.0,-0.0
PF05988,PF16011,2,1,0,2,1,1023,0.0,1.0,0.0,-0.0,1,0,2,1,1023,0.0,1.0,0.0,-0.0
PF13722,PF07157,1,0,0,1,0,1025,0,1.0,0.0,0,0,0,1,0,1025,0,1.0,0.0,0
PF08529,PF13184,3,3,3,0,0,1023,1.0,1.0,1.0,1.0,3,3,0,0,1023,1.0,1.0,1.0,1.0
PF10578,PF02420,2,0,0,2,0,1024,0,1.0,0.0,0,0,0,2,0,1024,0,1.0,0.0,0
PF13675,PF12729,1,1,1,0,0,1025,1.0,1.0,1.0,1.0,1,1,0,0,1025,1.0,1.0,1.0,1.0
PF13362,PF02108,0,0,0,0,0,1026,0,1.0,0,0,0,0,0,0,1026,0,1.0,0,0
PF10417,PF05421,19,1,1,18,0,1007,1.0,0.98,0.05,0.23,1,1,18,0,1007,1.0,0.98,0.05,0.23
PF10148,PF15929,3,0,0,3,0,1023,0,1.0,0.0,0,0,0,3,0,1023,0,1.0,0.0,0
PF07818,PF14610,8,2,0,8,2,1016,0.0,0.99,0.0,-0.0,2,0,8,2,1016,0.0,0.99,0.0,-0.0
PF02746,PF08288,12,7,1,11,6,1008,0.14,0.98,0.08,0.1,7,1,11,6,1008,0.14,0.98,0.08,0.1
PF04542,PF04539,13,7,5,8,2,1011,0.71,0.99,0.38,0.52,7,5,8,2,1011,0.71,0.99,0.38,0.52
PF15740,PF12886,0,4,0,0,4,1022,0.0,1.0,0,0,4,0,0,4,1022,0.0,1.0,0,0
PF09316,PF07988,3,2,2,1,0,1023,1.0,1.0,0.67,0.82,2,2,1,0,1023,1.0,1.0,0.67,0.82
PF15875,PF03033,0,14,0,0,14,1012,0.0,0.99,0,0,14,0,0,14,1012,0.0,0.99,0,0
PF02161,PF12577,2,2,2,0,0,1024,1.0,1.0,1.0,1.0,2,2,0,0,1024,1.0,1.0,1.0,1.0
PF11211,PF08093,0,1,0,0,1,1025,0.0,1.0,0,0,1,0,0,1,1025,0.0,1.0,0,0
PF14976,PF07021,0,0,0,0,0,1026,0,1.0,0,0,0,0,0,0,1026,0,1.0,0,0
PF02002,PF11521,6,2,2,4,0,1020,1.0,1.0,0.33,0.58,2,2,4,0,1020,1.0,1.0,0.33,0.58
PF16401,PF16692,2,2,0,2,2,1022,0.0,1.0,0.0,-0.0,2,0,2,2,1022,0.0,1.0,0.0,-0.0
PF00498,PF15308,59,4,4,55,0,967,1.0,0.95,0.07,0.25,4,4,55,0,967,1.0,0.95,0.07,0.25
PF16804,PF17017,0,0,0,0,0,1026,0,1.0,0,0,0,0,0,0,1026,0,1.0,0,0
PF01409,PF03147,12,9,9,3,0,1014,1.0,1.0,0.75,0.86,9,9,3,0,1014,1.0,1.0,0.75,0.86
PF16455,PF01599,4,5,1,3,4,1018,0.2,0.99,0.25,0.22,5,1,3,4,1018,0.2,0.99,0.25,0.22
PF09088,PF09090,9,9,9,0,0,1017,1.0,1.0,1.0,1.0,9,9,0,0,1017,1.0,1.0,1.0,1.0
PF12662,PF07474,15,4,3,12,1,1010,0.75,0.99,0.2,0.38,4,3,12,1,1010,0.75,0.99,0.2,0.38
PF04939,PF08316,9,3,1,8,2,1015,0.33,0.99,0.11,0.19,3,1,8,2,1015,0.33,0.99,0.11,0.19
PF05008,PF01980,8,2,0,8,2,1016,0.0,0.99,0.0,-0.0,2,0,8,2,1016,0.0,0.99,0.0,-0.0
PF00918,PF03745,0,0,0,0,0,1026,0,1.0,0,0,0,0,0,0,1026,0,1.0,0,0
PF03105,PF00939,19,14,8,11,6,1001,0.57,0.98,0.42,0.48,14,8,11,6,1001,0.57,0.98,0.42,0.48
PF03900,PF00766,13,6,1,12,5,1008,0.17,0.98,0.08,0.11,6,1,12,5,1008,0.17,0.98,0.08,0.11
PF14048,PF16564,10,10,10,0,0,1016,1.0,1.0,1.0,1.0,10,10,0,0,1016,1.0,1.0,1.0,1.0
PF10712,PF06723,2,7,1,1,6,1018,0.14,0.99,0.5,0.26,7,1,1,6,1018,0.14,0.99,0.5,0.26
PF13458,PF12849,6,9,5,1,4,1016,0.56,1.0,0.83,0.68,9,5,1,4,1016,0.56,1.0,0.83,0.68
PF01237,PF08174,30,6,3,27,3,993,0.5,0.97,0.1,0.21,6,3,27,3,993,0.5,0.97,0.1,0.21
PF07799,PF15856,0,0,0,0,0,1026,0,1.0,0,0,0,0,0,0,1026,0,1.0,0,0
PF03178,PF07035,7,1,0,7,1,1018,0.0,0.99,0.0,-0.0,1,0,7,1,1018,0.0,0.99,0.0,-0.0
PF01022,PF01710,3,0,0,3,0,1023,0,1.0,0.0,0,0,0,3,0,1023,0,1.0,0.0,0
PF09312,PF13145,0,4,0,0,4,1022,0.0,1.0,0,0,4,0,0,4,1022,0.0,1.0,0,0
PF05183,PF12612,14,10,4,10,6,1006,0.4,0.98,0.29,0.33,10,4,10,6,1006,0.4,0.98,0.29,0.33
PF05713,PF08808,0,0,0,0,0,1026,0,1.0,0,0,0,0,0,0,1026,0,1.0,0,0
PF08603,PF01213,6,7,6,0,1,1019,0.86,1.0,1.0,0.93,7,6,0,1,1019,0.86,1.0,1.0,0.93
PF11770,PF10295,0,3,0,0,3,1023,0.0,1.0,0,0,3,0,0,3,1023,0.0,1.0,0,0
PF01238,PF01775,14,4,3,11,1,1011,0.75,0.99,0.21,0.4,4,3,11,1,1011,0.75,0.99,0.21,0.4
PF03284,PF13366,1,0,0,1,0,1025,0,1.0,0.0,0,0,0,1,0,1025,0,1.0,0.0,0
PF06433,PF14850,3,5,2,1,3,1020,0.4,1.0,0.67,0.51,5,2,1,3,1020,0.4,1.0,0.67,0.51
PF16070,PF15705,10,3,3,7,0,1016,1.0,0.99,0.3,0.55,3,3,7,0,1016,1.0,0.99,0.3,0.55
PF10235,PF02950,0,1,0,0,1,1025,0.0,1.0,0,0,1,0,0,1,1025,0.0,1.0,0,0
PF03131,PF08209,11,8,2,9,6,1009,0.25,0.99,0.18,0.21,8,2,9,6,1009,0.25,0.99,0.18,0.21
PF00628,PF12269,61,4,4,57,0,965,1.0,0.94,0.07,0.25,4,4,57,0,965,1.0,0.94,0.07,0.25
PF13634,PF12110,13,13,7,6,6,1007,0.54,0.99,0.54,0.53,13,7,6,6,1007,0.54,0.99,0.54,0.53
PF14087,PF07327,3,1,0,3,1,1022,0.0,1.0,0.0,-0.0,1,0,3,1,1022,0.0,1.0,0.0,-0.0
PF09855,PF06877,0,0,0,0,0,1026,0,1.0,0,0,0,0,0,0,1026,0,1.0,0,0
PF01695,PF13269,6,0,0,6,0,1020,0,0.99,0.0,0,0,0,6,0,1020,0,0.99,0.0,0
PF15370,PF15071,3,0,0,3,0,1023,0,1.0,0.0,0,0,0,3,0,1023,0,1.0,0.0,0
PF10337,PF10334,6,5,5,1,0,1020,1.0,1.0,0.83,0.91,5,5,1,0,1020,1.0,1.0,0.83,0.91
PF00812,PF03195,3,4,0,3,4,1019,0.0,0.99,0.0,-0.0,4,0,3,4,1019,0.0,0.99,0.0,-0.0
PF12542,PF16741,6,3,0,6,3,1017,0.0,0.99,0.0,-0.0,3,0,6,3,1017,0.0,0.99,0.0,-0.0
PF13892,PF09110,7,7,4,3,3,1016,0.57,0.99,0.57,0.57,7,4,3,3,1016,0.57,0.99,0.57,0.57
PF00588,PF08032,15,2,2,13,0,1011,1.0,0.99,0.13,0.36,2,2,13,0,1011,1.0,0.99,0.13,0.36
PF08316,PF04090,3,1,1,2,0,1023,1.0,1.0,0.33,0.58,1,1,2,0,1023,1.0,1.0,0.33,0.58
PF05264,PF11529,0,0,0,0,0,1026,0,1.0,0,0,0,0,0,0,1026,0,1.0,0,0
PF03963,PF07559,1,1,1,0,0,1025,1.0,1.0,1.0,1.0,1,1,0,0,1025,1.0,1.0,1.0,1.0
PF03057,PF05287,2,0,0,2,0,1024,0,1.0,0.0,0,0,0,2,0,1024,0,1.0,0.0,0
PF07086,PF09347,1,8,1,0,7,1018,0.12,0.99,1.0,0.35,8,1,0,7,1018,0.12,0.99,1.0,0.35
PF02941,PF06393,2,1,0,2,1,1023,0.0,1.0,0.0,-0.0,1,0,2,1,1023,0.0,1.0,0.0,-0.0
PF08383,PF00473,1,1,0,1,1,1024,0.0,1.0,0.0,-0.0,1,0,1,1,1024,0.0,1.0,0.0,-0.0
PF04643,PF00323,0,1,0,0,1,1025,0.0,1.0,0,0,1,0,0,1,1025,0.0,1.0,0,0
PF13725,PF13718,7,7,7,0,0,1019,1.0,1.0,1.0,1.0,7,7,0,0,1019,1.0,1.0,1.0,1.0
PF15159,PF01316,1,3,0,1,3,1022,0.0,1.0,0.0,-0.0,3,0,1,3,1022,0.0,1.0,0.0,-0.0
PF11093,PF08649,1,3,0,1,3,1022,0.0,1.0,0.0,-0.0,3,0,1,3,1022,0.0,1.0,0.0,-0.0
PF02618,PF03831,0,0,0,0,0,1026,0,1.0,0,0,0,0,0,0,1026,0,1.0,0,0
PF10632,PF09072,1,6,1,0,5,1020,0.17,1.0,1.0,0.41,6,1,0,5,1020,0.17,1.0,1.0,0.41
PF02782,PF00370,21,26,19,2,7,998,0.73,0.99,0.9,0.81,26,19,2,7,998,0.73,0.99,0.9,0.81
PF12146,PF03982,29,11,5,24,6,991,0.45,0.97,0.17,0.27,11,5,24,6,991,0.45,0.97,0.17,0.27
PF15113,PF02888,0,4,0,0,4,1022,0.0,1.0,0,0,4,0,0,4,1022,0.0,1.0,0,0
PF02040,PF13945,5,2,0,5,2,1019,0.0,0.99,0.0,-0.0,2,0,5,2,1019,0.0,0.99,0.0,-0.0
PF15392,PF15082,0,0,0,0,0,1026,0,1.0,0,0,0,0,0,0,1026,0,1.0,0,0
PF15261,PF06210,1,0,0,1,0,1025,0,1.0,0.0,0,0,0,1,0,1025,0,1.0,0.0,0
PF10310,PF10775,1,1,0,1,1,1024,0.0,1.0,0.0,-0.0,1,0,1,1,1024,0.0,1.0,0.0,-0.0
PF01462,PF01463,8,5,5,3,0,1018,1.0,1.0,0.62,0.79,5,5,3,0,1018,1.0,1.0,0.62,0.79
PF05456,PF15325,1,0,0,1,0,1025,0,1.0,0.0,0,0,0,1,0,1025,0,1.0,0.0,0
PF16049,PF10410,1,2,0,1,2,1023,0.0,1.0,0.0,-0.0,2,0,1,2,1023,0.0,1.0,0.0,-0.0
PF00684,PF05099,0,0,0,0,0,1026,0,1.0,0,0,0,0,0,0,1026,0,1.0,0,0
PF01501,PF06427,28,8,8,20,0,998,1.0,0.98,0.29,0.53,8,8,20,0,998,1.0,0.98,0.29,0.53
PF10530,PF01234,0,2,0,0,2,1024,0.0,1.0,0,0,2,0,0,2,1024,0.0,1.0,0,0
PF14621,PF11522,1,1,0,1,1,1024,0.0,1.0,0.0,-0.0,1,0,1,1,1024,0.0,1.0,0.0,-0.0
PF04930,PF15011,5,0,0,5,0,1021,0,1.0,0.0,0,0,0,5,0,1021,0,1.0,0.0,0
PF01373,PF05687,5,3,2,3,1,1020,0.67,1.0,0.4,0.51,3,2,3,1,1020,0.67,1.0,0.4,0.51
PF13963,PF13960,6,4,1,5,3,1017,0.25,0.99,0.17,0.2,4,1,5,3,1017,0.25,0.99,0.17,0.2
PF05725,PF00526,8,1,0,8,1,1017,0.0,0.99,0.0,-0.0,1,0,8,1,1017,0.0,0.99,0.0,-0.0
PF04457,PF10470,3,0,0,3,0,1023,0,1.0,0.0,0,0,0,3,0,1023,0,1.0,0.0,0
PF01660,PF15476,4,1,0,4,1,1021,0.0,1.0,0.0,-0.0,1,0,4,1,1021,0.0,1.0,0.0,-0.0
PF01663,PF04987,24,10,6,18,4,998,0.6,0.98,0.25,0.38,10,6,18,4,998,0.6,0.98,0.25,0.38
PF12084,PF10225,0,5,0,0,5,1021,0.0,1.0,0,0,5,0,0,5,1021,0.0,1.0,0,0
PF01562,PF00200,19,13,10,9,3,1004,0.77,0.99,0.53,0.63,13,10,9,3,1004,0.77,0.99,0.53,0.63
PF04338,PF02609,0,1,0,0,1,1025,0.0,1.0,0,0,1,0,0,1,1025,0.0,1.0,0,0
PF01153,PF04636,8,5,1,7,4,1014,0.2,0.99,0.12,0.15,5,1,7,4,1014,0.2,0.99,0.12,0.15
PF00473,PF15342,1,1,0,1,1,1024,0.0,1.0,0.0,-0.0,1,0,1,1,1024,0.0,1.0,0.0,-0.0
PF01359,PF06159,26,2,0,26,2,998,0.0,0.97,0.0,-0.01,2,0,26,2,998,0.0,0.97,0.0,-0.01
PF17006,PF01913,0,1,0,0,1,1025,0.0,1.0,0,0,1,0,0,1,1025,0.0,1.0,0,0
PF04143,PF12716,1,0,0,1,0,1025,0,1.0,0.0,0,0,0,1,0,1025,0,1.0,0.0,0
PF09692,PF01878,2,4,0,2,4,1020,0.0,0.99,0.0,-0.0,4,0,2,4,1020,0.0,0.99,0.0,-0.0
PF09265,PF02913,6,17,2,4,15,1005,0.12,0.98,0.33,0.19,17,2,4,15,1005,0.12,0.98,0.33,0.19
PF08361,PF00813,0,1,0,0,1,1025,0.0,1.0,0,0,1,0,0,1,1025,0.0,1.0,0,0
PF16866,PF02008,1,11,1,0,10,1015,0.09,0.99,1.0,0.3,11,1,0,10,1015,0.09,0.99,1.0,0.3
PF07367,PF15610,2,1,0,2,1,1023,0.0,1.0,0.0,-0.0,1,0,2,1,1023,0.0,1.0,0.0,-0.0
PF00919,PF01938,11,11,7,4,4,1011,0.64,0.99,0.64,0.63,11,7,4,4,1011,0.64,0.99,0.64,0.63
PF10647,PF17005,0,0,0,0,0,1026,0,1.0,0,0,0,0,0,0,1026,0,1.0,0,0
PF09093,PF04984,0,0,0,0,0,1026,0,1.0,0,0,0,0,0,0,1026,0,1.0,0,0
PF07494,PF01580,1,2,0,1,2,1023,0.0,1.0,0.0,-0.0,2,0,1,2,1023,0.0,1.0,0.0,-0.0
PF15825,PF15041,0,0,0,0,0,1026,0,1.0,0,0,0,0,0,0,1026,0,1.0,0,0
PF07465,PF05797,1,1,0,1,1,1024,0.0,1.0,0.0,-0.0,1,0,1,1,1024,0.0,1.0,0.0,-0.0
PF12660,PF06469,2,1,0,2,1,1023,0.0,1.0,0.0,-0.0,1,0,2,1,1023,0.0,1.0,0.0,-0.0
PF00488,PF05192,31,28,25,6,3,992,0.89,0.99,0.81,0.84,28,25,6,3,992,0.89,0.99,0.81,0.84
PF12242,PF12241,1,1,1,0,0,1025,1.0,1.0,1.0,1.0,1,1,0,0,1025,1.0,1.0,1.0,1.0
PF15486,PF04296,0,0,0,0,0,1026,0,1.0,0,0,0,0,0,0,1026,0,1.0,0,0
PF00585,PF00290,2,7,0,2,7,1017,0.0,0.99,0.0,-0.0,7,0,2,7,1017,0.0,0.99,0.0,-0.0
PF01280,PF05129,9,8,0,9,8,1009,0.0,0.98,0.0,-0.01,8,0,9,8,1009,0.0,0.98,0.0,-0.01
PF12248,PF11901,9,12,3,6,9,1008,0.25,0.99,0.33,0.28,12,3,6,9,1008,0.25,0.99,0.33,0.28
PF13228,PF05711,0,1,0,0,1,1025,0.0,1.0,0,0,1,0,0,1,1025,0.0,1.0,0,0
PF00533,PF12738,31,21,15,16,6,989,0.71,0.98,0.48,0.58,21,15,16,6,989,0.71,0.98,0.48,0.58
PF16050,PF05179,5,4,4,1,0,1021,1.0,1.0,0.8,0.89,4,4,1,0,1021,1.0,1.0,0.8,0.89
PF08788,PF04194,3,9,1,2,8,1015,0.11,0.99,0.33,0.19,9,1,2,8,1015,0.11,0.99,0.33,0.19
PF08352,PF08402,2,2,1,1,1,1023,0.5,1.0,0.5,0.5,2,1,1,1,1023,0.5,1.0,0.5,0.5
PF07929,PF13392,3,6,1,2,5,1018,0.17,0.99,0.33,0.23,6,1,2,5,1018,0.17,0.99,0.33,0.23
PF09331,PF03384,3,1,0,3,1,1022,0.0,1.0,0.0,-0.0,1,0,3,1,1022,0.0,1.0,0.0,-0.0
PF14922,PF12948,1,0,0,1,0,1025,0,1.0,0.0,0,0,0,1,0,1025,0,1.0,0.0,0
PF02839,PF08329,3,2,1,2,1,1022,0.5,1.0,0.33,0.41,2,1,2,1,1022,0.5,1.0,0.33,0.41
PF14204,PF17144,10,8,7,3,1,1015,0.88,1.0,0.7,0.78,8,7,3,1,1015,0.88,1.0,0.7,0.78
PF09078,PF08437,1,1,0,1,1,1024,0.0,1.0,0.0,-0.0,1,0,1,1,1024,0.0,1.0,0.0,-0.0
PF16188,PF01321,10,14,10,0,4,1012,0.71,1.0,1.0,0.84,14,10,0,4,1012,0.71,1.0,1.0,0.84
PF08740,PF14629,11,5,1,10,4,1011,0.2,0.99,0.09,0.13,5,1,10,4,1011,0.2,0.99,0.09,0.13
PF10472,PF10488,0,1,0,0,1,1025,0.0,1.0,0,0,1,0,0,1,1025,0.0,1.0,0,0
PF04677,PF04676,12,14,12,0,2,1012,0.86,1.0,1.0,0.92,14,12,0,2,1012,0.86,1.0,1.0,0.92
PF11411,PF10345,6,6,4,2,2,1018,0.67,1.0,0.67,0.66,6,4,2,2,1018,0.67,1.0,0.67,0.66
PF01095,PF04043,21,15,9,12,6,999,0.6,0.98,0.43,0.5,15,9,12,6,999,0.6,0.98,0.43,0.5
PF15290,PF14722,1,3,0,1,3,1022,0.0,1.0,0.0,-0.0,3,0,1,3,1022,0.0,1.0,0.0,-0.0
PF16854,PF04100,0,6,0,0,6,1020,0.0,0.99,0,0,6,0,0,6,1020,0.0,0.99,0,0
PF05837,PF13096,3,1,0,3,1,1022,0.0,1.0,0.0,-0.0,1,0,3,1,1022,0.0,1.0,0.0,-0.0
PF12831,PF07976,6,8,3,3,5,1015,0.38,0.99,0.5,0.43,8,3,3,5,1015,0.38,0.99,0.5,0.43
PF02005,PF06881,3,1,0,3,1,1022,0.0,1.0,0.0,-0.0,1,0,3,1,1022,0.0,1.0,0.0,-0.0
PF05144,PF16888,1,0,0,1,0,1025,0,1.0,0.0,0,0,0,1,0,1025,0,1.0,0.0,0
PF12202,PF11629,7,2,1,6,1,1018,0.5,0.99,0.14,0.26,2,1,6,1,1018,0.5,0.99,0.14,0.26
PF13866,PF15285,0,2,0,0,2,1024,0.0,1.0,0,0,2,0,0,2,1024,0.0,1.0,0,0
PF11995,PF13118,1,1,1,0,0,1025,1.0,1.0,1.0,1.0,1,1,0,0,1025,1.0,1.0,1.0,1.0
PF01497,PF01902,6,5,1,5,4,1016,0.2,0.99,0.17,0.18,5,1,5,4,1016,0.2,0.99,0.17,0.18
PF00134,PF02984,43,27,26,17,1,982,0.96,0.98,0.6,0.76,27,26,17,1,982,0.96,0.98,0.6,0.76
PF14473,PF06541,0,0,0,0,0,1026,0,1.0,0,0,0,0,0,0,1026,0,1.0,0,0
PF01935,PF08886,0,0,0,0,0,1026,0,1.0,0,0,0,0,0,0,1026,0,1.0,0,0
PF11923,PF03159,3,13,2,1,11,1012,0.15,0.99,0.67,0.32,13,2,1,11,1012,0.15,0.99,0.67,0.32
PF01253,PF02201,20,18,5,15,13,993,0.28,0.97,0.25,0.25,18,5,15,13,993,0.28,0.97,0.25,0.25
PF15727,PF09669,0,0,0,0,0,1026,0,1.0,0,0,0,0,0,0,1026,0,1.0,0,0
PF02636,PF07896,9,3,1,8,2,1015,0.33,0.99,0.11,0.19,3,1,8,2,1015,0.33,0.99,0.11,0.19
PF12608,PF14317,0,0,0,0,0,1026,0,1.0,0,0,0,0,0,0,1026,0,1.0,0,0
PF05155,PF12081,1,0,0,1,0,1025,0,1.0,0.0,0,0,0,1,0,1025,0,1.0,0.0,0
PF00490,PF05051,9,5,0,9,5,1012,0.0,0.99,0.0,-0.01,5,0,9,5,1012,0.0,0.99,0.0,-0.01
PF15253,PF12887,2,0,0,2,0,1024,0,1.0,0.0,0,0,0,2,0,1024,0,1.0,0.0,0
PF08946,PF02452,1,1,1,0,0,1025,1.0,1.0,1.0,1.0,1,1,0,0,1025,1.0,1.0,1.0,1.0
PF00347,PF03719,12,19,6,6,13,1001,0.32,0.98,0.5,0.39,19,6,6,13,1001,0.32,0.98,0.5,0.39
PF00433,PF12179,22,1,1,21,0,1004,1.0,0.98,0.05,0.21,1,1,21,0,1004,1.0,0.98,0.05,0.21
PF16621,PF08944,0,0,0,0,0,1026,0,1.0,0,0,0,0,0,0,1026,0,1.0,0,0
PF08442,PF02629,7,9,3,4,6,1013,0.33,0.99,0.43,0.37,9,3,4,6,1013,0.33,0.99,0.43,0.37
PF06305,PF13400,1,0,0,1,0,1025,0,1.0,0.0,0,0,0,1,0,1025,0,1.0,0.0,0
PF03002,PF00127,2,2,0,2,2,1022,0.0,1.0,0.0,-0.0,2,0,2,2,1022,0.0,1.0,0.0,-0.0
PF00195,PF02797,9,8,8,1,0,1017,1.0,1.0,0.89,0.94,8,8,1,0,1017,1.0,1.0,0.89,0.94
PF01515,PF07085,6,4,3,3,1,1019,0.75,1.0,0.5,0.61,4,3,3,1,1019,0.75,1.0,0.5,0.61
PF01610,PF14690,1,0,0,1,0,1025,0,1.0,0.0,0,0,0,1,0,1025,0,1.0,0.0,0
PF16550,PF14831,4,1,0,4,1,1021,0.0,1.0,0.0,-0.0,1,0,4,1,1021,0.0,1.0,0.0,-0.0
PF05788,PF09493,1,0,0,1,0,1025,0,1.0,0.0,0,0,0,1,0,1025,0,1.0,0.0,0
PF01131,PF01751,17,23,15,2,8,1001,0.65,0.99,0.88,0.75,23,15,2,8,1001,0.65,0.99,0.88,0.75
PF02952,PF07881,1,1,1,0,0,1025,1.0,1.0,1.0,1.0,1,1,0,0,1025,1.0,1.0,1.0,1.0
PF01029,PF17125,5,4,2,3,2,1019,0.5,1.0,0.4,0.44,4,2,3,2,1019,0.5,1.0,0.4,0.44
PF09421,PF14474,4,2,0,4,2,1020,0.0,0.99,0.0,-0.0,2,0,4,2,1020,0.0,0.99,0.0,-0.0
PF16838,PF05352,0,0,0,0,0,1026,0,1.0,0,0,0,0,0,0,1026,0,1.0,0,0
PF14021,PF08591,1,0,0,1,0,1025,0,1.0,0.0,0,0,0,1,0,1025,0,1.0,0.0,0
PF16639,PF01333,4,1,1,3,0,1022,1.0,1.0,0.25,0.5,1,1,3,0,1022,1.0,1.0,0.25,0.5
PF09305,PF15397,0,1,0,0,1,1025,0.0,1.0,0,0,1,0,0,1,1025,0.0,1.0,0,0
PF13097,PF00835,2,4,0,2,4,1020,0.0,0.99,0.0,-0.0,4,0,2,4,1020,0.0,0.99,0.0,-0.0
PF03527,PF15798,1,2,0,1,2,1023,0.0,1.0,0.0,-0.0,2,0,1,2,1023,0.0,1.0,0.0,-0.0
PF15033,PF10514,1,2,0,1,2,1023,0.0,1.0,0.0,-0.0,2,0,1,2,1023,0.0,1.0,0.0,-0.0
PF02631,PF08653,2,3,0,2,3,1021,0.0,1.0,0.0,-0.0,3,0,2,3,1021,0.0,1.0,0.0,-0.0
PF04422,PF15805,1,0,0,1,0,1025,0,1.0,0.0,0,0,0,1,0,1025,0,1.0,0.0,0
PF05715,PF15914,1,0,0,1,0,1025,0,1.0,0.0,0,0,0,1,0,1025,0,1.0,0.0,0
PF13821,PF07713,5,6,1,4,5,1016,0.17,0.99,0.2,0.18,6,1,4,5,1016,0.17,0.99,0.2,0.18
PF08228,PF01878,1,4,0,1,4,1021,0.0,1.0,0.0,-0.0,4,0,1,4,1021,0.0,1.0,0.0,-0.0
PF04803,PF02576,2,2,0,2,2,1022,0.0,1.0,0.0,-0.0,2,0,2,2,1022,0.0,1.0,0.0,-0.0
PF01699,PF03733,29,2,2,27,0,997,1.0,0.97,0.07,0.26,2,2,27,0,997,1.0,0.97,0.07,0.26
PF07289,PF13299,6,9,0,6,9,1011,0.0,0.99,0.0,-0.01,9,0,6,9,1011,0.0,0.99,0.0,-0.01
PF07894,PF08313,2,7,0,2,7,1017,0.0,0.99,0.0,-0.0,7,0,2,7,1017,0.0,0.99,0.0,-0.0
PF07565,PF00955,9,10,6,3,4,1013,0.6,0.99,0.67,0.63,10,6,3,4,1013,0.6,0.99,0.67,0.63
PF15842,PF15097,0,0,0,0,0,1026,0,1.0,0,0,0,0,0,0,1026,0,1.0,0,0
PF02291,PF00473,4,1,0,4,1,1021,0.0,1.0,0.0,-0.0,1,0,4,1,1021,0.0,1.0,0.0,-0.0
PF06870,PF05995,7,7,0,7,7,1012,0.0,0.99,0.0,-0.01,7,0,7,7,1012,0.0,0.99,0.0,-0.01
PF07422,PF13307,0,21,0,0,21,1005,0.0,0.98,0,0,21,0,0,21,1005,0.0,0.98,0,0
PF02713,PF04949,0,5,0,0,5,1021,0.0,1.0,0,0,5,0,0,5,1021,0.0,1.0,0,0
PF15182,PF15680,1,0,0,1,0,1025,0,1.0,0.0,0,0,0,1,0,1025,0,1.0,0.0,0
PF10149,PF08356,2,4,0,2,4,1020,0.0,0.99,0.0,-0.0,4,0,2,4,1020,0.0,0.99,0.0,-0.0
PF16737,PF14061,0,1,0,0,1,1025,0.0,1.0,0,0,1,0,0,1,1025,0.0,1.0,0,0
PF08643,PF14610,4,2,1,3,1,1021,0.5,1.0,0.25,0.35,2,1,3,1,1021,0.5,1.0,0.25,0.35
PF07203,PF15760,0,0,0,0,0,1026,0,1.0,0,0,0,0,0,0,1026,0,1.0,0,0
PF13759,PF09187,3,2,0,3,2,1021,0.0,1.0,0.0,-0.0,2,0,3,2,1021,0.0,1.0,0.0,-0.0
PF00037,PF04068,5,15,5,0,10,1011,0.33,0.99,1.0,0.57,15,5,0,10,1011,0.33,0.99,1.0,0.57
PF06458,PF07523,0,0,0,0,0,1026,0,1.0,0,0,0,0,0,0,1026,0,1.0,0,0
PF04831,PF09756,1,3,0,1,3,1022,0.0,1.0,0.0,-0.0,3,0,1,3,1022,0.0,1.0,0.0,-0.0
PF16327,PF01578,1,4,1,0,3,1022,0.25,1.0,1.0,0.5,4,1,0,3,1022,0.25,1.0,1.0,0.5
PF14761,PF14763,2,0,0,2,0,1024,0,1.0,0.0,0,0,0,2,0,1024,0,1.0,0.0,0
PF09451,PF06697,8,0,0,8,0,1018,0,0.99,0.0,0,0,0,8,0,1018,0,0.99,0.0,0
PF08282,PF00689,21,40,11,10,29,976,0.28,0.96,0.52,0.36,40,11,10,29,976,0.28,0.96,0.52,0.36
PF01683,PF14625,12,6,2,10,4,1010,0.33,0.99,0.17,0.23,6,2,10,4,1010,0.33,0.99,0.17,0.23
PF07842,PF12457,11,5,5,6,0,1015,1.0,0.99,0.45,0.67,5,5,6,0,1015,1.0,0.99,0.45,0.67
PF06584,PF13824,3,1,0,3,1,1022,0.0,1.0,0.0,-0.0,1,0,3,1,1022,0.0,1.0,0.0,-0.0
PF14659,PF05666,2,0,0,2,0,1024,0,1.0,0.0,0,0,0,2,0,1024,0,1.0,0.0,0
PF12887,PF12879,0,0,0,0,0,1026,0,1.0,0,0,0,0,0,0,1026,0,1.0,0,0
PF08482,PF08148,0,11,0,0,11,1015,0.0,0.99,0,0,11,0,0,11,1015,0.0,0.99,0,0
PF13588,PF06798,2,0,0,2,0,1024,0,1.0,0.0,0,0,0,2,0,1024,0,1.0,0.0,0
PF13392,PF07929,6,3,1,5,2,1018,0.33,0.99,0.17,0.23,3,1,5,2,1018,0.33,0.99,0.17,0.23
PF03492,PF03087,3,3,1,2,2,1021,0.33,1.0,0.33,0.33,3,1,2,2,1021,0.33,1.0,0.33,0.33
PF05132,PF15311,10,4,2,8,2,1014,0.5,0.99,0.2,0.31,4,2,8,2,1014,0.5,0.99,0.2,0.31
PF06440,PF06209,1,3,0,1,3,1022,0.0,1.0,0.0,-0.0,3,0,1,3,1022,0.0,1.0,0.0,-0.0
PF13785,PF15117,0,0,0,0,0,1026,0,1.0,0,0,0,0,0,0,1026,0,1.0,0,0
PF15242,PF04714,0,2,0,0,2,1024,0.0,1.0,0,0,2,0,0,2,1024,0.0,1.0,0,0
PF00414,PF17007,0,0,0,0,0,1026,0,1.0,0,0,0,0,0,0,1026,0,1.0,0,0
PF15932,PF09697,0,0,0,0,0,1026,0,1.0,0,0,0,0,0,0,1026,0,1.0,0,0
PF04927,PF01132,0,5,0,0,5,1021,0.0,1.0,0,0,5,0,0,5,1021,0.0,1.0,0,0
PF03385,PF02219,2,9,0,2,9,1015,0.0,0.99,0.0,-0.0,9,0,2,9,1015,0.0,0.99,0.0,-0.0
PF02337,PF00607,3,5,3,0,2,1021,0.6,1.0,1.0,0.77,5,3,0,2,1021,0.6,1.0,1.0,0.77
PF05746,PF03485,18,9,7,11,2,1006,0.78,0.99,0.39,0.54,9,7,11,2,1006,0.78,0.99,0.39,0.54
PF13664,PF09769,3,3,0,3,3,1020,0.0,0.99,0.0,-0.0,3,0,3,3,1020,0.0,0.99,0.0,-0.0
PF12007,PF10106,0,0,0,0,0,1026,0,1.0,0,0,0,0,0,0,1026,0,1.0,0,0
PF09798,PF07499,1,2,0,1,2,1023,0.0,1.0,0.0,-0.0,2,0,1,2,1023,0.0,1.0,0.0,-0.0
PF05758,PF10350,4,3,0,4,3,1019,0.0,0.99,0.0,-0.0,3,0,4,3,1019,0.0,0.99,0.0,-0.0
PF09730,PF16516,4,3,0,4,3,1019,0.0,0.99,0.0,-0.0,3,0,4,3,1019,0.0,0.99,0.0,-0.0
PF03173,PF03174,1,1,1,0,0,1025,1.0,1.0,1.0,1.0,1,1,0,0,1025,1.0,1.0,1.0,1.0
PF07123,PF05936,2,0,0,2,0,1024,0,1.0,0.0,0,0,0,2,0,1024,0,1.0,0.0,0
PF03819,PF15809,1,0,0,1,0,1025,0,1.0,0.0,0,0,0,1,0,1025,0,1.0,0.0,0
PF06306,PF15876,0,0,0,0,0,1026,0,1.0,0,0,0,0,0,0,1026,0,1.0,0,0
PF16915,PF05837,0,3,0,0,3,1023,0.0,1.0,0,0,3,0,0,3,1023,0.0,1.0,0,0
PF11267,PF06485,1,1,0,1,1,1024,0.0,1.0,0.0,-0.0,1,0,1,1,1024,0.0,1.0,0.0,-0.0
PF02922,PF02806,10,10,7,3,3,1013,0.7,0.99,0.7,0.7,10,7,3,3,1013,0.7,0.99,0.7,0.7
PF00437,PF09079,13,4,2,11,2,1011,0.5,0.99,0.15,0.27,4,2,11,2,1011,0.5,0.99,0.15,0.27
PF11857,PF08924,2,0,0,2,0,1024,0,1.0,0.0,0,0,0,2,0,1024,0,1.0,0.0,0
PF00343,PF01896,15,9,1,14,8,1003,0.11,0.98,0.07,0.08,9,1,14,8,1003,0.11,0.98,0.07,0.08
PF04034,PF12800,11,0,0,11,0,1015,0,0.99,0.0,0,0,0,11,0,1015,0,0.99,0.0,0
PF01157,PF01907,10,8,4,6,4,1012,0.5,0.99,0.4,0.44,8,4,6,4,1012,0.5,0.99,0.4,0.44
PF00569,PF16577,28,0,0,28,0,998,0,0.97,0.0,0,0,0,28,0,998,0,0.97,0.0,0
PF08792,PF15211,1,0,0,1,0,1025,0,1.0,0.0,0,0,0,1,0,1025,0,1.0,0.0,0
PF04281,PF05347,3,20,3,0,17,1006,0.15,0.98,1.0,0.38,20,3,0,17,1006,0.15,0.98,1.0,0.38
PF16641,PF01465,1,11,0,1,11,1014,0.0,0.99,0.0,-0.0,11,0,1,11,1014,0.0,0.99,0.0,-0.0
PF05190,PF05192,4,28,2,2,26,996,0.07,0.97,0.5,0.18,28,2,2,26,996,0.07,0.97,0.5,0.18
PF09174,PF01951,1,4,1,0,3,1022,0.25,1.0,1.0,0.5,4,1,0,3,1022,0.25,1.0,1.0,0.5
PF10368,PF14512,0,0,0,0,0,1026,0,1.0,0,0,0,0,0,0,1026,0,1.0,0,0
PF16675,PF16676,1,2,1,0,1,1024,0.5,1.0,1.0,0.71,2,1,0,1,1024,0.5,1.0,1.0,0.71
PF02678,PF16912,9,1,1,8,0,1017,1.0,0.99,0.11,0.33,1,1,8,0,1017,1.0,0.99,0.11,0.33
PF08003,PF07210,0,0,0,0,0,1026,0,1.0,0,0,0,0,0,0,1026,0,1.0,0,0
PF04192,PF15512,5,0,0,5,0,1021,0,1.0,0.0,0,0,0,5,0,1021,0,1.0,0.0,0
PF04558,PF04557,8,7,7,1,0,1018,1.0,1.0,0.88,0.93,7,7,1,0,1018,1.0,1.0,0.88,0.93
PF14791,PF14792,5,7,5,0,2,1019,0.71,1.0,1.0,0.84,7,5,0,2,1019,0.71,1.0,1.0,0.84
PF16214,PF06327,7,5,5,2,0,1019,1.0,1.0,0.71,0.84,5,5,2,0,1019,1.0,1.0,0.71,0.84
PF15502,PF14021,0,1,0,0,1,1025,0.0,1.0,0,0,1,0,0,1,1025,0.0,1.0,0,0
PF07021,PF08497,0,0,0,0,0,1026,0,1.0,0,0,0,0,0,0,1026,0,1.0,0,0
PF01149,PF09292,5,2,2,3,0,1021,1.0,1.0,0.4,0.63,2,2,3,0,1021,1.0,1.0,0.4,0.63
PF10346,PF14232,1,0,0,1,0,1025,0,1.0,0.0,0,0,0,1,0,1025,0,1.0,0.0,0
PF06078,PF05100,1,0,0,1,0,1025,0,1.0,0.0,0,0,0,1,0,1025,0,1.0,0.0,0
PF03983,PF12026,1,0,0,1,0,1025,0,1.0,0.0,0,0,0,1,0,1025,0,1.0,0.0,0
PF14416,PF13839,9,14,9,0,5,1012,0.64,1.0,1.0,0.8,14,9,0,5,1012,0.64,1.0,1.0,0.8
PF07720,PF07721,4,3,1,3,2,1020,0.33,1.0,0.25,0.29,3,1,3,2,1020,0.33,1.0,0.25,0.29
PF16294,PF14443,4,0,0,4,0,1022,0,1.0,0.0,0,0,0,4,0,1022,0,1.0,0.0,0
PF08277,PF00024,5,41,3,2,38,983,0.07,0.96,0.6,0.2,41,3,2,38,983,0.07,0.96,0.6,0.2
PF00041,PF12453,68,2,2,66,0,958,1.0,0.94,0.03,0.17,2,2,66,0,958,1.0,0.94,0.03,0.17
PF09704,PF00721,1,0,0,1,0,1025,0,1.0,0.0,0,0,0,1,0,1025,0,1.0,0.0,0
PF01368,PF02833,10,5,2,8,3,1013,0.4,0.99,0.2,0.28,5,2,8,3,1013,0.4,0.99,0.2,0.28
PF09732,PF09368,5,3,0,5,3,1018,0.0,0.99,0.0,-0.0,3,0,5,3,1018,0.0,0.99,0.0,-0.0
PF16977,PF07602,4,0,0,4,0,1022,0,1.0,0.0,0,0,0,4,0,1022,0,1.0,0.0,0
PF03645,PF03358,16,11,3,13,8,1002,0.27,0.98,0.19,0.22,11,3,13,8,1002,0.27,0.98,0.19,0.22
PF03981,PF13225,6,4,0,6,4,1016,0.0,0.99,0.0,-0.0,4,0,6,4,1016,0.0,0.99,0.0,-0.0
PF12320,PF01340,0,2,0,0,2,1024,0.0,1.0,0,0,2,0,0,2,1024,0.0,1.0,0,0
PF16011,PF08708,1,0,0,1,0,1025,0,1.0,0.0,0,0,0,1,0,1025,0,1.0,0.0,0
PF01405,PF02119,1,1,0,1,1,1024,0.0,1.0,0.0,-0.0,1,0,1,1,1024,0.0,1.0,0.0,-0.0
PF01194,PF02531,2,1,0,2,1,1023,0.0,1.0,0.0,-0.0,1,0,2,1,1023,0.0,1.0,0.0,-0.0
PF01085,PF01079,7,10,6,1,4,1015,0.6,1.0,0.86,0.71,10,6,1,4,1015,0.6,1.0,0.86,0.71
PF12044,PF01419,3,8,0,3,8,1015,0.0,0.99,0.0,-0.0,8,0,3,8,1015,0.0,0.99,0.0,-0.0
PF14280,PF12835,0,0,0,0,0,1026,0,1.0,0,0,0,0,0,0,1026,0,1.0,0,0
PF12709,PF13096,4,1,0,4,1,1021,0.0,1.0,0.0,-0.0,1,0,4,1,1021,0.0,1.0,0.0,-0.0
PF07651,PF16515,14,2,2,12,0,1012,1.0,0.99,0.14,0.38,2,2,12,0,1012,1.0,0.99,0.14,0.38
PF07745,PF15173,2,0,0,2,0,1024,0,1.0,0.0,0,0,0,2,0,1024,0,1.0,0.0,0
PF11134,PF02979,0,1,0,0,1,1025,0.0,1.0,0,0,1,0,0,1,1025,0.0,1.0,0,0
PF00337,PF13334,19,3,1,18,2,1005,0.33,0.98,0.05,0.13,3,1,18,2,1005,0.33,0.98,0.05,0.13
PF15194,PF05939,0,0,0,0,0,1026,0,1.0,0,0,0,0,0,0,1026,0,1.0,0,0
PF12139,PF12617,0,0,0,0,0,1026,0,1.0,0,0,0,0,0,0,1026,0,1.0,0,0
PF01735,PF15625,11,0,0,11,0,1015,0,0.99,0.0,0,0,0,11,0,1015,0,0.99,0.0,0
PF12534,PF11921,1,0,0,1,0,1025,0,1.0,0.0,0,0,0,1,0,1025,0,1.0,0.0,0
PF00986,PF00204,7,11,5,2,6,1013,0.45,0.99,0.71,0.57,11,5,2,6,1013,0.45,0.99,0.71,0.57
PF07983,PF00332,9,15,6,3,9,1008,0.4,0.99,0.67,0.51,15,6,3,9,1008,0.4,0.99,0.67,0.51
PF05309,PF06586,1,1,1,0,0,1025,1.0,1.0,1.0,1.0,1,1,0,0,1025,1.0,1.0,1.0,1.0
PF01155,PF03831,1,0,0,1,0,1025,0,1.0,0.0,0,0,0,1,0,1025,0,1.0,0.0,0
PF13434,PF00743,10,35,7,3,28,988,0.2,0.97,0.7,0.36,35,7,3,28,988,0.2,0.97,0.7,0.36
PF02518,PF03924,48,5,5,43,0,978,1.0,0.96,0.1,0.32,5,5,43,0,978,1.0,0.96,0.1,0.32
PF04129,PF14800,17,2,1,16,1,1008,0.5,0.98,0.06,0.17,2,1,16,1,1008,0.5,0.98,0.06,0.17
PF10382,PF14383,2,1,0,2,1,1023,0.0,1.0,0.0,-0.0,1,0,2,1,1023,0.0,1.0,0.0,-0.0
PF02972,PF05754,0,0,0,0,0,1026,0,1.0,0,0,0,0,0,0,1026,0,1.0,0,0
PF15908,PF10481,2,1,0,2,1,1023,0.0,1.0,0.0,-0.0,1,0,2,1,1023,0.0,1.0,0.0,-0.0
PF15888,PF12478,0,3,0,0,3,1023,0.0,1.0,0,0,3,0,0,3,1023,0.0,1.0,0,0
PF01931,PF04681,1,4,0,1,4,1021,0.0,1.0,0.0,-0.0,4,0,1,4,1021,0.0,1.0,0.0,-0.0
PF09429,PF00649,8,2,0,8,2,1016,0.0,0.99,0.0,-0.0,2,0,8,2,1016,0.0,0.99,0.0,-0.0
PF04451,PF04355,0,2,0,0,2,1024,0.0,1.0,0,0,2,0,0,2,1024,0.0,1.0,0,0
PF13151,PF06681,0,0,0,0,0,1026,0,1.0,0,0,0,0,0,0,1026,0,1.0,0,0
PF02749,PF01729,9,9,9,0,0,1017,1.0,1.0,1.0,1.0,9,9,0,0,1017,1.0,1.0,1.0,1.0
PF04995,PF03260,2,1,0,2,1,1023,0.0,1.0,0.0,-0.0,1,0,2,1,1023,0.0,1.0,0.0,-0.0
PF07750,PF01927,1,2,1,0,1,1024,0.5,1.0,1.0,0.71,2,1,0,1,1024,0.5,1.0,1.0,0.71
PF12532,PF01339,1,5,1,0,4,1021,0.2,1.0,1.0,0.45,5,1,0,4,1021,0.2,1.0,1.0,0.45
PF14065,PF11743,0,0,0,0,0,1026,0,1.0,0,0,0,0,0,0,1026,0,1.0,0,0
PF01107,PF03732,4,33,4,0,29,993,0.12,0.97,1.0,0.34,33,4,0,29,993,0.12,0.97,1.0,0.34
PF02865,PF01017,2,3,2,0,1,1023,0.67,1.0,1.0,0.82,3,2,0,1,1023,0.67,1.0,1.0,0.82
PF12009,PF14529,7,42,4,3,38,981,0.1,0.96,0.57,0.22,42,4,3,38,981,0.1,0.96,0.57,0.22
PF00593,PF00950,1,2,0,1,2,1023,0.0,1.0,0.0,-0.0,2,0,1,2,1023,0.0,1.0,0.0,-0.0
PF01327,PF06658,6,1,0,6,1,1019,0.0,0.99,0.0,-0.0,1,0,6,1,1019,0.0,0.99,0.0,-0.0
PF15299,PF05334,1,3,0,1,3,1022,0.0,1.0,0.0,-0.0,3,0,1,3,1022,0.0,1.0,0.0,-0.0
PF13739,PF08708,0,0,0,0,0,1026,0,1.0,0,0,0,0,0,0,1026,0,1.0,0,0
PF09206,PF05270,3,5,3,0,2,1021,0.6,1.0,1.0,0.77,5,3,0,2,1021,0.6,1.0,1.0,0.77
PF12319,PF10180,0,7,0,0,7,1019,0.0,0.99,0,0,7,0,0,7,1019,0.0,0.99,0,0
PF01940,PF07110,4,4,2,2,2,1020,0.5,1.0,0.5,0.5,4,2,2,2,1020,0.5,1.0,0.5,0.5
PF13023,PF00831,7,7,2,5,5,1014,0.29,0.99,0.29,0.28,7,2,5,5,1014,0.29,0.99,0.29,0.28
PF13369,PF08755,6,7,3,3,4,1016,0.43,0.99,0.5,0.46,7,3,3,4,1016,0.43,0.99,0.5,0.46
PF14252,PF06395,1,3,1,0,2,1023,0.33,1.0,1.0,0.58,3,1,0,2,1023,0.33,1.0,1.0,0.58
PF00806,PF07990,13,0,0,13,0,1013,0,0.99,0.0,0,0,0,13,0,1013,0,0.99,0.0,0
PF14766,PF14768,1,0,0,1,0,1025,0,1.0,0.0,0,0,0,1,0,1025,0,1.0,0.0,0
PF14061,PF16737,1,0,0,1,0,1025,0,1.0,0.0,0,0,0,1,0,1025,0,1.0,0.0,0
PF16003,PF16032,1,0,0,1,0,1025,0,1.0,0.0,0,0,0,1,0,1025,0,1.0,0.0,0
PF00147,PF07546,44,1,0,44,1,981,0.0,0.96,0.0,-0.01,1,0,44,1,981,0.0,0.96,0.0,-0.01
PF01559,PF03331,0,1,0,0,1,1025,0.0,1.0,0,0,1,0,0,1,1025,0.0,1.0,0,0
PF10266,PF04922,4,5,0,4,5,1017,0.0,0.99,0.0,-0.0,5,0,4,5,1017,0.0,0.99,0.0,-0.0
PF11927,PF03162,7,3,0,7,3,1016,0.0,0.99,0.0,-0.0,3,0,7,3,1016,0.0,0.99,0.0,-0.0
PF10411,PF12477,0,0,0,0,0,1026,0,1.0,0,0,0,0,0,0,1026,0,1.0,0,0
PF03494,PF10515,1,2,0,1,2,1023,0.0,1.0,0.0,-0.0,2,0,1,2,1023,0.0,1.0,0.0,-0.0
PF05044,PF09462,2,5,0,2,5,1019,0.0,0.99,0.0,-0.0,5,0,2,5,1019,0.0,0.99,0.0,-0.0
PF14109,PF14398,0,0,0,0,0,1026,0,1.0,0,0,0,0,0,0,1026,0,1.0,0,0
PF00198,PF02817,12,8,7,5,1,1013,0.88,0.99,0.58,0.71,8,7,5,1,1013,0.88,0.99,0.58,0.71
PF03643,PF09751,3,4,0,3,4,1019,0.0,0.99,0.0,-0.0,4,0,3,4,1019,0.0,0.99,0.0,-0.0
PF01987,PF04667,6,5,1,5,4,1016,0.2,0.99,0.17,0.18,5,1,5,4,1016,0.2,0.99,0.17,0.18
PF15366,PF08404,0,1,0,0,1,1025,0.0,1.0,0,0,1,0,0,1,1025,0.0,1.0,0,0
PF12158,PF01316,0,3,0,0,3,1023,0.0,1.0,0,0,3,0,0,3,1023,0.0,1.0,0,0
PF13330,PF10162,6,6,0,6,6,1014,0.0,0.99,0.0,-0.01,6,0,6,6,1014,0.0,0.99,0.0,-0.01
PF10534,PF06663,2,1,1,1,0,1024,1.0,1.0,0.5,0.71,1,1,1,0,1024,1.0,1.0,0.5,0.71
PF00378,PF00725,35,12,8,27,4,987,0.67,0.97,0.23,0.38,12,8,27,4,987,0.67,0.97,0.23,0.38
PF13842,PF13843,1,37,1,0,36,989,0.03,0.96,1.0,0.16,37,1,0,36,989,0.03,0.96,1.0,0.16
PF08390,PF12403,9,1,1,8,0,1017,1.0,0.99,0.11,0.33,1,1,8,0,1017,1.0,0.99,0.11,0.33
PF07724,PF10431,17,17,17,0,0,1009,1.0,1.0,1.0,1.0,17,17,0,0,1009,1.0,1.0,1.0,1.0
PF00972,PF05857,2,0,0,2,0,1024,0,1.0,0.0,0,0,0,2,0,1024,0,1.0,0.0,0
PF13206,PF00913,0,1,0,0,1,1025,0.0,1.0,0,0,1,0,0,1,1025,0.0,1.0,0,0
PF05625,PF04756,6,4,0,6,4,1016,0.0,0.99,0.0,-0.0,4,0,6,4,1016,0.0,0.99,0.0,-0.0
PF16683,PF15314,0,0,0,0,0,1026,0,1.0,0,0,0,0,0,0,1026,0,1.0,0,0
PF10671,PF13269,1,0,0,1,0,1025,0,1.0,0.0,0,0,0,1,0,1025,0,1.0,0.0,0
PF06965,PF00524,4,1,0,4,1,1021,0.0,1.0,0.0,-0.0,1,0,4,1,1021,0.0,1.0,0.0,-0.0
PF09179,PF11734,1,1,1,0,0,1025,1.0,1.0,1.0,1.0,1,1,0,0,1025,1.0,1.0,1.0,1.0
PF06955,PF15886,5,4,1,4,3,1018,0.25,0.99,0.2,0.22,4,1,4,3,1018,0.25,0.99,0.2,0.22
PF16897,PF16360,2,5,0,2,5,1019,0.0,0.99,0.0,-0.0,5,0,2,5,1019,0.0,0.99,0.0,-0.0
PF14912,PF06401,3,1,0,3,1,1022,0.0,1.0,0.0,-0.0,1,0,3,1,1022,0.0,1.0,0.0,-0.0
PF11017,PF15053,1,0,0,1,0,1025,0,1.0,0.0,0,0,0,1,0,1025,0,1.0,0.0,0
PF08059,PF02099,9,8,4,5,4,1013,0.5,0.99,0.44,0.47,8,4,5,4,1013,0.5,0.99,0.44,0.47
PF10168,PF16840,2,0,0,2,0,1024,0,1.0,0.0,0,0,0,2,0,1024,0,1.0,0.0,0
PF08403,PF03522,3,18,3,0,15,1008,0.17,0.99,1.0,0.41,18,3,0,15,1008,0.17,0.99,1.0,0.41
PF15005,PF14049,4,0,0,4,0,1022,0,1.0,0.0,0,0,0,4,0,1022,0,1.0,0.0,0
PF02104,PF02284,6,1,0,6,1,1019,0.0,0.99,0.0,-0.0,1,0,6,1,1019,0.0,0.99,0.0,-0.0
PF04064,PF04063,4,4,4,0,0,1022,1.0,1.0,1.0,1.0,4,4,0,0,1022,1.0,1.0,1.0,1.0
PF04570,PF10248,1,2,0,1,2,1023,0.0,1.0,0.0,-0.0,2,0,1,2,1023,0.0,1.0,0.0,-0.0
PF00157,PF03792,4,6,2,2,4,1018,0.33,0.99,0.5,0.41,6,2,2,4,1018,0.33,0.99,0.5,0.41
PF06115,PF07270,0,0,0,0,0,1026,0,1.0,0,0,0,0,0,0,1026,0,1.0,0,0
PF05991,PF03703,1,0,0,1,0,1025,0,1.0,0.0,0,0,0,1,0,1025,0,1.0,0.0,0
PF16419,PF15309,0,3,0,0,3,1023,0.0,1.0,0,0,3,0,0,3,1023,0.0,1.0,0,0
PF04523,PF06450,1,1,0,1,1,1024,0.0,1.0,0.0,-0.0,1,0,1,1,1024,0.0,1.0,0.0,-0.0
PF15478,PF14866,1,0,0,1,0,1025,0,1.0,0.0,0,0,0,1,0,1025,0,1.0,0.0,0
PF07065,PF02089,3,5,0,3,5,1018,0.0,0.99,0.0,-0.0,5,0,3,5,1018,0.0,0.99,0.0,-0.0
PF10834,PF13844,0,13,0,0,13,1013,0.0,0.99,0,0,13,0,0,13,1013,0.0,0.99,0,0
PF04571,PF16876,4,2,2,2,0,1022,1.0,1.0,0.5,0.71,2,2,2,0,1022,1.0,1.0,0.5,0.71
PF15104,PF07327,0,1,0,0,1,1025,0.0,1.0,0,0,1,0,0,1,1025,0.0,1.0,0,0
PF05308,PF14798,2,1,0,2,1,1023,0.0,1.0,0.0,-0.0,1,0,2,1,1023,0.0,1.0,0.0,-0.0
PF08438,PF09269,2,1,1,1,0,1024,1.0,1.0,0.5,0.71,1,1,1,0,1024,1.0,1.0,0.5,0.71
PF07765,PF11577,2,5,1,1,4,1020,0.2,1.0,0.5,0.31,5,1,1,4,1020,0.2,1.0,0.5,0.31
PF07463,PF14849,3,3,1,2,2,1021,0.33,1.0,0.33,0.33,3,1,2,2,1021,0.33,1.0,0.33,0.33
PF10634,PF10080,0,0,0,0,0,1026,0,1.0,0,0,0,0,0,0,1026,0,1.0,0,0
PF12329,PF10377,3,3,0,3,3,1020,0.0,0.99,0.0,-0.0,3,0,3,3,1020,0.0,0.99,0.0,-0.0
PF12498,PF03957,1,1,1,0,0,1025,1.0,1.0,1.0,1.0,1,1,0,0,1025,1.0,1.0,1.0,1.0
PF16043,PF06637,1,1,0,1,1,1024,0.0,1.0,0.0,-0.0,1,0,1,1,1024,0.0,1.0,0.0,-0.0
PF06546,PF00447,1,20,1,0,19,1006,0.05,0.98,1.0,0.22,20,1,0,19,1006,0.05,0.98,1.0,0.22
PF03127,PF00790,13,27,12,1,15,998,0.44,0.98,0.92,0.63,27,12,1,15,998,0.44,0.98,0.92,0.63
PF00224,PF02887,23,15,15,8,0,1003,1.0,0.99,0.65,0.8,15,15,8,0,1003,1.0,0.99,0.65,0.8
PF14934,PF10195,2,1,0,2,1,1023,0.0,1.0,0.0,-0.0,1,0,2,1,1023,0.0,1.0,0.0,-0.0
PF10340,PF03576,1,1,0,1,1,1024,0.0,1.0,0.0,-0.0,1,0,1,1,1024,0.0,1.0,0.0,-0.0
PF16562,PF15625,2,0,0,2,0,1024,0,1.0,0.0,0,0,0,2,0,1024,0,1.0,0.0,0
PF11677,PF04691,0,3,0,0,3,1023,0.0,1.0,0,0,3,0,0,3,1023,0.0,1.0,0,0
PF04717,PF03729,0,0,0,0,0,1026,0,1.0,0,0,0,0,0,0,1026,0,1.0,0,0
PF08954,PF05386,0,0,0,0,0,1026,0,1.0,0,0,0,0,0,0,1026,0,1.0,0,0
PF03657,PF01097,6,3,1,5,2,1018,0.33,0.99,0.17,0.23,3,1,5,2,1018,0.33,0.99,0.17,0.23
PF05856,PF11017,5,1,1,4,0,1021,1.0,1.0,0.2,0.45,1,1,4,0,1021,1.0,1.0,0.2,0.45
PF04905,PF04902,1,1,1,0,0,1025,1.0,1.0,1.0,1.0,1,1,0,0,1025,1.0,1.0,1.0,1.0
PF04560,PF10385,13,2,2,11,0,1013,1.0,0.99,0.15,0.39,2,2,11,0,1013,1.0,0.99,0.15,0.39
PF00635,PF03567,25,11,6,19,5,996,0.55,0.98,0.24,0.35,11,6,19,5,996,0.55,0.98,0.24,0.35
PF08983,PF03827,1,3,1,0,2,1023,0.33,1.0,1.0,0.58,3,1,0,2,1023,0.33,1.0,1.0,0.58
PF03613,PF14328,1,0,0,1,0,1025,0,1.0,0.0,0,0,0,1,0,1025,0,1.0,0.0,0
PF15452,PF15912,1,0,0,1,0,1025,0,1.0,0.0,0,0,0,1,0,1025,0,1.0,0.0,0
PF13259,PF01643,3,1,0,3,1,1022,0.0,1.0,0.0,-0.0,1,0,3,1,1022,0.0,1.0,0.0,-0.0
PF08305,PF16403,2,6,1,1,5,1019,0.17,0.99,0.5,0.29,6,1,1,5,1019,0.17,0.99,0.5,0.29
PF09912,PF11128,0,0,0,0,0,1026,0,1.0,0,0,0,0,0,0,1026,0,1.0,0,0
PF16233,PF16899,0,8,0,0,8,1018,0.0,0.99,0,0,8,0,0,8,1018,0.0,0.99,0,0
PF15455,PF10912,2,0,0,2,0,1024,0,1.0,0.0,0,0,0,2,0,1024,0,1.0,0.0,0
PF05731,PF05386,4,0,0,4,0,1022,0,1.0,0.0,0,0,0,4,0,1022,0,1.0,0.0,0
PF05212,PF02590,8,2,0,8,2,1016,0.0,0.99,0.0,-0.0,2,0,8,2,1016,0.0,0.99,0.0,-0.0
PF12460,PF07035,4,1,0,4,1,1021,0.0,1.0,0.0,-0.0,1,0,4,1,1021,0.0,1.0,0.0,-0.0
PF16799,PF03521,2,4,2,0,2,1022,0.5,1.0,1.0,0.71,4,2,0,2,1022,0.5,1.0,1.0,0.71
PF08571,PF17221,6,1,0,6,1,1019,0.0,0.99,0.0,-0.0,1,0,6,1,1019,0.0,0.99,0.0,-0.0
PF13901,PF08399,16,8,4,12,4,1006,0.5,0.98,0.25,0.35,8,4,12,4,1006,0.5,0.98,0.25,0.35
PF12012,PF15273,8,0,0,8,0,1018,0,0.99,0.0,0,0,0,8,0,1018,0,0.99,0.0,0
PF11675,PF15775,0,0,0,0,0,1026,0,1.0,0,0,0,0,0,0,1026,0,1.0,0,0
PF04381,PF00887,2,27,1,1,26,998,0.04,0.97,0.5,0.13,27,1,1,26,998,0.04,0.97,0.5,0.13
PF04348,PF12437,1,1,0,1,1,1024,0.0,1.0,0.0,-0.0,1,0,1,1,1024,0.0,1.0,0.0,-0.0
PF10443,PF08081,2,0,0,2,0,1024,0,1.0,0.0,0,0,0,2,0,1024,0,1.0,0.0,0
PF03640,PF15709,0,0,0,0,0,1026,0,1.0,0,0,0,0,0,0,1026,0,1.0,0,0
PF04828,PF02515,11,22,6,5,16,999,0.27,0.98,0.55,0.38,22,6,5,16,999,0.27,0.98,0.55,0.38
PF15462,PF15109,2,0,0,2,0,1024,0,1.0,0.0,0,0,0,2,0,1024,0,1.0,0.0,0
PF13085,PF06159,9,2,1,8,1,1016,0.5,0.99,0.11,0.23,2,1,8,1,1016,0.5,0.99,0.11,0.23
PF16099,PF08585,2,7,2,0,5,1019,0.29,1.0,1.0,0.53,7,2,0,5,1019,0.29,1.0,1.0,0.53
PF02206,PF11548,3,4,1,2,3,1020,0.25,1.0,0.33,0.29,4,1,2,3,1020,0.25,1.0,0.33,0.29
PF04124,PF04981,4,4,1,3,3,1019,0.25,0.99,0.25,0.25,4,1,3,3,1019,0.25,0.99,0.25,0.25
PF14802,PF09496,3,3,0,3,3,1020,0.0,0.99,0.0,-0.0,3,0,3,3,1020,0.0,0.99,0.0,-0.0
PF00743,PF13434,35,10,7,28,3,988,0.7,0.97,0.2,0.36,10,7,28,3,988,0.7,0.97,0.2,0.36
PF09131,PF00419,0,3,0,0,3,1023,0.0,1.0,0,0,3,0,0,3,1023,0.0,1.0,0,0
PF01632,PF10218,2,0,0,2,0,1024,0,1.0,0.0,0,0,0,2,0,1024,0,1.0,0.0,0
PF15674,PF02924,2,0,0,2,0,1024,0,1.0,0.0,0,0,0,2,0,1024,0,1.0,0.0,0
PF15012,PF02366,1,8,0,1,8,1017,0.0,0.99,0.0,-0.0,8,0,1,8,1017,0.0,0.99,0.0,-0.0
PF13972,PF09122,0,0,0,0,0,1026,0,1.0,0,0,0,0,0,0,1026,0,1.0,0,0
PF07763,PF06083,2,1,0,2,1,1023,0.0,1.0,0.0,-0.0,1,0,2,1,1023,0.0,1.0,0.0,-0.0
PF06971,PF00549,2,11,0,2,11,1013,0.0,0.99,0.0,-0.0,11,0,2,11,1013,0.0,0.99,0.0,-0.0
PF05178,PF12936,4,4,4,0,0,1022,1.0,1.0,1.0,1.0,4,4,0,0,1022,1.0,1.0,1.0,1.0
PF03306,PF15703,3,2,0,3,2,1021,0.0,1.0,0.0,-0.0,2,0,3,2,1021,0.0,1.0,0.0,-0.0
PF09939,PF00425,0,10,0,0,10,1016,0.0,0.99,0,0,10,0,0,10,1016,0.0,0.99,0,0
PF01167,PF07734,9,6,3,6,3,1014,0.5,0.99,0.33,0.4,6,3,6,3,1014,0.5,0.99,0.33,0.4
PF00476,PF01927,10,2,1,9,1,1015,0.5,0.99,0.1,0.22,2,1,9,1,1015,0.5,0.99,0.1,0.22
PF14706,PF16968,1,1,0,1,1,1024,0.0,1.0,0.0,-0.0,1,0,1,1,1024,0.0,1.0,0.0,-0.0
PF09201,PF03320,2,3,0,2,3,1021,0.0,1.0,0.0,-0.0,3,0,2,3,1021,0.0,1.0,0.0,-0.0
PF13490,PF15750,2,0,0,2,0,1024,0,1.0,0.0,0,0,0,2,0,1024,0,1.0,0.0,0
PF08351,PF13725,7,7,7,0,0,1019,1.0,1.0,1.0,1.0,7,7,0,0,1019,1.0,1.0,1.0,1.0
PF04698,PF02318,1,6,1,0,5,1020,0.17,1.0,1.0,0.41,6,1,0,5,1020,0.17,1.0,1.0,0.41
PF11542,PF06586,0,1,0,0,1,1025,0.0,1.0,0,0,1,0,0,1,1025,0.0,1.0,0,0
PF12496,PF00616,3,17,0,3,17,1006,0.0,0.98,0.0,-0.01,17,0,3,17,1006,0.0,0.98,0.0,-0.01
PF03150,PF00950,3,2,0,3,2,1021,0.0,1.0,0.0,-0.0,2,0,3,2,1021,0.0,1.0,0.0,-0.0
PF10267,PF13865,2,3,0,2,3,1021,0.0,1.0,0.0,-0.0,3,0,2,3,1021,0.0,1.0,0.0,-0.0
PF01701,PF10856,2,0,0,2,0,1024,0,1.0,0.0,0,0,0,2,0,1024,0,1.0,0.0,0
PF11822,PF12516,3,0,0,3,0,1023,0,1.0,0.0,0,0,0,3,0,1023,0,1.0,0.0,0
PF11937,PF02560,8,4,1,7,3,1015,0.25,0.99,0.12,0.17,4,1,7,3,1015,0.25,0.99,0.12,0.17
PF08354,PF16073,2,10,2,0,8,1016,0.2,0.99,1.0,0.45,10,2,0,8,1016,0.2,0.99,1.0,0.45
PF16768,PF16769,0,0,0,0,0,1026,0,1.0,0,0,0,0,0,0,1026,0,1.0,0,0
PF12353,PF12220,9,1,0,9,1,1016,0.0,0.99,0.0,-0.0,1,0,9,1,1016,0.0,0.99,0.0,-0.0
PF04163,PF15877,1,0,0,1,0,1025,0,1.0,0.0,0,0,0,1,0,1025,0,1.0,0.0,0
PF02909,PF05043,2,4,2,0,2,1022,0.5,1.0,1.0,0.71,4,2,0,2,1022,0.5,1.0,1.0,0.71
PF00745,PF05201,4,4,4,0,0,1022,1.0,1.0,1.0,1.0,4,4,0,0,1022,1.0,1.0,1.0,1.0
PF04483,PF13225,1,4,0,1,4,1021,0.0,1.0,0.0,-0.0,4,0,1,4,1021,0.0,1.0,0.0,-0.0
PF01521,PF01025,9,8,2,7,6,1011,0.25,0.99,0.22,0.23,8,2,7,6,1011,0.25,0.99,0.22,0.23
PF12234,PF09453,4,8,0,4,8,1014,0.0,0.99,0.0,-0.01,8,0,4,8,1014,0.0,0.99,0.0,-0.01
PF15826,PF03406,3,0,0,3,0,1023,0,1.0,0.0,0,0,0,3,0,1023,0,1.0,0.0,0
PF08832,PF16279,2,2,2,0,0,1024,1.0,1.0,1.0,1.0,2,2,0,0,1024,1.0,1.0,1.0,1.0
PF16692,PF16401,2,2,0,2,2,1022,0.0,1.0,0.0,-0.0,2,0,2,2,1022,0.0,1.0,0.0,-0.0
PF00397,PF09445,55,15,7,48,8,963,0.47,0.95,0.13,0.22,15,7,48,8,963,0.47,0.95,0.13,0.22
PF04117,PF03556,23,12,4,19,8,995,0.33,0.97,0.17,0.23,12,4,19,8,995,0.33,0.97,0.17,0.23
PF06812,PF15050,0,0,0,0,0,1026,0,1.0,0,0,0,0,0,0,1026,0,1.0,0,0
PF02297,PF16953,11,8,0,11,8,1007,0.0,0.98,0.0,-0.01,8,0,11,8,1007,0.0,0.98,0.0,-0.01
PF07061,PF04099,7,11,2,5,9,1010,0.18,0.99,0.29,0.22,11,2,5,9,1010,0.18,0.99,0.29,0.22
PF15289,PF09991,0,0,0,0,0,1026,0,1.0,0,0,0,0,0,0,1026,0,1.0,0,0
PF08675,PF04857,1,13,1,0,12,1013,0.08,0.99,1.0,0.28,13,1,0,12,1013,0.08,0.99,1.0,0.28
PF15386,PF13270,1,4,0,1,4,1021,0.0,1.0,0.0,-0.0,4,0,1,4,1021,0.0,1.0,0.0,-0.0
PF01183,PF09631,5,5,0,5,5,1016,0.0,0.99,0.0,-0.0,5,0,5,5,1016,0.0,0.99,0.0,-0.0
PF12385,PF12843,0,0,0,0,0,1026,0,1.0,0,0,0,0,0,0,1026,0,1.0,0,0
PF00804,PF09177,16,4,2,14,2,1008,0.5,0.98,0.12,0.24,4,2,14,2,1008,0.5,0.98,0.12,0.24
PF06235,PF02378,0,6,0,0,6,1020,0.0,0.99,0,0,6,0,0,6,1020,0.0,0.99,0,0
PF00861,PF05915,3,0,0,3,0,1023,0,1.0,0.0,0,0,0,3,0,1023,0,1.0,0.0,0
PF02252,PF02251,4,3,3,1,0,1022,1.0,1.0,0.75,0.87,3,3,1,0,1022,1.0,1.0,0.75,0.87
PF03232,PF00708,7,6,2,5,4,1015,0.33,0.99,0.29,0.3,6,2,5,4,1015,0.33,0.99,0.29,0.3
PF09970,PF03051,0,4,0,0,4,1022,0.0,1.0,0,0,4,0,0,4,1022,0.0,1.0,0,0
PF04863,PF04864,0,2,0,0,2,1024,0.0,1.0,0,0,2,0,0,2,1024,0.0,1.0,0,0
PF04548,PF11886,16,1,1,15,0,1010,1.0,0.99,0.06,0.25,1,1,15,0,1010,1.0,0.99,0.06,0.25
PF16102,PF08035,0,0,0,0,0,1026,0,1.0,0,0,0,0,0,0,1026,0,1.0,0,0
PF06645,PF01279,6,1,0,6,1,1019,0.0,0.99,0.0,-0.0,1,0,6,1,1019,0.0,0.99,0.0,-0.0
PF01078,PF00243,1,1,0,1,1,1024,0.0,1.0,0.0,-0.0,1,0,1,1,1024,0.0,1.0,0.0,-0.0
PF02755,PF04589,5,2,1,4,1,1020,0.5,1.0,0.2,0.31,2,1,4,1,1020,0.5,1.0,0.2,0.31
PF03742,PF08404,1,1,0,1,1,1024,0.0,1.0,0.0,-0.0,1,0,1,1,1024,0.0,1.0,0.0,-0.0
PF03912,PF02427,1,1,1,0,0,1025,1.0,1.0,1.0,1.0,1,1,0,0,1025,1.0,1.0,1.0,1.0
PF07912,PF07749,3,10,3,0,7,1016,0.3,0.99,1.0,0.55,10,3,0,7,1016,0.3,0.99,1.0,0.55
PF03546,PF07891,0,1,0,0,1,1025,0.0,1.0,0,0,1,0,0,1,1025,0.0,1.0,0,0
PF14882,PF12241,0,1,0,0,1,1025,0.0,1.0,0,0,1,0,0,1,1025,0.0,1.0,0,0
PF03659,PF13472,5,29,4,1,25,996,0.14,0.97,0.8,0.33,29,4,1,25,996,0.14,0.97,0.8,0.33
PF01082,PF03712,7,7,7,0,0,1019,1.0,1.0,1.0,1.0,7,7,0,0,1019,1.0,1.0,1.0,1.0
PF08157,PF00524,1,1,0,1,1,1024,0.0,1.0,0.0,-0.0,1,0,1,1,1024,0.0,1.0,0.0,-0.0
PF06676,PF01750,0,0,0,0,0,1026,0,1.0,0,0,0,0,0,0,1026,0,1.0,0,0
PF17210,PF00746,5,0,0,5,0,1021,0,1.0,0.0,0,0,0,5,0,1021,0,1.0,0.0,0
PF01383,PF00502,2,1,1,1,0,1024,1.0,1.0,0.5,0.71,1,1,1,0,1024,1.0,1.0,0.5,0.71
PF02548,PF11779,4,2,0,4,2,1020,0.0,0.99,0.0,-0.0,2,0,4,2,1020,0.0,0.99,0.0,-0.0
PF13569,PF07560,0,1,0,0,1,1025,0.0,1.0,0,0,1,0,0,1,1025,0.0,1.0,0,0
PF10454,PF06695,0,0,0,0,0,1026,0,1.0,0,0,0,0,0,0,1026,0,1.0,0,0
PF02768,PF02767,4,4,4,0,0,1022,1.0,1.0,1.0,1.0,4,4,0,0,1022,1.0,1.0,1.0,1.0
PF02718,PF01340,2,2,0,2,2,1022,0.0,1.0,0.0,-0.0,2,0,2,2,1022,0.0,1.0,0.0,-0.0
PF12067,PF13775,0,3,0,0,3,1023,0.0,1.0,0,0,3,0,0,3,1023,0.0,1.0,0,0
PF09807,PF05497,3,2,0,3,2,1021,0.0,1.0,0.0,-0.0,2,0,3,2,1021,0.0,1.0,0.0,-0.0
PF12510,PF15147,0,0,0,0,0,1026,0,1.0,0,0,0,0,0,0,1026,0,1.0,0,0
PF13352,PF14922,1,1,0,1,1,1024,0.0,1.0,0.0,-0.0,1,0,1,1,1024,0.0,1.0,0.0,-0.0
PF09588,PF15299,7,1,0,7,1,1018,0.0,0.99,0.0,-0.0,1,0,7,1,1018,0.0,0.99,0.0,-0.0
PF10420,PF01731,0,3,0,0,3,1023,0.0,1.0,0,0,3,0,0,3,1023,0.0,1.0,0,0
PF12200,PF17106,2,1,1,1,0,1024,1.0,1.0,0.5,0.71,1,1,1,0,1024,1.0,1.0,0.5,0.71
PF04277,PF15214,2,1,0,2,1,1023,0.0,1.0,0.0,-0.0,1,0,2,1,1023,0.0,1.0,0.0,-0.0
PF05158,PF06219,9,2,0,9,2,1015,0.0,0.99,0.0,-0.0,2,0,9,2,1015,0.0,0.99,0.0,-0.0
PF14607,PF13205,0,0,0,0,0,1026,0,1.0,0,0,0,0,0,0,1026,0,1.0,0,0
PF09514,PF12417,1,3,1,0,2,1023,0.33,1.0,1.0,0.58,3,1,0,2,1023,0.33,1.0,1.0,0.58
PF04727,PF11841,12,6,5,7,1,1013,0.83,0.99,0.42,0.59,6,5,7,1,1013,0.83,0.99,0.42,0.59
PF12507,PF12158,1,0,0,1,0,1025,0,1.0,0.0,0,0,0,1,0,1025,0,1.0,0.0,0
PF02403,PF03129,13,41,5,8,36,977,0.12,0.96,0.38,0.2,41,5,8,36,977,0.12,0.96,0.38,0.2
PF13098,PF08497,5,0,0,5,0,1021,0,1.0,0.0,0,0,0,5,0,1021,0,1.0,0.0,0
PF12374,PF08828,1,1,1,0,0,1025,1.0,1.0,1.0,1.0,1,1,0,0,1025,1.0,1.0,1.0,1.0
PF15812,PF00714,1,1,0,1,1,1024,0.0,1.0,0.0,-0.0,1,0,1,1,1024,0.0,1.0,0.0,-0.0
PF04812,PF04814,1,1,1,0,0,1025,1.0,1.0,1.0,1.0,1,1,0,0,1025,1.0,1.0,1.0,1.0
PF06907,PF15831,1,0,0,1,0,1025,0,1.0,0.0,0,0,0,1,0,1025,0,1.0,0.0,0
PF17010,PF01668,0,2,0,0,2,1024,0.0,1.0,0,0,2,0,0,2,1024,0.0,1.0,0,0
PF14326,PF17164,0,0,0,0,0,1026,0,1.0,0,0,0,0,0,0,1026,0,1.0,0,0
PF12417,PF02023,3,8,2,1,6,1017,0.25,0.99,0.67,0.41,8,2,1,6,1017,0.25,0.99,0.67,0.41
PF01342,PF03172,4,3,3,1,0,1022,1.0,1.0,0.75,0.87,3,3,1,0,1022,1.0,1.0,0.75,0.87
PF15214,PF03241,1,0,0,1,0,1025,0,1.0,0.0,0,0,0,1,0,1025,0,1.0,0.0,0
PF01949,PF01527,0,8,0,0,8,1018,0.0,0.99,0,0,8,0,0,8,1018,0.0,0.99,0,0
PF11440,PF04965,0,0,0,0,0,1026,0,1.0,0,0,0,0,0,0,1026,0,1.0,0,0
PF00117,PF00988,39,9,9,30,0,987,1.0,0.97,0.23,0.47,9,9,30,0,987,1.0,0.97,0.23,0.47
PF01427,PF07930,2,0,0,2,0,1024,0,1.0,0.0,0,0,0,2,0,1024,0,1.0,0.0,0
PF15680,PF14866,0,0,0,0,0,1026,0,1.0,0,0,0,0,0,0,1026,0,1.0,0,0
PF05129,PF03760,8,2,0,8,2,1016,0.0,0.99,0.0,-0.0,2,0,8,2,1016,0.0,0.99,0.0,-0.0
PF03773,PF06756,0,1,0,0,1,1025,0.0,1.0,0,0,1,0,0,1,1025,0.0,1.0,0,0
PF16484,PF00755,5,21,5,0,16,1005,0.24,0.98,1.0,0.48,21,5,0,16,1005,0.24,0.98,1.0,0.48
PF01865,PF09738,0,1,0,0,1,1025,0.0,1.0,0,0,1,0,0,1,1025,0.0,1.0,0,0
PF01641,PF05047,5,3,1,4,2,1019,0.33,0.99,0.2,0.26,3,1,4,2,1019,0.33,0.99,0.2,0.26
PF06227,PF15775,0,0,0,0,0,1026,0,1.0,0,0,0,0,0,0,1026,0,1.0,0,0
PF00129,PF04833,4,3,1,3,2,1020,0.33,1.0,0.25,0.29,3,1,3,2,1020,0.33,1.0,0.25,0.29
PF11369,PF17084,0,0,0,0,0,1026,0,1.0,0,0,0,0,0,0,1026,0,1.0,0,0
PF08747,PF02759,0,21,0,0,21,1005,0.0,0.98,0,0,21,0,0,21,1005,0.0,0.98,0,0
PF07593,PF10393,0,1,0,0,1,1025,0.0,1.0,0,0,1,0,0,1,1025,0.0,1.0,0,0
PF00286,PF11638,0,2,0,0,2,1024,0.0,1.0,0,0,2,0,0,2,1024,0.0,1.0,0,0
PF00939,PF03105,14,19,8,6,11,1001,0.42,0.98,0.57,0.48,19,8,6,11,1001,0.42,0.98,0.57,0.48
PF10717,PF03265,0,13,0,0,13,1013,0.0,0.99,0,0,13,0,0,13,1013,0.0,0.99,0,0
PF16000,PF10699,1,1,0,1,1,1024,0.0,1.0,0.0,-0.0,1,0,1,1,1024,0.0,1.0,0.0,-0.0
PF01115,PF09749,4,5,1,3,4,1018,0.2,0.99,0.25,0.22,5,1,3,4,1018,0.2,0.99,0.25,0.22
PF07654,PF07686,13,32,9,4,23,990,0.28,0.97,0.69,0.43,32,9,4,23,990,0.28,0.97,0.69,0.43
PF15702,PF08570,0,1,0,0,1,1025,0.0,1.0,0,0,1,0,0,1,1025,0.0,1.0,0,0
PF08183,PF15082,0,0,0,0,0,1026,0,1.0,0,0,0,0,0,0,1026,0,1.0,0,0
PF03669,PF11336,7,0,0,7,0,1019,0,0.99,0.0,0,0,0,7,0,1019,0,0.99,0.0,0
PF08032,PF12105,2,1,1,1,0,1024,1.0,1.0,0.5,0.71,1,1,1,0,1024,1.0,1.0,0.5,0.71
PF02603,PF05036,2,4,2,0,2,1022,0.5,1.0,1.0,0.71,4,2,0,2,1022,0.5,1.0,1.0,0.71
PF02026,PF01365,7,9,6,1,3,1016,0.67,1.0,0.86,0.75,9,6,1,3,1016,0.67,1.0,0.86,0.75
PF02496,PF06351,1,0,0,1,0,1025,0,1.0,0.0,0,0,0,1,0,1025,0,1.0,0.0,0
PF17219,PF08604,0,2,0,0,2,1024,0.0,1.0,0,0,2,0,0,2,1024,0.0,1.0,0,0
PF00503,PF03332,22,6,3,19,3,1001,0.5,0.98,0.14,0.25,6,3,19,3,1001,0.5,0.98,0.14,0.25
PF07670,PF07662,3,8,1,2,7,1016,0.12,0.99,0.33,0.2,8,1,2,7,1016,0.12,0.99,0.33,0.2
PF11476,PF15751,0,0,0,0,0,1026,0,1.0,0,0,0,0,0,0,1026,0,1.0,0,0
PF00837,PF02106,1,1,0,1,1,1024,0.0,1.0,0.0,-0.0,1,0,1,1,1024,0.0,1.0,0.0,-0.0
PF12511,PF15311,5,4,2,3,2,1019,0.5,1.0,0.4,0.44,4,2,3,2,1019,0.5,1.0,0.4,0.44
PF01165,PF07816,3,0,0,3,0,1023,0,1.0,0.0,0,0,0,3,0,1023,0,1.0,0.0,0
PF12041,PF03514,2,8,0,2,8,1016,0.0,0.99,0.0,-0.0,8,0,2,8,1016,0.0,0.99,0.0,-0.0
PF04435,PF15362,4,1,0,4,1,1021,0.0,1.0,0.0,-0.0,1,0,4,1,1021,0.0,1.0,0.0,-0.0
PF03327,PF13619,1,0,0,1,0,1025,0,1.0,0.0,0,0,0,1,0,1025,0,1.0,0.0,0
PF01059,PF06444,2,2,2,0,0,1024,1.0,1.0,1.0,1.0,2,2,0,0,1024,1.0,1.0,1.0,1.0
PF00368,PF13323,8,2,2,6,0,1018,1.0,0.99,0.25,0.5,2,2,6,0,1018,1.0,0.99,0.25,0.5
PF15735,PF11502,0,2,0,0,2,1024,0.0,1.0,0,0,2,0,0,2,1024,0.0,1.0,0,0
PF15201,PF10690,0,0,0,0,0,1026,0,1.0,0,0,0,0,0,0,1026,0,1.0,0,0
PF04710,PF16720,4,2,0,4,2,1020,0.0,0.99,0.0,-0.0,2,0,4,2,1020,0.0,0.99,0.0,-0.0
PF08760,PF16335,3,1,1,2,0,1023,1.0,1.0,0.33,0.58,1,1,2,0,1023,1.0,1.0,0.33,0.58
PF00885,PF03488,3,0,0,3,0,1023,0,1.0,0.0,0,0,0,3,0,1023,0,1.0,0.0,0
PF01286,PF09775,5,2,0,5,2,1019,0.0,0.99,0.0,-0.0,2,0,5,2,1019,0.0,0.99,0.0,-0.0
PF08251,PF07560,0,1,0,0,1,1025,0.0,1.0,0,0,1,0,0,1,1025,0.0,1.0,0,0
PF02699,PF02355,3,3,2,1,1,1022,0.67,1.0,0.67,0.67,3,2,1,1,1022,0.67,1.0,0.67,0.67
PF10131,PF15340,1,2,0,1,2,1023,0.0,1.0,0.0,-0.0,2,0,1,2,1023,0.0,1.0,0.0,-0.0
PF14652,PF10347,0,4,0,0,4,1022,0.0,1.0,0,0,4,0,0,4,1022,0.0,1.0,0,0
PF02088,PF00010,2,67,0,2,67,957,0.0,0.93,0.0,-0.01,67,0,2,67,957,0.0,0.93,0.0,-0.01
PF03633,PF03636,1,3,1,0,2,1023,0.33,1.0,1.0,0.58,3,1,0,2,1023,0.33,1.0,1.0,0.58
PF07225,PF04736,3,2,0,3,2,1021,0.0,1.0,0.0,-0.0,2,0,3,2,1021,0.0,1.0,0.0,-0.0
PF01775,PF02284,4,1,1,3,0,1022,1.0,1.0,0.25,0.5,1,1,3,0,1022,1.0,1.0,0.25,0.5
PF10322,PF02343,0,2,0,0,2,1024,0.0,1.0,0,0,2,0,0,2,1024,0.0,1.0,0,0
PF04860,PF05135,0,0,0,0,0,1026,0,1.0,0,0,0,0,0,0,1026,0,1.0,0,0
PF16859,PF02129,0,9,0,0,9,1017,0.0,0.99,0,0,9,0,0,9,1017,0.0,0.99,0,0
PF06821,PF15088,0,0,0,0,0,1026,0,1.0,0,0,0,0,0,0,1026,0,1.0,0,0
PF16360,PF13167,5,3,0,5,3,1018,0.0,0.99,0.0,-0.0,3,0,5,3,1018,0.0,0.99,0.0,-0.0
PF13965,PF08445,2,5,0,2,5,1019,0.0,0.99,0.0,-0.0,5,0,2,5,1019,0.0,0.99,0.0,-0.0
PF09646,PF09861,0,0,0,0,0,1026,0,1.0,0,0,0,0,0,0,1026,0,1.0,0,0
PF02091,PF02092,2,4,2,0,2,1022,0.5,1.0,1.0,0.71,4,2,0,2,1022,0.5,1.0,1.0,0.71
PF07918,PF10295,0,3,0,0,3,1023,0.0,1.0,0,0,3,0,0,3,1023,0.0,1.0,0,0
PF16862,PF06964,7,8,3,4,5,1014,0.38,0.99,0.43,0.4,8,3,4,5,1014,0.38,0.99,0.43,0.4
PF16858,PF16869,2,0,0,2,0,1024,0,1.0,0.0,0,0,0,2,0,1024,0,1.0,0.0,0
PF07282,PF12600,0,0,0,0,0,1026,0,1.0,0,0,0,0,0,0,1026,0,1.0,0,0
PF05470,PF08375,11,6,2,9,4,1011,0.33,0.99,0.18,0.24,6,2,9,4,1011,0.33,0.99,0.18,0.24
PF15326,PF10482,0,1,0,0,1,1025,0.0,1.0,0,0,1,0,0,1,1025,0.0,1.0,0,0
PF06968,PF13597,5,3,0,5,3,1018,0.0,0.99,0.0,-0.0,3,0,5,3,1018,0.0,0.99,0.0,-0.0
PF15034,PF08501,0,11,0,0,11,1015,0.0,0.99,0,0,11,0,0,11,1015,0.0,0.99,0,0
PF05068,PF17188,0,0,0,0,0,1026,0,1.0,0,0,0,0,0,0,1026,0,1.0,0,0
PF16051,PF08632,0,1,0,0,1,1025,0.0,1.0,0,0,1,0,0,1,1025,0.0,1.0,0,0
PF06029,PF08964,2,1,0,2,1,1023,0.0,1.0,0.0,-0.0,1,0,2,1,1023,0.0,1.0,0.0,-0.0
PF09377,PF01172,4,8,3,1,5,1017,0.38,0.99,0.75,0.53,8,3,1,5,1017,0.38,0.99,0.75,0.53
PF11027,PF14865,2,1,0,2,1,1023,0.0,1.0,0.0,-0.0,1,0,2,1,1023,0.0,1.0,0.0,-0.0
PF15708,PF06890,0,0,0,0,0,1026,0,1.0,0,0,0,0,0,0,1026,0,1.0,0,0
PF12112,PF11289,0,0,0,0,0,1026,0,1.0,0,0,0,0,0,0,1026,0,1.0,0,0
PF06388,PF10244,1,1,0,1,1,1024,0.0,1.0,0.0,-0.0,1,0,1,1,1024,0.0,1.0,0.0,-0.0
PF04968,PF14050,7,1,0,7,1,1018,0.0,0.99,0.0,-0.0,1,0,7,1,1018,0.0,0.99,0.0,-0.0
PF05567,PF17164,0,0,0,0,0,1026,0,1.0,0,0,0,0,0,0,1026,0,1.0,0,0
PF08907,PF11767,1,4,0,1,4,1021,0.0,1.0,0.0,-0.0,4,0,1,4,1021,0.0,1.0,0.0,-0.0
PF01750,PF07317,0,0,0,0,0,1026,0,1.0,0,0,0,0,0,0,1026,0,1.0,0,0
PF12566,PF04052,2,1,0,2,1,1023,0.0,1.0,0.0,-0.0,1,0,2,1,1023,0.0,1.0,0.0,-0.0
PF11595,PF15092,1,2,1,0,1,1024,0.5,1.0,1.0,0.71,2,1,0,1,1024,0.5,1.0,1.0,0.71
PF13400,PF06305,0,1,0,0,1,1025,0.0,1.0,0,0,1,0,0,1,1025,0.0,1.0,0,0
PF08211,PF01872,3,10,1,2,9,1014,0.1,0.99,0.33,0.18,10,1,2,9,1014,0.1,0.99,0.33,0.18
PF01125,PF09784,8,0,0,8,0,1018,0,0.99,0.0,0,0,0,8,0,1018,0,0.99,0.0,0
PF07993,PF03015,30,16,15,15,1,995,0.94,0.98,0.5,0.68,16,15,15,1,995,0.94,0.98,0.5,0.68
PF01548,PF09829,2,0,0,2,0,1024,0,1.0,0.0,0,0,0,2,0,1024,0,1.0,0.0,0
PF09922,PF11306,0,0,0,0,0,1026,0,1.0,0,0,0,0,0,0,1026,0,1.0,0,0
PF12489,PF15965,2,2,0,2,2,1022,0.0,1.0,0.0,-0.0,2,0,2,2,1022,0.0,1.0,0.0,-0.0
PF07394,PF09462,2,5,0,2,5,1019,0.0,0.99,0.0,-0.0,5,0,2,5,1019,0.0,0.99,0.0,-0.0
PF01494,PF07976,45,8,8,37,0,981,1.0,0.96,0.18,0.41,8,8,37,0,981,1.0,0.96,0.18,0.41
PF06009,PF06008,4,4,4,0,0,1022,1.0,1.0,1.0,1.0,4,4,0,0,1022,1.0,1.0,1.0,1.0
PF13269,PF15518,0,2,0,0,2,1024,0.0,1.0,0,0,2,0,0,2,1024,0.0,1.0,0,0
PF15218,PF15837,0,0,0,0,0,1026,0,1.0,0,0,0,0,0,0,1026,0,1.0,0,0
PF15811,PF11616,2,0,0,2,0,1024,0,1.0,0.0,0,0,0,2,0,1024,0,1.0,0.0,0
PF08518,PF16559,6,0,0,6,0,1020,0,0.99,0.0,0,0,0,6,0,1020,0,0.99,0.0,0
PF11136,PF11876,0,0,0,0,0,1026,0,1.0,0,0,0,0,0,0,1026,0,1.0,0,0
PF04299,PF06912,5,3,2,3,1,1020,0.67,1.0,0.4,0.51,3,2,3,1,1020,0.67,1.0,0.4,0.51
PF11696,PF15463,2,1,0,2,1,1023,0.0,1.0,0.0,-0.0,1,0,2,1,1023,0.0,1.0,0.0,-0.0
PF00052,PF15002,13,5,0,13,5,1008,0.0,0.98,0.0,-0.01,5,0,13,5,1008,0.0,0.98,0.0,-0.01
PF10309,PF12516,5,0,0,5,0,1021,0,1.0,0.0,0,0,0,5,0,1021,0,1.0,0.0,0
PF10482,PF07001,1,2,0,1,2,1023,0.0,1.0,0.0,-0.0,2,0,1,2,1023,0.0,1.0,0.0,-0.0
PF00260,PF08515,1,4,0,1,4,1021,0.0,1.0,0.0,-0.0,4,0,1,4,1021,0.0,1.0,0.0,-0.0
PF15814,PF06729,0,2,0,0,2,1024,0.0,1.0,0,0,2,0,0,2,1024,0.0,1.0,0,0
PF16041,PF12936,3,4,0,3,4,1019,0.0,0.99,0.0,-0.0,4,0,3,4,1019,0.0,0.99,0.0,-0.0
PF08714,PF02277,2,1,0,2,1,1023,0.0,1.0,0.0,-0.0,1,0,2,1,1023,0.0,1.0,0.0,-0.0
PF08822,PF13901,0,16,0,0,16,1010,0.0,0.98,0,0,16,0,0,16,1010,0.0,0.98,0,0
PF02170,PF08699,27,24,22,5,2,997,0.92,0.99,0.81,0.86,24,22,5,2,997,0.92,0.99,0.81,0.86
PF02136,PF09162,11,4,4,7,0,1015,1.0,0.99,0.36,0.6,4,4,7,0,1015,1.0,0.99,0.36,0.6
PF00494,PF00828,17,16,6,11,10,999,0.38,0.98,0.35,0.35,16,6,11,10,999,0.38,0.98,0.35,0.35
PF16202,PF09382,3,14,3,0,11,1012,0.21,0.99,1.0,0.46,14,3,0,11,1012,0.21,0.99,1.0,0.46
PF15352,PF11035,3,1,0,3,1,1022,0.0,1.0,0.0,-0.0,1,0,3,1,1022,0.0,1.0,0.0,-0.0
PF03463,PF03464,5,6,5,0,1,1020,0.83,1.0,1.0,0.91,6,5,0,1,1020,0.83,1.0,1.0,0.91
PF00301,PF04367,0,1,0,0,1,1025,0.0,1.0,0,0,1,0,0,1,1025,0.0,1.0,0,0
PF09685,PF04714,0,2,0,0,2,1024,0.0,1.0,0,0,2,0,0,2,1024,0.0,1.0,0,0
PF04965,PF05939,0,0,0,0,0,1026,0,1.0,0,0,0,0,0,0,1026,0,1.0,0,0
PF08017,PF15485,4,0,0,4,0,1022,0,1.0,0.0,0,0,0,4,0,1022,0,1.0,0.0,0
PF03040,PF02392,3,5,2,1,3,1020,0.4,1.0,0.67,0.51,5,2,1,3,1020,0.4,1.0,0.67,0.51
PF07276,PF06753,0,1,0,0,1,1025,0.0,1.0,0,0,1,0,0,1,1025,0.0,1.0,0,0
PF15681,PF15119,2,2,0,2,2,1022,0.0,1.0,0.0,-0.0,2,0,2,2,1022,0.0,1.0,0.0,-0.0
PF11779,PF08561,2,5,0,2,5,1019,0.0,0.99,0.0,-0.0,5,0,2,5,1019,0.0,0.99,0.0,-0.0
PF13698,PF15047,0,0,0,0,0,1026,0,1.0,0,0,0,0,0,0,1026,0,1.0,0,0
PF15298,PF07809,0,1,0,0,1,1025,0.0,1.0,0,0,1,0,0,1,1025,0.0,1.0,0,0
PF17052,PF16265,2,0,0,2,0,1024,0,1.0,0.0,0,0,0,2,0,1024,0,1.0,0.0,0
PF01938,PF00919,11,11,7,4,4,1011,0.64,0.99,0.64,0.63,11,7,4,4,1011,0.64,0.99,0.64,0.63
PF12646,PF06695,0,0,0,0,0,1026,0,1.0,0,0,0,0,0,0,1026,0,1.0,0,0
PF02388,PF13464,1,2,0,1,2,1023,0.0,1.0,0.0,-0.0,2,0,1,2,1023,0.0,1.0,0.0,-0.0
PF05083,PF01514,2,2,0,2,2,1022,0.0,1.0,0.0,-0.0,2,0,2,2,1022,0.0,1.0,0.0,-0.0
PF03360,PF00992,11,2,0,11,2,1013,0.0,0.99,0.0,-0.0,2,0,11,2,1013,0.0,0.99,0.0,-0.0
PF15929,PF10188,0,0,0,0,0,1026,0,1.0,0,0,0,0,0,0,1026,0,1.0,0,0
PF08318,PF04437,7,11,3,4,8,1011,0.27,0.99,0.43,0.34,11,3,4,8,1011,0.27,0.99,0.43,0.34
PF06581,PF06875,1,0,0,1,0,1025,0,1.0,0.0,0,0,0,1,0,1025,0,1.0,0.0,0
PF14214,PF05970,17,27,14,3,13,996,0.52,0.98,0.82,0.65,27,14,3,13,996,0.52,0.98,0.82,0.65
PF10359,PF10305,1,1,1,0,0,1025,1.0,1.0,1.0,1.0,1,1,0,0,1025,1.0,1.0,1.0,1.0
PF02489,PF13414,0,30,0,0,30,996,0.0,0.97,0,0,30,0,0,30,996,0.0,0.97,0,0
PF14099,PF12716,1,0,0,1,0,1025,0,1.0,0.0,0,0,0,1,0,1025,0,1.0,0.0,0
PF13503,PF09287,0,0,0,0,0,1026,0,1.0,0,0,0,0,0,0,1026,0,1.0,0,0
PF04430,PF06388,14,1,0,14,1,1011,0.0,0.99,0.0,-0.0,1,0,14,1,1011,0.0,0.99,0.0,-0.0
PF01894,PF08315,11,7,1,10,6,1009,0.14,0.98,0.09,0.11,7,1,10,6,1009,0.14,0.98,0.09,0.11
PF12625,PF12897,2,2,1,1,1,1023,0.5,1.0,0.5,0.5,2,1,1,1,1023,0.5,1.0,0.5,0.5
PF04115,PF03561,7,7,2,5,5,1014,0.29,0.99,0.29,0.28,7,2,5,5,1014,0.29,0.99,0.29,0.28
PF05374,PF01392,1,15,0,1,15,1010,0.0,0.98,0.0,-0.0,15,0,1,15,1010,0.0,0.98,0.0,-0.0
PF00272,PF01716,0,2,0,0,2,1024,0.0,1.0,0,0,2,0,0,2,1024,0.0,1.0,0,0
PF05981,PF06070,3,0,0,3,0,1023,0,1.0,0.0,0,0,0,3,0,1023,0,1.0,0.0,0
PF00811,PF00965,6,5,0,6,5,1015,0.0,0.99,0.0,-0.01,5,0,6,5,1015,0.0,0.99,0.0,-0.01
PF07361,PF02614,3,1,0,3,1,1022,0.0,1.0,0.0,-0.0,1,0,3,1,1022,0.0,1.0,0.0,-0.0
PF09954,PF00359,0,5,0,0,5,1021,0.0,1.0,0,0,5,0,0,5,1021,0.0,1.0,0,0
PF01709,PF07350,5,1,1,4,0,1021,1.0,1.0,0.2,0.45,1,1,4,0,1021,1.0,1.0,0.2,0.45
PF05359,PF06681,0,0,0,0,0,1026,0,1.0,0,0,0,0,0,0,1026,0,1.0,0,0
PF02079,PF14903,1,0,0,1,0,1025,0,1.0,0.0,0,0,0,1,0,1025,0,1.0,0.0,0
PF13180,PF12812,19,0,0,19,0,1007,0,0.98,0.0,0,0,0,19,0,1007,0,0.98,0.0,0
PF03382,PF11260,2,0,0,2,0,1024,0,1.0,0.0,0,0,0,2,0,1024,0,1.0,0.0,0
PF01493,PF00310,6,7,6,0,1,1019,0.86,1.0,1.0,0.93,7,6,0,1,1019,0.86,1.0,1.0,0.93
PF10381,PF03986,5,5,5,0,0,1021,1.0,1.0,1.0,1.0,5,5,0,0,1021,1.0,1.0,1.0,1.0
PF10294,PF01869,30,9,3,27,6,990,0.33,0.97,0.1,0.17,9,3,27,6,990,0.33,0.97,0.1,0.17
PF05316,PF09950,1,0,0,1,0,1025,0,1.0,0.0,0,0,0,1,0,1025,0,1.0,0.0,0
PF05513,PF05509,1,1,1,0,0,1025,1.0,1.0,1.0,1.0,1,1,0,0,1025,1.0,1.0,1.0,1.0
PF11493,PF09252,0,0,0,0,0,1026,0,1.0,0,0,0,0,0,0,1026,0,1.0,0,0
PF15332,PF15115,2,0,0,2,0,1024,0,1.0,0.0,0,0,0,2,0,1024,0,1.0,0.0,0
PF11466,PF11587,1,1,1,0,0,1025,1.0,1.0,1.0,1.0,1,1,0,0,1025,1.0,1.0,1.0,1.0
PF03868,PF01159,14,10,7,7,3,1009,0.7,0.99,0.5,0.59,10,7,7,3,1009,0.7,0.99,0.5,0.59
PF09494,PF03000,8,10,1,7,9,1009,0.1,0.98,0.12,0.1,10,1,7,9,1009,0.1,0.98,0.12,0.1
PF04042,PF00429,15,3,0,15,3,1008,0.0,0.98,0.0,-0.01,3,0,15,3,1008,0.0,0.98,0.0,-0.01
PF04832,PF10184,4,8,1,3,7,1015,0.12,0.99,0.25,0.17,8,1,3,7,1015,0.12,0.99,0.25,0.17
PF02428,PF15302,1,0,0,1,0,1025,0,1.0,0.0,0,0,0,1,0,1025,0,1.0,0.0,0
PF02261,PF07499,2,2,0,2,2,1022,0.0,1.0,0.0,-0.0,2,0,2,2,1022,0.0,1.0,0.0,-0.0
PF02928,PF02375,6,14,6,0,8,1012,0.43,0.99,1.0,0.65,14,6,0,8,1012,0.43,0.99,1.0,0.65
PF03259,PF06522,8,6,1,7,5,1013,0.17,0.99,0.12,0.14,6,1,7,5,1013,0.17,0.99,0.12,0.14
PF06021,PF08444,2,1,1,1,0,1024,1.0,1.0,0.5,0.71,1,1,1,0,1024,1.0,1.0,0.5,0.71
PF12938,PF16608,2,3,0,2,3,1021,0.0,1.0,0.0,-0.0,3,0,2,3,1021,0.0,1.0,0.0,-0.0
PF01380,PF01418,15,5,5,10,0,1011,1.0,0.99,0.33,0.57,5,5,10,0,1011,1.0,0.99,0.33,0.57
PF04839,PF00468,1,3,1,0,2,1023,0.33,1.0,1.0,0.58,3,1,0,2,1023,0.33,1.0,1.0,0.58
PF02991,PF10229,12,8,1,11,7,1007,0.12,0.98,0.08,0.09,8,1,11,7,1007,0.12,0.98,0.08,0.09
PF09383,PF01032,1,2,0,1,2,1023,0.0,1.0,0.0,-0.0,2,0,1,2,1023,0.0,1.0,0.0,-0.0
PF03326,PF13655,1,2,0,1,2,1023,0.0,1.0,0.0,-0.0,2,0,1,2,1023,0.0,1.0,0.0,-0.0
PF02515,PF07491,22,2,1,21,1,1003,0.5,0.98,0.05,0.15,2,1,21,1,1003,0.5,0.98,0.05,0.15
PF13663,PF02565,1,2,0,1,2,1023,0.0,1.0,0.0,-0.0,2,0,1,2,1023,0.0,1.0,0.0,-0.0
PF05958,PF03467,13,6,3,10,3,1010,0.5,0.99,0.23,0.33,6,3,10,3,1010,0.5,0.99,0.23,0.33
PF03836,PF15780,6,6,1,5,5,1015,0.17,0.99,0.17,0.16,6,1,5,5,1015,0.17,0.99,0.17,0.16
PF09036,PF16018,3,0,0,3,0,1023,0,1.0,0.0,0,0,0,3,0,1023,0,1.0,0.0,0
PF00884,PF12548,27,3,3,24,0,999,1.0,0.98,0.11,0.33,3,3,24,0,999,1.0,0.98,0.11,0.33
PF08288,PF15924,7,5,1,6,4,1015,0.2,0.99,0.14,0.16,5,1,6,4,1015,0.2,0.99,0.14,0.16
PF06869,PF01666,0,0,0,0,0,1026,0,1.0,0,0,0,0,0,0,1026,0,1.0,0,0
PF02089,PF02284,5,1,0,5,1,1020,0.0,0.99,0.0,-0.0,1,0,5,1,1020,0.0,0.99,0.0,-0.0
PF14518,PF08297,1,2,0,1,2,1023,0.0,1.0,0.0,-0.0,2,0,1,2,1023,0.0,1.0,0.0,-0.0
PF12743,PF12577,2,2,2,0,0,1024,1.0,1.0,1.0,1.0,2,2,0,0,1024,1.0,1.0,1.0,1.0
PF02676,PF15679,3,0,0,3,0,1023,0,1.0,0.0,0,0,0,3,0,1023,0,1.0,0.0,0
PF10432,PF16265,1,0,0,1,0,1025,0,1.0,0.0,0,0,0,1,0,1025,0,1.0,0.0,0
PF06114,PF08805,0,2,0,0,2,1024,0.0,1.0,0,0,2,0,0,2,1024,0.0,1.0,0,0
PF04895,PF00626,0,34,0,0,34,992,0.0,0.97,0,0,34,0,0,34,992,0.0,0.97,0,0
PF02058,PF01668,0,2,0,0,2,1024,0.0,1.0,0,0,2,0,0,2,1024,0.0,1.0,0,0
PF03165,PF00859,9,2,2,7,0,1017,1.0,0.99,0.22,0.47,2,2,7,0,1017,1.0,0.99,0.22,0.47
PF15847,PF08291,0,0,0,0,0,1026,0,1.0,0,0,0,0,0,0,1026,0,1.0,0,0
PF10908,PF10566,0,0,0,0,0,1026,0,1.0,0,0,0,0,0,0,1026,0,1.0,0,0
PF13516,PF00560,72,30,20,52,10,944,0.67,0.94,0.28,0.41,30,20,52,10,944,0.67,0.94,0.28,0.41
PF05706,PF11032,2,0,0,2,0,1024,0,1.0,0.0,0,0,0,2,0,1024,0,1.0,0.0,0
PF04055,PF06463,33,5,5,28,0,993,1.0,0.97,0.15,0.38,5,5,28,0,993,1.0,0.97,0.15,0.38
PF02186,PF12049,8,0,0,8,0,1018,0,0.99,0.0,0,0,0,8,0,1018,0,0.99,0.0,0
PF06309,PF07542,4,7,1,3,6,1016,0.14,0.99,0.25,0.18,7,1,3,6,1016,0.14,0.99,0.25,0.18
PF04757,PF06803,15,3,1,14,2,1009,0.33,0.98,0.07,0.14,3,1,14,2,1009,0.33,0.98,0.07,0.14
PF13402,PF02368,4,0,0,4,0,1022,0,1.0,0.0,0,0,0,4,0,1022,0,1.0,0.0,0
PF14023,PF05556,2,1,1,1,0,1024,1.0,1.0,0.5,0.71,1,1,1,0,1024,1.0,1.0,0.5,0.71
PF17106,PF12200,1,2,1,0,1,1024,0.5,1.0,1.0,0.71,2,1,0,1,1024,0.5,1.0,1.0,0.71
PF08265,PF12319,13,0,0,13,0,1013,0,0.99,0.0,0,0,0,13,0,1013,0,0.99,0.0,0
PF03616,PF08497,1,0,0,1,0,1025,0,1.0,0.0,0,0,0,1,0,1025,0,1.0,0.0,0
PF15774,PF15337,0,5,0,0,5,1021,0.0,1.0,0,0,5,0,0,5,1021,0.0,1.0,0,0
PF02503,PF13090,1,1,1,0,0,1025,1.0,1.0,1.0,1.0,1,1,0,0,1025,1.0,1.0,1.0,1.0
PF08247,PF10673,0,0,0,0,0,1026,0,1.0,0,0,0,0,0,0,1026,0,1.0,0,0
PF00574,PF13664,14,3,2,12,1,1011,0.67,0.99,0.14,0.3,3,2,12,1,1011,0.67,0.99,0.14,0.3
PF10999,PF05874,0,2,0,0,2,1024,0.0,1.0,0,0,2,0,0,2,1024,0.0,1.0,0,0
PF10553,PF03943,0,5,0,0,5,1021,0.0,1.0,0,0,5,0,0,5,1021,0.0,1.0,0,0
PF16888,PF04740,0,0,0,0,0,1026,0,1.0,0,0,0,0,0,0,1026,0,1.0,0,0
PF14569,PF03552,4,9,3,1,6,1016,0.33,0.99,0.75,0.5,9,3,1,6,1016,0.33,0.99,0.75,0.5
PF15492,PF08314,1,4,1,0,3,1022,0.25,1.0,1.0,0.5,4,1,0,3,1022,0.25,1.0,1.0,0.5
PF16748,PF13320,0,0,0,0,0,1026,0,1.0,0,0,0,0,0,0,1026,0,1.0,0,0
PF07168,PF07712,3,0,0,3,0,1023,0,1.0,0.0,0,0,0,3,0,1023,0,1.0,0.0,0
PF02209,PF16182,10,4,2,8,2,1014,0.5,0.99,0.2,0.31,4,2,8,2,1014,0.5,0.99,0.2,0.31
PF08640,PF08216,6,4,1,5,3,1017,0.25,0.99,0.17,0.2,4,1,5,3,1017,0.25,0.99,0.17,0.2
PF10367,PF10366,17,14,11,6,3,1006,0.79,0.99,0.65,0.71,14,11,6,3,1006,0.79,0.99,0.65,0.71
PF00034,PF08752,10,6,2,8,4,1012,0.33,0.99,0.2,0.25,6,2,8,4,1012,0.33,0.99,0.2,0.25
PF14735,PF02401,3,4,0,3,4,1019,0.0,0.99,0.0,-0.0,4,0,3,4,1019,0.0,0.99,0.0,-0.0
PF01914,PF13995,0,0,0,0,0,1026,0,1.0,0,0,0,0,0,0,1026,0,1.0,0,0
PF03167,PF15342,13,1,0,13,1,1012,0.0,0.99,0.0,-0.0,1,0,13,1,1012,0.0,0.99,0.0,-0.0
PF09141,PF08913,6,3,2,4,1,1019,0.67,1.0,0.33,0.47,3,2,4,1,1019,0.67,1.0,0.33,0.47
PF08262,PF10735,0,0,0,0,0,1026,0,1.0,0,0,0,0,0,0,1026,0,1.0,0,0
PF08377,PF00418,0,3,0,0,3,1023,0.0,1.0,0,0,3,0,0,3,1023,0.0,1.0,0,0
PF11743,PF13811,0,0,0,0,0,1026,0,1.0,0,0,0,0,0,0,1026,0,1.0,0,0
PF17085,PF15060,1,2,0,1,2,1023,0.0,1.0,0.0,-0.0,2,0,1,2,1023,0.0,1.0,0.0,-0.0
PF12530,PF11229,2,1,1,1,0,1024,1.0,1.0,0.5,0.71,1,1,1,0,1024,1.0,1.0,0.5,0.71
PF03827,PF08983,3,1,1,2,0,1023,1.0,1.0,0.33,0.58,1,1,2,0,1023,1.0,1.0,0.33,0.58
PF10318,PF10319,10,1,0,10,1,1015,0.0,0.99,0.0,-0.0,1,0,10,1,1015,0.0,0.99,0.0,-0.0
PF05881,PF17157,2,0,0,2,0,1024,0,1.0,0.0,0,0,0,2,0,1024,0,1.0,0.0,0
PF00519,PF15856,2,0,0,2,0,1024,0,1.0,0.0,0,0,0,2,0,1024,0,1.0,0.0,0
PF02985,PF12755,18,11,2,16,9,999,0.18,0.98,0.11,0.13,11,2,16,9,999,0.18,0.98,0.11,0.13
PF15630,PF15003,4,3,0,4,3,1019,0.0,0.99,0.0,-0.0,3,0,4,3,1019,0.0,0.99,0.0,-0.0
PF01922,PF04852,4,3,1,3,2,1020,0.33,1.0,0.25,0.29,3,1,3,2,1020,0.33,1.0,0.25,0.29
PF02532,PF10856,1,0,0,1,0,1025,0,1.0,0.0,0,0,0,1,0,1025,0,1.0,0.0,0
PF15784,PF10506,0,2,0,0,2,1024,0.0,1.0,0,0,2,0,0,2,1024,0.0,1.0,0,0
PF16674,PF14836,1,7,1,0,6,1019,0.14,0.99,1.0,0.38,7,1,0,6,1019,0.14,0.99,1.0,0.38
PF02024,PF00727,1,1,0,1,1,1024,0.0,1.0,0.0,-0.0,1,0,1,1,1024,0.0,1.0,0.0,-0.0
PF08167,PF08166,3,1,1,2,0,1023,1.0,1.0,0.33,0.58,1,1,2,0,1023,1.0,1.0,0.33,0.58
PF15340,PF15772,2,0,0,2,0,1024,0,1.0,0.0,0,0,0,2,0,1024,0,1.0,0.0,0
PF15185,PF05840,2,3,0,2,3,1021,0.0,1.0,0.0,-0.0,3,0,2,3,1021,0.0,1.0,0.0,-0.0
PF14465,PF15082,0,0,0,0,0,1026,0,1.0,0,0,0,0,0,0,1026,0,1.0,0,0
PF05034,PF14842,0,0,0,0,0,1026,0,1.0,0,0,0,0,0,0,1026,0,1.0,0,0
PF02165,PF04549,1,0,0,1,0,1025,0,1.0,0.0,0,0,0,1,0,1025,0,1.0,0.0,0
PF12780,PF12777,31,32,28,3,4,991,0.88,0.99,0.9,0.89,32,28,3,4,991,0.88,0.99,0.9,0.89
PF15273,PF15997,0,0,0,0,0,1026,0,1.0,0,0,0,0,0,0,1026,0,1.0,0,0
PF06966,PF09809,7,7,3,4,4,1015,0.43,0.99,0.43,0.42,7,3,4,4,1015,0.43,0.99,0.43,0.42
PF07712,PF06404,0,1,0,0,1,1025,0.0,1.0,0,0,1,0,0,1,1025,0.0,1.0,0,0
PF03719,PF00333,19,15,14,5,1,1006,0.93,0.99,0.74,0.83,15,14,5,1,1006,0.93,0.99,0.74,0.83
PF00953,PF07542,13,7,2,11,5,1008,0.29,0.98,0.15,0.2,7,2,11,5,1008,0.29,0.98,0.15,0.2
PF16158,PF16577,7,0,0,7,0,1019,0,0.99,0.0,0,0,0,7,0,1019,0,0.99,0.0,0
PF14793,PF11892,0,0,0,0,0,1026,0,1.0,0,0,0,0,0,0,1026,0,1.0,0,0
PF03102,PF08666,3,5,1,2,4,1019,0.2,0.99,0.33,0.26,5,1,2,4,1019,0.2,0.99,0.33,0.26
PF01654,PF07681,3,1,1,2,0,1023,1.0,1.0,0.33,0.58,1,1,2,0,1023,1.0,1.0,0.33,0.58
PF03941,PF13836,7,0,0,7,0,1019,0,0.99,0.0,0,0,0,7,0,1019,0,0.99,0.0,0
PF02516,PF04516,10,5,3,7,2,1014,0.6,0.99,0.3,0.42,5,3,7,2,1014,0.6,0.99,0.3,0.42
PF15620,PF15622,0,0,0,0,0,1026,0,1.0,0,0,0,0,0,0,1026,0,1.0,0,0
PF15195,PF15828,1,1,0,1,1,1024,0.0,1.0,0.0,-0.0,1,0,1,1,1024,0.0,1.0,0.0,-0.0
PF03761,PF03703,3,0,0,3,0,1023,0,1.0,0.0,0,0,0,3,0,1023,0,1.0,0.0,0
PF00997,PF13588,0,2,0,0,2,1024,0.0,1.0,0,0,2,0,0,2,1024,0.0,1.0,0,0
PF01042,PF01902,12,5,3,9,2,1012,0.6,0.99,0.25,0.38,5,3,9,2,1012,0.6,0.99,0.25,0.38
PF10355,PF10348,4,6,4,0,2,1020,0.67,1.0,1.0,0.82,6,4,0,2,1020,0.67,1.0,1.0,0.82
PF06970,PF04625,0,1,0,0,1,1025,0.0,1.0,0,0,1,0,0,1,1025,0.0,1.0,0,0
PF04189,PF02731,9,8,1,8,7,1010,0.12,0.99,0.11,0.11,8,1,8,7,1010,0.12,0.99,0.11,0.11
PF14288,PF02364,7,6,6,1,0,1019,1.0,1.0,0.86,0.93,6,6,1,0,1019,1.0,1.0,0.86,0.93
PF07260,PF07223,1,0,0,1,0,1025,0,1.0,0.0,0,0,0,1,0,1025,0,1.0,0.0,0
PF07749,PF07912,10,3,3,7,0,1016,1.0,0.99,0.3,0.55,3,3,7,0,1016,1.0,0.99,0.3,0.55
PF03487,PF13530,0,1,0,0,1,1025,0.0,1.0,0,0,1,0,0,1,1025,0.0,1.0,0,0
PF04440,PF16516,1,3,0,1,3,1022,0.0,1.0,0.0,-0.0,3,0,1,3,1022,0.0,1.0,0.0,-0.0
PF14877,PF15050,3,0,0,3,0,1023,0,1.0,0.0,0,0,0,3,0,1023,0,1.0,0.0,0
PF15260,PF06679,0,0,0,0,0,1026,0,1.0,0,0,0,0,0,0,1026,0,1.0,0,0
PF06150,PF04023,0,0,0,0,0,1026,0,1.0,0,0,0,0,0,0,1026,0,1.0,0,0
PF08490,PF08996,6,7,3,3,4,1016,0.43,0.99,0.5,0.46,7,3,3,4,1016,0.43,0.99,0.5,0.46
PF07503,PF00267,0,1,0,0,1,1025,0.0,1.0,0,0,1,0,0,1,1025,0.0,1.0,0,0
PF12657,PF09453,7,8,0,7,8,1011,0.0,0.99,0.0,-0.01,8,0,7,8,1011,0.0,0.99,0.0,-0.01
PF00828,PF10218,16,0,0,16,0,1010,0,0.98,0.0,0,0,0,16,0,1010,0,0.98,0.0,0
PF14260,PF03104,5,17,4,1,13,1008,0.24,0.99,0.8,0.43,17,4,1,13,1008,0.24,0.99,0.8,0.43
PF15485,PF17206,0,0,0,0,0,1026,0,1.0,0,0,0,0,0,0,1026,0,1.0,0,0
PF15666,PF11317,2,0,0,2,0,1024,0,1.0,0.0,0,0,0,2,0,1024,0,1.0,0.0,0
PF02199,PF03489,3,7,2,1,5,1018,0.29,0.99,0.67,0.43,7,2,1,5,1018,0.29,0.99,0.67,0.43
PF13271,PF05386,4,0,0,4,0,1022,0,1.0,0.0,0,0,0,4,0,1022,0,1.0,0.0,0
PF15433,PF06783,7,4,2,5,2,1017,0.5,0.99,0.29,0.37,4,2,5,2,1017,0.5,0.99,0.29,0.37
PF05843,PF08492,15,4,2,13,2,1009,0.5,0.99,0.13,0.25,4,2,13,2,1009,0.5,0.99,0.13,0.25
PF16991,PF17007,0,0,0,0,0,1026,0,1.0,0,0,0,0,0,0,1026,0,1.0,0,0
PF12215,PF04685,7,5,5,2,0,1019,1.0,1.0,0.71,0.84,5,5,2,0,1019,1.0,1.0,0.71,0.84
PF05544,PF02162,2,1,1,1,0,1024,1.0,1.0,0.5,0.71,1,1,1,0,1024,1.0,1.0,0.5,0.71
PF04835,PF04848,0,2,0,0,2,1024,0.0,1.0,0,0,2,0,0,2,1024,0.0,1.0,0,0
PF09237,PF09494,1,8,0,1,8,1017,0.0,0.99,0.0,-0.0,8,0,1,8,1017,0.0,0.99,0.0,-0.0
PF02182,PF12148,12,3,3,9,0,1014,1.0,0.99,0.25,0.5,3,3,9,0,1014,1.0,0.99,0.25,0.5
PF10926,PF04166,0,3,0,0,3,1023,0.0,1.0,0,0,3,0,0,3,1023,0.0,1.0,0,0
PF00240,PF09055,62,0,0,62,0,964,0,0.94,0.0,0,0,0,62,0,964,0,0.94,0.0,0
PF05697,PF05698,2,2,2,0,0,1024,1.0,1.0,1.0,1.0,2,2,0,0,1024,1.0,1.0,1.0,1.0
PF14770,PF15071,1,0,0,1,0,1025,0,1.0,0.0,0,0,0,1,0,1025,0,1.0,0.0,0
PF00365,PF12036,5,0,0,5,0,1021,0,1.0,0.0,0,0,0,5,0,1021,0,1.0,0.0,0
PF10262,PF00159,6,0,0,6,0,1020,0,0.99,0.0,0,0,0,6,0,1020,0,0.99,0.0,0
PF04196,PF15518,2,2,2,0,0,1024,1.0,1.0,1.0,1.0,2,2,0,0,1024,1.0,1.0,1.0,1.0
PF06905,PF15054,5,6,1,4,5,1016,0.17,0.99,0.2,0.18,6,1,4,5,1016,0.17,0.99,0.2,0.18
PF02230,PF08975,14,0,0,14,0,1012,0,0.99,0.0,0,0,0,14,0,1012,0,0.99,0.0,0
PF05218,PF06007,1,1,0,1,1,1024,0.0,1.0,0.0,-0.0,1,0,1,1,1024,0.0,1.0,0.0,-0.0
PF08936,PF04222,0,0,0,0,0,1026,0,1.0,0,0,0,0,0,0,1026,0,1.0,0,0
PF12804,PF04613,6,7,0,6,7,1013,0.0,0.99,0.0,-0.01,7,0,6,7,1013,0.0,0.99,0.0,-0.01
PF03321,PF04398,9,5,1,8,4,1013,0.2,0.99,0.11,0.14,5,1,8,4,1013,0.2,0.99,0.11,0.14
PF14047,PF14049,0,0,0,0,0,1026,0,1.0,0,0,0,0,0,0,1026,0,1.0,0,0
PF02140,PF01301,22,20,12,10,8,996,0.6,0.98,0.55,0.56,20,12,10,8,996,0.6,0.98,0.55,0.56
PF05176,PF07063,2,2,0,2,2,1022,0.0,1.0,0.0,-0.0,2,0,2,2,1022,0.0,1.0,0.0,-0.0
PF00779,PF00616,7,17,5,2,12,1007,0.29,0.99,0.71,0.45,17,5,2,12,1007,0.29,0.99,0.71,0.45
PF02180,PF02731,1,8,0,1,8,1017,0.0,0.99,0.0,-0.0,8,0,1,8,1017,0.0,0.99,0.0,-0.0
PF16783,PF10927,0,0,0,0,0,1026,0,1.0,0,0,0,0,0,0,1026,0,1.0,0,0
PF17023,PF01555,0,2,0,0,2,1024,0.0,1.0,0,0,2,0,0,2,1024,0.0,1.0,0,0
PF04176,PF04716,6,10,2,4,8,1012,0.2,0.99,0.33,0.25,10,2,4,8,1012,0.2,0.99,0.33,0.25
PF06372,PF12095,3,2,0,3,2,1021,0.0,1.0,0.0,-0.0,2,0,3,2,1021,0.0,1.0,0.0,-0.0
PF14418,PF17182,0,0,0,0,0,1026,0,1.0,0,0,0,0,0,0,1026,0,1.0,0,0
PF07961,PF17032,1,0,0,1,0,1025,0,1.0,0.0,0,0,0,1,0,1025,0,1.0,0.0,0
PF01470,PF04716,4,10,0,4,10,1012,0.0,0.99,0.0,-0.01,10,0,4,10,1012,0.0,0.99,0.0,-0.01
PF10101,PF07442,0,0,0,0,0,1026,0,1.0,0,0,0,0,0,0,1026,0,1.0,0,0
PF10574,PF09786,0,6,0,0,6,1020,0.0,0.99,0,0,6,0,0,6,1020,0.0,0.99,0,0
PF12108,PF11931,4,4,3,1,1,1021,0.75,1.0,0.75,0.75,4,3,1,1,1021,0.75,1.0,0.75,0.75
PF00555,PF15529,1,0,0,1,0,1025,0,1.0,0.0,0,0,0,1,0,1025,0,1.0,0.0,0
PF03420,PF14685,0,1,0,0,1,1025,0.0,1.0,0,0,1,0,0,1,1025,0.0,1.0,0,0
PF04815,PF08033,20,18,18,2,0,1006,1.0,1.0,0.9,0.95,18,18,2,0,1006,1.0,1.0,0.9,0.95
PF05857,PF13247,0,0,0,0,0,1026,0,1.0,0,0,0,0,0,0,1026,0,1.0,0,0
PF05608,PF10559,0,9,0,0,9,1017,0.0,0.99,0,0,9,0,0,9,1017,0.0,0.99,0,0
PF09782,PF15377,1,1,0,1,1,1024,0.0,1.0,0.0,-0.0,1,0,1,1,1024,0.0,1.0,0.0,-0.0
PF15835,PF00034,0,10,0,0,10,1016,0.0,0.99,0,0,10,0,0,10,1016,0.0,0.99,0,0
PF14494,PF09715,0,0,0,0,0,1026,0,1.0,0,0,0,0,0,0,1026,0,1.0,0,0
PF10408,PF04564,9,35,8,1,27,990,0.23,0.97,0.89,0.44,35,8,1,27,990,0.23,0.97,0.89,0.44
PF04392,PF01752,0,1,0,0,1,1025,0.0,1.0,0,0,1,0,0,1,1025,0.0,1.0,0,0
PF02366,PF16192,8,9,8,0,1,1017,0.89,1.0,1.0,0.94,9,8,0,1,1017,0.89,1.0,1.0,0.94
PF07382,PF14600,3,1,1,2,0,1023,1.0,1.0,0.33,0.58,1,1,2,0,1023,1.0,1.0,0.33,0.58
PF04516,PF15996,5,4,2,3,2,1019,0.5,1.0,0.4,0.44,4,2,3,2,1019,0.5,1.0,0.4,0.44
PF14951,PF14950,1,0,0,1,0,1025,0,1.0,0.0,0,0,0,1,0,1025,0,1.0,0.0,0
PF12264,PF08762,1,1,1,0,0,1025,1.0,1.0,1.0,1.0,1,1,0,0,1025,1.0,1.0,1.0,1.0
PF02743,PF08473,8,3,1,7,2,1016,0.33,0.99,0.12,0.2,3,1,7,2,1016,0.33,0.99,0.12,0.2
PF03831,PF05513,0,1,0,0,1,1025,0.0,1.0,0,0,1,0,0,1,1025,0.0,1.0,0,0
PF02683,PF13270,5,4,0,5,4,1017,0.0,0.99,0.0,-0.0,4,0,5,4,1017,0.0,0.99,0.0,-0.0
PF11727,PF10361,0,0,0,0,0,1026,0,1.0,0,0,0,0,0,0,1026,0,1.0,0,0
PF06251,PF06082,0,0,0,0,0,1026,0,1.0,0,0,0,0,0,0,1026,0,1.0,0,0
PF02975,PF03241,3,0,0,3,0,1023,0,1.0,0.0,0,0,0,3,0,1023,0,1.0,0.0,0
PF02896,PF00391,9,8,6,3,2,1015,0.75,1.0,0.67,0.7,8,6,3,2,1015,0.75,1.0,0.67,0.7
PF07419,PF02399,1,1,0,1,1,1024,0.0,1.0,0.0,-0.0,1,0,1,1,1024,0.0,1.0,0.0,-0.0
PF15744,PF03823,0,1,0,0,1,1025,0.0,1.0,0,0,1,0,0,1,1025,0.0,1.0,0,0
PF04077,PF03244,2,1,0,2,1,1023,0.0,1.0,0.0,-0.0,1,0,2,1,1023,0.0,1.0,0.0,-0.0
PF00267,PF08093,1,1,0,1,1,1024,0.0,1.0,0.0,-0.0,1,0,1,1,1024,0.0,1.0,0.0,-0.0
PF00243,PF01731,1,3,0,1,3,1022,0.0,1.0,0.0,-0.0,3,0,1,3,1022,0.0,1.0,0.0,-0.0
PF16325,PF14841,1,0,0,1,0,1025,0,1.0,0.0,0,0,0,1,0,1025,0,1.0,0.0,0
PF00427,PF00502,1,1,1,0,0,1025,1.0,1.0,1.0,1.0,1,1,0,0,1025,1.0,1.0,1.0,1.0
PF07879,PF05233,1,1,1,0,0,1025,1.0,1.0,1.0,1.0,1,1,0,0,1025,1.0,1.0,1.0,1.0
PF11218,PF02554,1,1,0,1,1,1024,0.0,1.0,0.0,-0.0,1,0,1,1,1024,0.0,1.0,0.0,-0.0
PF08244,PF00251,7,9,7,0,2,1017,0.78,1.0,1.0,0.88,9,7,0,2,1017,0.78,1.0,1.0,0.88
PF15863,PF03907,0,0,0,0,0,1026,0,1.0,0,0,0,0,0,0,1026,0,1.0,0,0
PF10095,PF08251,0,0,0,0,0,1026,0,1.0,0,0,0,0,0,0,1026,0,1.0,0,0
PF00430,PF00124,5,5,0,5,5,1016,0.0,0.99,0.0,-0.0,5,0,5,5,1016,0.0,0.99,0.0,-0.0
PF17096,PF15392,1,0,0,1,0,1025,0,1.0,0.0,0,0,0,1,0,1025,0,1.0,0.0,0
PF10718,PF01303,0,1,0,0,1,1025,0.0,1.0,0,0,1,0,0,1,1025,0.0,1.0,0,0
PF13374,PF01048,38,16,10,28,6,982,0.62,0.97,0.26,0.39,16,10,28,6,982,0.62,0.97,0.26,0.39
PF02468,PF15172,1,0,0,1,0,1025,0,1.0,0.0,0,0,0,1,0,1025,0,1.0,0.0,0
PF07195,PF08274,2,0,0,2,0,1024,0,1.0,0.0,0,0,0,2,0,1024,0,1.0,0.0,0
PF14476,PF07712,0,0,0,0,0,1026,0,1.0,0,0,0,0,0,0,1026,0,1.0,0,0
PF08123,PF14722,4,3,1,3,2,1020,0.33,1.0,0.25,0.29,3,1,3,2,1020,0.33,1.0,0.25,0.29
PF17065,PF08991,5,4,2,3,2,1019,0.5,1.0,0.4,0.44,4,2,3,2,1019,0.5,1.0,0.4,0.44
PF13948,PF01508,2,0,0,2,0,1024,0,1.0,0.0,0,0,0,2,0,1024,0,1.0,0.0,0
PF15506,PF11697,0,0,0,0,0,1026,0,1.0,0,0,0,0,0,0,1026,0,1.0,0,0
PF15726,PF15851,0,0,0,0,0,1026,0,1.0,0,0,0,0,0,0,1026,0,1.0,0,0
PF01505,PF11978,1,1,1,0,0,1025,1.0,1.0,1.0,1.0,1,1,0,0,1025,1.0,1.0,1.0,1.0
PF07789,PF11030,0,0,0,0,0,1026,0,1.0,0,0,0,0,0,0,1026,0,1.0,0,0
PF05676,PF01279,2,1,0,2,1,1023,0.0,1.0,0.0,-0.0,1,0,2,1,1023,0.0,1.0,0.0,-0.0
PF11954,PF07930,1,0,0,1,0,1025,0,1.0,0.0,0,0,0,1,0,1025,0,1.0,0.0,0
PF06245,PF02556,0,5,0,0,5,1021,0.0,1.0,0,0,5,0,0,5,1021,0.0,1.0,0,0
PF07127,PF16029,3,3,1,2,2,1021,0.33,1.0,0.33,0.33,3,1,2,2,1021,0.33,1.0,0.33,0.33
PF06432,PF05562,10,1,0,10,1,1015,0.0,0.99,0.0,-0.0,1,0,10,1,1015,0.0,0.99,0.0,-0.0
PF15474,PF07833,1,3,0,1,3,1022,0.0,1.0,0.0,-0.0,3,0,1,3,1022,0.0,1.0,0.0,-0.0
PF15209,PF03317,0,2,0,0,2,1024,0.0,1.0,0,0,2,0,0,2,1024,0.0,1.0,0,0
PF10579,PF13441,4,0,0,4,0,1022,0,1.0,0.0,0,0,0,4,0,1022,0,1.0,0.0,0
PF02769,PF00586,12,7,7,5,0,1014,1.0,1.0,0.58,0.76,7,7,5,0,1014,1.0,1.0,0.58,0.76
PF03268,PF15556,0,1,0,0,1,1025,0.0,1.0,0,0,1,0,0,1,1025,0.0,1.0,0,0
PF00306,PF01333,11,1,0,11,1,1014,0.0,0.99,0.0,-0.0,1,0,11,1,1014,0.0,0.99,0.0,-0.0
PF08349,PF04671,1,1,0,1,1,1024,0.0,1.0,0.0,-0.0,1,0,1,1,1024,0.0,1.0,0.0,-0.0
PF16190,PF16191,0,1,0,0,1,1025,0.0,1.0,0,0,1,0,0,1,1025,0.0,1.0,0,0
PF02595,PF02565,1,2,0,1,2,1023,0.0,1.0,0.0,-0.0,2,0,1,2,1023,0.0,1.0,0.0,-0.0
PF05021,PF05020,6,5,5,1,0,1020,1.0,1.0,0.83,0.91,5,5,1,0,1020,1.0,1.0,0.83,0.91
PF09618,PF14982,1,0,0,1,0,1025,0,1.0,0.0,0,0,0,1,0,1025,0,1.0,0.0,0
PF04335,PF12883,8,0,0,8,0,1018,0,0.99,0.0,0,0,0,8,0,1018,0,0.99,0.0,0
PF10716,PF11317,1,0,0,1,0,1025,0,1.0,0.0,0,0,0,1,0,1025,0,1.0,0.0,0
PF13579,PF13439,1,7,0,1,7,1018,0.0,0.99,0.0,-0.0,7,0,1,7,1018,0.0,0.99,0.0,-0.0
PF14281,PF04881,0,1,0,0,1,1025,0.0,1.0,0,0,1,0,0,1,1025,0.0,1.0,0,0
PF09204,PF10106,1,0,0,1,0,1025,0,1.0,0.0,0,0,0,1,0,1025,0,1.0,0.0,0
PF07705,PF00419,0,3,0,0,3,1023,0.0,1.0,0,0,3,0,0,3,1023,0.0,1.0,0,0
PF13520,PF13906,45,13,12,33,1,980,0.92,0.97,0.27,0.49,13,12,33,1,980,0.92,0.97,0.27,0.49
PF00946,PF14318,2,2,2,0,0,1024,1.0,1.0,1.0,1.0,2,2,0,0,1024,1.0,1.0,1.0,1.0
PF00603,PF06890,1,0,0,1,0,1025,0,1.0,0.0,0,0,0,1,0,1025,0,1.0,0.0,0
PF13910,PF14959,1,0,0,1,0,1025,0,1.0,0.0,0,0,0,1,0,1025,0,1.0,0.0,0
PF08648,PF01715,4,9,1,3,8,1014,0.11,0.99,0.25,0.16,9,1,3,8,1014,0.11,0.99,0.25,0.16
PF09374,PF13722,0,1,0,0,1,1025,0.0,1.0,0,0,1,0,0,1,1025,0.0,1.0,0,0
PF01926,PF01018,51,4,4,47,0,975,1.0,0.95,0.08,0.27,4,4,47,0,975,1.0,0.95,0.08,0.27
PF09409,PF16678,15,4,3,12,1,1010,0.75,0.99,0.2,0.38,4,3,12,1,1010,0.75,0.99,0.2,0.38
PF11616,PF15811,0,2,0,0,2,1024,0.0,1.0,0,0,2,0,0,2,1024,0.0,1.0,0,0
PF04094,PF04195,2,2,0,2,2,1022,0.0,1.0,0.0,-0.0,2,0,2,2,1022,0.0,1.0,0.0,-0.0
PF11397,PF09132,6,0,0,6,0,1020,0,0.99,0.0,0,0,0,6,0,1020,0,0.99,0.0,0
PF00976,PF16102,0,0,0,0,0,1026,0,1.0,0,0,0,0,0,0,1026,0,1.0,0,0
PF04104,PF01702,15,11,0,15,11,1000,0.0,0.97,0.0,-0.01,11,0,15,11,1000,0.0,0.97,0.0,-0.01
PF08629,PF08778,2,3,1,1,2,1022,0.33,1.0,0.5,0.41,3,1,1,2,1022,0.33,1.0,0.5,0.41
PF15071,PF15370,0,3,0,0,3,1023,0.0,1.0,0,0,3,0,0,3,1023,0.0,1.0,0,0
PF02863,PF08021,3,0,0,3,0,1023,0,1.0,0.0,0,0,0,3,0,1023,0,1.0,0.0,0
PF04452,PF09991,2,0,0,2,0,1024,0,1.0,0.0,0,0,0,2,0,1024,0,1.0,0.0,0
PF04113,PF04006,7,5,0,7,5,1014,0.0,0.99,0.0,-0.01,5,0,7,5,1014,0.0,0.99,0.0,-0.01
PF14626,PF07199,2,0,0,2,0,1024,0,1.0,0.0,0,0,0,2,0,1024,0,1.0,0.0,0
PF01762,PF00337,25,19,8,17,11,990,0.42,0.97,0.32,0.35,19,8,17,11,990,0.42,0.97,0.32,0.35
PF15742,PF12240,3,1,0,3,1,1022,0.0,1.0,0.0,-0.0,1,0,3,1,1022,0.0,1.0,0.0,-0.0
PF09446,PF17125,7,4,0,7,4,1015,0.0,0.99,0.0,-0.01,4,0,7,4,1015,0.0,0.99,0.0,-0.01
PF10100,PF01108,0,1,0,0,1,1025,0.0,1.0,0,0,1,0,0,1,1025,0.0,1.0,0,0
PF05253,PF05206,12,8,6,6,2,1012,0.75,0.99,0.5,0.61,8,6,6,2,1012,0.75,0.99,0.5,0.61
PF16493,PF07526,3,2,1,2,1,1022,0.5,1.0,0.33,0.41,2,1,2,1,1022,0.5,1.0,0.33,0.41
PF14661,PF15678,1,1,0,1,1,1024,0.0,1.0,0.0,-0.0,1,0,1,1,1024,0.0,1.0,0.0,-0.0
PF07189,PF05612,5,1,0,5,1,1020,0.0,0.99,0.0,-0.0,1,0,5,1,1020,0.0,0.99,0.0,-0.0
PF13240,PF12202,1,7,1,0,6,1019,0.14,0.99,1.0,0.38,7,1,0,6,1019,0.14,0.99,1.0,0.38
PF02954,PF00158,3,6,3,0,3,1020,0.5,1.0,1.0,0.71,6,3,0,3,1020,0.5,1.0,1.0,0.71
PF16056,PF11618,1,1,0,1,1,1024,0.0,1.0,0.0,-0.0,1,0,1,1,1024,0.0,1.0,0.0,-0.0
PF08226,PF12761,7,6,3,4,3,1016,0.5,0.99,0.43,0.46,6,3,4,3,1016,0.5,0.99,0.43,0.46
PF06057,PF12191,0,0,0,0,0,1026,0,1.0,0,0,0,0,0,0,1026,0,1.0,0,0
PF10873,PF09461,0,0,0,0,0,1026,0,1.0,0,0,0,0,0,0,1026,0,1.0,0,0
PF11975,PF02056,5,5,5,0,0,1021,1.0,1.0,1.0,1.0,5,5,0,0,1021,1.0,1.0,1.0,1.0
PF07635,PF03548,0,0,0,0,0,1026,0,1.0,0,0,0,0,0,0,1026,0,1.0,0,0
PF10528,PF00624,3,1,1,2,0,1023,1.0,1.0,0.33,0.58,1,1,2,0,1023,1.0,1.0,0.33,0.58
PF00142,PF06446,1,1,0,1,1,1024,0.0,1.0,0.0,-0.0,1,0,1,1,1024,0.0,1.0,0.0,-0.0
PF15265,PF15302,0,0,0,0,0,1026,0,1.0,0,0,0,0,0,0,1026,0,1.0,0,0
PF04979,PF09696,14,8,4,10,4,1008,0.5,0.99,0.29,0.37,8,4,10,4,1008,0.5,0.99,0.29,0.37
PF11881,PF08573,1,3,0,1,3,1022,0.0,1.0,0.0,-0.0,3,0,1,3,1022,0.0,1.0,0.0,-0.0
PF00910,PF00680,7,4,4,3,0,1019,1.0,1.0,0.57,0.75,4,4,3,0,1019,1.0,1.0,0.57,0.75
PF16155,PF06445,4,3,1,3,2,1020,0.33,1.0,0.25,0.29,3,1,3,2,1020,0.33,1.0,0.25,0.29
PF08279,PF02912,5,2,1,4,1,1020,0.5,1.0,0.2,0.31,2,1,4,1,1020,0.5,1.0,0.2,0.31
PF02311,PF06249,5,1,0,5,1,1020,0.0,0.99,0.0,-0.0,1,0,5,1,1020,0.0,0.99,0.0,-0.0
PF12718,PF00261,1,11,1,0,10,1015,0.09,0.99,1.0,0.3,11,1,0,10,1015,0.09,0.99,1.0,0.3
PF13006,PF05671,1,1,0,1,1,1024,0.0,1.0,0.0,-0.0,1,0,1,1,1024,0.0,1.0,0.0,-0.0
PF00775,PF13391,14,5,3,11,2,1010,0.6,0.99,0.21,0.35,5,3,11,2,1010,0.6,0.99,0.21,0.35
PF00122,PF12409,65,8,8,57,0,961,1.0,0.94,0.12,0.34,8,8,57,0,961,1.0,0.94,0.12,0.34
PF03106,PF07887,11,5,4,7,1,1014,0.8,0.99,0.36,0.54,5,4,7,1,1014,0.8,0.99,0.36,0.54
PF13477,PF05159,0,2,0,0,2,1024,0.0,1.0,0,0,2,0,0,2,1024,0.0,1.0,0,0
PF11404,PF07941,3,4,3,0,1,1022,0.75,1.0,1.0,0.87,4,3,0,1,1022,0.75,1.0,1.0,0.87
PF10597,PF10596,6,8,6,0,2,1018,0.75,1.0,1.0,0.87,8,6,0,2,1018,0.75,1.0,1.0,0.87
PF15943,PF00967,0,3,0,0,3,1023,0.0,1.0,0,0,3,0,0,3,1023,0.0,1.0,0,0
PF11771,PF02950,0,1,0,0,1,1025,0.0,1.0,0,0,1,0,0,1,1025,0.0,1.0,0,0
PF13349,PF06581,1,1,0,1,1,1024,0.0,1.0,0.0,-0.0,1,0,1,1,1024,0.0,1.0,0.0,-0.0
PF03483,PF03484,12,8,8,4,0,1014,1.0,1.0,0.67,0.81,8,8,4,0,1014,1.0,1.0,0.67,0.81
PF15799,PF12904,0,0,0,0,0,1026,0,1.0,0,0,0,0,0,0,1026,0,1.0,0,0
PF16387,PF00686,1,23,1,0,22,1003,0.04,0.98,1.0,0.21,23,1,0,22,1003,0.04,0.98,1.0,0.21
PF14383,PF12552,1,2,1,0,1,1024,0.5,1.0,1.0,0.71,2,1,0,1,1024,0.5,1.0,1.0,0.71
PF05726,PF02678,4,9,4,0,5,1017,0.44,1.0,1.0,0.67,9,4,0,5,1017,0.44,1.0,1.0,0.67
PF02806,PF02922,10,10,7,3,3,1013,0.7,0.99,0.7,0.7,10,7,3,3,1013,0.7,0.99,0.7,0.7
PF00532,PF00356,5,9,5,0,4,1017,0.56,1.0,1.0,0.74,9,5,0,4,1017,0.56,1.0,1.0,0.74
PF01603,PF04729,16,7,3,13,4,1006,0.43,0.98,0.19,0.28,7,3,13,4,1006,0.43,0.98,0.19,0.28
PF04954,PF11751,0,0,0,0,0,1026,0,1.0,0,0,0,0,0,0,1026,0,1.0,0,0
PF04799,PF01031,4,26,1,3,25,997,0.04,0.97,0.25,0.09,26,1,3,25,997,0.04,0.97,0.25,0.09
PF03456,PF02141,18,24,18,0,6,1002,0.75,0.99,1.0,0.86,24,18,0,6,1002,0.75,0.99,1.0,0.86
PF08096,PF07042,2,0,0,2,0,1024,0,1.0,0.0,0,0,0,2,0,1024,0,1.0,0.0,0
PF03145,PF08511,8,2,1,7,1,1017,0.5,0.99,0.12,0.25,2,1,7,1,1017,0.5,0.99,0.12,0.25
PF01142,PF06991,12,3,3,9,0,1014,1.0,0.99,0.25,0.5,3,3,9,0,1014,1.0,0.99,0.25,0.5
PF00179,PF07933,77,6,6,71,0,949,1.0,0.93,0.08,0.27,6,6,71,0,949,1.0,0.93,0.08,0.27
PF12245,PF12583,2,4,1,1,3,1021,0.25,1.0,0.5,0.35,4,1,1,3,1021,0.25,1.0,0.5,0.35
PF08061,PF03880,0,3,0,0,3,1023,0.0,1.0,0,0,3,0,0,3,1023,0.0,1.0,0,0
PF05965,PF05964,7,7,6,1,1,1018,0.86,1.0,0.86,0.86,7,6,1,1,1018,0.86,1.0,0.86,0.86
PF16077,PF10188,11,0,0,11,0,1015,0,0.99,0.0,0,0,0,11,0,1015,0,0.99,0.0,0
PF00816,PF07476,1,0,0,1,0,1025,0,1.0,0.0,0,0,0,1,0,1025,0,1.0,0.0,0
PF00854,PF07819,17,5,4,13,1,1008,0.8,0.99,0.24,0.43,5,4,13,1,1008,0.8,0.99,0.24,0.43
PF05010,PF12372,2,2,0,2,2,1022,0.0,1.0,0.0,-0.0,2,0,2,2,1022,0.0,1.0,0.0,-0.0
PF16731,PF00770,0,1,0,0,1,1025,0.0,1.0,0,0,1,0,0,1,1025,0.0,1.0,0,0
PF03368,PF11648,5,6,1,4,5,1016,0.17,0.99,0.2,0.18,6,1,4,5,1016,0.17,0.99,0.2,0.18
PF15445,PF15447,1,1,1,0,0,1025,1.0,1.0,1.0,1.0,1,1,0,0,1025,1.0,1.0,1.0,1.0
PF14841,PF14842,0,0,0,0,0,1026,0,1.0,0,0,0,0,0,0,1026,0,1.0,0,0
PF04854,PF16784,1,0,0,1,0,1025,0,1.0,0.0,0,0,0,1,0,1025,0,1.0,0.0,0
PF14942,PF11027,1,2,0,1,2,1023,0.0,1.0,0.0,-0.0,2,0,1,2,1023,0.0,1.0,0.0,-0.0
PF01925,PF04406,6,12,1,5,11,1009,0.08,0.98,0.17,0.11,12,1,5,11,1009,0.08,0.98,0.17,0.11
PF12004,PF08165,1,1,0,1,1,1024,0.0,1.0,0.0,-0.0,1,0,1,1,1024,0.0,1.0,0.0,-0.0
PF07883,PF05899,13,1,0,13,1,1012,0.0,0.99,0.0,-0.0,1,0,13,1,1012,0.0,0.99,0.0,-0.0
PF14887,PF13775,3,3,0,3,3,1020,0.0,0.99,0.0,-0.0,3,0,3,3,1020,0.0,0.99,0.0,-0.0
PF00100,PF00530,29,27,14,15,13,984,0.52,0.97,0.48,0.49,27,14,15,13,984,0.52,0.97,0.48,0.49
PF10223,PF06910,2,1,1,1,0,1024,1.0,1.0,0.5,0.71,1,1,1,0,1024,1.0,1.0,0.5,0.71
PF14840,PF06144,3,3,3,0,0,1023,1.0,1.0,1.0,1.0,3,3,0,0,1023,1.0,1.0,1.0,1.0
PF10162,PF13330,6,6,0,6,6,1014,0.0,0.99,0.0,-0.01,6,0,6,6,1014,0.0,0.99,0.0,-0.01
PF01171,PF00266,12,38,6,6,32,982,0.16,0.96,0.5,0.27,38,6,6,32,982,0.16,0.96,0.5,0.27
PF00517,PF12600,3,0,0,3,0,1023,0,1.0,0.0,0,0,0,3,0,1023,0,1.0,0.0,0
PF02486,PF04451,1,0,0,1,0,1025,0,1.0,0.0,0,0,0,1,0,1025,0,1.0,0.0,0
PF01887,PF04222,0,0,0,0,0,1026,0,1.0,0,0,0,0,0,0,1026,0,1.0,0,0
PF11691,PF01846,0,13,0,0,13,1013,0.0,0.99,0,0,13,0,0,13,1013,0.0,0.99,0,0
PF05761,PF15388,7,1,0,7,1,1018,0.0,0.99,0.0,-0.0,1,0,7,1,1018,0.0,0.99,0.0,-0.0
PF14324,PF13864,3,7,1,2,6,1017,0.14,0.99,0.33,0.21,7,1,2,6,1017,0.14,0.99,0.33,0.21
PF14492,PF16004,25,5,3,22,2,999,0.6,0.98,0.12,0.26,5,3,22,2,999,0.6,0.98,0.12,0.26
PF07460,PF07453,2,1,1,1,0,1024,1.0,1.0,0.5,0.71,1,1,1,0,1024,1.0,1.0,0.5,0.71
PF00452,PF01146,4,5,0,4,5,1017,0.0,0.99,0.0,-0.0,5,0,4,5,1017,0.0,0.99,0.0,-0.0
PF09758,PF04048,0,10,0,0,10,1016,0.0,0.99,0,0,10,0,0,10,1016,0.0,0.99,0,0
PF07875,PF17019,2,0,0,2,0,1024,0,1.0,0.0,0,0,0,2,0,1024,0,1.0,0.0,0
PF13102,PF08037,0,1,0,0,1,1025,0.0,1.0,0,0,1,0,0,1,1025,0.0,1.0,0,0
PF11909,PF02531,1,1,0,1,1,1024,0.0,1.0,0.0,-0.0,1,0,1,1,1024,0.0,1.0,0.0,-0.0
PF00342,PF04668,12,2,2,10,0,1014,1.0,0.99,0.17,0.41,2,2,10,0,1014,1.0,0.99,0.17,0.41
PF03801,PF07989,4,10,0,4,10,1012,0.0,0.99,0.0,-0.01,10,0,4,10,1012,0.0,0.99,0.0,-0.01
PF03960,PF15114,1,0,0,1,0,1025,0,1.0,0.0,0,0,0,1,0,1025,0,1.0,0.0,0
PF14073,PF09073,0,3,0,0,3,1023,0.0,1.0,0,0,3,0,0,3,1023,0.0,1.0,0,0
PF06925,PF08660,2,7,0,2,7,1017,0.0,0.99,0.0,-0.0,7,0,2,7,1017,0.0,0.99,0.0,-0.0
PF12799,PF12819,34,8,3,31,5,987,0.38,0.96,0.09,0.17,8,3,31,5,987,0.38,0.96,0.09,0.17
PF05467,PF11037,0,0,0,0,0,1026,0,1.0,0,0,0,0,0,0,1026,0,1.0,0,0
PF08144,PF05715,4,1,1,3,0,1022,1.0,1.0,0.25,0.5,1,1,3,0,1022,1.0,1.0,0.25,0.5
PF05894,PF08291,0,0,0,0,0,1026,0,1.0,0,0,0,0,0,0,1026,0,1.0,0,0
PF14820,PF15119,0,2,0,0,2,1024,0.0,1.0,0,0,2,0,0,2,1024,0.0,1.0,0,0
PF05198,PF11567,4,0,0,4,0,1022,0,1.0,0.0,0,0,0,4,0,1022,0,1.0,0.0,0
PF13625,PF16203,4,6,4,0,2,1020,0.67,1.0,1.0,0.82,6,4,0,2,1020,0.67,1.0,1.0,0.82
PF08338,PF00908,4,3,0,4,3,1019,0.0,0.99,0.0,-0.0,3,0,4,3,1019,0.0,0.99,0.0,-0.0
PF12621,PF13967,5,12,5,0,7,1014,0.42,0.99,1.0,0.64,12,5,0,7,1014,0.42,0.99,1.0,0.64
PF06887,PF01580,0,2,0,0,2,1024,0.0,1.0,0,0,2,0,0,2,1024,0.0,1.0,0,0
PF00236,PF05039,1,1,0,1,1,1024,0.0,1.0,0.0,-0.0,1,0,1,1,1024,0.0,1.0,0.0,-0.0
PF08696,PF08427,5,5,1,4,4,1017,0.2,0.99,0.2,0.2,5,1,4,4,1017,0.2,0.99,0.2,0.2
PF13532,PF05050,30,9,3,27,6,990,0.33,0.97,0.1,0.17,9,3,27,6,990,0.33,0.97,0.1,0.17
PF08245,PF10288,14,3,0,14,3,1009,0.0,0.98,0.0,-0.01,3,0,14,3,1009,0.0,0.98,0.0,-0.01
PF14678,PF14674,4,0,0,4,0,1022,0,1.0,0.0,0,0,0,4,0,1022,0,1.0,0.0,0
PF09074,PF01706,1,0,0,1,0,1025,0,1.0,0.0,0,0,0,1,0,1025,0,1.0,0.0,0
PF08414,PF08022,5,24,4,1,20,1001,0.17,0.98,0.8,0.36,24,4,1,20,1001,0.17,0.98,0.8,0.36
PF10427,PF12938,0,2,0,0,2,1024,0.0,1.0,0,0,2,0,0,2,1024,0.0,1.0,0,0
PF15337,PF15553,5,0,0,5,0,1021,0,1.0,0.0,0,0,0,5,0,1021,0,1.0,0.0,0
PF09425,PF06200,4,7,4,0,3,1019,0.57,1.0,1.0,0.75,7,4,0,3,1019,0.57,1.0,1.0,0.75
PF15047,PF08792,0,1,0,0,1,1025,0.0,1.0,0,0,1,0,0,1,1025,0.0,1.0,0,0
PF00590,PF14823,13,7,6,7,1,1012,0.86,0.99,0.46,0.63,7,6,7,1,1012,0.86,0.99,0.46,0.63
PF03285,PF14802,1,3,0,1,3,1022,0.0,1.0,0.0,-0.0,3,0,1,3,1022,0.0,1.0,0.0,-0.0
PF15037,PF16556,2,2,0,2,2,1022,0.0,1.0,0.0,-0.0,2,0,2,2,1022,0.0,1.0,0.0,-0.0
PF05482,PF13810,2,2,0,2,2,1022,0.0,1.0,0.0,-0.0,2,0,2,2,1022,0.0,1.0,0.0,-0.0
PF05090,PF08014,4,2,0,4,2,1020,0.0,0.99,0.0,-0.0,2,0,4,2,1020,0.0,0.99,0.0,-0.0
PF02744,PF01087,4,5,4,0,1,1021,0.8,1.0,1.0,0.89,5,4,0,1,1021,0.8,1.0,1.0,0.89
PF15211,PF07400,0,1,0,0,1,1025,0.0,1.0,0,0,1,0,0,1,1025,0.0,1.0,0,0
PF07902,PF09365,2,1,0,2,1,1023,0.0,1.0,0.0,-0.0,1,0,2,1,1023,0.0,1.0,0.0,-0.0
PF10247,PF04051,3,16,3,0,13,1010,0.19,0.99,1.0,0.43,16,3,0,13,1010,0.19,0.99,1.0,0.43
PF03425,PF03442,2,4,1,1,3,1021,0.25,1.0,0.5,0.35,4,1,1,3,1021,0.25,1.0,0.5,0.35
PF10268,PF10712,2,2,1,1,1,1023,0.5,1.0,0.5,0.5,2,1,1,1,1023,0.5,1.0,0.5,0.5
PF06276,PF04183,1,1,1,0,0,1025,1.0,1.0,1.0,1.0,1,1,0,0,1025,1.0,1.0,1.0,1.0
PF12884,PF12886,1,4,1,0,3,1022,0.25,1.0,1.0,0.5,4,1,0,3,1022,0.25,1.0,1.0,0.5
PF12891,PF11214,1,0,0,1,0,1025,0,1.0,0.0,0,0,0,1,0,1025,0,1.0,0.0,0
PF07858,PF06243,0,1,0,0,1,1025,0.0,1.0,0,0,1,0,0,1,1025,0.0,1.0,0,0
PF05251,PF03348,3,9,1,2,8,1015,0.11,0.99,0.33,0.19,9,1,2,8,1015,0.11,0.99,0.33,0.19
PF04667,PF01987,5,6,1,4,5,1016,0.17,0.99,0.2,0.18,6,1,4,5,1016,0.17,0.99,0.2,0.18
PF08348,PF03255,0,8,0,0,8,1018,0.0,0.99,0,0,8,0,0,8,1018,0.0,0.99,0,0
PF12304,PF15003,1,3,0,1,3,1022,0.0,1.0,0.0,-0.0,3,0,1,3,1022,0.0,1.0,0.0,-0.0
PF10369,PF00351,7,12,3,4,9,1010,0.25,0.99,0.43,0.32,12,3,4,9,1010,0.25,0.99,0.43,0.32
PF12868,PF15856,0,0,0,0,0,1026,0,1.0,0,0,0,0,0,0,1026,0,1.0,0,0
PF13876,PF07505,0,0,0,0,0,1026,0,1.0,0,0,0,0,0,0,1026,0,1.0,0,0
PF09485,PF03807,0,8,0,0,8,1018,0.0,0.99,0,0,8,0,0,8,1018,0.0,0.99,0,0
PF04519,PF02554,0,1,0,0,1,1025,0.0,1.0,0,0,1,0,0,1,1025,0.0,1.0,0,0
PF15048,PF10044,1,2,0,1,2,1023,0.0,1.0,0.0,-0.0,2,0,1,2,1023,0.0,1.0,0.0,-0.0
PF06221,PF04087,3,0,0,3,0,1023,0,1.0,0.0,0,0,0,3,0,1023,0,1.0,0.0,0
PF12302,PF03592,1,1,0,1,1,1024,0.0,1.0,0.0,-0.0,1,0,1,1,1024,0.0,1.0,0.0,-0.0
PF10604,PF06749,8,2,1,7,1,1017,0.5,0.99,0.12,0.25,2,1,7,1,1017,0.5,0.99,0.12,0.25
PF06827,PF10458,5,4,1,4,3,1018,0.25,0.99,0.2,0.22,4,1,4,3,1018,0.25,0.99,0.2,0.22
PF16545,PF03823,1,1,0,1,1,1024,0.0,1.0,0.0,-0.0,1,0,1,1,1024,0.0,1.0,0.0,-0.0
PF00649,PF15678,2,1,0,2,1,1023,0.0,1.0,0.0,-0.0,1,0,2,1,1023,0.0,1.0,0.0,-0.0
PF06701,PF11515,10,4,2,8,2,1014,0.5,0.99,0.2,0.31,4,2,8,2,1014,0.5,0.99,0.2,0.31
PF16018,PF10193,0,5,0,0,5,1021,0.0,1.0,0,0,5,0,0,5,1021,0.0,1.0,0,0
PF10269,PF14901,1,2,0,1,2,1023,0.0,1.0,0.0,-0.0,2,0,1,2,1023,0.0,1.0,0.0,-0.0
PF12001,PF05837,1,3,0,1,3,1022,0.0,1.0,0.0,-0.0,3,0,1,3,1022,0.0,1.0,0.0,-0.0
PF00747,PF11819,1,5,0,1,5,1020,0.0,0.99,0.0,-0.0,5,0,1,5,1020,0.0,0.99,0.0,-0.0
PF12403,PF12360,1,1,1,0,0,1025,1.0,1.0,1.0,1.0,1,1,0,0,1025,1.0,1.0,1.0,1.0
PF03168,PF06749,6,2,2,4,0,1020,1.0,1.0,0.33,0.58,2,2,4,0,1020,1.0,1.0,0.33,0.58
PF03221,PF04218,26,6,5,21,1,999,0.83,0.98,0.19,0.39,6,5,21,1,999,0.83,0.98,0.19,0.39
PF07109,PF03882,2,2,0,2,2,1022,0.0,1.0,0.0,-0.0,2,0,2,2,1022,0.0,1.0,0.0,-0.0
PF15399,PF02253,0,1,0,0,1,1025,0.0,1.0,0,0,1,0,0,1,1025,0.0,1.0,0,0
PF12376,PF15120,0,1,0,0,1,1025,0.0,1.0,0,0,1,0,0,1,1025,0.0,1.0,0,0
PF10282,PF09724,6,6,2,4,4,1016,0.33,0.99,0.33,0.33,6,2,4,4,1016,0.33,0.99,0.33,0.33
PF00708,PF15013,6,1,0,6,1,1019,0.0,0.99,0.0,-0.0,1,0,6,1,1019,0.0,0.99,0.0,-0.0
PF05011,PF04152,10,8,1,9,7,1009,0.12,0.98,0.1,0.1,8,1,9,7,1009,0.12,0.98,0.1,0.1
PF09598,PF16174,1,0,0,1,0,1025,0,1.0,0.0,0,0,0,1,0,1025,0,1.0,0.0,0
PF12344,PF16783,0,0,0,0,0,1026,0,1.0,0,0,0,0,0,0,1026,0,1.0,0,0
PF00701,PF04479,15,16,8,7,8,1003,0.5,0.99,0.53,0.51,16,8,7,8,1003,0.5,0.99,0.53,0.51
PF12377,PF12361,1,1,1,0,0,1025,1.0,1.0,1.0,1.0,1,1,0,0,1025,1.0,1.0,1.0,1.0
PF16953,PF17177,8,24,3,5,21,997,0.12,0.97,0.38,0.21,24,3,5,21,997,0.12,0.97,0.38,0.21
PF10063,PF06695,1,0,0,1,0,1025,0,1.0,0.0,0,0,0,1,0,1025,0,1.0,0.0,0
PF00560,PF13855,30,115,30,0,85,911,0.26,0.92,1.0,0.49,115,30,0,85,911,0.26,0.92,1.0,0.49
PF14768,PF14766,0,1,0,0,1,1025,0.0,1.0,0,0,1,0,0,1,1025,0.0,1.0,0,0
PF10139,PF07520,0,0,0,0,0,1026,0,1.0,0,0,0,0,0,0,1026,0,1.0,0,0
PF10691,PF11861,1,8,1,0,7,1018,0.12,0.99,1.0,0.35,8,1,0,7,1018,0.12,0.99,1.0,0.35
PF06417,PF02936,6,7,2,4,5,1015,0.29,0.99,0.33,0.3,7,2,4,5,1015,0.29,0.99,0.33,0.3
PF08142,PF04950,14,17,14,0,3,1009,0.82,1.0,1.0,0.91,17,14,0,3,1009,0.82,1.0,1.0,0.91
PF07525,PF00710,16,8,4,12,4,1006,0.5,0.98,0.25,0.35,8,4,12,4,1006,0.5,0.98,0.25,0.35
PF11989,PF06248,1,5,1,0,4,1021,0.2,1.0,1.0,0.45,5,1,0,4,1021,0.2,1.0,1.0,0.45
PF15128,PF06798,1,0,0,1,0,1025,0,1.0,0.0,0,0,0,1,0,1025,0,1.0,0.0,0
PF02571,PF00999,2,43,1,1,42,982,0.02,0.96,0.5,0.1,43,1,1,42,982,0.02,0.96,0.5,0.1
PF15029,PF11902,0,0,0,0,0,1026,0,1.0,0,0,0,0,0,0,1026,0,1.0,0,0
PF12413,PF10525,0,1,0,0,1,1025,0.0,1.0,0,0,1,0,0,1,1025,0.0,1.0,0,0
PF02450,PF09767,10,4,3,7,1,1015,0.75,0.99,0.3,0.47,4,3,7,1,1015,0.75,0.99,0.3,0.47
PF02368,PF17034,0,5,0,0,5,1021,0.0,1.0,0,0,5,0,0,5,1021,0.0,1.0,0,0
PF10270,PF00831,5,7,0,5,7,1014,0.0,0.99,0.0,-0.01,7,0,5,7,1014,0.0,0.99,0.0,-0.01
PF02130,PF02348,2,4,0,2,4,1020,0.0,0.99,0.0,-0.0,4,0,2,4,1020,0.0,0.99,0.0,-0.0
PF16199,PF12345,4,0,0,4,0,1022,0,1.0,0.0,0,0,0,4,0,1022,0,1.0,0.0,0
PF13380,PF13607,2,0,0,2,0,1024,0,1.0,0.0,0,0,0,2,0,1024,0,1.0,0.0,0
PF01454,PF12440,9,2,2,7,0,1017,1.0,0.99,0.22,0.47,2,2,7,0,1017,1.0,0.99,0.22,0.47
PF07679,PF07645,68,50,24,44,26,932,0.48,0.93,0.35,0.38,50,24,44,26,932,0.48,0.93,0.35,0.38
PF03664,PF00457,4,3,2,2,1,1021,0.67,1.0,0.5,0.58,3,2,2,1,1021,0.67,1.0,0.5,0.58
PF09261,PF07748,18,17,16,2,1,1007,0.94,1.0,0.89,0.91,17,16,2,1,1007,0.94,1.0,0.89,0.91
PF15456,PF11500,2,1,0,2,1,1023,0.0,1.0,0.0,-0.0,1,0,2,1,1023,0.0,1.0,0.0,-0.0
PF05681,PF05683,1,3,1,0,2,1023,0.33,1.0,1.0,0.58,3,1,0,2,1023,0.33,1.0,1.0,0.58
PF07887,PF03514,5,8,4,1,4,1017,0.5,1.0,0.8,0.63,8,4,1,4,1017,0.5,1.0,0.8,0.63
PF16054,PF11032,2,0,0,2,0,1024,0,1.0,0.0,0,0,0,2,0,1024,0,1.0,0.0,0
PF01070,PF00173,20,44,12,8,32,974,0.27,0.96,0.6,0.39,44,12,8,32,974,0.27,0.96,0.6,0.39
PF01036,PF01987,6,6,0,6,6,1014,0.0,0.99,0.0,-0.01,6,0,6,6,1014,0.0,0.99,0.0,-0.01
PF03091,PF02284,16,1,0,16,1,1009,0.0,0.98,0.0,-0.0,1,0,16,1,1009,0.0,0.98,0.0,-0.0
PF01474,PF07168,8,3,0,8,3,1015,0.0,0.99,0.0,-0.0,3,0,8,3,1015,0.0,0.99,0.0,-0.0
PF11470,PF09429,6,8,0,6,8,1012,0.0,0.99,0.0,-0.01,8,0,6,8,1012,0.0,0.99,0.0,-0.01
PF15779,PF14914,4,1,0,4,1,1021,0.0,1.0,0.0,-0.0,1,0,4,1,1021,0.0,1.0,0.0,-0.0
PF08433,PF14712,10,5,0,10,5,1011,0.0,0.99,0.0,-0.01,5,0,10,5,1011,0.0,0.99,0.0,-0.01
PF00691,PF01475,5,2,0,5,2,1019,0.0,0.99,0.0,-0.0,2,0,5,2,1019,0.0,0.99,0.0,-0.0
PF15762,PF15312,0,0,0,0,0,1026,0,1.0,0,0,0,0,0,0,1026,0,1.0,0,0
PF09095,PF06892,1,0,0,1,0,1025,0,1.0,0.0,0,0,0,1,0,1025,0,1.0,0.0,0
PF07499,PF06798,2,0,0,2,0,1024,0,1.0,0.0,0,0,0,2,0,1024,0,1.0,0.0,0
PF04398,PF06749,5,2,0,5,2,1019,0.0,0.99,0.0,-0.0,2,0,5,2,1019,0.0,0.99,0.0,-0.0
PF16463,PF14489,0,1,0,0,1,1025,0.0,1.0,0,0,1,0,0,1,1025,0.0,1.0,0,0
PF05368,PF11807,25,8,5,20,3,998,0.62,0.98,0.2,0.35,8,5,20,3,998,0.62,0.98,0.2,0.35
PF06042,PF06681,1,0,0,1,0,1025,0,1.0,0.0,0,0,0,1,0,1025,0,1.0,0.0,0
PF00654,PF01595,27,7,2,25,5,994,0.29,0.97,0.07,0.13,7,2,25,5,994,0.29,0.97,0.07,0.13
PF01161,PF15430,18,7,2,16,5,1003,0.29,0.98,0.11,0.17,7,2,16,5,1003,0.29,0.98,0.11,0.17
PF15752,PF15762,0,0,0,0,0,1026,0,1.0,0,0,0,0,0,0,1026,0,1.0,0,0
PF13968,PF04578,13,12,10,3,2,1011,0.83,1.0,0.77,0.8,12,10,3,2,1011,0.83,1.0,0.77,0.8
PF06723,PF10712,7,2,1,6,1,1018,0.5,0.99,0.14,0.26,2,1,6,1,1018,0.5,0.99,0.14,0.26
PF03096,PF16969,6,5,0,6,5,1015,0.0,0.99,0.0,-0.01,5,0,6,5,1015,0.0,0.99,0.0,-0.01
PF14046,PF12743,2,2,2,0,0,1024,1.0,1.0,1.0,1.0,2,2,0,0,1024,1.0,1.0,1.0,1.0
PF08205,PF07686,21,32,11,10,21,984,0.34,0.97,0.52,0.41,32,11,10,21,984,0.34,0.97,0.52,0.41
PF00162,PF02390,17,10,7,10,3,1006,0.7,0.99,0.41,0.53,10,7,10,3,1006,0.7,0.99,0.41,0.53
PF08401,PF01913,0,1,0,0,1,1025,0.0,1.0,0,0,1,0,0,1,1025,0.0,1.0,0,0
PF03488,PF10705,0,0,0,0,0,1026,0,1.0,0,0,0,0,0,0,1026,0,1.0,0,0
PF04100,PF16854,6,0,0,6,0,1020,0,0.99,0.0,0,0,0,6,0,1020,0,0.99,0.0,0
PF16647,PF05355,1,4,0,1,4,1021,0.0,1.0,0.0,-0.0,4,0,1,4,1021,0.0,1.0,0.0,-0.0
PF08828,PF15791,1,2,1,0,1,1024,0.5,1.0,1.0,0.71,2,1,0,1,1024,0.5,1.0,1.0,0.71
PF14799,PF06232,2,0,0,2,0,1024,0,1.0,0.0,0,0,0,2,0,1024,0,1.0,0.0,0
PF02947,PF15138,3,5,0,3,5,1018,0.0,0.99,0.0,-0.0,5,0,3,5,1018,0.0,0.99,0.0,-0.0
PF15280,PF08624,2,3,0,2,3,1021,0.0,1.0,0.0,-0.0,3,0,2,3,1021,0.0,1.0,0.0,-0.0
PF00089,PF12032,87,8,7,80,1,938,0.88,0.92,0.08,0.25,8,7,80,1,938,0.88,0.92,0.08,0.25
PF13284,PF06406,0,0,0,0,0,1026,0,1.0,0,0,0,0,0,0,1026,0,1.0,0,0
PF14982,PF15207,0,1,0,0,1,1025,0.0,1.0,0,0,1,0,0,1,1025,0.0,1.0,0,0
PF12936,PF05178,4,4,4,0,0,1022,1.0,1.0,1.0,1.0,4,4,0,0,1022,1.0,1.0,1.0,1.0
PF04932,PF03050,0,0,0,0,0,1026,0,1.0,0,0,0,0,0,0,1026,0,1.0,0,0
PF05160,PF10200,7,5,4,3,1,1018,0.8,1.0,0.57,0.67,5,4,3,1,1018,0.8,1.0,0.57,0.67
PF16928,PF11811,0,0,0,0,0,1026,0,1.0,0,0,0,0,0,0,1026,0,1.0,0,0
PF10255,PF01896,7,9,2,5,7,1012,0.22,0.99,0.29,0.25,9,2,5,7,1012,0.22,0.99,0.29,0.25
PF07248,PF10340,1,1,1,0,0,1025,1.0,1.0,1.0,1.0,1,1,0,0,1025,1.0,1.0,1.0,1.0
PF12318,PF03090,0,0,0,0,0,1026,0,1.0,0,0,0,0,0,0,1026,0,1.0,0,0
PF10543,PF14791,0,5,0,0,5,1021,0.0,1.0,0,0,5,0,0,5,1021,0.0,1.0,0,0
PF14846,PF12297,2,1,0,2,1,1023,0.0,1.0,0.0,-0.0,1,0,2,1,1023,0.0,1.0,0.0,-0.0
PF04187,PF03759,0,7,0,0,7,1019,0.0,0.99,0,0,7,0,0,7,1019,0.0,0.99,0,0
PF07782,PF13890,8,1,0,8,1,1017,0.0,0.99,0.0,-0.0,1,0,8,1,1017,0.0,0.99,0.0,-0.0
PF15818,PF14926,1,3,0,1,3,1022,0.0,1.0,0.0,-0.0,3,0,1,3,1022,0.0,1.0,0.0,-0.0
PF15052,PF02425,1,0,0,1,0,1025,0,1.0,0.0,0,0,0,1,0,1025,0,1.0,0.0,0
PF05879,PF04091,7,7,1,6,6,1013,0.14,0.99,0.14,0.14,7,1,6,6,1013,0.14,0.99,0.14,0.14
PF03539,PF10917,2,1,0,2,1,1023,0.0,1.0,0.0,-0.0,1,0,2,1,1023,0.0,1.0,0.0,-0.0
PF08854,PF05939,0,0,0,0,0,1026,0,1.0,0,0,0,0,0,0,1026,0,1.0,0,0
PF00576,PF00711,6,1,0,6,1,1019,0.0,0.99,0.0,-0.0,1,0,6,1,1019,0.0,0.99,0.0,-0.0
PF05452,PF06853,0,0,0,0,0,1026,0,1.0,0,0,0,0,0,0,1026,0,1.0,0,0
PF05728,PF13094,3,0,0,3,0,1023,0,1.0,0.0,0,0,0,3,0,1023,0,1.0,0.0,0
PF02608,PF01547,4,12,4,0,8,1014,0.33,0.99,1.0,0.58,12,4,0,8,1014,0.33,0.99,1.0,0.58
PF10600,PF10608,1,0,0,1,0,1025,0,1.0,0.0,0,0,0,1,0,1025,0,1.0,0.0,0
PF01097,PF16541,3,1,0,3,1,1022,0.0,1.0,0.0,-0.0,1,0,3,1,1022,0.0,1.0,0.0,-0.0
PF09587,PF07327,3,1,0,3,1,1022,0.0,1.0,0.0,-0.0,1,0,3,1,1022,0.0,1.0,0.0,-0.0
PF00609,PF00781,11,27,11,0,16,999,0.41,0.98,1.0,0.63,27,11,0,16,999,0.41,0.98,1.0,0.63
PF04201,PF10246,3,7,1,2,6,1017,0.14,0.99,0.33,0.21,7,1,2,6,1017,0.14,0.99,0.33,0.21
PF01715,PF01745,9,2,2,7,0,1017,1.0,0.99,0.22,0.47,2,2,7,0,1017,1.0,0.99,0.22,0.47
PF10075,PF05191,12,8,4,8,4,1010,0.5,0.99,0.33,0.4,8,4,8,4,1010,0.5,0.99,0.33,0.4
PF12040,PF12679,1,1,1,0,0,1025,1.0,1.0,1.0,1.0,1,1,0,0,1025,1.0,1.0,1.0,1.0
PF10107,PF07327,0,1,0,0,1,1025,0.0,1.0,0,0,1,0,0,1,1025,0.0,1.0,0,0
PF00364,PF00289,30,22,19,11,3,993,0.86,0.99,0.63,0.73,22,19,11,3,993,0.86,0.99,0.63,0.73
PF02264,PF00367,3,5,2,1,3,1020,0.4,1.0,0.67,0.51,5,2,1,3,1020,0.4,1.0,0.67,0.51
PF15249,PF12516,5,0,0,5,0,1021,0,1.0,0.0,0,0,0,5,0,1021,0,1.0,0.0,0
PF14753,PF15390,2,0,0,2,0,1024,0,1.0,0.0,0,0,0,2,0,1024,0,1.0,0.0,0
PF01657,PF14380,13,5,3,10,2,1011,0.6,0.99,0.23,0.37,5,3,10,2,1011,0.6,0.99,0.23,0.37
PF02049,PF12724,1,0,0,1,0,1025,0,1.0,0.0,0,0,0,1,0,1025,0,1.0,0.0,0
PF01062,PF03619,14,9,1,13,8,1004,0.11,0.98,0.07,0.08,9,1,13,8,1004,0.11,0.98,0.07,0.08
PF15709,PF06890,0,0,0,0,0,1026,0,1.0,0,0,0,0,0,0,1026,0,1.0,0,0
PF00764,PF00988,7,9,1,6,8,1011,0.11,0.99,0.14,0.12,9,1,6,8,1011,0.11,0.99,0.14,0.12
PF15369,PF08528,0,4,0,0,4,1022,0.0,1.0,0,0,4,0,0,4,1022,0.0,1.0,0,0
PF06535,PF06534,0,0,0,0,0,1026,0,1.0,0,0,0,0,0,0,1026,0,1.0,0,0
PF12287,PF00386,0,11,0,0,11,1015,0.0,0.99,0,0,11,0,0,11,1015,0.0,0.99,0,0
PF06983,PF09459,3,0,0,3,0,1023,0,1.0,0.0,0,0,0,3,0,1023,0,1.0,0.0,0
PF00659,PF08332,3,4,2,1,2,1021,0.5,1.0,0.67,0.58,4,2,1,2,1021,0.5,1.0,0.67,0.58
PF08759,PF08856,0,0,0,0,0,1026,0,1.0,0,0,0,0,0,0,1026,0,1.0,0,0
PF06677,PF10234,5,2,0,5,2,1019,0.0,0.99,0.0,-0.0,2,0,5,2,1019,0.0,0.99,0.0,-0.0
PF07001,PF15624,2,1,1,1,0,1024,1.0,1.0,0.5,0.71,1,1,1,0,1024,1.0,1.0,0.5,0.71
PF02056,PF11975,5,5,5,0,0,1021,1.0,1.0,1.0,1.0,5,5,0,0,1021,1.0,1.0,1.0,1.0
PF03108,PF04434,12,14,8,4,6,1008,0.57,0.99,0.67,0.61,14,8,4,6,1008,0.57,0.99,0.67,0.61
PF01216,PF02267,1,1,0,1,1,1024,0.0,1.0,0.0,-0.0,1,0,1,1,1024,0.0,1.0,0.0,-0.0
PF05494,PF16216,1,1,0,1,1,1024,0.0,1.0,0.0,-0.0,1,0,1,1,1024,0.0,1.0,0.0,-0.0
PF02133,PF13023,15,7,2,13,5,1006,0.29,0.98,0.13,0.19,7,2,13,5,1006,0.29,0.98,0.13,0.19
PF04399,PF07987,1,1,1,0,0,1025,1.0,1.0,1.0,1.0,1,1,0,0,1025,1.0,1.0,1.0,1.0
PF00249,PF14379,50,3,2,48,1,975,0.67,0.95,0.04,0.16,3,2,48,1,975,0.67,0.95,0.04,0.16
PF11980,PF00629,0,25,0,0,25,1001,0.0,0.98,0,0,25,0,0,25,1001,0.0,0.98,0,0
PF13205,PF07494,0,1,0,0,1,1025,0.0,1.0,0,0,1,0,0,1,1025,0.0,1.0,0,0
PF04224,PF14759,3,3,1,2,2,1021,0.33,1.0,0.33,0.33,3,1,2,2,1021,0.33,1.0,0.33,0.33
PF03060,PF06052,11,2,2,9,0,1015,1.0,0.99,0.18,0.42,2,2,9,0,1015,1.0,0.99,0.18,0.42
PF00333,PF03719,15,19,14,1,5,1006,0.74,0.99,0.93,0.83,19,14,1,5,1006,0.74,0.99,0.93,0.83
PF08654,PF15770,2,0,0,2,0,1024,0,1.0,0.0,0,0,0,2,0,1024,0,1.0,0.0,0
PF11587,PF11466,1,1,1,0,0,1025,1.0,1.0,1.0,1.0,1,1,0,0,1025,1.0,1.0,1.0,1.0
PF02913,PF09265,17,6,2,15,4,1005,0.33,0.98,0.12,0.19,6,2,15,4,1005,0.33,0.98,0.12,0.19
PF10254,PF15499,2,0,0,2,0,1024,0,1.0,0.0,0,0,0,2,0,1024,0,1.0,0.0,0
PF08501,PF01487,11,9,8,3,1,1014,0.89,1.0,0.73,0.8,9,8,3,1,1014,0.89,1.0,0.73,0.8
PF04683,PF03299,4,8,1,3,7,1015,0.12,0.99,0.25,0.17,8,1,3,7,1015,0.12,0.99,0.25,0.17
PF14475,PF08528,0,4,0,0,4,1022,0.0,1.0,0,0,4,0,0,4,1022,0.0,1.0,0,0
PF13232,PF08847,0,0,0,0,0,1026,0,1.0,0,0,0,0,0,0,1026,0,1.0,0,0
PF03971,PF07805,3,0,0,3,0,1023,0,1.0,0.0,0,0,0,3,0,1023,0,1.0,0.0,0
PF08685,PF01681,2,0,0,2,0,1024,0,1.0,0.0,0,0,0,2,0,1024,0,1.0,0.0,0
PF11658,PF05001,0,5,0,0,5,1021,0.0,1.0,0,0,5,0,0,5,1021,0.0,1.0,0,0
PF00586,PF02843,7,8,3,4,5,1014,0.38,0.99,0.43,0.4,8,3,4,5,1014,0.38,0.99,0.43,0.4
PF14863,PF14864,1,1,1,0,0,1025,1.0,1.0,1.0,1.0,1,1,0,0,1025,1.0,1.0,1.0,1.0
PF04798,PF09585,0,1,0,0,1,1025,0.0,1.0,0,0,1,0,0,1,1025,0.0,1.0,0,0
PF06826,PF10554,1,0,0,1,0,1025,0,1.0,0.0,0,0,0,1,0,1025,0,1.0,0.0,0
PF10249,PF06342,3,1,1,2,0,1023,1.0,1.0,0.33,0.58,1,1,2,0,1023,1.0,1.0,0.33,0.58
PF10265,PF15008,2,0,0,2,0,1024,0,1.0,0.0,0,0,0,2,0,1024,0,1.0,0.0,0
PF09405,PF10264,4,0,0,4,0,1022,0,1.0,0.0,0,0,0,4,0,1022,0,1.0,0.0,0
PF00756,PF12311,12,0,0,12,0,1014,0,0.99,0.0,0,0,0,12,0,1014,0,0.99,0.0,0
PF04868,PF13247,1,0,0,1,0,1025,0,1.0,0.0,0,0,0,1,0,1025,0,1.0,0.0,0
PF12398,PF11883,3,4,3,0,1,1022,0.75,1.0,1.0,0.87,4,3,0,1,1022,0.75,1.0,1.0,0.87
PF04844,PF03479,1,3,0,1,3,1022,0.0,1.0,0.0,-0.0,3,0,1,3,1022,0.0,1.0,0.0,-0.0
PF08913,PF09141,3,6,2,1,4,1019,0.33,1.0,0.67,0.47,6,2,1,4,1019,0.33,1.0,0.67,0.47
PF04014,PF09074,0,1,0,0,1,1025,0.0,1.0,0,0,1,0,0,1,1025,0.0,1.0,0,0
PF06414,PF10179,4,1,0,4,1,1021,0.0,1.0,0.0,-0.0,1,0,4,1,1021,0.0,1.0,0.0,-0.0
PF08987,PF15775,0,0,0,0,0,1026,0,1.0,0,0,0,0,0,0,1026,0,1.0,0,0
PF10631,PF04363,0,0,0,0,0,1026,0,1.0,0,0,0,0,0,0,1026,0,1.0,0,0
PF17077,PF03743,1,9,0,1,9,1016,0.0,0.99,0.0,-0.0,9,0,1,9,1016,0.0,0.99,0.0,-0.0
PF04848,PF00669,2,1,0,2,1,1023,0.0,1.0,0.0,-0.0,1,0,2,1,1023,0.0,1.0,0.0,-0.0
PF12738,PF00533,21,31,15,6,16,989,0.48,0.98,0.71,0.58,31,15,6,16,989,0.48,0.98,0.71,0.58
PF09203,PF01301,1,20,0,1,20,1005,0.0,0.98,0.0,-0.0,20,0,1,20,1005,0.0,0.98,0.0,-0.0
PF01650,PF05191,9,8,1,8,7,1010,0.12,0.99,0.11,0.11,8,1,8,7,1010,0.12,0.99,0.11,0.11
PF12013,PF00172,6,78,5,1,73,947,0.06,0.93,0.83,0.22,78,5,1,73,947,0.06,0.93,0.83,0.22
PF16557,PF16534,0,2,0,0,2,1024,0.0,1.0,0,0,2,0,0,2,1024,0.0,1.0,0,0
PF15387,PF05838,1,0,0,1,0,1025,0,1.0,0.0,0,0,0,1,0,1025,0,1.0,0.0,0
PF05426,PF09424,1,2,0,1,2,1023,0.0,1.0,0.0,-0.0,2,0,1,2,1023,0.0,1.0,0.0,-0.0
PF06429,PF03963,1,1,1,0,0,1025,1.0,1.0,1.0,1.0,1,1,0,0,1025,1.0,1.0,1.0,1.0
PF14531,PF15067,0,4,0,0,4,1022,0.0,1.0,0,0,4,0,0,4,1022,0.0,1.0,0,0
PF14528,PF07453,0,1,0,0,1,1025,0.0,1.0,0,0,1,0,0,1,1025,0.0,1.0,0,0
PF01872,PF08211,10,3,1,9,2,1014,0.33,0.99,0.1,0.18,3,1,9,2,1014,0.33,0.99,0.1,0.18
PF02507,PF02531,1,1,1,0,0,1025,1.0,1.0,1.0,1.0,1,1,0,0,1025,1.0,1.0,1.0,1.0
PF05030,PF08624,6,3,0,6,3,1017,0.0,0.99,0.0,-0.0,3,0,6,3,1017,0.0,0.99,0.0,-0.0
PF06228,PF06956,0,1,0,0,1,1025,0.0,1.0,0,0,1,0,0,1,1025,0.0,1.0,0,0
PF09134,PF13946,0,0,0,0,0,1026,0,1.0,0,0,0,0,0,0,1026,0,1.0,0,0
PF10414,PF13404,4,2,1,3,1,1021,0.5,1.0,0.25,0.35,2,1,3,1,1021,0.5,1.0,0.25,0.35
PF08039,PF05488,0,0,0,0,0,1026,0,1.0,0,0,0,0,0,0,1026,0,1.0,0,0
PF05979,PF07301,2,2,2,0,0,1024,1.0,1.0,1.0,1.0,2,2,0,0,1024,1.0,1.0,1.0,1.0
PF00112,PF08246,38,17,16,22,1,987,0.94,0.98,0.42,0.62,17,16,22,1,987,0.94,0.98,0.42,0.62
PF12821,PF14231,1,1,0,1,1,1024,0.0,1.0,0.0,-0.0,1,0,1,1,1024,0.0,1.0,0.0,-0.0
PF12850,PF01470,5,4,0,5,4,1017,0.0,0.99,0.0,-0.0,4,0,5,4,1017,0.0,0.99,0.0,-0.0
PF01694,PF04114,27,9,3,24,6,993,0.33,0.97,0.11,0.18,9,3,24,6,993,0.33,0.97,0.11,0.18
PF00077,PF08284,9,16,3,6,13,1004,0.19,0.98,0.33,0.24,16,3,6,13,1004,0.19,0.98,0.33,0.24
PF01537,PF17007,0,0,0,0,0,1026,0,1.0,0,0,0,0,0,0,1026,0,1.0,0,0
PF02810,PF13373,3,1,0,3,1,1022,0.0,1.0,0.0,-0.0,1,0,3,1,1022,0.0,1.0,0.0,-0.0
PF13162,PF14015,0,0,0,0,0,1026,0,1.0,0,0,0,0,0,0,1026,0,1.0,0,0
PF11332,PF11268,0,0,0,0,0,1026,0,1.0,0,0,0,0,0,0,1026,0,1.0,0,0
PF05701,PF09730,4,4,1,3,3,1019,0.25,0.99,0.25,0.25,4,1,3,3,1019,0.25,0.99,0.25,0.25
PF14389,PF04784,2,11,1,1,10,1014,0.09,0.99,0.5,0.21,11,1,1,10,1014,0.09,0.99,0.5,0.21
PF11816,PF15512,9,0,0,9,0,1017,0,0.99,0.0,0,0,0,9,0,1017,0,0.99,0.0,0
PF01544,PF14441,21,1,1,20,0,1005,1.0,0.98,0.05,0.22,1,1,20,0,1005,1.0,0.98,0.05,0.22
PF01491,PF01230,3,12,2,1,10,1013,0.17,0.99,0.67,0.33,12,2,1,10,1013,0.17,0.99,0.67,0.33
PF07980,PF10618,0,0,0,0,0,1026,0,1.0,0,0,0,0,0,0,1026,0,1.0,0,0
PF12023,PF06351,1,0,0,1,0,1025,0,1.0,0.0,0,0,0,1,0,1025,0,1.0,0.0,0
PF11732,PF16134,2,3,2,0,1,1023,0.67,1.0,1.0,0.82,3,2,0,1,1023,0.67,1.0,1.0,0.82
PF07011,PF11947,2,1,0,2,1,1023,0.0,1.0,0.0,-0.0,1,0,2,1,1023,0.0,1.0,0.0,-0.0
PF08600,PF07967,2,8,2,0,6,1018,0.25,0.99,1.0,0.5,8,2,0,6,1018,0.25,0.99,1.0,0.5
PF10076,PF05947,0,0,0,0,0,1026,0,1.0,0,0,0,0,0,0,1026,0,1.0,0,0
PF00736,PF10587,18,12,12,6,0,1008,1.0,0.99,0.67,0.81,12,12,6,0,1008,1.0,0.99,0.67,0.81
PF12760,PF03831,0,0,0,0,0,1026,0,1.0,0,0,0,0,0,0,1026,0,1.0,0,0
PF03331,PF01959,1,2,0,1,2,1023,0.0,1.0,0.0,-0.0,2,0,1,2,1023,0.0,1.0,0.0,-0.0
PF13922,PF05066,4,4,3,1,1,1021,0.75,1.0,0.75,0.75,4,3,1,1,1021,0.75,1.0,0.75,0.75
PF05999,PF08780,0,0,0,0,0,1026,0,1.0,0,0,0,0,0,0,1026,0,1.0,0,0
PF13542,PF00669,0,1,0,0,1,1025,0.0,1.0,0,0,1,0,0,1,1025,0.0,1.0,0,0
PF13929,PF13722,1,1,0,1,1,1024,0.0,1.0,0.0,-0.0,1,0,1,1,1024,0.0,1.0,0.0,-0.0
PF04487,PF16036,1,3,0,1,3,1022,0.0,1.0,0.0,-0.0,3,0,1,3,1022,0.0,1.0,0.0,-0.0
PF09108,PF03090,0,0,0,0,0,1026,0,1.0,0,0,0,0,0,0,1026,0,1.0,0,0
PF01791,PF04176,6,6,0,6,6,1014,0.0,0.99,0.0,-0.01,6,0,6,6,1014,0.0,0.99,0.0,-0.01
PF16197,PF00698,16,24,16,0,8,1002,0.67,0.99,1.0,0.81,24,16,0,8,1002,0.67,0.99,1.0,0.81
PF01172,PF09377,8,4,3,5,1,1017,0.75,0.99,0.38,0.53,4,3,5,1,1017,0.75,0.99,0.38,0.53
PF05421,PF14289,1,1,1,0,0,1025,1.0,1.0,1.0,1.0,1,1,0,0,1025,1.0,1.0,1.0,1.0
PF06090,PF05757,7,2,0,7,2,1017,0.0,0.99,0.0,-0.0,2,0,7,2,1017,0.0,0.99,0.0,-0.0
PF07928,PF10474,5,3,1,4,2,1019,0.33,0.99,0.2,0.26,3,1,4,2,1019,0.33,0.99,0.2,0.26
PF14999,PF05425,0,0,0,0,0,1026,0,1.0,0,0,0,0,0,0,1026,0,1.0,0,0
PF01057,PF16071,1,0,0,1,0,1025,0,1.0,0.0,0,0,0,1,0,1025,0,1.0,0.0,0
PF13300,PF00930,4,9,2,2,7,1015,0.22,0.99,0.5,0.33,9,2,2,7,1015,0.22,0.99,0.5,0.33
PF16916,PF10241,10,4,2,8,2,1014,0.5,0.99,0.2,0.31,4,2,8,2,1014,0.5,0.99,0.2,0.31
PF11834,PF08412,7,4,2,5,2,1017,0.5,0.99,0.29,0.37,4,2,5,2,1017,0.5,0.99,0.29,0.37
PF06989,PF11460,0,0,0,0,0,1026,0,1.0,0,0,0,0,0,0,1026,0,1.0,0,0
PF13976,PF07727,31,75,27,4,48,947,0.36,0.95,0.87,0.54,75,27,4,48,947,0.36,0.95,0.87,0.54
PF14712,PF00159,5,0,0,5,0,1021,0,1.0,0.0,0,0,0,5,0,1021,0,1.0,0.0,0
PF08859,PF17017,0,0,0,0,0,1026,0,1.0,0,0,0,0,0,0,1026,0,1.0,0,0
PF08718,PF01791,8,6,1,7,5,1013,0.17,0.99,0.12,0.14,6,1,7,5,1013,0.17,0.99,0.12,0.14
PF05327,PF04006,7,5,1,6,4,1015,0.2,0.99,0.14,0.16,5,1,6,4,1015,0.2,0.99,0.14,0.16
PF15423,PF04500,0,15,0,0,15,1011,0.0,0.99,0,0,15,0,0,15,1011,0.0,0.99,0,0
PF03407,PF03016,9,24,3,6,21,996,0.12,0.97,0.33,0.19,24,3,6,21,996,0.12,0.97,0.33,0.19
PF15683,PF06729,1,2,0,1,2,1023,0.0,1.0,0.0,-0.0,2,0,1,2,1023,0.0,1.0,0.0,-0.0
PF16472,PF00058,4,20,4,0,16,1006,0.2,0.98,1.0,0.44,20,4,0,16,1006,0.2,0.98,1.0,0.44
PF10345,PF04679,6,13,5,1,8,1012,0.38,0.99,0.83,0.56,13,5,1,8,1012,0.38,0.99,0.83,0.56
PF16072,PF15669,0,0,0,0,0,1026,0,1.0,0,0,0,0,0,0,1026,0,1.0,0,0
PF04012,PF10868,0,1,0,0,1,1025,0.0,1.0,0,0,1,0,0,1,1025,0.0,1.0,0,0
PF05445,PF03044,0,0,0,0,0,1026,0,1.0,0,0,0,0,0,0,1026,0,1.0,0,0
PF05634,PF14365,2,2,1,1,1,1023,0.5,1.0,0.5,0.5,2,1,1,1,1023,0.5,1.0,0.5,0.5
PF12213,PF08418,3,4,1,2,3,1020,0.25,1.0,0.33,0.29,4,1,2,3,1020,0.25,1.0,0.33,0.29
PF10982,PF06995,0,0,0,0,0,1026,0,1.0,0,0,0,0,0,0,1026,0,1.0,0,0
PF04984,PF13722,0,1,0,0,1,1025,0.0,1.0,0,0,1,0,0,1,1025,0.0,1.0,0,0
PF00481,PF07830,51,2,2,49,0,975,1.0,0.95,0.04,0.19,2,2,49,0,975,1.0,0.95,0.04,0.19
PF03157,PF13402,0,4,0,0,4,1022,0.0,1.0,0,0,4,0,0,4,1022,0.0,1.0,0,0
PF03345,PF04756,8,4,2,6,2,1016,0.5,0.99,0.25,0.35,4,2,6,2,1016,0.5,0.99,0.25,0.35
PF08588,PF10332,2,0,0,2,0,1024,0,1.0,0.0,0,0,0,2,0,1024,0,1.0,0.0,0
PF17042,PF07005,4,4,4,0,0,1022,1.0,1.0,1.0,1.0,4,4,0,0,1022,1.0,1.0,1.0,1.0
PF05557,PF03285,6,1,0,6,1,1019,0.0,0.99,0.0,-0.0,1,0,6,1,1019,0.0,0.99,0.0,-0.0
PF03797,PF14449,1,0,0,1,0,1025,0,1.0,0.0,0,0,0,1,0,1025,0,1.0,0.0,0
PF15758,PF00796,0,1,0,0,1,1025,0.0,1.0,0,0,1,0,0,1,1025,0.0,1.0,0,0
PF10564,PF11476,1,0,0,1,0,1025,0,1.0,0.0,0,0,0,1,0,1025,0,1.0,0.0,0
PF09051,PF09049,0,0,0,0,0,1026,0,1.0,0,0,0,0,0,0,1026,0,1.0,0,0
PF06350,PF07859,7,46,7,0,39,980,0.15,0.96,1.0,0.38,46,7,0,39,980,0.15,0.96,1.0,0.38
PF13890,PF09733,1,5,0,1,5,1020,0.0,0.99,0.0,-0.0,5,0,1,5,1020,0.0,0.99,0.0,-0.0
PF03451,PF09453,5,8,1,4,7,1014,0.12,0.99,0.2,0.15,8,1,4,7,1014,0.12,0.99,0.2,0.15
PF17039,PF00852,11,20,11,0,9,1006,0.55,0.99,1.0,0.74,20,11,0,9,1006,0.55,0.99,1.0,0.74
PF09112,PF09113,0,0,0,0,0,1026,0,1.0,0,0,0,0,0,0,1026,0,1.0,0,0
PF03066,PF00707,4,4,0,4,4,1018,0.0,0.99,0.0,-0.0,4,0,4,4,1018,0.0,0.99,0.0,-0.0
PF06485,PF17078,1,2,0,1,2,1023,0.0,1.0,0.0,-0.0,2,0,1,2,1023,0.0,1.0,0.0,-0.0
PF17012,PF04290,0,2,0,0,2,1024,0.0,1.0,0,0,2,0,0,2,1024,0.0,1.0,0,0
PF12152,PF04050,0,3,0,0,3,1023,0.0,1.0,0,0,3,0,0,3,1023,0.0,1.0,0,0
PF11002,PF12188,0,2,0,0,2,1024,0.0,1.0,0,0,2,0,0,2,1024,0.0,1.0,0,0
PF03520,PF16799,5,2,2,3,0,1021,1.0,1.0,0.4,0.63,2,2,3,0,1021,1.0,1.0,0.4,0.63
PF04357,PF15912,0,0,0,0,0,1026,0,1.0,0,0,0,0,0,0,1026,0,1.0,0,0
PF00475,PF12311,9,0,0,9,0,1017,0,0.99,0.0,0,0,0,9,0,1017,0,0.99,0.0,0
PF08260,PF12276,0,0,0,0,0,1026,0,1.0,0,0,0,0,0,0,1026,0,1.0,0,0
PF16741,PF16099,3,2,1,2,1,1022,0.5,1.0,0.33,0.41,2,1,2,1,1022,0.5,1.0,0.33,0.41
PF13372,PF00288,0,25,0,0,25,1001,0.0,0.98,0,0,25,0,0,25,1001,0.0,0.98,0,0
PF03665,PF15872,3,0,0,3,0,1023,0,1.0,0.0,0,0,0,3,0,1023,0,1.0,0.0,0
PF05228,PF16697,1,1,0,1,1,1024,0.0,1.0,0.0,-0.0,1,0,1,1,1024,0.0,1.0,0.0,-0.0
PF01596,PF15011,9,0,0,9,0,1017,0,0.99,0.0,0,0,0,9,0,1017,0,0.99,0.0,0
PF09722,PF04451,0,0,0,0,0,1026,0,1.0,0,0,0,0,0,0,1026,0,1.0,0,0
PF02639,PF14467,0,0,0,0,0,1026,0,1.0,0,0,0,0,0,0,1026,0,1.0,0,0
PF16275,PF08067,6,1,0,6,1,1019,0.0,0.99,0.0,-0.0,1,0,6,1,1019,0.0,0.99,0.0,-0.0
PF15713,PF03203,0,0,0,0,0,1026,0,1.0,0,0,0,0,0,0,1026,0,1.0,0,0
PF12315,PF15936,6,2,0,6,2,1018,0.0,0.99,0.0,-0.0,2,0,6,2,1018,0.0,0.99,0.0,-0.0
PF12584,PF12742,9,1,0,9,1,1016,0.0,0.99,0.0,-0.0,1,0,9,1,1016,0.0,0.99,0.0,-0.0
PF15151,PF07055,5,1,0,5,1,1020,0.0,0.99,0.0,-0.0,1,0,5,1,1020,0.0,0.99,0.0,-0.0
PF02055,PF17189,10,7,6,4,1,1015,0.86,1.0,0.6,0.71,7,6,4,1,1015,0.86,1.0,0.6,0.71
PF14343,PF15771,0,0,0,0,0,1026,0,1.0,0,0,0,0,0,0,1026,0,1.0,0,0
PF10275,PF11303,0,0,0,0,0,1026,0,1.0,0,0,0,0,0,0,1026,0,1.0,0,0
PF10468,PF10079,2,0,0,2,0,1024,0,1.0,0.0,0,0,0,2,0,1024,0,1.0,0.0,0
PF02207,PF02617,9,6,3,6,3,1014,0.5,0.99,0.33,0.4,6,3,6,3,1014,0.5,0.99,0.33,0.4
PF08570,PF06890,1,0,0,1,0,1025,0,1.0,0.0,0,0,0,1,0,1025,0,1.0,0.0,0
PF12806,PF08028,2,2,2,0,0,1024,1.0,1.0,1.0,1.0,2,2,0,0,1024,1.0,1.0,1.0,1.0
PF14829,PF16076,2,12,1,1,11,1013,0.08,0.99,0.5,0.2,12,1,1,11,1013,0.08,0.99,0.5,0.2
PF08340,PF04222,1,0,0,1,0,1025,0,1.0,0.0,0,0,0,1,0,1025,0,1.0,0.0,0
PF13342,PF11304,1,0,0,1,0,1025,0,1.0,0.0,0,0,0,1,0,1025,0,1.0,0.0,0
PF00454,PF02259,42,26,21,21,5,979,0.81,0.97,0.5,0.62,26,21,21,5,979,0.81,0.97,0.5,0.62
PF01888,PF07538,1,0,0,1,0,1025,0,1.0,0.0,0,0,0,1,0,1025,0,1.0,0.0,0
PF01255,PF02089,14,5,2,12,3,1009,0.4,0.99,0.14,0.23,5,2,12,3,1009,0.4,0.99,0.14,0.23
PF05617,PF02519,1,6,1,0,5,1020,0.17,1.0,1.0,0.41,6,1,0,5,1020,0.17,1.0,1.0,0.41
PF16930,PF05679,0,8,0,0,8,1018,0.0,0.99,0,0,8,0,0,8,1018,0.0,0.99,0,0
PF07638,PF15870,0,6,0,0,6,1020,0.0,0.99,0,0,6,0,0,6,1020,0.0,0.99,0,0
PF08346,PF06745,0,0,0,0,0,1026,0,1.0,0,0,0,0,0,0,1026,0,1.0,0,0
PF16906,PF00159,6,0,0,6,0,1020,0,0.99,0.0,0,0,0,6,0,1020,0,0.99,0.0,0
PF01398,PF13012,30,13,12,18,1,995,0.92,0.98,0.4,0.6,13,12,18,1,995,0.92,0.98,0.4,0.6
PF00166,PF03330,8,9,2,6,7,1011,0.22,0.99,0.25,0.23,9,2,6,7,1011,0.22,0.99,0.25,0.23
PF04685,PF12215,5,7,5,0,2,1019,0.71,1.0,1.0,0.84,7,5,0,2,1019,0.71,1.0,1.0,0.84
PF05592,PF08531,10,6,6,4,0,1016,1.0,1.0,0.6,0.77,6,6,4,0,1016,1.0,1.0,0.6,0.77
PF16496,PF16498,2,2,1,1,1,1023,0.5,1.0,0.5,0.5,2,1,1,1,1023,0.5,1.0,0.5,0.5
PF03718,PF07080,0,3,0,0,3,1023,0.0,1.0,0,0,3,0,0,3,1023,0.0,1.0,0,0
PF15448,PF15447,1,1,1,0,0,1025,1.0,1.0,1.0,1.0,1,1,0,0,1025,1.0,1.0,1.0,1.0
PF00209,PF03491,25,1,1,24,0,1001,1.0,0.98,0.04,0.2,1,1,24,0,1001,1.0,0.98,0.04,0.2
PF16732,PF03613,0,1,0,0,1,1025,0.0,1.0,0,0,1,0,0,1,1025,0.0,1.0,0,0
PF11160,PF03428,0,0,0,0,0,1026,0,1.0,0,0,0,0,0,0,1026,0,1.0,0,0
PF12949,PF09402,6,6,5,1,1,1019,0.83,1.0,0.83,0.83,6,5,1,1,1019,0.83,1.0,0.83,0.83
PF02267,PF12301,1,0,0,1,0,1025,0,1.0,0.0,0,0,0,1,0,1025,0,1.0,0.0,0
PF15676,PF15134,0,1,0,0,1,1025,0.0,1.0,0,0,1,0,0,1,1025,0.0,1.0,0,0
PF08689,PF15749,5,4,0,5,4,1017,0.0,0.99,0.0,-0.0,4,0,5,4,1017,0.0,0.99,0.0,-0.0
PF10429,PF15212,0,0,0,0,0,1026,0,1.0,0,0,0,0,0,0,1026,0,1.0,0,0
PF01591,PF00300,9,37,9,0,28,989,0.24,0.97,1.0,0.49,37,9,0,28,989,0.24,0.97,1.0,0.49
PF00975,PF16197,10,16,8,2,8,1008,0.5,0.99,0.8,0.63,16,8,2,8,1008,0.5,0.99,0.8,0.63
PF14279,PF02576,0,2,0,0,2,1024,0.0,1.0,0,0,2,0,0,2,1024,0.0,1.0,0,0
PF03730,PF02735,10,13,10,0,3,1013,0.77,1.0,1.0,0.88,13,10,0,3,1013,0.77,1.0,1.0,0.88
PF15957,PF09085,1,1,0,1,1,1024,0.0,1.0,0.0,-0.0,1,0,1,1,1024,0.0,1.0,0.0,-0.0
PF02634,PF12931,0,8,0,0,8,1018,0.0,0.99,0,0,8,0,0,8,1018,0.0,0.99,0,0
PF15733,PF12068,1,7,0,1,7,1018,0.0,0.99,0.0,-0.0,7,0,1,7,1018,0.0,0.99,0.0,-0.0
PF03604,PF06373,4,6,0,4,6,1016,0.0,0.99,0.0,-0.0,6,0,4,6,1016,0.0,0.99,0.0,-0.0
PF09832,PF05611,0,0,0,0,0,1026,0,1.0,0,0,0,0,0,0,1026,0,1.0,0,0
PF11392,PF04895,0,0,0,0,0,1026,0,1.0,0,0,0,0,0,0,1026,0,1.0,0,0
PF01717,PF08267,6,3,3,3,0,1020,1.0,1.0,0.5,0.71,3,3,3,0,1020,1.0,1.0,0.5,0.71
PF10589,PF10531,4,12,3,1,9,1013,0.25,0.99,0.75,0.43,12,3,1,9,1013,0.25,0.99,0.75,0.43
PF16712,PF16711,1,1,1,0,0,1025,1.0,1.0,1.0,1.0,1,1,0,0,1025,1.0,1.0,1.0,1.0
PF02787,PF00115,10,6,1,9,5,1011,0.17,0.99,0.1,0.12,6,1,9,5,1011,0.17,0.99,0.1,0.12
PF08879,PF08880,3,6,3,0,3,1020,0.5,1.0,1.0,0.71,6,3,0,3,1020,0.5,1.0,1.0,0.71
PF04031,PF08161,6,3,1,5,2,1018,0.33,0.99,0.17,0.23,3,1,5,2,1018,0.33,0.99,0.17,0.23
PF12561,PF11681,0,0,0,0,0,1026,0,1.0,0,0,0,0,0,0,1026,0,1.0,0,0
PF08190,PF02163,18,5,2,16,3,1005,0.4,0.98,0.11,0.2,5,2,16,3,1005,0.4,0.98,0.11,0.2
PF12596,PF12017,2,14,1,1,13,1011,0.07,0.99,0.5,0.19,14,1,1,13,1011,0.07,0.99,0.5,0.19
PF08063,PF00645,4,14,3,1,11,1011,0.21,0.99,0.75,0.4,14,3,1,11,1011,0.21,0.99,0.75,0.4
PF13865,PF08081,3,0,0,3,0,1023,0,1.0,0.0,0,0,0,3,0,1023,0,1.0,0.0,0
PF01956,PF02996,7,24,4,3,20,999,0.17,0.98,0.57,0.3,24,4,3,20,999,0.17,0.98,0.57,0.3
PF06075,PF13537,4,12,0,4,12,1010,0.0,0.98,0.0,-0.01,12,0,4,12,1010,0.0,0.98,0.0,-0.01
PF14438,PF06741,6,7,4,2,3,1017,0.57,1.0,0.67,0.61,7,4,2,3,1017,0.57,1.0,0.67,0.61
PF08332,PF12605,4,4,1,3,3,1019,0.25,0.99,0.25,0.25,4,1,3,3,1019,0.25,0.99,0.25,0.25
PF07715,PF06937,2,0,0,2,0,1024,0,1.0,0.0,0,0,0,2,0,1024,0,1.0,0.0,0
PF00379,PF15323,20,1,1,19,0,1006,1.0,0.98,0.05,0.22,1,1,19,0,1006,1.0,0.98,0.05,0.22
PF06396,PF16594,2,0,0,2,0,1024,0,1.0,0.0,0,0,0,2,0,1024,0,1.0,0.0,0
PF02413,PF06798,1,0,0,1,0,1025,0,1.0,0.0,0,0,0,1,0,1025,0,1.0,0.0,0
PF04617,PF10525,1,1,0,1,1,1024,0.0,1.0,0.0,-0.0,1,0,1,1,1024,0.0,1.0,0.0,-0.0
PF16990,PF02156,2,2,2,0,0,1024,1.0,1.0,1.0,1.0,2,2,0,0,1024,1.0,1.0,1.0,1.0
PF09388,PF04052,1,1,0,1,1,1024,0.0,1.0,0.0,-0.0,1,0,1,1,1024,0.0,1.0,0.0,-0.0
PF07909,PF05295,0,0,0,0,0,1026,0,1.0,0,0,0,0,0,0,1026,0,1.0,0,0
PF17108,PF17005,0,0,0,0,0,1026,0,1.0,0,0,0,0,0,0,1026,0,1.0,0,0
PF02419,PF00284,1,1,1,0,0,1025,1.0,1.0,1.0,1.0,1,1,0,0,1025,1.0,1.0,1.0,1.0
PF01269,PF03103,13,5,1,12,4,1009,0.2,0.98,0.08,0.12,5,1,12,4,1009,0.2,0.98,0.08,0.12
PF16411,PF09498,0,0,0,0,0,1026,0,1.0,0,0,0,0,0,0,1026,0,1.0,0,0
PF11568,PF15085,0,0,0,0,0,1026,0,1.0,0,0,0,0,0,0,1026,0,1.0,0,0
PF06282,PF17100,0,12,0,0,12,1014,0.0,0.99,0,0,12,0,0,12,1014,0.0,0.99,0,0
PF10180,PF02116,7,3,0,7,3,1016,0.0,0.99,0.0,-0.0,3,0,7,3,1016,0.0,0.99,0.0,-0.0
PF05711,PF08848,1,0,0,1,0,1025,0,1.0,0.0,0,0,0,1,0,1025,0,1.0,0.0,0
PF12037,PF14363,2,8,0,2,8,1016,0.0,0.99,0.0,-0.0,8,0,2,8,1016,0.0,0.99,0.0,-0.0
PF15852,PF07359,0,1,0,0,1,1025,0.0,1.0,0,0,1,0,0,1,1025,0.0,1.0,0,0
PF13806,PF04324,8,5,4,4,1,1017,0.8,1.0,0.5,0.63,5,4,4,1,1017,0.8,1.0,0.5,0.63
PF00237,PF00902,17,4,2,15,2,1007,0.5,0.98,0.12,0.24,4,2,15,2,1007,0.5,0.98,0.12,0.24
PF15059,PF15622,2,0,0,2,0,1024,0,1.0,0.0,0,0,0,2,0,1024,0,1.0,0.0,0
PF03311,PF05051,5,5,0,5,5,1016,0.0,0.99,0.0,-0.0,5,0,5,5,1016,0.0,0.99,0.0,-0.0
PF15905,PF17045,0,0,0,0,0,1026,0,1.0,0,0,0,0,0,0,1026,0,1.0,0,0
PF02761,PF02762,3,2,2,1,0,1023,1.0,1.0,0.67,0.82,2,2,1,0,1023,1.0,1.0,0.67,0.82
PF02262,PF02762,2,2,2,0,0,1024,1.0,1.0,1.0,1.0,2,2,0,0,1024,1.0,1.0,1.0,1.0
PF06327,PF16214,5,7,5,0,2,1019,0.71,1.0,1.0,0.84,7,5,0,2,1019,0.71,1.0,1.0,0.84
PF02740,PF01114,2,2,2,0,0,1024,1.0,1.0,1.0,1.0,2,2,0,0,1024,1.0,1.0,1.0,1.0
PF06533,PF02753,0,5,0,0,5,1021,0.0,1.0,0,0,5,0,0,5,1021,0.0,1.0,0,0
PF04049,PF16546,9,8,2,7,6,1011,0.25,0.99,0.22,0.23,8,2,7,6,1011,0.25,0.99,0.22,0.23
PF12742,PF07919,1,3,1,0,2,1023,0.33,1.0,1.0,0.58,3,1,0,2,1023,0.33,1.0,1.0,0.58
PF12604,PF03406,0,0,0,0,0,1026,0,1.0,0,0,0,0,0,0,1026,0,1.0,0,0
PF04333,PF08249,0,0,0,0,0,1026,0,1.0,0,0,0,0,0,0,1026,0,1.0,0,0
PF02383,PF08952,19,2,2,17,0,1007,1.0,0.98,0.11,0.32,2,2,17,0,1007,1.0,0.98,0.11,0.32
PF07281,PF02285,2,0,0,2,0,1024,0,1.0,0.0,0,0,0,2,0,1024,0,1.0,0.0,0
PF06674,PF07377,4,4,4,0,0,1022,1.0,1.0,1.0,1.0,4,4,0,0,1022,1.0,1.0,1.0,1.0
PF14600,PF07382,1,3,1,0,2,1023,0.33,1.0,1.0,0.58,3,1,0,2,1023,0.33,1.0,1.0,0.58
PF11957,PF09034,2,2,1,1,1,1023,0.5,1.0,0.5,0.5,2,1,1,1,1023,0.5,1.0,0.5,0.5
PF02013,PF02156,2,2,1,1,1,1023,0.5,1.0,0.5,0.5,2,1,1,1,1023,0.5,1.0,0.5,0.5
PF11818,PF14684,1,1,1,0,0,1025,1.0,1.0,1.0,1.0,1,1,0,0,1025,1.0,1.0,1.0,1.0
PF15659,PF16804,0,0,0,0,0,1026,0,1.0,0,0,0,0,0,0,1026,0,1.0,0,0
PF01083,PF00457,11,3,2,9,1,1014,0.67,0.99,0.18,0.34,3,2,9,1,1014,0.67,0.99,0.18,0.34
PF16782,PF11291,0,0,0,0,0,1026,0,1.0,0,0,0,0,0,0,1026,0,1.0,0,0
PF02281,PF08558,0,6,0,0,6,1020,0.0,0.99,0,0,6,0,0,6,1020,0.0,0.99,0,0
PF10772,PF05251,0,3,0,0,3,1023,0.0,1.0,0,0,3,0,0,3,1023,0.0,1.0,0,0
PF03058,PF15823,0,0,0,0,0,1026,0,1.0,0,0,0,0,0,0,1026,0,1.0,0,0
PF03110,PF08313,0,7,0,0,7,1019,0.0,0.99,0,0,7,0,0,7,1019,0.0,0.99,0,0
PF13423,PF15870,16,6,1,15,5,1005,0.17,0.98,0.06,0.09,6,1,15,5,1005,0.17,0.98,0.06,0.09
PF10175,PF08152,1,5,0,1,5,1020,0.0,0.99,0.0,-0.0,5,0,1,5,1020,0.0,0.99,0.0,-0.0
PF11363,PF02277,0,1,0,0,1,1025,0.0,1.0,0,0,1,0,0,1,1025,0.0,1.0,0,0
PF05016,PF03831,1,0,0,1,0,1025,0,1.0,0.0,0,0,0,1,0,1025,0,1.0,0.0,0
PF04148,PF11264,3,2,0,3,2,1021,0.0,1.0,0.0,-0.0,2,0,3,2,1021,0.0,1.0,0.0,-0.0
PF01680,PF11779,8,2,0,8,2,1016,0.0,0.99,0.0,-0.0,2,0,8,2,1016,0.0,0.99,0.0,-0.0
PF01958,PF00742,6,7,2,4,5,1015,0.29,0.99,0.33,0.3,7,2,4,5,1015,0.29,0.99,0.33,0.3
PF12842,PF16415,9,10,9,0,1,1016,0.9,1.0,1.0,0.95,10,9,0,1,1016,0.9,1.0,1.0,0.95
PF02208,PF08687,2,1,0,2,1,1023,0.0,1.0,0.0,-0.0,1,0,2,1,1023,0.0,1.0,0.0,-0.0
PF09773,PF00076,7,177,6,1,171,848,0.03,0.83,0.86,0.15,177,6,1,171,848,0.03,0.83,0.86,0.15
PF01300,PF01184,9,15,5,4,10,1007,0.33,0.99,0.56,0.42,15,5,4,10,1007,0.33,0.99,0.56,0.42
PF15859,PF12313,0,2,0,0,2,1024,0.0,1.0,0,0,2,0,0,2,1024,0.0,1.0,0,0
PF15545,PF02741,0,1,0,0,1,1025,0.0,1.0,0,0,1,0,0,1,1025,0.0,1.0,0,0
PF11819,PF05902,5,3,1,4,2,1019,0.33,0.99,0.2,0.26,3,1,4,2,1019,0.33,0.99,0.2,0.26
PF06451,PF02025,1,1,0,1,1,1024,0.0,1.0,0.0,-0.0,1,0,1,1,1024,0.0,1.0,0.0,-0.0
PF14991,PF14659,1,2,0,1,2,1023,0.0,1.0,0.0,-0.0,2,0,1,2,1023,0.0,1.0,0.0,-0.0
PF06716,PF14539,0,0,0,0,0,1026,0,1.0,0,0,0,0,0,0,1026,0,1.0,0,0
PF14688,PF14687,2,1,1,1,0,1024,1.0,1.0,0.5,0.71,1,1,1,0,1024,1.0,1.0,0.5,0.71
PF12745,PF12063,2,5,1,1,4,1020,0.2,1.0,0.5,0.31,5,1,1,4,1020,0.2,1.0,0.5,0.31
PF14307,PF08762,0,1,0,0,1,1025,0.0,1.0,0,0,1,0,0,1,1025,0.0,1.0,0,0
PF05379,PF16463,0,0,0,0,0,1026,0,1.0,0,0,0,0,0,0,1026,0,1.0,0,0
PF02464,PF02371,4,3,1,3,2,1020,0.33,1.0,0.25,0.29,3,1,3,2,1020,0.33,1.0,0.25,0.29
PF01056,PF02344,2,3,2,0,1,1023,0.67,1.0,1.0,0.82,3,2,0,1,1023,0.67,1.0,1.0,0.82
PF14737,PF07929,5,3,1,4,2,1019,0.33,0.99,0.2,0.26,3,1,4,2,1019,0.33,0.99,0.2,0.26
PF13506,PF03088,4,8,0,4,8,1014,0.0,0.99,0.0,-0.01,8,0,4,8,1014,0.0,0.99,0.0,-0.01
PF16796,PF16540,6,9,2,4,7,1013,0.22,0.99,0.33,0.27,9,2,4,7,1013,0.22,0.99,0.33,0.27
PF02585,PF10183,9,2,0,9,2,1015,0.0,0.99,0.0,-0.0,2,0,9,2,1015,0.0,0.99,0.0,-0.0
PF01755,PF10155,9,6,2,7,4,1013,0.33,0.99,0.22,0.27,6,2,7,4,1013,0.33,0.99,0.22,0.27
PF01858,PF11934,2,3,2,0,1,1023,0.67,1.0,1.0,0.82,3,2,0,1,1023,0.67,1.0,1.0,0.82
PF02485,PF09362,11,7,3,8,4,1011,0.43,0.99,0.27,0.34,7,3,8,4,1011,0.43,0.99,0.27,0.34
PF08163,PF15785,3,7,0,3,7,1016,0.0,0.99,0.0,-0.0,7,0,3,7,1016,0.0,0.99,0.0,-0.0
PF13639,PF12678,74,11,6,68,5,947,0.55,0.93,0.08,0.19,11,6,68,5,947,0.55,0.93,0.08,0.19
PF06766,PF15370,2,3,0,2,3,1021,0.0,1.0,0.0,-0.0,3,0,2,3,1021,0.0,1.0,0.0,-0.0
PF10721,PF16178,0,8,0,0,8,1018,0.0,0.99,0,0,8,0,0,8,1018,0.0,0.99,0,0
PF16315,PF01475,0,2,0,0,2,1024,0.0,1.0,0,0,2,0,0,2,1024,0.0,1.0,0,0
PF02614,PF07523,1,0,0,1,0,1025,0,1.0,0.0,0,0,0,1,0,1025,0,1.0,0.0,0
PF00954,PF08276,15,13,11,4,2,1009,0.85,0.99,0.73,0.78,13,11,4,2,1009,0.85,0.99,0.73,0.78
PF10229,PF15008,8,0,0,8,0,1018,0,0.99,0.0,0,0,0,8,0,1018,0,0.99,0.0,0
PF16903,PF02572,0,1,0,0,1,1025,0.0,1.0,0,0,1,0,0,1,1025,0.0,1.0,0,0
PF00737,PF01947,2,0,0,2,0,1024,0,1.0,0.0,0,0,0,2,0,1024,0,1.0,0.0,0
PF00729,PF03729,0,0,0,0,0,1026,0,1.0,0,0,0,0,0,0,1026,0,1.0,0,0
PF07709,PF17085,1,1,0,1,1,1024,0.0,1.0,0.0,-0.0,1,0,1,1,1024,0.0,1.0,0.0,-0.0
PF15805,PF15803,0,0,0,0,0,1026,0,1.0,0,0,0,0,0,0,1026,0,1.0,0,0
PF15662,PF14690,0,0,0,0,0,1026,0,1.0,0,0,0,0,0,0,1026,0,1.0,0,0
PF07039,PF01980,6,2,0,6,2,1018,0.0,0.99,0.0,-0.0,2,0,6,2,1018,0.0,0.99,0.0,-0.0
PF12833,PF02311,14,5,5,9,0,1012,1.0,0.99,0.36,0.59,5,5,9,0,1012,1.0,0.99,0.36,0.59
PF08704,PF05871,5,10,1,4,9,1012,0.1,0.99,0.2,0.14,10,1,4,9,1012,0.1,0.99,0.2,0.14
PF10161,PF15884,3,0,0,3,0,1023,0,1.0,0.0,0,0,0,3,0,1023,0,1.0,0.0,0
PF15557,PF07001,0,2,0,0,2,1024,0.0,1.0,0,0,2,0,0,2,1024,0.0,1.0,0,0
PF04377,PF04376,7,6,6,1,0,1019,1.0,1.0,0.86,0.93,6,6,1,0,1019,1.0,1.0,0.86,0.93
PF09592,PF07418,0,0,0,0,0,1026,0,1.0,0,0,0,0,0,0,1026,0,1.0,0,0
PF04204,PF03049,0,0,0,0,0,1026,0,1.0,0,0,0,0,0,0,1026,0,1.0,0,0
PF08084,PF12134,6,8,6,0,2,1018,0.75,1.0,1.0,0.87,8,6,0,2,1018,0.75,1.0,1.0,0.87
PF13439,PF15924,7,5,1,6,4,1015,0.2,0.99,0.14,0.16,5,1,6,4,1015,0.2,0.99,0.14,0.16
PF09107,PF09106,1,1,1,0,0,1025,1.0,1.0,1.0,1.0,1,1,0,0,1025,1.0,1.0,1.0,1.0
PF12070,PF01147,2,0,0,2,0,1024,0,1.0,0.0,0,0,0,2,0,1024,0,1.0,0.0,0
PF01903,PF00489,2,1,0,2,1,1023,0.0,1.0,0.0,-0.0,1,0,2,1,1023,0.0,1.0,0.0,-0.0
PF16332,PF12062,0,1,0,0,1,1025,0.0,1.0,0,0,1,0,0,1,1025,0.0,1.0,0,0
PF06724,PF08795,0,0,0,0,0,1026,0,1.0,0,0,0,0,0,0,1026,0,1.0,0,0
PF08824,PF12026,0,0,0,0,0,1026,0,1.0,0,0,0,0,0,0,1026,0,1.0,0,0
PF13225,PF00468,4,3,0,4,3,1019,0.0,0.99,0.0,-0.0,3,0,4,3,1019,0.0,0.99,0.0,-0.0
PF13194,PF04370,0,0,0,0,0,1026,0,1.0,0,0,0,0,0,0,1026,0,1.0,0,0
PF03386,PF06825,0,1,0,0,1,1025,0.0,1.0,0,0,1,0,0,1,1025,0.0,1.0,0,0
PF16997,PF08497,0,0,0,0,0,1026,0,1.0,0,0,0,0,0,0,1026,0,1.0,0,0
PF08223,PF08093,0,1,0,0,1,1025,0.0,1.0,0,0,1,0,0,1,1025,0.0,1.0,0,0
PF08473,PF06668,3,4,0,3,4,1019,0.0,0.99,0.0,-0.0,4,0,3,4,1019,0.0,0.99,0.0,-0.0
PF13355,PF15027,0,0,0,0,0,1026,0,1.0,0,0,0,0,0,0,1026,0,1.0,0,0
PF01422,PF13902,10,4,1,9,3,1013,0.25,0.99,0.1,0.15,4,1,9,3,1013,0.25,0.99,0.1,0.15
PF07847,PF00197,6,0,0,6,0,1020,0,0.99,0.0,0,0,0,6,0,1020,0,0.99,0.0,0
PF11268,PF15482,0,0,0,0,0,1026,0,1.0,0,0,0,0,0,0,1026,0,1.0,0,0
PF12388,PF15207,0,1,0,0,1,1025,0.0,1.0,0,0,1,0,0,1,1025,0.0,1.0,0,0
PF01246,PF07052,6,5,1,5,4,1016,0.2,0.99,0.17,0.18,5,1,5,4,1016,0.2,0.99,0.17,0.18
PF10767,PF17025,0,0,0,0,0,1026,0,1.0,0,0,0,0,0,0,1026,0,1.0,0,0
PF08703,PF03490,5,1,0,5,1,1020,0.0,0.99,0.0,-0.0,1,0,5,1,1020,0.0,0.99,0.0,-0.0
PF10470,PF09005,0,5,0,0,5,1021,0.0,1.0,0,0,5,0,0,5,1021,0.0,1.0,0,0
PF05860,PF11245,0,0,0,0,0,1026,0,1.0,0,0,0,0,0,0,1026,0,1.0,0,0
PF08072,PF09382,3,14,3,0,11,1012,0.21,0.99,1.0,0.46,14,3,0,11,1012,0.21,0.99,1.0,0.46
PF12634,PF13362,2,0,0,2,0,1024,0,1.0,0.0,0,0,0,2,0,1024,0,1.0,0.0,0
PF08856,PF10951,0,0,0,0,0,1026,0,1.0,0,0,0,0,0,0,1026,0,1.0,0,0
PF12421,PF09327,0,0,0,0,0,1026,0,1.0,0,0,0,0,0,0,1026,0,1.0,0,0
PF14719,PF13908,5,1,0,5,1,1020,0.0,0.99,0.0,-0.0,1,0,5,1,1020,0.0,0.99,0.0,-0.0
PF03462,PF00472,15,22,15,0,7,1004,0.68,0.99,1.0,0.82,22,15,0,7,1004,0.68,0.99,1.0,0.82
PF09416,PF13625,2,4,1,1,3,1021,0.25,1.0,0.5,0.35,4,1,1,3,1021,0.25,1.0,0.5,0.35
PF08430,PF09354,1,1,1,0,0,1025,1.0,1.0,1.0,1.0,1,1,0,0,1025,1.0,1.0,1.0,1.0
PF10638,PF17084,0,0,0,0,0,1026,0,1.0,0,0,0,0,0,0,1026,0,1.0,0,0
PF13366,PF15547,0,0,0,0,0,1026,0,1.0,0,0,0,0,0,0,1026,0,1.0,0,0
PF13096,PF06211,1,3,0,1,3,1022,0.0,1.0,0.0,-0.0,3,0,1,3,1022,0.0,1.0,0.0,-0.0
PF05210,PF08776,2,5,0,2,5,1019,0.0,0.99,0.0,-0.0,5,0,2,5,1019,0.0,0.99,0.0,-0.0
PF13677,PF13205,0,0,0,0,0,1026,0,1.0,0,0,0,0,0,0,1026,0,1.0,0,0
PF01965,PF06628,14,9,5,9,4,1008,0.56,0.99,0.36,0.44,9,5,9,4,1008,0.56,0.99,0.36,0.44
PF00676,PF02779,34,38,20,14,18,974,0.53,0.97,0.59,0.54,38,20,14,18,974,0.53,0.97,0.59,0.54
PF09929,PF13211,0,0,0,0,0,1026,0,1.0,0,0,0,0,0,0,1026,0,1.0,0,0
PF09190,PF01406,4,12,4,0,8,1014,0.33,0.99,1.0,0.58,12,4,0,8,1014,0.33,0.99,1.0,0.58
PF04366,PF11464,5,10,1,4,9,1012,0.1,0.99,0.2,0.14,10,1,4,9,1012,0.1,0.99,0.2,0.14
PF04795,PF04925,4,6,1,3,5,1017,0.17,0.99,0.25,0.2,6,1,3,5,1017,0.17,0.99,0.25,0.2
PF02525,PF06232,2,0,0,2,0,1024,0,1.0,0.0,0,0,0,2,0,1024,0,1.0,0.0,0
PF08234,PF16516,1,3,0,1,3,1022,0.0,1.0,0.0,-0.0,3,0,1,3,1022,0.0,1.0,0.0,-0.0
PF10815,PF06751,0,1,0,0,1,1025,0.0,1.0,0,0,1,0,0,1,1025,0.0,1.0,0,0
PF08184,PF10692,0,0,0,0,0,1026,0,1.0,0,0,0,0,0,0,1026,0,1.0,0,0
PF06476,PF10118,2,2,0,2,2,1022,0.0,1.0,0.0,-0.0,2,0,2,2,1022,0.0,1.0,0.0,-0.0
PF08028,PF12806,2,2,2,0,0,1024,1.0,1.0,1.0,1.0,2,2,0,0,1024,1.0,1.0,1.0,1.0
PF10539,PF14738,5,3,0,5,3,1018,0.0,0.99,0.0,-0.0,3,0,5,3,1018,0.0,0.99,0.0,-0.0
PF06314,PF07976,4,8,3,1,5,1017,0.38,0.99,0.75,0.53,8,3,1,5,1017,0.38,0.99,0.75,0.53
PF09359,PF03600,12,6,2,10,4,1010,0.33,0.99,0.17,0.23,6,2,10,4,1010,0.33,0.99,0.17,0.23
PF15815,PF08941,0,5,0,0,5,1021,0.0,1.0,0,0,5,0,0,5,1021,0.0,1.0,0,0
PF07321,PF02863,0,3,0,0,3,1023,0.0,1.0,0,0,3,0,0,3,1023,0.0,1.0,0,0
PF07556,PF01136,0,1,0,0,1,1025,0.0,1.0,0,0,1,0,0,1,1025,0.0,1.0,0,0
PF02323,PF03203,1,0,0,1,0,1025,0,1.0,0.0,0,0,0,1,0,1025,0,1.0,0.0,0
PF06162,PF01051,0,1,0,0,1,1025,0.0,1.0,0,0,1,0,0,1,1025,0.0,1.0,0,0
PF00995,PF06783,22,4,4,18,0,1004,1.0,0.98,0.18,0.42,4,4,18,0,1004,1.0,0.98,0.18,0.42
PF06912,PF12716,3,0,0,3,0,1023,0,1.0,0.0,0,0,0,3,0,1023,0,1.0,0.0,0
PF16672,PF14645,7,3,1,6,2,1017,0.33,0.99,0.14,0.21,3,1,6,2,1017,0.33,0.99,0.14,0.21
PF05916,PF00484,10,12,5,5,7,1009,0.42,0.99,0.5,0.45,12,5,5,7,1009,0.42,0.99,0.5,0.45
PF16413,PF08676,8,15,4,4,11,1007,0.27,0.99,0.5,0.36,15,4,4,11,1007,0.27,0.99,0.5,0.36
PF01432,PF05652,15,10,6,9,4,1007,0.6,0.99,0.4,0.48,10,6,9,4,1007,0.6,0.99,0.4,0.48
PF04183,PF06276,1,1,1,0,0,1025,1.0,1.0,1.0,1.0,1,1,0,0,1025,1.0,1.0,1.0,1.0
PF06711,PF05336,1,2,1,0,1,1024,0.5,1.0,1.0,0.71,2,1,0,1,1024,0.5,1.0,1.0,0.71
PF08386,PF04083,11,20,5,6,15,1000,0.25,0.98,0.45,0.33,20,5,6,15,1000,0.25,0.98,0.45,0.33
PF00680,PF00910,4,7,4,0,3,1019,0.57,1.0,1.0,0.75,7,4,0,3,1019,0.57,1.0,1.0,0.75
PF15510,PF04965,2,0,0,2,0,1024,0,1.0,0.0,0,0,0,2,0,1024,0,1.0,0.0,0
PF02270,PF17223,6,0,0,6,0,1020,0,0.99,0.0,0,0,0,6,0,1020,0,0.99,0.0,0
PF16801,PF03546,0,0,0,0,0,1026,0,1.0,0,0,0,0,0,0,1026,0,1.0,0,0
PF07054,PF11265,1,3,0,1,3,1022,0.0,1.0,0.0,-0.0,3,0,1,3,1022,0.0,1.0,0.0,-0.0
PF05078,PF05910,2,5,0,2,5,1019,0.0,0.99,0.0,-0.0,5,0,2,5,1019,0.0,0.99,0.0,-0.0
PF03129,PF02403,41,13,5,36,8,977,0.38,0.96,0.12,0.2,13,5,36,8,977,0.38,0.96,0.12,0.2
PF16697,PF12479,1,0,0,1,0,1025,0,1.0,0.0,0,0,0,1,0,1025,0,1.0,0.0,0
PF08785,PF03731,4,12,4,0,8,1014,0.33,0.99,1.0,0.58,12,4,0,8,1014,0.33,0.99,1.0,0.58
PF02645,PF09904,2,0,0,2,0,1024,0,1.0,0.0,0,0,0,2,0,1024,0,1.0,0.0,0
PF06456,PF09007,7,0,0,7,0,1019,0,0.99,0.0,0,0,0,7,0,1019,0,0.99,0.0,0
PF08000,PF02074,0,2,0,0,2,1024,0.0,1.0,0,0,2,0,0,2,1024,0.0,1.0,0,0
PF08645,PF00645,9,14,0,9,14,1003,0.0,0.98,0.0,-0.01,14,0,9,14,1003,0.0,0.98,0.0,-0.01
PF01739,PF00770,3,1,0,3,1,1022,0.0,1.0,0.0,-0.0,1,0,3,1,1022,0.0,1.0,0.0,-0.0
PF07722,PF06083,3,1,0,3,1,1022,0.0,1.0,0.0,-0.0,1,0,3,1,1022,0.0,1.0,0.0,-0.0
PF11202,PF04671,0,1,0,0,1,1025,0.0,1.0,0,0,1,0,0,1,1025,0.0,1.0,0,0
PF05612,PF04901,1,3,0,1,3,1022,0.0,1.0,0.0,-0.0,3,0,1,3,1022,0.0,1.0,0.0,-0.0
PF11146,PF16824,0,0,0,0,0,1026,0,1.0,0,0,0,0,0,0,1026,0,1.0,0,0
PF15174,PF09677,0,0,0,0,0,1026,0,1.0,0,0,0,0,0,0,1026,0,1.0,0,0
PF10796,PF10146,0,1,0,0,1,1025,0.0,1.0,0,0,1,0,0,1,1025,0.0,1.0,0,0
PF16087,PF11427,12,6,3,9,3,1011,0.5,0.99,0.25,0.35,6,3,9,3,1011,0.5,0.99,0.25,0.35
PF07738,PF09387,19,0,0,19,0,1007,0,0.98,0.0,0,0,0,19,0,1007,0,0.98,0.0,0
PF00208,PF02812,11,6,6,5,0,1015,1.0,1.0,0.55,0.74,6,6,5,0,1015,1.0,1.0,0.55,0.74
PF10119,PF17192,0,2,0,0,2,1024,0.0,1.0,0,0,2,0,0,2,1024,0.0,1.0,0,0
PF12278,PF11671,0,0,0,0,0,1026,0,1.0,0,0,0,0,0,0,1026,0,1.0,0,0
PF06219,PF03214,2,4,0,2,4,1020,0.0,0.99,0.0,-0.0,4,0,2,4,1020,0.0,0.99,0.0,-0.0
PF02791,PF15612,15,13,10,5,3,1008,0.77,0.99,0.67,0.71,13,10,5,3,1008,0.77,0.99,0.67,0.71
PF16417,PF16418,7,6,6,1,0,1019,1.0,1.0,0.86,0.93,6,6,1,0,1019,1.0,1.0,0.86,0.93
PF07475,PF09432,2,2,0,2,2,1022,0.0,1.0,0.0,-0.0,2,0,2,2,1022,0.0,1.0,0.0,-0.0
PF00485,PF01928,12,3,3,9,0,1014,1.0,0.99,0.25,0.5,3,3,9,0,1014,1.0,0.99,0.25,0.5
PF06745,PF13753,0,0,0,0,0,1026,0,1.0,0,0,0,0,0,0,1026,0,1.0,0,0
PF07856,PF12824,6,4,1,5,3,1017,0.25,0.99,0.17,0.2,4,1,5,3,1017,0.25,0.99,0.17,0.2
PF15704,PF06232,1,0,0,1,0,1025,0,1.0,0.0,0,0,0,1,0,1025,0,1.0,0.0,0
PF06399,PF04279,1,0,0,1,0,1025,0,1.0,0.0,0,0,0,1,0,1025,0,1.0,0.0,0
PF01195,PF04690,3,1,0,3,1,1022,0.0,1.0,0.0,-0.0,1,0,3,1,1022,0.0,1.0,0.0,-0.0
PF13729,PF09394,0,0,0,0,0,1026,0,1.0,0,0,0,0,0,0,1026,0,1.0,0,0
PF11917,PF09729,5,8,1,4,7,1014,0.12,0.99,0.2,0.15,8,1,4,7,1014,0.12,0.99,0.2,0.15
PF00547,PF00699,5,5,4,1,1,1020,0.8,1.0,0.8,0.8,5,4,1,1,1020,0.8,1.0,0.8,0.8
PF12768,PF12026,0,0,0,0,0,1026,0,1.0,0,0,0,0,0,0,1026,0,1.0,0,0
PF02724,PF16901,5,9,1,4,8,1013,0.11,0.99,0.2,0.14,9,1,4,8,1013,0.11,0.99,0.2,0.14
PF10941,PF11351,0,0,0,0,0,1026,0,1.0,0,0,0,0,0,0,1026,0,1.0,0,0
PF07376,PF02659,0,0,0,0,0,1026,0,1.0,0,0,0,0,0,0,1026,0,1.0,0,0
PF07140,PF09294,0,1,0,0,1,1025,0.0,1.0,0,0,1,0,0,1,1025,0.0,1.0,0,0
PF04859,PF04833,2,3,0,2,3,1021,0.0,1.0,0.0,-0.0,3,0,2,3,1021,0.0,1.0,0.0,-0.0
PF04484,PF12023,7,1,0,7,1,1018,0.0,0.99,0.0,-0.0,1,0,7,1,1018,0.0,0.99,0.0,-0.0
PF15880,PF00737,3,2,0,3,2,1021,0.0,1.0,0.0,-0.0,2,0,3,2,1021,0.0,1.0,0.0,-0.0
PF01782,PF04871,4,7,1,3,6,1016,0.14,0.99,0.25,0.18,7,1,3,6,1016,0.14,0.99,0.25,0.18
PF16211,PF00125,16,31,13,3,18,992,0.42,0.98,0.81,0.58,31,13,3,18,992,0.42,0.98,0.81,0.58
PF15295,PF12830,0,5,0,0,5,1021,0.0,1.0,0,0,5,0,0,5,1021,0.0,1.0,0,0
PF04255,PF05736,0,0,0,0,0,1026,0,1.0,0,0,0,0,0,0,1026,0,1.0,0,0
PF16968,PF03739,1,4,0,1,4,1021,0.0,1.0,0.0,-0.0,4,0,1,4,1021,0.0,1.0,0.0,-0.0
PF05277,PF06463,10,5,0,10,5,1011,0.0,0.99,0.0,-0.01,5,0,10,5,1011,0.0,0.99,0.0,-0.01
PF01582,PF07725,24,10,10,14,0,1002,1.0,0.99,0.42,0.64,10,10,14,0,1002,1.0,0.99,0.42,0.64
PF15860,PF08561,2,5,0,2,5,1019,0.0,0.99,0.0,-0.0,5,0,2,5,1019,0.0,0.99,0.0,-0.0
PF01014,PF00731,0,6,0,0,6,1020,0.0,0.99,0,0,6,0,0,6,1020,0.0,0.99,0,0
PF14726,PF15914,2,0,0,2,0,1024,0,1.0,0.0,0,0,0,2,0,1024,0,1.0,0.0,0
PF16278,PF04592,4,2,0,4,2,1020,0.0,0.99,0.0,-0.0,2,0,4,2,1020,0.0,0.99,0.0,-0.0
PF08781,PF16421,10,4,1,9,3,1013,0.25,0.99,0.1,0.15,4,1,9,3,1013,0.25,0.99,0.1,0.15
PF06449,PF08140,0,0,0,0,0,1026,0,1.0,0,0,0,0,0,0,1026,0,1.0,0,0
PF07045,PF06890,0,0,0,0,0,1026,0,1.0,0,0,0,0,0,0,1026,0,1.0,0,0
PF10642,PF14877,0,3,0,0,3,1023,0.0,1.0,0,0,3,0,0,3,1023,0.0,1.0,0,0
PF17187,PF08622,2,2,2,0,0,1024,1.0,1.0,1.0,1.0,2,2,0,0,1024,1.0,1.0,1.0,1.0
PF02404,PF06387,1,2,0,1,2,1023,0.0,1.0,0.0,-0.0,2,0,1,2,1023,0.0,1.0,0.0,-0.0
PF10197,PF16944,12,3,1,11,2,1012,0.33,0.99,0.08,0.16,3,1,11,2,1012,0.33,0.99,0.08,0.16
PF05736,PF16325,0,1,0,0,1,1025,0.0,1.0,0,0,1,0,0,1,1025,0.0,1.0,0,0
PF15806,PF16027,1,0,0,1,0,1025,0,1.0,0.0,0,0,0,1,0,1025,0,1.0,0.0,0
PF06407,PF06890,0,0,0,0,0,1026,0,1.0,0,0,0,0,0,0,1026,0,1.0,0,0
PF11883,PF12398,4,3,3,1,0,1022,1.0,1.0,0.75,0.87,3,3,1,0,1022,1.0,1.0,0.75,0.87
PF15839,PF07259,1,1,0,1,1,1024,0.0,1.0,0.0,-0.0,1,0,1,1,1024,0.0,1.0,0.0,-0.0
PF17088,PF15036,0,2,0,0,2,1024,0.0,1.0,0,0,2,0,0,2,1024,0.0,1.0,0,0
PF15509,PF05177,0,2,0,0,2,1024,0.0,1.0,0,0,2,0,0,2,1024,0.0,1.0,0,0
PF06381,PF03592,1,1,1,0,0,1025,1.0,1.0,1.0,1.0,1,1,0,0,1025,1.0,1.0,1.0,1.0
PF01857,PF11934,2,3,2,0,1,1023,0.67,1.0,1.0,0.82,3,2,0,1,1023,0.67,1.0,1.0,0.82
PF12075,PF12297,4,1,0,4,1,1021,0.0,1.0,0.0,-0.0,1,0,4,1,1021,0.0,1.0,0.0,-0.0
PF13809,PF10076,0,0,0,0,0,1026,0,1.0,0,0,0,0,0,0,1026,0,1.0,0,0
PF05438,PF15744,1,0,0,1,0,1025,0,1.0,0.0,0,0,0,1,0,1025,0,1.0,0.0,0
PF08398,PF15085,0,0,0,0,0,1026,0,1.0,0,0,0,0,0,0,1026,0,1.0,0,0
PF06450,PF03831,1,0,0,1,0,1025,0,1.0,0.0,0,0,0,1,0,1025,0,1.0,0.0,0
PF12046,PF05419,0,0,0,0,0,1026,0,1.0,0,0,0,0,0,0,1026,0,1.0,0,0
PF05097,PF06136,3,5,0,3,5,1018,0.0,0.99,0.0,-0.0,5,0,3,5,1018,0.0,0.99,0.0,-0.0
PF08682,PF01721,0,1,0,0,1,1025,0.0,1.0,0,0,1,0,0,1,1025,0.0,1.0,0,0
PF09827,PF01258,0,4,0,0,4,1022,0.0,1.0,0,0,4,0,0,4,1022,0.0,1.0,0,0
PF10234,PF09755,2,4,0,2,4,1020,0.0,0.99,0.0,-0.0,4,0,2,4,1020,0.0,0.99,0.0,-0.0
PF03291,PF05719,6,4,0,6,4,1016,0.0,0.99,0.0,-0.0,4,0,6,4,1016,0.0,0.99,0.0,-0.0
PF05164,PF02108,0,0,0,0,0,1026,0,1.0,0,0,0,0,0,0,1026,0,1.0,0,0
PF01673,PF04355,0,2,0,0,2,1024,0.0,1.0,0,0,2,0,0,2,1024,0.0,1.0,0,0
PF06387,PF09784,2,0,0,2,0,1024,0,1.0,0.0,0,0,0,2,0,1024,0,1.0,0.0,0
PF04926,PF04928,8,8,6,2,2,1016,0.75,1.0,0.75,0.75,8,6,2,2,1016,0.75,1.0,0.75,0.75
PF16670,PF03601,0,0,0,0,0,1026,0,1.0,0,0,0,0,0,0,1026,0,1.0,0,0
PF05045,PF04196,0,2,0,0,2,1024,0.0,1.0,0,0,2,0,0,2,1024,0.0,1.0,0,0
PF06421,PF00679,9,28,9,0,19,998,0.32,0.98,1.0,0.56,28,9,0,19,998,0.32,0.98,1.0,0.56
PF14945,PF00770,0,1,0,0,1,1025,0.0,1.0,0,0,1,0,0,1,1025,0.0,1.0,0,0
PF00036,PF13833,21,36,15,6,21,984,0.42,0.97,0.71,0.53,36,15,6,21,984,0.42,0.97,0.71,0.53
PF12078,PF07735,2,6,1,1,5,1019,0.17,0.99,0.5,0.29,6,1,1,5,1019,0.17,0.99,0.5,0.29
PF00088,PF16863,8,12,5,3,7,1011,0.42,0.99,0.62,0.51,12,5,3,7,1011,0.42,0.99,0.62,0.51
PF02159,PF11825,5,2,2,3,0,1021,1.0,1.0,0.4,0.63,2,2,3,0,1021,1.0,1.0,0.4,0.63
PF08311,PF12202,6,7,2,4,5,1015,0.29,0.99,0.33,0.3,7,2,4,5,1015,0.29,0.99,0.33,0.3
PF11561,PF15727,1,0,0,1,0,1025,0,1.0,0.0,0,0,0,1,0,1025,0,1.0,0.0,0
PF10853,PF10244,2,1,0,2,1,1023,0.0,1.0,0.0,-0.0,1,0,2,1,1023,0.0,1.0,0.0,-0.0
PF12362,PF15182,0,1,0,0,1,1025,0.0,1.0,0,0,1,0,0,1,1025,0.0,1.0,0,0
PF02479,PF07892,0,1,0,0,1,1025,0.0,1.0,0,0,1,0,0,1,1025,0.0,1.0,0,0
PF10104,PF04090,4,1,1,3,0,1022,1.0,1.0,0.25,0.5,1,1,3,0,1022,1.0,1.0,0.25,0.5
PF01808,PF02729,11,14,4,7,10,1005,0.29,0.98,0.36,0.31,14,4,7,10,1005,0.29,0.98,0.36,0.31
PF12126,PF15451,2,0,0,2,0,1024,0,1.0,0.0,0,0,0,2,0,1024,0,1.0,0.0,0
PF04983,PF00623,18,18,18,0,0,1008,1.0,1.0,1.0,1.0,18,18,0,0,1008,1.0,1.0,1.0,1.0
PF05781,PF14662,1,1,1,0,0,1025,1.0,1.0,1.0,1.0,1,1,0,0,1025,1.0,1.0,1.0,1.0
PF14231,PF00345,1,5,1,0,4,1021,0.2,1.0,1.0,0.45,5,1,0,4,1021,0.2,1.0,1.0,0.45
PF13679,PF04577,11,11,2,9,9,1006,0.18,0.98,0.18,0.17,11,2,9,9,1006,0.18,0.98,0.18,0.17
PF00469,PF11697,0,0,0,0,0,1026,0,1.0,0,0,0,0,0,0,1026,0,1.0,0,0
PF00596,PF13419,21,29,7,14,22,983,0.24,0.96,0.33,0.27,29,7,14,22,983,0.24,0.96,0.33,0.27
PF16035,PF01269,1,13,0,1,13,1012,0.0,0.99,0.0,-0.0,13,0,1,13,1012,0.0,0.99,0.0,-0.0
PF02534,PF03524,7,8,7,0,1,1018,0.88,1.0,1.0,0.93,8,7,0,1,1018,0.88,1.0,1.0,0.93
PF01455,PF01706,0,0,0,0,0,1026,0,1.0,0,0,0,0,0,0,1026,0,1.0,0,0
PF03581,PF09676,1,0,0,1,0,1025,0,1.0,0.0,0,0,0,1,0,1025,0,1.0,0.0,0
PF05940,PF03992,0,10,0,0,10,1016,0.0,0.99,0,0,10,0,0,10,1016,0.0,0.99,0,0
PF01619,PF14748,14,4,3,11,1,1011,0.75,0.99,0.21,0.4,4,3,11,1,1011,0.75,0.99,0.21,0.4
PF10043,PF13677,0,0,0,0,0,1026,0,1.0,0,0,0,0,0,0,1026,0,1.0,0,0
PF13780,PF04740,0,0,0,0,0,1026,0,1.0,0,0,0,0,0,0,1026,0,1.0,0,0
PF16756,PF15774,0,0,0,0,0,1026,0,1.0,0,0,0,0,0,0,1026,0,1.0,0,0
PF13855,PF00560,115,30,30,85,0,911,1.0,0.92,0.26,0.49,30,30,85,0,911,1.0,0.92,0.26,0.49
PF00069,PF07714,256,129,94,162,35,735,0.73,0.81,0.37,0.42,129,94,162,35,735,0.73,0.81,0.37,0.42
PF16213,PF16206,15,6,5,10,1,1010,0.83,0.99,0.33,0.52,6,5,10,1,1010,0.83,0.99,0.33,0.52
PF02875,PF01225,9,4,4,5,0,1017,1.0,1.0,0.44,0.67,4,4,5,0,1017,1.0,1.0,0.44,0.67
PF04720,PF06749,6,2,0,6,2,1018,0.0,0.99,0.0,-0.0,2,0,6,2,1018,0.0,0.99,0.0,-0.0
PF15576,PF15829,0,0,0,0,0,1026,0,1.0,0,0,0,0,0,0,1026,0,1.0,0,0
PF03860,PF07177,0,9,0,0,9,1017,0.0,0.99,0,0,9,0,0,9,1017,0.0,0.99,0,0
PF10056,PF15082,0,0,0,0,0,1026,0,1.0,0,0,0,0,0,0,1026,0,1.0,0,0
PF16335,PF17168,1,1,1,0,0,1025,1.0,1.0,1.0,1.0,1,1,0,0,1025,1.0,1.0,1.0,1.0
PF10014,PF02950,0,1,0,0,1,1025,0.0,1.0,0,0,1,0,0,1,1025,0.0,1.0,0,0
PF01612,PF00570,39,21,17,22,4,983,0.81,0.97,0.44,0.58,21,17,22,4,983,0.81,0.97,0.44,0.58
PF06852,PF11581,0,0,0,0,0,1026,0,1.0,0,0,0,0,0,0,1026,0,1.0,0,0
PF04586,PF07016,0,0,0,0,0,1026,0,1.0,0,0,0,0,0,0,1026,0,1.0,0,0
PF13599,PF00805,3,11,1,2,10,1013,0.09,0.99,0.33,0.17,11,1,2,10,1013,0.09,0.99,0.33,0.17
PF02166,PF02155,3,4,2,1,2,1021,0.5,1.0,0.67,0.58,4,2,1,2,1021,0.5,1.0,0.67,0.58
PF14962,PF14721,1,3,1,0,2,1023,0.33,1.0,1.0,0.58,3,1,0,2,1023,0.33,1.0,1.0,0.58
PF10272,PF10148,0,3,0,0,3,1023,0.0,1.0,0,0,3,0,0,3,1023,0.0,1.0,0,0
PF04179,PF17184,1,2,1,0,1,1024,0.5,1.0,1.0,0.71,2,1,0,1,1024,0.5,1.0,1.0,0.71
PF06313,PF04856,0,1,0,0,1,1025,0.0,1.0,0,0,1,0,0,1,1025,0.0,1.0,0,0
PF10167,PF10037,4,2,0,4,2,1020,0.0,0.99,0.0,-0.0,2,0,4,2,1020,0.0,0.99,0.0,-0.0
PF02213,PF14738,6,3,0,6,3,1017,0.0,0.99,0.0,-0.0,3,0,6,3,1017,0.0,0.99,0.0,-0.0
PF06543,PF00062,0,7,0,0,7,1019,0.0,0.99,0,0,7,0,0,7,1019,0.0,0.99,0,0
PF04093,PF13502,2,1,1,1,0,1024,1.0,1.0,0.5,0.71,1,1,1,0,1024,1.0,1.0,0.5,0.71
PF10435,PF13363,7,7,7,0,0,1019,1.0,1.0,1.0,1.0,7,7,0,0,1019,1.0,1.0,1.0,1.0
PF08548,PF13946,0,0,0,0,0,1026,0,1.0,0,0,0,0,0,0,1026,0,1.0,0,0
PF13468,PF07961,3,1,0,3,1,1022,0.0,1.0,0.0,-0.0,1,0,3,1,1022,0.0,1.0,0.0,-0.0
PF05201,PF00745,4,4,4,0,0,1022,1.0,1.0,1.0,1.0,4,4,0,0,1022,1.0,1.0,1.0,1.0
PF09483,PF17152,0,1,0,0,1,1025,0.0,1.0,0,0,1,0,0,1,1025,0.0,1.0,0,0
PF02660,PF12398,1,3,0,1,3,1022,0.0,1.0,0.0,-0.0,3,0,1,3,1022,0.0,1.0,0.0,-0.0
PF07313,PF16731,0,0,0,0,0,1026,0,1.0,0,0,0,0,0,0,1026,0,1.0,0,0
PF07468,PF01117,3,1,1,2,0,1023,1.0,1.0,0.33,0.58,1,1,2,0,1023,1.0,1.0,0.33,0.58
PF07231,PF07014,1,1,1,0,0,1025,1.0,1.0,1.0,1.0,1,1,0,0,1025,1.0,1.0,1.0,1.0
PF09553,PF02863,1,3,0,1,3,1022,0.0,1.0,0.0,-0.0,3,0,1,3,1022,0.0,1.0,0.0,-0.0
PF04388,PF15905,2,0,0,2,0,1024,0,1.0,0.0,0,0,0,2,0,1024,0,1.0,0.0,0
PF16684,PF16457,0,10,0,0,10,1016,0.0,0.99,0,0,10,0,0,10,1016,0.0,0.99,0,0
PF00313,PF14437,16,4,3,13,1,1009,0.75,0.99,0.19,0.37,4,3,13,1,1009,0.75,0.99,0.19,0.37
PF12271,PF04418,7,3,0,7,3,1016,0.0,0.99,0.0,-0.0,3,0,7,3,1016,0.0,0.99,0.0,-0.0
PF02873,PF02913,2,17,1,1,16,1008,0.06,0.98,0.5,0.17,17,1,1,16,1008,0.06,0.98,0.5,0.17
PF05449,PF10995,0,0,0,0,0,1026,0,1.0,0,0,0,0,0,0,1026,0,1.0,0,0
PF01959,PF11017,2,1,1,1,0,1024,1.0,1.0,0.5,0.71,1,1,1,0,1024,1.0,1.0,0.5,0.71
PF03161,PF00831,4,7,1,3,6,1016,0.14,0.99,0.25,0.18,7,1,3,6,1016,0.14,0.99,0.25,0.18
PF05175,PF00155,21,58,8,13,50,955,0.14,0.94,0.38,0.2,58,8,13,50,955,0.14,0.94,0.38,0.2
PF16020,PF14721,2,3,1,1,2,1022,0.33,1.0,0.5,0.41,3,1,1,2,1022,0.33,1.0,0.5,0.41
PF10155,PF14441,6,1,0,6,1,1019,0.0,0.99,0.0,-0.0,1,0,6,1,1019,0.0,0.99,0.0,-0.0
PF01617,PF01228,7,1,1,6,0,1019,1.0,0.99,0.14,0.38,1,1,6,0,1019,1.0,0.99,0.14,0.38
PF00188,PF08562,34,0,0,34,0,992,0,0.97,0.0,0,0,0,34,0,992,0,0.97,0.0,0
PF04120,PF05953,1,0,0,1,0,1025,0,1.0,0.0,0,0,0,1,0,1025,0,1.0,0.0,0
PF12222,PF03981,4,6,0,4,6,1016,0.0,0.99,0.0,-0.0,6,0,4,6,1016,0.0,0.99,0.0,-0.0
PF03247,PF17014,3,0,0,3,0,1023,0,1.0,0.0,0,0,0,3,0,1023,0,1.0,0.0,0
PF03436,PF02343,1,2,1,0,1,1024,0.5,1.0,1.0,0.71,2,1,0,1,1024,0.5,1.0,1.0,0.71
PF12965,PF02557,0,1,0,0,1,1025,0.0,1.0,0,0,1,0,0,1,1025,0.0,1.0,0,0
PF10105,PF11230,0,0,0,0,0,1026,0,1.0,0,0,0,0,0,0,1026,0,1.0,0,0
PF14852,PF14853,3,4,3,0,1,1022,0.75,1.0,1.0,0.87,4,3,0,1,1022,0.75,1.0,1.0,0.87
PF00970,PF00175,23,41,22,1,19,984,0.54,0.98,0.96,0.71,41,22,1,19,984,0.54,0.98,0.96,0.71
PF15578,PF15085,0,0,0,0,0,1026,0,1.0,0,0,0,0,0,0,1026,0,1.0,0,0
PF03428,PF08345,0,2,0,0,2,1024,0.0,1.0,0,0,2,0,0,2,1024,0.0,1.0,0,0
PF00936,PF15470,0,0,0,0,0,1026,0,1.0,0,0,0,0,0,0,1026,0,1.0,0,0
PF00068,PF09777,4,2,0,4,2,1020,0.0,0.99,0.0,-0.0,2,0,4,2,1020,0.0,0.99,0.0,-0.0
PF03413,PF07504,1,0,0,1,0,1025,0,1.0,0.0,0,0,0,1,0,1025,0,1.0,0.0,0
PF15170,PF14251,0,2,0,0,2,1024,0.0,1.0,0,0,2,0,0,2,1024,0.0,1.0,0,0
PF02386,PF16655,7,2,1,6,1,1018,0.5,0.99,0.14,0.26,2,1,6,1,1018,0.5,0.99,0.14,0.26
PF15331,PF15752,0,0,0,0,0,1026,0,1.0,0,0,0,0,0,0,1026,0,1.0,0,0
PF15802,PF12243,2,3,0,2,3,1021,0.0,1.0,0.0,-0.0,3,0,2,3,1021,0.0,1.0,0.0,-0.0
PF10134,PF10554,0,0,0,0,0,1026,0,1.0,0,0,0,0,0,0,1026,0,1.0,0,0
PF12350,PF12243,4,3,3,1,0,1022,1.0,1.0,0.75,0.87,3,3,1,0,1022,1.0,1.0,0.75,0.87
PF13234,PF11648,9,6,0,9,6,1011,0.0,0.99,0.0,-0.01,6,0,9,6,1011,0.0,0.99,0.0,-0.01
PF15075,PF10127,1,0,0,1,0,1025,0,1.0,0.0,0,0,0,1,0,1025,0,1.0,0.0,0
PF00139,PF03822,14,4,1,13,3,1009,0.25,0.98,0.07,0.13,4,1,13,3,1009,0.25,0.98,0.07,0.13
PF10296,PF10186,5,9,1,4,8,1013,0.11,0.99,0.2,0.14,9,1,4,8,1013,0.11,0.99,0.2,0.14
PF15997,PF02200,0,1,0,0,1,1025,0.0,1.0,0,0,1,0,0,1,1025,0.0,1.0,0,0
PF00668,PF16177,11,7,4,7,3,1012,0.57,0.99,0.36,0.45,7,4,7,3,1012,0.57,0.99,0.36,0.45
PF10521,PF12627,6,7,3,3,4,1016,0.43,0.99,0.5,0.46,7,3,3,4,1016,0.43,0.99,0.5,0.46
PF04614,PF02681,7,2,0,7,2,1017,0.0,0.99,0.0,-0.0,2,0,7,2,1017,0.0,0.99,0.0,-0.0
PF06423,PF03478,12,20,5,7,15,999,0.25,0.98,0.42,0.31,20,5,7,15,999,0.25,0.98,0.42,0.31
PF09694,PF01722,0,9,0,0,9,1017,0.0,0.99,0,0,9,0,0,9,1017,0.0,0.99,0,0
PF15302,PF02106,0,1,0,0,1,1025,0.0,1.0,0,0,1,0,0,1,1025,0.0,1.0,0,0
PF00408,PF02878,15,19,15,0,4,1007,0.79,1.0,1.0,0.89,19,15,0,4,1007,0.79,1.0,1.0,0.89
PF03974,PF09461,0,0,0,0,0,1026,0,1.0,0,0,0,0,0,0,1026,0,1.0,0,0
PF06291,PF02297,0,11,0,0,11,1015,0.0,0.99,0,0,11,0,0,11,1015,0.0,0.99,0,0
PF02459,PF00153,1,83,0,1,83,942,0.0,0.92,0.0,-0.01,83,0,1,83,942,0.0,0.92,0.0,-0.01
PF03542,PF11864,3,3,3,0,0,1023,1.0,1.0,1.0,1.0,3,3,0,0,1023,1.0,1.0,1.0,1.0
PF04316,PF08404,0,1,0,0,1,1025,0.0,1.0,0,0,1,0,0,1,1025,0.0,1.0,0,0
PF14573,PF08093,0,1,0,0,1,1025,0.0,1.0,0,0,1,0,0,1,1025,0.0,1.0,0,0
PF09830,PF07931,6,1,0,6,1,1019,0.0,0.99,0.0,-0.0,1,0,6,1,1019,0.0,0.99,0.0,-0.0
PF14865,PF10974,1,0,0,1,0,1025,0,1.0,0.0,0,0,0,1,0,1025,0,1.0,0.0,0
PF03652,PF00537,4,0,0,4,0,1022,0,1.0,0.0,0,0,0,4,0,1022,0,1.0,0.0,0
PF07143,PF17186,1,1,1,0,0,1025,1.0,1.0,1.0,1.0,1,1,0,0,1025,1.0,1.0,1.0,1.0
PF11074,PF09677,0,0,0,0,0,1026,0,1.0,0,0,0,0,0,0,1026,0,1.0,0,0
PF07159,PF05994,3,7,2,1,5,1018,0.29,0.99,0.67,0.43,7,2,1,5,1018,0.29,0.99,0.67,0.43
PF09257,PF15443,0,1,0,0,1,1025,0.0,1.0,0,0,1,0,0,1,1025,0.0,1.0,0,0
PF05627,PF06136,5,5,1,4,4,1017,0.2,0.99,0.2,0.2,5,1,4,4,1017,0.2,0.99,0.2,0.2
PF07511,PF06834,0,0,0,0,0,1026,0,1.0,0,0,0,0,0,0,1026,0,1.0,0,0
PF08746,PF05129,7,8,0,7,8,1011,0.0,0.99,0.0,-0.01,8,0,7,8,1011,0.0,0.99,0.0,-0.01
PF00602,PF06122,1,0,0,1,0,1025,0,1.0,0.0,0,0,0,1,0,1025,0,1.0,0.0,0
PF15266,PF06428,2,2,0,2,2,1022,0.0,1.0,0.0,-0.0,2,0,2,2,1022,0.0,1.0,0.0,-0.0
PF02457,PF15212,0,0,0,0,0,1026,0,1.0,0,0,0,0,0,0,1026,0,1.0,0,0
PF06293,PF09812,8,1,1,7,0,1018,1.0,0.99,0.12,0.35,1,1,7,0,1018,1.0,0.99,0.12,0.35
PF05405,PF02284,4,1,0,4,1,1021,0.0,1.0,0.0,-0.0,1,0,4,1,1021,0.0,1.0,0.0,-0.0
PF12457,PF07713,5,6,1,4,5,1016,0.17,0.99,0.2,0.18,6,1,4,5,1016,0.17,0.99,0.2,0.18
PF01146,PF14802,5,3,0,5,3,1018,0.0,0.99,0.0,-0.0,3,0,5,3,1018,0.0,0.99,0.0,-0.0
PF00103,PF02267,3,1,0,3,1,1022,0.0,1.0,0.0,-0.0,1,0,3,1,1022,0.0,1.0,0.0,-0.0
PF07528,PF16482,7,1,1,6,0,1019,1.0,0.99,0.14,0.38,1,1,6,0,1019,1.0,0.99,0.14,0.38
PF09478,PF00553,2,1,1,1,0,1024,1.0,1.0,0.5,0.71,1,1,1,0,1024,1.0,1.0,0.5,0.71
PF10963,PF04960,0,3,0,0,3,1023,0.0,1.0,0,0,3,0,0,3,1023,0.0,1.0,0,0
PF14703,PF02714,13,12,12,1,0,1013,1.0,1.0,0.92,0.96,12,12,1,0,1013,1.0,1.0,0.92,0.96
PF10437,PF02237,1,2,1,0,1,1024,0.5,1.0,1.0,0.71,2,1,0,1,1024,0.5,1.0,1.0,0.71
PF03923,PF16210,2,0,0,2,0,1024,0,1.0,0.0,0,0,0,2,0,1024,0,1.0,0.0,0
PF10138,PF11179,2,0,0,2,0,1024,0,1.0,0.0,0,0,0,2,0,1024,0,1.0,0.0,0
PF06746,PF12470,0,2,0,0,2,1024,0.0,1.0,0,0,2,0,0,2,1024,0.0,1.0,0,0
PF11709,PF01226,1,4,1,0,3,1022,0.25,1.0,1.0,0.5,4,1,0,3,1022,0.25,1.0,1.0,0.5
PF04827,PF03407,21,9,4,17,5,1000,0.44,0.98,0.19,0.28,9,4,17,5,1000,0.44,0.98,0.19,0.28
PF14251,PF15775,2,0,0,2,0,1024,0,1.0,0.0,0,0,0,2,0,1024,0,1.0,0.0,0
PF05460,PF08639,4,1,0,4,1,1021,0.0,1.0,0.0,-0.0,1,0,4,1,1021,0.0,1.0,0.0,-0.0
PF01239,PF07711,20,1,1,19,0,1006,1.0,0.98,0.05,0.22,1,1,19,0,1006,1.0,0.98,0.05,0.22
PF04681,PF09428,4,1,0,4,1,1021,0.0,1.0,0.0,-0.0,1,0,4,1,1021,0.0,1.0,0.0,-0.0
PF16485,PF01447,0,1,0,0,1,1025,0.0,1.0,0,0,1,0,0,1,1025,0.0,1.0,0,0
PF10415,PF08328,10,2,0,10,2,1014,0.0,0.99,0.0,-0.0,2,0,10,2,1014,0.0,0.99,0.0,-0.0
PF00992,PF04144,2,7,1,1,6,1018,0.14,0.99,0.5,0.26,7,1,1,6,1018,0.14,0.99,0.5,0.26
PF05770,PF10263,6,13,1,5,12,1008,0.08,0.98,0.17,0.11,13,1,5,12,1008,0.08,0.98,0.17,0.11
PF16100,PF05754,1,0,0,1,0,1025,0,1.0,0.0,0,0,0,1,0,1025,0,1.0,0.0,0
PF02569,PF09774,8,2,1,7,1,1017,0.5,0.99,0.12,0.25,2,1,7,1,1017,0.5,0.99,0.12,0.25
PF07005,PF17042,4,4,4,0,0,1022,1.0,1.0,1.0,1.0,4,4,0,0,1022,1.0,1.0,1.0,1.0
PF15468,PF05840,1,3,0,1,3,1022,0.0,1.0,0.0,-0.0,3,0,1,3,1022,0.0,1.0,0.0,-0.0
PF01536,PF08132,10,3,2,8,1,1015,0.67,0.99,0.2,0.36,3,2,8,1,1015,0.67,0.99,0.2,0.36
PF01475,PF15483,2,1,0,2,1,1023,0.0,1.0,0.0,-0.0,1,0,2,1,1023,0.0,1.0,0.0,-0.0
PF12827,PF00796,0,1,0,0,1,1025,0.0,1.0,0,0,1,0,0,1,1025,0.0,1.0,0,0
PF00900,PF08071,8,6,5,3,1,1017,0.83,1.0,0.62,0.72,6,5,3,1,1017,0.83,1.0,0.62,0.72
PF14609,PF11130,2,0,0,2,0,1024,0,1.0,0.0,0,0,0,2,0,1024,0,1.0,0.0,0
PF02888,PF03530,4,9,4,0,5,1017,0.44,1.0,1.0,0.67,9,4,0,5,1017,0.44,1.0,1.0,0.67
PF04690,PF04720,1,6,0,1,6,1019,0.0,0.99,0.0,-0.0,6,0,1,6,1019,0.0,0.99,0.0,-0.0
PF07984,PF04831,3,1,0,3,1,1022,0.0,1.0,0.0,-0.0,1,0,3,1,1022,0.0,1.0,0.0,-0.0
PF13270,PF11460,4,0,0,4,0,1022,0,1.0,0.0,0,0,0,4,0,1022,0,1.0,0.0,0
PF05283,PF06679,3,0,0,3,0,1023,0,1.0,0.0,0,0,0,3,0,1023,0,1.0,0.0,0
PF05518,PF04301,0,0,0,0,0,1026,0,1.0,0,0,0,0,0,0,1026,0,1.0,0,0
PF00670,PF05221,5,8,5,0,3,1018,0.62,1.0,1.0,0.79,8,5,0,3,1018,0.62,1.0,1.0,0.79
PF05754,PF02972,0,0,0,0,0,1026,0,1.0,0,0,0,0,0,0,1026,0,1.0,0,0
PF17125,PF01029,4,5,2,2,3,1019,0.4,1.0,0.5,0.44,5,2,2,3,1019,0.4,1.0,0.5,0.44
PF12478,PF15888,3,0,0,3,0,1023,0,1.0,0.0,0,0,0,3,0,1023,0,1.0,0.0,0
PF11874,PF17188,0,0,0,0,0,1026,0,1.0,0,0,0,0,0,0,1026,0,1.0,0,0
PF14542,PF04402,2,3,0,2,3,1021,0.0,1.0,0.0,-0.0,3,0,2,3,1021,0.0,1.0,0.0,-0.0
PF12477,PF11130,0,0,0,0,0,1026,0,1.0,0,0,0,0,0,0,1026,0,1.0,0,0
PF16021,PF12829,3,1,0,3,1,1022,0.0,1.0,0.0,-0.0,1,0,3,1,1022,0.0,1.0,0.0,-0.0
PF15796,PF08912,2,6,2,0,4,1020,0.33,1.0,1.0,0.58,6,2,0,4,1020,0.33,1.0,1.0,0.58
PF03399,PF16769,16,0,0,16,0,1010,0,0.98,0.0,0,0,0,16,0,1010,0,0.98,0.0,0
PF15157,PF10206,0,4,0,0,4,1022,0.0,1.0,0,0,4,0,0,4,1022,0.0,1.0,0,0
PF04051,PF10247,16,3,3,13,0,1010,1.0,0.99,0.19,0.43,3,3,13,0,1010,1.0,0.99,0.19,0.43
PF08146,PF13001,5,5,2,3,3,1018,0.4,0.99,0.4,0.4,5,2,3,3,1018,0.4,0.99,0.4,0.4
PF00565,PF00567,12,21,6,6,15,999,0.29,0.98,0.5,0.37,21,6,6,15,999,0.29,0.98,0.5,0.37
PF08626,PF12739,9,6,1,8,5,1012,0.17,0.99,0.11,0.13,6,1,8,5,1012,0.17,0.99,0.11,0.13
PF09614,PF09611,0,0,0,0,0,1026,0,1.0,0,0,0,0,0,0,1026,0,1.0,0,0
PF08873,PF05290,0,0,0,0,0,1026,0,1.0,0,0,0,0,0,0,1026,0,1.0,0,0
PF04825,PF15917,10,0,0,10,0,1016,0,0.99,0.0,0,0,0,10,0,1016,0,0.99,0.0,0
PF05219,PF10245,3,5,0,3,5,1018,0.0,0.99,0.0,-0.0,5,0,3,5,1018,0.0,0.99,0.0,-0.0
PF12550,PF16787,3,9,3,0,6,1017,0.33,0.99,1.0,0.58,9,3,0,6,1017,0.33,0.99,1.0,0.58
PF15393,PF15478,3,1,0,3,1,1022,0.0,1.0,0.0,-0.0,1,0,3,1,1022,0.0,1.0,0.0,-0.0
PF12204,PF17062,1,0,0,1,0,1025,0,1.0,0.0,0,0,0,1,0,1025,0,1.0,0.0,0
PF12349,PF16414,15,12,6,9,6,1005,0.5,0.99,0.4,0.44,12,6,9,6,1005,0.5,0.99,0.4,0.44
PF08038,PF15475,3,1,0,3,1,1022,0.0,1.0,0.0,-0.0,1,0,3,1,1022,0.0,1.0,0.0,-0.0
PF04998,PF04992,19,3,3,16,0,1007,1.0,0.98,0.16,0.39,3,3,16,0,1007,1.0,0.98,0.16,0.39
PF11746,PF08518,0,6,0,0,6,1020,0.0,0.99,0,0,6,0,0,6,1020,0.0,0.99,0,0
PF15143,PF07805,0,0,0,0,0,1026,0,1.0,0,0,0,0,0,0,1026,0,1.0,0,0
PF16073,PF08354,10,2,2,8,0,1016,1.0,0.99,0.2,0.45,2,2,8,0,1016,1.0,0.99,0.2,0.45
PF12828,PF12825,2,4,2,0,2,1022,0.5,1.0,1.0,0.71,4,2,0,2,1022,0.5,1.0,1.0,0.71
PF05695,PF09262,4,7,1,3,6,1016,0.14,0.99,0.25,0.18,7,1,3,6,1016,0.14,0.99,0.25,0.18
PF03464,PF03463,6,5,5,1,0,1020,1.0,1.0,0.83,0.91,5,5,1,0,1020,1.0,1.0,0.83,0.91
PF05786,PF02055,2,10,0,2,10,1014,0.0,0.99,0.0,-0.0,10,0,2,10,1014,0.0,0.99,0.0,-0.0
PF10423,PF05299,1,0,0,1,0,1025,0,1.0,0.0,0,0,0,1,0,1025,0,1.0,0.0,0
PF10798,PF03550,2,1,0,2,1,1023,0.0,1.0,0.0,-0.0,1,0,2,1,1023,0.0,1.0,0.0,-0.0
PF03378,PF08767,7,5,1,6,4,1015,0.2,0.99,0.14,0.16,5,1,6,4,1015,0.2,0.99,0.14,0.16
PF07805,PF08497,0,0,0,0,0,1026,0,1.0,0,0,0,0,0,0,1026,0,1.0,0,0
PF09279,PF00388,7,15,7,0,8,1011,0.47,0.99,1.0,0.68,15,7,0,8,1011,0.47,0.99,1.0,0.68
PF10137,PF13545,0,2,0,0,2,1024,0.0,1.0,0,0,2,0,0,2,1024,0.0,1.0,0,0
PF02191,PF02354,4,1,1,3,0,1022,1.0,1.0,0.25,0.5,1,1,3,0,1022,1.0,1.0,0.25,0.5
PF12619,PF14551,11,29,11,0,18,997,0.38,0.98,1.0,0.61,29,11,0,18,997,0.38,0.98,1.0,0.61
PF11852,PF03714,1,1,1,0,0,1025,1.0,1.0,1.0,1.0,1,1,0,0,1025,1.0,1.0,1.0,1.0
PF10312,PF10998,6,2,0,6,2,1018,0.0,0.99,0.0,-0.0,2,0,6,2,1018,0.0,0.99,0.0,-0.0
PF08579,PF15491,1,1,0,1,1,1024,0.0,1.0,0.0,-0.0,1,0,1,1,1024,0.0,1.0,0.0,-0.0
PF07277,PF07367,0,2,0,0,2,1024,0.0,1.0,0,0,2,0,0,2,1024,0.0,1.0,0,0
PF07662,PF07670,8,3,1,7,2,1016,0.33,0.99,0.12,0.2,3,1,7,2,1016,0.33,0.99,0.12,0.2
PF12257,PF16646,6,0,0,6,0,1020,0,0.99,0.0,0,0,0,6,0,1020,0,0.99,0.0,0
PF09162,PF03943,4,5,4,0,1,1021,0.8,1.0,1.0,0.89,5,4,0,1,1021,0.8,1.0,1.0,0.89
PF03946,PF02747,14,10,1,13,9,1003,0.1,0.98,0.07,0.07,10,1,13,9,1003,0.1,0.98,0.07,0.07
PF15783,PF17053,0,1,0,0,1,1025,0.0,1.0,0,0,1,0,0,1,1025,0.0,1.0,0,0
PF00375,PF03096,16,6,1,15,5,1005,0.17,0.98,0.06,0.09,6,1,15,5,1005,0.17,0.98,0.06,0.09
PF02592,PF15775,3,0,0,3,0,1023,0,1.0,0.0,0,0,0,3,0,1023,0,1.0,0.0,0
PF03632,PF03636,4,3,3,1,0,1022,1.0,1.0,0.75,0.87,3,3,1,0,1022,1.0,1.0,0.75,0.87
PF13054,PF03748,0,2,0,0,2,1024,0.0,1.0,0,0,2,0,0,2,1024,0.0,1.0,0,0
PF15165,PF15302,0,0,0,0,0,1026,0,1.0,0,0,0,0,0,0,1026,0,1.0,0,0
PF16044,PF09784,2,0,0,2,0,1024,0,1.0,0.0,0,0,0,2,0,1024,0,1.0,0.0,0
PF00320,PF13919,25,5,1,24,4,997,0.2,0.97,0.04,0.08,5,1,24,4,997,0.2,0.97,0.04,0.08
PF15272,PF14842,0,0,0,0,0,1026,0,1.0,0,0,0,0,0,0,1026,0,1.0,0,0
PF00396,PF09353,8,1,1,7,0,1018,1.0,0.99,0.12,0.35,1,1,7,0,1018,1.0,0.99,0.12,0.35
PF01200,PF15216,9,0,0,9,0,1017,0,0.99,0.0,0,0,0,9,0,1017,0,0.99,0.0,0
PF08667,PF01339,1,5,1,0,4,1021,0.2,1.0,1.0,0.45,5,1,0,4,1021,0.2,1.0,1.0,0.45
PF10426,PF12940,1,1,1,0,0,1025,1.0,1.0,1.0,1.0,1,1,0,0,1025,1.0,1.0,1.0,1.0
PF15018,PF15063,0,0,0,0,0,1026,0,1.0,0,0,0,0,0,0,1026,0,1.0,0,0
PF02709,PF13733,14,8,8,6,0,1012,1.0,0.99,0.57,0.75,8,8,6,0,1012,1.0,0.99,0.57,0.75
PF09481,PF15355,0,0,0,0,0,1026,0,1.0,0,0,0,0,0,0,1026,0,1.0,0,0
PF14304,PF08777,6,5,1,5,4,1016,0.2,0.99,0.17,0.18,5,1,5,4,1016,0.2,0.99,0.17,0.18
PF01206,PF07945,2,1,0,2,1,1023,0.0,1.0,0.0,-0.0,1,0,2,1,1023,0.0,1.0,0.0,-0.0
PF02951,PF15976,2,0,0,2,0,1024,0,1.0,0.0,0,0,0,2,0,1024,0,1.0,0.0,0
PF10493,PF08696,2,5,0,2,5,1019,0.0,0.99,0.0,-0.0,5,0,2,5,1019,0.0,0.99,0.0,-0.0
PF09821,PF09383,0,1,0,0,1,1025,0.0,1.0,0,0,1,0,0,1,1025,0.0,1.0,0,0
PF11781,PF10441,3,3,1,2,2,1021,0.33,1.0,0.33,0.33,3,1,2,2,1021,0.33,1.0,0.33,0.33
PF10222,PF14308,8,5,0,8,5,1013,0.0,0.99,0.0,-0.01,5,0,8,5,1013,0.0,0.99,0.0,-0.01
PF15991,PF06420,0,1,0,0,1,1025,0.0,1.0,0,0,1,0,0,1,1025,0.0,1.0,0,0
PF01437,PF01403,12,14,9,3,5,1009,0.64,0.99,0.75,0.69,14,9,3,5,1009,0.64,0.99,0.75,0.69
PF01851,PF12859,11,1,0,11,1,1014,0.0,0.99,0.0,-0.0,1,0,11,1,1014,0.0,0.99,0.0,-0.0
PF00857,PF14923,22,0,0,22,0,1004,0,0.98,0.0,0,0,0,22,0,1004,0,0.98,0.0,0
PF03772,PF13567,1,1,1,0,0,1025,1.0,1.0,1.0,1.0,1,1,0,0,1025,1.0,1.0,1.0,1.0
PF12431,PF01339,1,5,1,0,4,1021,0.2,1.0,1.0,0.45,5,1,0,4,1021,0.2,1.0,1.0,0.45
PF16652,PF12763,2,31,2,0,29,995,0.06,0.97,1.0,0.25,31,2,0,29,995,0.06,0.97,1.0,0.25
PF15412,PF11116,4,1,0,4,1,1021,0.0,1.0,0.0,-0.0,1,0,4,1,1021,0.0,1.0,0.0,-0.0
PF07004,PF04693,11,0,0,11,0,1015,0,0.99,0.0,0,0,0,11,0,1015,0,0.99,0.0,0
PF01370,PF13460,30,23,10,20,13,983,0.43,0.97,0.33,0.36,23,10,20,13,983,0.43,0.97,0.33,0.36
PF09495,PF06842,1,6,0,1,6,1019,0.0,0.99,0.0,-0.0,6,0,1,6,1019,0.0,0.99,0.0,-0.0
PF14978,PF04307,5,1,1,4,0,1021,1.0,1.0,0.2,0.45,1,1,4,0,1021,1.0,1.0,0.2,0.45
PF12783,PF16213,17,15,11,6,4,1005,0.73,0.99,0.65,0.68,15,11,6,4,1005,0.73,0.99,0.65,0.68
PF00019,PF00688,15,6,5,10,1,1010,0.83,0.99,0.33,0.52,6,5,10,1,1010,0.83,0.99,0.33,0.52
PF16974,PF12046,2,0,0,2,0,1024,0,1.0,0.0,0,0,0,2,0,1024,0,1.0,0.0,0
PF05419,PF12046,0,0,0,0,0,1026,0,1.0,0,0,0,0,0,0,1026,0,1.0,0,0
PF03729,PF03090,0,0,0,0,0,1026,0,1.0,0,0,0,0,0,0,1026,0,1.0,0,0
PF10744,PF10264,1,0,0,1,0,1025,0,1.0,0.0,0,0,0,1,0,1025,0,1.0,0.0,0
PF02788,PF00016,2,4,1,1,3,1021,0.25,1.0,0.5,0.35,4,1,1,3,1021,0.25,1.0,0.5,0.35
PF08186,PF06070,0,0,0,0,0,1026,0,1.0,0,0,0,0,0,0,1026,0,1.0,0,0
PF08081,PF12220,0,1,0,0,1,1025,0.0,1.0,0,0,1,0,0,1,1025,0.0,1.0,0,0
PF08014,PF05841,2,2,0,2,2,1022,0.0,1.0,0.0,-0.0,2,0,2,2,1022,0.0,1.0,0.0,-0.0
PF06877,PF13813,0,11,0,0,11,1015,0.0,0.99,0,0,11,0,0,11,1015,0.0,0.99,0,0
PF09286,PF16470,8,7,2,6,5,1013,0.29,0.99,0.25,0.26,7,2,6,5,1013,0.29,0.99,0.25,0.26
PF05504,PF03592,5,1,0,5,1,1020,0.0,0.99,0.0,-0.0,1,0,5,1,1020,0.0,0.99,0.0,-0.0
PF16761,PF06165,2,1,1,1,0,1024,1.0,1.0,0.5,0.71,1,1,1,0,1024,1.0,1.0,0.5,0.71
PF10191,PF15964,7,1,0,7,1,1018,0.0,0.99,0.0,-0.0,1,0,7,1,1018,0.0,0.99,0.0,-0.0
PF07055,PF12241,1,1,1,0,0,1025,1.0,1.0,1.0,1.0,1,1,0,0,1025,1.0,1.0,1.0,1.0
PF13089,PF13090,0,1,0,0,1,1025,0.0,1.0,0,0,1,0,0,1,1025,0.0,1.0,0,0
PF00453,PF00499,11,3,1,10,2,1013,0.33,0.99,0.09,0.17,3,1,10,2,1013,0.33,0.99,0.09,0.17
PF14578,PF04760,0,6,0,0,6,1020,0.0,0.99,0,0,6,0,0,6,1020,0.0,0.99,0,0
PF02807,PF00217,10,11,9,1,2,1014,0.82,1.0,0.9,0.86,11,9,1,2,1014,0.82,1.0,0.9,0.86
PF12042,PF11260,0,0,0,0,0,1026,0,1.0,0,0,0,0,0,0,1026,0,1.0,0,0
PF04628,PF00838,8,14,2,6,12,1006,0.14,0.98,0.25,0.18,14,2,6,12,1006,0.14,0.98,0.25,0.18
PF05700,PF12638,6,2,2,4,0,1020,1.0,1.0,0.33,0.58,2,2,4,0,1020,1.0,1.0,0.33,0.58
PF05989,PF05357,0,0,0,0,0,1026,0,1.0,0,0,0,0,0,0,1026,0,1.0,0,0
PF11911,PF09340,2,5,1,1,4,1020,0.2,1.0,0.5,0.31,5,1,1,4,1020,0.2,1.0,0.5,0.31
PF03164,PF01068,14,16,8,6,8,1004,0.5,0.99,0.57,0.53,16,8,6,8,1004,0.5,0.99,0.57,0.53
PF13148,PF06805,0,0,0,0,0,1026,0,1.0,0,0,0,0,0,0,1026,0,1.0,0,0
PF12626,PF00308,2,4,2,0,2,1022,0.5,1.0,1.0,0.71,4,2,0,2,1022,0.5,1.0,1.0,0.71
PF03080,PF14365,7,2,1,6,1,1018,0.5,0.99,0.14,0.26,2,1,6,1,1018,0.5,0.99,0.14,0.26
PF16495,PF16498,2,2,1,1,1,1023,0.5,1.0,0.5,0.5,2,1,1,1,1023,0.5,1.0,0.5,0.5
PF02898,PF09791,4,5,1,3,4,1018,0.2,0.99,0.25,0.22,5,1,3,4,1018,0.2,0.99,0.25,0.22
PF02609,PF05736,1,0,0,1,0,1025,0,1.0,0.0,0,0,0,1,0,1025,0,1.0,0.0,0
PF05041,PF14611,2,3,0,2,3,1021,0.0,1.0,0.0,-0.0,3,0,2,3,1021,0.0,1.0,0.0,-0.0
PF07555,PF02838,0,5,0,0,5,1021,0.0,1.0,0,0,5,0,0,5,1021,0.0,1.0,0,0
PF16179,PF00554,13,14,13,0,1,1012,0.93,1.0,1.0,0.96,14,13,0,1,1012,0.93,1.0,1.0,0.96
PF10225,PF11282,5,0,0,5,0,1021,0,1.0,0.0,0,0,0,5,0,1021,0,1.0,0.0,0
PF00022,PF10357,52,4,2,50,2,972,0.5,0.95,0.04,0.13,4,2,50,2,972,0.5,0.95,0.04,0.13
PF02978,PF00448,14,17,13,1,4,1008,0.76,1.0,0.93,0.84,17,13,1,4,1008,0.76,1.0,0.93,0.84
PF03388,PF08114,13,1,1,12,0,1013,1.0,0.99,0.08,0.28,1,1,12,0,1013,1.0,0.99,0.08,0.28
PF05912,PF04402,2,3,0,2,3,1021,0.0,1.0,0.0,-0.0,3,0,2,3,1021,0.0,1.0,0.0,-0.0
PF08269,PF16836,0,1,0,0,1,1025,0.0,1.0,0,0,1,0,0,1,1025,0.0,1.0,0,0
PF08235,PF16876,4,2,2,2,0,1022,1.0,1.0,0.5,0.71,2,2,2,0,1022,1.0,1.0,0.5,0.71
PF10087,PF06009,0,4,0,0,4,1022,0.0,1.0,0,0,4,0,0,4,1022,0.0,1.0,0,0
PF09128,PF02196,4,9,3,1,6,1016,0.33,0.99,0.75,0.5,9,3,1,6,1016,0.33,0.99,0.75,0.5
PF14956,PF00272,1,0,0,1,0,1025,0,1.0,0.0,0,0,0,1,0,1025,0,1.0,0.0,0
PF08724,PF14841,1,0,0,1,0,1025,0,1.0,0.0,0,0,0,1,0,1025,0,1.0,0.0,0
PF02990,PF00197,27,0,0,27,0,999,0,0.97,0.0,0,0,0,27,0,999,0,0.97,0.0,0
PF13436,PF13441,0,0,0,0,0,1026,0,1.0,0,0,0,0,0,0,1026,0,1.0,0,0
PF15765,PF15856,0,0,0,0,0,1026,0,1.0,0,0,0,0,0,0,1026,0,1.0,0,0
PF02272,PF01411,10,21,6,4,15,1001,0.29,0.98,0.6,0.41,21,6,4,15,1001,0.29,0.98,0.6,0.41
PF03917,PF03199,6,2,2,4,0,1020,1.0,1.0,0.33,0.58,2,2,4,0,1020,1.0,1.0,0.33,0.58
PF15011,PF10195,0,1,0,0,1,1025,0.0,1.0,0,0,1,0,0,1,1025,0.0,1.0,0,0
PF16086,PF04845,0,5,0,0,5,1021,0.0,1.0,0,0,5,0,0,5,1021,0.0,1.0,0,0
PF14510,PF06422,9,9,8,1,1,1016,0.89,1.0,0.89,0.89,9,8,1,1,1016,0.89,1.0,0.89,0.89
PF09923,PF16416,0,0,0,0,0,1026,0,1.0,0,0,0,0,0,0,1026,0,1.0,0,0
PF02434,PF05679,16,8,4,12,4,1006,0.5,0.98,0.25,0.35,8,4,12,4,1006,0.5,0.98,0.25,0.35
PF05615,PF10173,9,3,1,8,2,1015,0.33,0.99,0.11,0.19,3,1,8,2,1015,0.33,0.99,0.11,0.19
PF03707,PF16415,9,10,3,6,7,1010,0.3,0.99,0.33,0.31,10,3,6,7,1010,0.3,0.99,0.33,0.31
PF02097,PF05901,0,0,0,0,0,1026,0,1.0,0,0,0,0,0,0,1026,0,1.0,0,0
PF11965,PF02514,2,1,1,1,0,1024,1.0,1.0,0.5,0.71,1,1,1,0,1024,1.0,1.0,0.5,0.71
PF09380,PF09379,21,26,19,2,7,998,0.73,0.99,0.9,0.81,26,19,2,7,998,0.73,0.99,0.9,0.81
PF09746,PF07217,5,3,1,4,2,1019,0.33,0.99,0.2,0.26,3,1,4,2,1019,0.33,0.99,0.2,0.26
PF06280,PF05922,2,18,2,0,16,1008,0.11,0.98,1.0,0.33,18,2,0,16,1008,0.11,0.98,1.0,0.33
PF09132,PF15685,0,2,0,0,2,1024,0.0,1.0,0,0,2,0,0,2,1024,0.0,1.0,0,0
PF15690,PF15689,1,0,0,1,0,1025,0,1.0,0.0,0,0,0,1,0,1025,0,1.0,0.0,0
PF03978,PF13618,0,0,0,0,0,1026,0,1.0,0,0,0,0,0,0,1026,0,1.0,0,0
PF02342,PF16562,2,2,0,2,2,1022,0.0,1.0,0.0,-0.0,2,0,2,2,1022,0.0,1.0,0.0,-0.0
PF05739,PF02269,26,12,4,22,8,992,0.33,0.97,0.15,0.21,12,4,22,8,992,0.33,0.97,0.15,0.21
PF13843,PF13842,37,1,1,36,0,989,1.0,0.96,0.03,0.16,1,1,36,0,989,1.0,0.96,0.03,0.16
PF01264,PF01680,2,8,0,2,8,1016,0.0,0.99,0.0,-0.0,8,0,2,8,1016,0.0,0.99,0.0,-0.0
PF04572,PF04488,3,17,3,0,14,1009,0.18,0.99,1.0,0.42,17,3,0,14,1009,0.18,0.99,1.0,0.42
PF02320,PF05915,8,0,0,8,0,1018,0,0.99,0.0,0,0,0,8,0,1018,0,0.99,0.0,0
PF05840,PF11019,3,0,0,3,0,1023,0,1.0,0.0,0,0,0,3,0,1023,0,1.0,0.0,0
PF01132,PF09285,5,5,5,0,0,1021,1.0,1.0,1.0,1.0,5,5,0,0,1021,1.0,1.0,1.0,1.0
PF08337,PF01833,14,29,13,1,16,996,0.45,0.98,0.93,0.64,29,13,1,16,996,0.45,0.98,0.93,0.64
PF07726,PF03626,1,0,0,1,0,1025,0,1.0,0.0,0,0,0,1,0,1025,0,1.0,0.0,0
PF08292,PF03876,4,10,4,0,6,1016,0.4,0.99,1.0,0.63,10,4,0,6,1016,0.4,0.99,1.0,0.63
PF02098,PF02284,1,1,0,1,1,1024,0.0,1.0,0.0,-0.0,1,0,1,1,1024,0.0,1.0,0.0,-0.0
PF12720,PF10454,2,0,0,2,0,1024,0,1.0,0.0,0,0,0,2,0,1024,0,1.0,0.0,0
PF05258,PF15680,0,0,0,0,0,1026,0,1.0,0,0,0,0,0,0,1026,0,1.0,0,0
PF10991,PF17056,0,1,0,0,1,1025,0.0,1.0,0,0,1,0,0,1,1025,0.0,1.0,0,0
PF15501,PF14722,1,3,0,1,3,1022,0.0,1.0,0.0,-0.0,3,0,1,3,1022,0.0,1.0,0.0,-0.0
PF04193,PF10171,23,5,1,22,4,999,0.2,0.97,0.04,0.08,5,1,22,4,999,0.2,0.97,0.04,0.08
PF00346,PF01731,8,3,0,8,3,1015,0.0,0.99,0.0,-0.0,3,0,8,3,1015,0.0,0.99,0.0,-0.0
PF15830,PF16888,0,0,0,0,0,1026,0,1.0,0,0,0,0,0,0,1026,0,1.0,0,0
PF01259,PF02222,4,5,1,3,4,1018,0.2,0.99,0.25,0.22,5,1,3,4,1018,0.2,0.99,0.25,0.22
PF10363,PF12830,3,5,1,2,4,1019,0.2,0.99,0.33,0.26,5,1,2,4,1019,0.2,0.99,0.33,0.26
PF04239,PF02413,0,1,0,0,1,1025,0.0,1.0,0,0,1,0,0,1,1025,0.0,1.0,0,0
PF03551,PF16908,0,12,0,0,12,1014,0.0,0.99,0,0,12,0,0,12,1014,0.0,0.99,0,0
PF10021,PF08588,5,2,1,4,1,1020,0.5,1.0,0.2,0.31,2,1,4,1,1020,0.5,1.0,0.2,0.31
PF04053,PF06957,14,8,8,6,0,1012,1.0,0.99,0.57,0.75,8,8,6,0,1012,1.0,0.99,0.57,0.75
PF06220,PF12237,23,3,0,23,3,1000,0.0,0.97,0.0,-0.01,3,0,23,3,1000,0.0,0.97,0.0,-0.01
PF03790,PF03791,2,2,2,0,0,1024,1.0,1.0,1.0,1.0,2,2,0,0,1024,1.0,1.0,1.0,1.0
PF12239,PF06172,7,2,0,7,2,1017,0.0,0.99,0.0,-0.0,2,0,7,2,1017,0.0,0.99,0.0,-0.0
PF07544,PF12046,3,0,0,3,0,1023,0,1.0,0.0,0,0,0,3,0,1023,0,1.0,0.0,0
PF08392,PF08545,3,3,1,2,2,1021,0.33,1.0,0.33,0.33,3,1,2,2,1021,0.33,1.0,0.33,0.33
PF13824,PF06047,1,5,0,1,5,1020,0.0,0.99,0.0,-0.0,5,0,1,5,1020,0.0,0.99,0.0,-0.0
PF05056,PF04758,5,6,1,4,5,1016,0.17,0.99,0.2,0.18,6,1,4,5,1016,0.17,0.99,0.2,0.18
PF10321,PF02118,5,2,1,4,1,1020,0.5,1.0,0.2,0.31,2,1,4,1,1020,0.5,1.0,0.2,0.31
PF00018,PF14604,74,46,35,39,11,941,0.76,0.95,0.47,0.58,46,35,39,11,941,0.76,0.95,0.47,0.58
PF03814,PF02669,1,1,1,0,0,1025,1.0,1.0,1.0,1.0,1,1,0,0,1025,1.0,1.0,1.0,1.0
PF11102,PF06105,0,11,0,0,11,1015,0.0,0.99,0,0,11,0,0,11,1015,0.0,0.99,0,0
PF07093,PF09751,2,4,0,2,4,1020,0.0,0.99,0.0,-0.0,4,0,2,4,1020,0.0,0.99,0.0,-0.0
PF11787,PF11786,5,5,5,0,0,1021,1.0,1.0,1.0,1.0,5,5,0,0,1021,1.0,1.0,1.0,1.0
PF02994,PF12259,16,3,0,16,3,1007,0.0,0.98,0.0,-0.01,3,0,16,3,1007,0.0,0.98,0.0,-0.01
PF06232,PF07333,0,0,0,0,0,1026,0,1.0,0,0,0,0,0,0,1026,0,1.0,0,0
PF05161,PF13660,2,3,2,0,1,1023,0.67,1.0,1.0,0.82,3,2,0,1,1023,0.67,1.0,1.0,0.82
PF07797,PF15245,5,1,1,4,0,1021,1.0,1.0,0.2,0.45,1,1,4,0,1021,1.0,1.0,0.2,0.45
PF07736,PF08364,0,5,0,0,5,1021,0.0,1.0,0,0,5,0,0,5,1021,0.0,1.0,0,0
PF09726,PF10491,3,1,0,3,1,1022,0.0,1.0,0.0,-0.0,1,0,3,1,1022,0.0,1.0,0.0,-0.0
PF05616,PF14634,0,9,0,0,9,1017,0.0,0.99,0,0,9,0,0,9,1017,0.0,0.99,0,0
PF15389,PF12540,1,0,0,1,0,1025,0,1.0,0.0,0,0,0,1,0,1025,0,1.0,0.0,0
PF03938,PF03090,3,0,0,3,0,1023,0,1.0,0.0,0,0,0,3,0,1023,0,1.0,0.0,0
PF08463,PF03146,1,2,0,1,2,1023,0.0,1.0,0.0,-0.0,2,0,1,2,1023,0.0,1.0,0.0,-0.0
PF08544,PF10509,20,8,7,13,1,1005,0.88,0.99,0.35,0.55,8,7,13,1,1005,0.88,0.99,0.35,0.55
PF00059,PF08016,56,19,10,46,9,961,0.53,0.95,0.18,0.29,19,10,46,9,961,0.53,0.95,0.18,0.29
PF00952,PF14534,0,1,0,0,1,1025,0.0,1.0,0,0,1,0,0,1,1025,0.0,1.0,0,0
PF00850,PF09757,33,1,1,32,0,993,1.0,0.97,0.03,0.17,1,1,32,0,993,1.0,0.97,0.03,0.17
PF13554,PF14508,0,0,0,0,0,1026,0,1.0,0,0,0,0,0,0,1026,0,1.0,0,0
PF00058,PF16472,20,4,4,16,0,1006,1.0,0.98,0.2,0.44,4,4,16,0,1006,1.0,0.98,0.2,0.44
PF02906,PF12617,9,0,0,9,0,1017,0,0.99,0.0,0,0,0,9,0,1017,0,0.99,0.0,0
PF06369,PF09056,3,3,0,3,3,1020,0.0,0.99,0.0,-0.0,3,0,3,3,1020,0.0,0.99,0.0,-0.0
PF05051,PF01115,5,4,0,5,4,1017,0.0,0.99,0.0,-0.0,4,0,5,4,1017,0.0,0.99,0.0,-0.0
PF08491,PF12831,2,6,2,0,4,1020,0.33,1.0,1.0,0.58,6,2,0,4,1020,0.33,1.0,1.0,0.58
PF12243,PF12350,3,4,3,0,1,1022,0.75,1.0,1.0,0.87,4,3,0,1,1022,0.75,1.0,1.0,0.87
PF01745,PF16958,2,0,0,2,0,1024,0,1.0,0.0,0,0,0,2,0,1024,0,1.0,0.0,0
PF04841,PF04840,8,11,8,0,3,1015,0.73,1.0,1.0,0.85,11,8,0,3,1015,0.73,1.0,1.0,0.85
PF02028,PF04380,1,0,0,1,0,1025,0,1.0,0.0,0,0,0,1,0,1025,0,1.0,0.0,0
PF11569,PF04731,1,3,1,0,2,1023,0.33,1.0,1.0,0.58,3,1,0,2,1023,0.33,1.0,1.0,0.58
PF16969,PF07767,5,7,1,4,6,1015,0.14,0.99,0.2,0.16,7,1,4,6,1015,0.14,0.99,0.2,0.16
PF15549,PF14986,0,0,0,0,0,1026,0,1.0,0,0,0,0,0,0,1026,0,1.0,0,0
PF01526,PF16732,1,0,0,1,0,1025,0,1.0,0.0,0,0,0,1,0,1025,0,1.0,0.0,0
PF04262,PF12461,1,0,0,1,0,1025,0,1.0,0.0,0,0,0,1,0,1025,0,1.0,0.0,0
PF15651,PF14858,0,0,0,0,0,1026,0,1.0,0,0,0,0,0,0,1026,0,1.0,0,0
PF15112,PF09432,3,2,0,3,2,1021,0.0,1.0,0.0,-0.0,2,0,3,2,1021,0.0,1.0,0.0,-0.0
PF09297,PF09296,2,3,2,0,1,1023,0.67,1.0,1.0,0.82,3,2,0,1,1023,0.67,1.0,1.0,0.82
PF06155,PF05141,6,6,1,5,5,1015,0.17,0.99,0.17,0.16,6,1,5,5,1015,0.17,0.99,0.17,0.16
PF01192,PF10780,4,0,0,4,0,1022,0,1.0,0.0,0,0,0,4,0,1022,0,1.0,0.0,0
PF00020,PF09034,18,2,1,17,1,1007,0.5,0.98,0.06,0.16,2,1,17,1,1007,0.5,0.98,0.06,0.16
PF05206,PF11722,8,8,6,2,2,1016,0.75,1.0,0.75,0.75,8,6,2,2,1016,0.75,1.0,0.75,0.75
PF09247,PF15557,1,0,0,1,0,1025,0,1.0,0.0,0,0,0,1,0,1025,0,1.0,0.0,0
PF01465,PF10377,11,3,2,9,1,1014,0.67,0.99,0.18,0.34,3,2,9,1,1014,0.67,0.99,0.18,0.34
PF08509,PF15904,6,1,0,6,1,1019,0.0,0.99,0.0,-0.0,1,0,6,1,1019,0.0,0.99,0.0,-0.0
PF13610,PF11751,1,0,0,1,0,1025,0,1.0,0.0,0,0,0,1,0,1025,0,1.0,0.0,0
PF08670,PF02563,3,4,0,3,4,1019,0.0,0.99,0.0,-0.0,4,0,3,4,1019,0.0,0.99,0.0,-0.0
PF14808,PF06951,3,4,0,3,4,1019,0.0,0.99,0.0,-0.0,4,0,3,4,1019,0.0,0.99,0.0,-0.0
PF00871,PF01515,4,6,3,1,3,1019,0.5,1.0,0.75,0.61,6,3,1,3,1019,0.5,1.0,0.75,0.61
PF16856,PF12125,0,2,0,0,2,1024,0.0,1.0,0,0,2,0,0,2,1024,0.0,1.0,0,0
PF06070,PF01580,0,2,0,0,2,1024,0.0,1.0,0,0,2,0,0,2,1024,0.0,1.0,0,0
PF04437,PF08318,11,7,3,8,4,1011,0.43,0.99,0.27,0.34,7,3,8,4,1011,0.43,0.99,0.27,0.34
PF11374,PF08216,6,4,2,4,2,1018,0.5,0.99,0.33,0.41,4,2,4,2,1018,0.5,0.99,0.33,0.41
PF00759,PF09478,11,2,2,9,0,1015,1.0,0.99,0.18,0.42,2,2,9,0,1015,1.0,0.99,0.18,0.42
PF09586,PF09611,0,0,0,0,0,1026,0,1.0,0,0,0,0,0,0,1026,0,1.0,0,0
PF06351,PF01241,0,1,0,0,1,1025,0.0,1.0,0,0,1,0,0,1,1025,0.0,1.0,0,0
PF11260,PF12042,0,0,0,0,0,1026,0,1.0,0,0,0,0,0,0,1026,0,1.0,0,0
PF15049,PF02277,0,1,0,0,1,1025,0.0,1.0,0,0,1,0,0,1,1025,0.0,1.0,0,0
PF15274,PF05483,0,3,0,0,3,1023,0.0,1.0,0,0,3,0,0,3,1023,0.0,1.0,0,0
PF01122,PF14478,5,2,2,3,0,1021,1.0,1.0,0.4,0.63,2,2,3,0,1021,1.0,1.0,0.4,0.63
PF03033,PF13579,14,1,1,13,0,1012,1.0,0.99,0.07,0.27,1,1,13,0,1012,1.0,0.99,0.07,0.27
PF00526,PF17210,1,5,1,0,4,1021,0.2,1.0,1.0,0.45,5,1,0,4,1021,0.2,1.0,1.0,0.45
PF00591,PF07831,6,2,2,4,0,1020,1.0,1.0,0.33,0.58,2,2,4,0,1020,1.0,1.0,0.33,0.58
PF07671,PF16485,0,0,0,0,0,1026,0,1.0,0,0,0,0,0,0,1026,0,1.0,0,0
PF01066,PF08652,22,5,1,21,4,1000,0.2,0.98,0.05,0.09,5,1,21,4,1000,0.2,0.98,0.05,0.09
PF16644,PF08619,3,3,2,1,1,1022,0.67,1.0,0.67,0.67,3,2,1,1,1022,0.67,1.0,0.67,0.67
PF10169,PF15916,2,0,0,2,0,1024,0,1.0,0.0,0,0,0,2,0,1024,0,1.0,0.0,0
PF15743,PF10452,0,3,0,0,3,1023,0.0,1.0,0,0,3,0,0,3,1023,0.0,1.0,0,0
PF11916,PF13001,4,5,1,3,4,1018,0.2,0.99,0.25,0.22,5,1,3,4,1018,0.2,0.99,0.25,0.22
PF08917,PF14786,1,1,1,0,0,1025,1.0,1.0,1.0,1.0,1,1,0,0,1025,1.0,1.0,1.0,1.0
PF00762,PF02104,10,6,3,7,3,1013,0.5,0.99,0.3,0.38,6,3,7,3,1013,0.5,0.99,0.3,0.38
PF01047,PF06804,12,3,3,9,0,1014,1.0,0.99,0.25,0.5,3,3,9,0,1014,1.0,0.99,0.25,0.5
PF00989,PF08447,26,20,11,15,9,991,0.55,0.98,0.42,0.47,20,11,15,9,991,0.55,0.98,0.42,0.47
PF16829,PF15872,0,0,0,0,0,1026,0,1.0,0,0,0,0,0,0,1026,0,1.0,0,0
PF10009,PF06890,0,0,0,0,0,1026,0,1.0,0,0,0,0,0,0,1026,0,1.0,0,0
PF02353,PF01593,10,34,6,4,28,988,0.18,0.97,0.6,0.31,34,6,4,28,988,0.18,0.97,0.6,0.31
PF06738,PF14231,3,1,1,2,0,1023,1.0,1.0,0.33,0.58,1,1,2,0,1023,1.0,1.0,0.33,0.58
PF09346,PF11566,2,4,0,2,4,1020,0.0,0.99,0.0,-0.0,4,0,2,4,1020,0.0,0.99,0.0,-0.0
PF10707,PF15727,0,0,0,0,0,1026,0,1.0,0,0,0,0,0,0,1026,0,1.0,0,0
PF04275,PF04030,8,10,2,6,8,1010,0.2,0.99,0.25,0.22,10,2,6,8,1010,0.2,0.99,0.25,0.22
PF03703,PF16060,0,1,0,0,1,1025,0.0,1.0,0,0,1,0,0,1,1025,0.0,1.0,0,0
PF15333,PF05399,1,0,0,1,0,1025,0,1.0,0.0,0,0,0,1,0,1025,0,1.0,0.0,0
PF01221,PF10157,18,4,4,14,0,1008,1.0,0.99,0.22,0.47,4,4,14,0,1008,1.0,0.99,0.22,0.47
PF12114,PF07469,4,1,1,3,0,1022,1.0,1.0,0.25,0.5,1,1,3,0,1022,1.0,1.0,0.25,0.5
PF00589,PF12259,16,3,2,14,1,1009,0.67,0.99,0.12,0.28,3,2,14,1,1009,0.67,0.99,0.12,0.28
PF00115,PF00119,6,5,2,4,3,1017,0.4,0.99,0.33,0.36,5,2,4,3,1017,0.4,0.99,0.33,0.36
PF10923,PF02489,0,0,0,0,0,1026,0,1.0,0,0,0,0,0,0,1026,0,1.0,0,0
PF12314,PF12402,0,0,0,0,0,1026,0,1.0,0,0,0,0,0,0,1026,0,1.0,0,0
PF14736,PF01775,0,4,0,0,4,1022,0.0,1.0,0,0,4,0,0,4,1022,0.0,1.0,0,0
PF09937,PF02141,0,24,0,0,24,1002,0.0,0.98,0,0,24,0,0,24,1002,0.0,0.98,0,0
PF00500,PF15273,0,0,0,0,0,1026,0,1.0,0,0,0,0,0,0,1026,0,1.0,0,0
PF10728,PF11874,0,0,0,0,0,1026,0,1.0,0,0,0,0,0,0,1026,0,1.0,0,0
PF00999,PF16644,43,3,3,40,0,983,1.0,0.96,0.07,0.26,3,3,40,0,983,1.0,0.96,0.07,0.26
PF04305,PF08802,6,1,1,5,0,1020,1.0,1.0,0.17,0.41,1,1,5,0,1020,1.0,1.0,0.17,0.41
PF00766,PF01012,6,12,6,0,6,1014,0.5,0.99,1.0,0.71,12,6,0,6,1014,0.5,0.99,1.0,0.71
PF00842,PF14031,3,4,1,2,3,1020,0.25,1.0,0.33,0.29,4,1,2,3,1020,0.25,1.0,0.33,0.29
PF15002,PF06951,5,4,0,5,4,1017,0.0,0.99,0.0,-0.0,4,0,5,4,1017,0.0,0.99,0.0,-0.0
PF04101,PF06925,9,2,2,7,0,1017,1.0,0.99,0.22,0.47,2,2,7,0,1017,1.0,0.99,0.22,0.47
PF04876,PF03178,0,7,0,0,7,1019,0.0,0.99,0,0,7,0,0,7,1019,0.0,0.99,0,0
PF03441,PF00875,6,9,6,0,3,1017,0.67,1.0,1.0,0.82,9,6,0,3,1017,0.67,1.0,1.0,0.82
PF03969,PF04144,9,7,2,7,5,1012,0.29,0.99,0.22,0.25,7,2,7,5,1012,0.29,0.99,0.22,0.25
PF04535,PF06749,1,2,0,1,2,1023,0.0,1.0,0.0,-0.0,2,0,1,2,1023,0.0,1.0,0.0,-0.0
PF01928,PF00485,3,12,3,0,9,1014,0.25,0.99,1.0,0.5,12,3,0,9,1014,0.25,0.99,1.0,0.5
PF02690,PF04261,4,5,2,2,3,1019,0.4,1.0,0.5,0.44,5,2,2,3,1019,0.4,1.0,0.5,0.44
PF03538,PF16967,0,0,0,0,0,1026,0,1.0,0,0,0,0,0,0,1026,0,1.0,0,0
PF02494,PF07699,12,15,7,5,8,1006,0.47,0.99,0.58,0.52,15,7,5,8,1006,0.47,0.99,0.58,0.52
PF12018,PF10156,5,2,0,5,2,1019,0.0,0.99,0.0,-0.0,2,0,5,2,1019,0.0,0.99,0.0,-0.0
PF07240,PF15883,0,0,0,0,0,1026,0,1.0,0,0,0,0,0,0,1026,0,1.0,0,0
PF05708,PF00171,3,71,3,0,68,955,0.04,0.93,1.0,0.2,71,3,0,68,955,0.04,0.93,1.0,0.2
PF02488,PF16541,0,1,0,0,1,1025,0.0,1.0,0,0,1,0,0,1,1025,0.0,1.0,0,0
PF05398,PF05611,2,0,0,2,0,1024,0,1.0,0.0,0,0,0,2,0,1024,0,1.0,0.0,0
PF07302,PF07499,0,2,0,0,2,1024,0.0,1.0,0,0,2,0,0,2,1024,0.0,1.0,0,0
PF00665,PF05585,71,16,11,60,5,950,0.69,0.94,0.15,0.31,16,11,60,5,950,0.69,0.94,0.15,0.31
PF16836,PF15483,1,1,0,1,1,1024,0.0,1.0,0.0,-0.0,1,0,1,1,1024,0.0,1.0,0.0,-0.0
PF03765,PF13897,17,5,4,13,1,1008,0.8,0.99,0.24,0.43,5,4,13,1,1008,0.8,0.99,0.24,0.43
PF01404,PF14575,6,4,4,2,0,1020,1.0,1.0,0.67,0.82,4,4,2,0,1020,1.0,1.0,0.67,0.82
PF02179,PF09055,9,0,0,9,0,1017,0,0.99,0.0,0,0,0,9,0,1017,0,0.99,0.0,0
PF00664,PF06472,67,11,6,61,5,954,0.55,0.94,0.09,0.2,11,6,61,5,954,0.55,0.94,0.09,0.2
PF14103,PF15756,0,0,0,0,0,1026,0,1.0,0,0,0,0,0,0,1026,0,1.0,0,0
PF14489,PF06403,1,0,0,1,0,1025,0,1.0,0.0,0,0,0,1,0,1025,0,1.0,0.0,0
PF11086,PF03860,0,0,0,0,0,1026,0,1.0,0,0,0,0,0,0,1026,0,1.0,0,0
PF07197,PF16872,0,0,0,0,0,1026,0,1.0,0,0,0,0,0,0,1026,0,1.0,0,0
PF11998,PF03661,1,7,0,1,7,1018,0.0,0.99,0.0,-0.0,7,0,1,7,1018,0.0,0.99,0.0,-0.0
PF10561,PF01106,2,8,1,1,7,1017,0.12,0.99,0.5,0.25,8,1,1,7,1017,0.12,0.99,0.5,0.25
PF15624,PF09441,1,0,0,1,0,1025,0,1.0,0.0,0,0,0,1,0,1025,0,1.0,0.0,0
PF03098,PF08030,18,26,7,11,19,989,0.27,0.97,0.39,0.31,26,7,11,19,989,0.27,0.97,0.39,0.31
PF05265,PF02557,0,1,0,0,1,1025,0.0,1.0,0,0,1,0,0,1,1025,0.0,1.0,0,0
PF11650,PF14322,0,0,0,0,0,1026,0,1.0,0,0,0,0,0,0,1026,0,1.0,0,0
PF02665,PF08856,0,0,0,0,0,1026,0,1.0,0,0,0,0,0,0,1026,0,1.0,0,0
PF10562,PF10565,2,0,0,2,0,1024,0,1.0,0.0,0,0,0,2,0,1024,0,1.0,0.0,0
PF07107,PF11016,0,0,0,0,0,1026,0,1.0,0,0,0,0,0,0,1026,0,1.0,0,0
PF15027,PF13910,0,1,0,0,1,1025,0.0,1.0,0,0,1,0,0,1,1025,0.0,1.0,0,0
PF05777,PF07385,1,0,0,1,0,1025,0,1.0,0.0,0,0,0,1,0,1025,0,1.0,0.0,0
PF16685,PF15273,2,0,0,2,0,1024,0,1.0,0.0,0,0,0,2,0,1024,0,1.0,0.0,0
PF02915,PF13225,1,4,0,1,4,1021,0.0,1.0,0.0,-0.0,4,0,1,4,1021,0.0,1.0,0.0,-0.0
PF14701,PF06202,2,3,2,0,1,1023,0.67,1.0,1.0,0.82,3,2,0,1,1023,0.67,1.0,1.0,0.82
PF03829,PF03608,2,2,2,0,0,1024,1.0,1.0,1.0,1.0,2,2,0,0,1024,1.0,1.0,1.0,1.0
PF02653,PF12399,4,3,3,1,0,1022,1.0,1.0,0.75,0.87,3,3,1,0,1022,1.0,1.0,0.75,0.87
PF14645,PF05399,3,0,0,3,0,1023,0,1.0,0.0,0,0,0,3,0,1023,0,1.0,0.0,0
PF06023,PF06305,0,1,0,0,1,1025,0.0,1.0,0,0,1,0,0,1,1025,0.0,1.0,0,0
PF09751,PF15388,4,1,0,4,1,1021,0.0,1.0,0.0,-0.0,1,0,4,1,1021,0.0,1.0,0.0,-0.0
PF10483,PF05129,2,8,0,2,8,1016,0.0,0.99,0.0,-0.0,8,0,2,8,1016,0.0,0.99,0.0,-0.0
PF11618,PF16056,1,1,0,1,1,1024,0.0,1.0,0.0,-0.0,1,0,1,1,1024,0.0,1.0,0.0,-0.0
PF17051,PF15046,1,2,0,1,2,1023,0.0,1.0,0.0,-0.0,2,0,1,2,1023,0.0,1.0,0.0,-0.0
PF15021,PF15518,0,2,0,0,2,1024,0.0,1.0,0,0,2,0,0,2,1024,0.0,1.0,0,0
PF09734,PF04664,8,0,0,8,0,1018,0,0.99,0.0,0,0,0,8,0,1018,0,0.99,0.0,0
PF03911,PF01097,5,3,1,4,2,1019,0.33,0.99,0.2,0.26,3,1,4,2,1019,0.33,0.99,0.2,0.26
PF06762,PF16027,0,0,0,0,0,1026,0,1.0,0,0,0,0,0,0,1026,0,1.0,0,0
PF07664,PF01773,1,6,0,1,6,1019,0.0,0.99,0.0,-0.0,6,0,1,6,1019,0.0,0.99,0.0,-0.0
PF12256,PF03534,0,0,0,0,0,1026,0,1.0,0,0,0,0,0,0,1026,0,1.0,0,0
PF01302,PF14560,33,5,5,28,0,993,1.0,0.97,0.15,0.38,5,5,28,0,993,1.0,0.97,0.15,0.38
PF08314,PF15492,4,1,1,3,0,1022,1.0,1.0,0.25,0.5,1,1,3,0,1022,1.0,1.0,0.25,0.5
PF14327,PF05383,8,16,2,6,14,1004,0.12,0.98,0.25,0.17,16,2,6,14,1004,0.12,0.98,0.25,0.17
PF15210,PF15683,0,1,0,0,1,1025,0.0,1.0,0,0,1,0,0,1,1025,0.0,1.0,0,0
PF01325,PF03090,0,0,0,0,0,1026,0,1.0,0,0,0,0,0,0,1026,0,1.0,0,0
PF13655,PF08388,2,2,2,0,0,1024,1.0,1.0,1.0,1.0,2,2,0,0,1024,1.0,1.0,1.0,1.0
PF05825,PF15071,0,0,0,0,0,1026,0,1.0,0,0,0,0,0,0,1026,0,1.0,0,0
PF03649,PF03459,1,2,0,1,2,1023,0.0,1.0,0.0,-0.0,2,0,1,2,1023,0.0,1.0,0.0,-0.0
PF09334,PF10458,21,4,2,19,2,1003,0.5,0.98,0.1,0.21,4,2,19,2,1003,0.5,0.98,0.1,0.21
PF16534,PF16557,2,0,0,2,0,1024,0,1.0,0.0,0,0,0,2,0,1024,0,1.0,0.0,0
PF11070,PF06890,0,0,0,0,0,1026,0,1.0,0,0,0,0,0,0,1026,0,1.0,0,0
PF15390,PF14822,0,2,0,0,2,1024,0.0,1.0,0,0,2,0,0,2,1024,0.0,1.0,0,0
PF00345,PF13954,5,4,4,1,0,1021,1.0,1.0,0.8,0.89,4,4,1,0,1021,1.0,1.0,0.8,0.89
PF10461,PF09034,3,2,1,2,1,1022,0.5,1.0,0.33,0.41,2,1,2,1,1022,0.5,1.0,0.33,0.41
PF00647,PF02798,6,26,5,1,21,999,0.19,0.98,0.83,0.39,26,5,1,21,999,0.19,0.98,0.83,0.39
PF01209,PF01294,7,3,0,7,3,1016,0.0,0.99,0.0,-0.0,3,0,7,3,1016,0.0,0.99,0.0,-0.0
PF01545,PF00474,31,26,11,20,15,980,0.42,0.97,0.35,0.37,26,11,20,15,980,0.42,0.97,0.35,0.37
PF16966,PF11471,1,1,1,0,0,1025,1.0,1.0,1.0,1.0,1,1,0,0,1025,1.0,1.0,1.0,1.0
PF02838,PF03174,5,1,1,4,0,1021,1.0,1.0,0.2,0.45,1,1,4,0,1021,1.0,1.0,0.2,0.45
PF02987,PF02919,0,4,0,0,4,1022,0.0,1.0,0,0,4,0,0,4,1022,0.0,1.0,0,0
PF03448,PF00893,3,1,1,2,0,1023,1.0,1.0,0.33,0.58,1,1,2,0,1023,1.0,1.0,0.33,0.58
PF01721,PF09095,1,1,0,1,1,1024,0.0,1.0,0.0,-0.0,1,0,1,1,1024,0.0,1.0,0.0,-0.0
PF08125,PF01232,3,2,2,1,0,1023,1.0,1.0,0.67,0.82,2,2,1,0,1023,1.0,1.0,0.67,0.82
PF11794,PF03241,0,0,0,0,0,1026,0,1.0,0,0,0,0,0,0,1026,0,1.0,0,0
PF15459,PF16874,1,3,0,1,3,1022,0.0,1.0,0.0,-0.0,3,0,1,3,1022,0.0,1.0,0.0,-0.0
PF09664,PF09983,1,1,1,0,0,1025,1.0,1.0,1.0,1.0,1,1,0,0,1025,1.0,1.0,1.0,1.0
PF04108,PF03468,3,3,0,3,3,1020,0.0,0.99,0.0,-0.0,3,0,3,3,1020,0.0,0.99,0.0,-0.0
PF09584,PF16669,0,2,0,0,2,1024,0.0,1.0,0,0,2,0,0,2,1024,0.0,1.0,0,0
PF06267,PF17206,0,0,0,0,0,1026,0,1.0,0,0,0,0,0,0,1026,0,1.0,0,0
PF10396,PF12631,10,6,6,4,0,1016,1.0,1.0,0.6,0.77,6,6,4,0,1016,1.0,1.0,0.6,0.77
PF00839,PF04815,2,20,0,2,20,1004,0.0,0.98,0.0,-0.01,20,0,2,20,1004,0.0,0.98,0.0,-0.01
PF03892,PF09488,0,1,0,0,1,1025,0.0,1.0,0,0,1,0,0,1,1025,0.0,1.0,0,0
PF16212,PF16209,22,23,21,1,2,1002,0.91,1.0,0.95,0.93,23,21,1,2,1002,0.91,1.0,0.95,0.93
PF06728,PF10246,9,7,0,9,7,1010,0.0,0.98,0.0,-0.01,7,0,9,7,1010,0.0,0.98,0.0,-0.01
PF15327,PF16051,1,0,0,1,0,1025,0,1.0,0.0,0,0,0,1,0,1025,0,1.0,0.0,0
PF12100,PF11214,0,0,0,0,0,1026,0,1.0,0,0,0,0,0,0,1026,0,1.0,0,0
PF09769,PF04667,3,5,0,3,5,1018,0.0,0.99,0.0,-0.0,5,0,3,5,1018,0.0,0.99,0.0,-0.0
PF05125,PF10964,0,0,0,0,0,1026,0,1.0,0,0,0,0,0,0,1026,0,1.0,0,0
PF00667,PF00258,21,16,12,9,4,1001,0.75,0.99,0.57,0.65,16,12,9,4,1001,0.75,0.99,0.57,0.65
PF03233,PF03883,1,1,0,1,1,1024,0.0,1.0,0.0,-0.0,1,0,1,1,1024,0.0,1.0,0.0,-0.0
PF08400,PF15068,0,2,0,0,2,1024,0.0,1.0,0,0,2,0,0,2,1024,0.0,1.0,0,0
PF09655,PF14094,0,0,0,0,0,1026,0,1.0,0,0,0,0,0,0,1026,0,1.0,0,0
PF14746,PF14745,2,4,2,0,2,1022,0.5,1.0,1.0,0.71,4,2,0,2,1022,0.5,1.0,1.0,0.71
PF02188,PF02145,9,11,3,6,8,1009,0.27,0.99,0.33,0.29,11,3,6,8,1009,0.27,0.99,0.33,0.29
PF06979,PF11927,5,7,1,4,6,1015,0.14,0.99,0.2,0.16,7,1,4,6,1015,0.14,0.99,0.2,0.16
PF03533,PF09664,2,1,1,1,0,1024,1.0,1.0,0.5,0.71,1,1,1,0,1024,1.0,1.0,0.5,0.71
PF04569,PF10295,0,3,0,0,3,1023,0.0,1.0,0,0,3,0,0,3,1023,0.0,1.0,0,0
PF00215,PF04275,17,8,2,15,6,1003,0.25,0.98,0.12,0.16,8,2,15,6,1003,0.25,0.98,0.12,0.16
PF12284,PF12045,0,1,0,0,1,1025,0.0,1.0,0,0,1,0,0,1,1025,0.0,1.0,0,0
PF03062,PF09335,21,18,5,16,13,992,0.28,0.97,0.24,0.24,18,5,16,13,992,0.28,0.97,0.24,0.24
PF12310,PF02198,1,10,1,0,9,1016,0.1,0.99,1.0,0.31,10,1,0,9,1016,0.1,0.99,1.0,0.31
PF03073,PF13741,2,0,0,2,0,1024,0,1.0,0.0,0,0,0,2,0,1024,0,1.0,0.0,0
PF07725,PF12061,10,1,1,9,0,1016,1.0,0.99,0.1,0.31,1,1,9,0,1016,1.0,0.99,0.1,0.31
PF09777,PF00159,2,0,0,2,0,1024,0,1.0,0.0,0,0,0,2,0,1024,0,1.0,0.0,0
PF10377,PF15246,3,1,0,3,1,1022,0.0,1.0,0.0,-0.0,1,0,3,1,1022,0.0,1.0,0.0,-0.0
PF10288,PF10022,3,6,0,3,6,1017,0.0,0.99,0.0,-0.0,6,0,3,6,1017,0.0,0.99,0.0,-0.0
PF15694,PF15693,0,0,0,0,0,1026,0,1.0,0,0,0,0,0,0,1026,0,1.0,0,0
PF07941,PF11404,4,3,3,1,0,1022,1.0,1.0,0.75,0.87,3,3,1,0,1022,1.0,1.0,0.75,0.87
PF15139,PF15555,0,1,0,0,1,1025,0.0,1.0,0,0,1,0,0,1,1025,0.0,1.0,0,0
PF15559,PF02448,1,0,0,1,0,1025,0,1.0,0.0,0,0,0,1,0,1025,0,1.0,0.0,0
PF01235,PF02741,6,1,0,6,1,1019,0.0,0.99,0.0,-0.0,1,0,6,1,1019,0.0,0.99,0.0,-0.0
PF07688,PF10318,2,10,1,1,9,1015,0.1,0.99,0.5,0.22,10,1,1,9,1015,0.1,0.99,0.5,0.22
PF08173,PF16327,0,1,0,0,1,1025,0.0,1.0,0,0,1,0,0,1,1025,0.0,1.0,0,0
PF10525,PF04617,1,1,0,1,1,1024,0.0,1.0,0.0,-0.0,1,0,1,1,1024,0.0,1.0,0.0,-0.0
PF07267,PF15547,0,0,0,0,0,1026,0,1.0,0,0,0,0,0,0,1026,0,1.0,0,0
PF09792,PF12351,2,5,0,2,5,1019,0.0,0.99,0.0,-0.0,5,0,2,5,1019,0.0,0.99,0.0,-0.0
PF13577,PF00296,4,7,2,2,5,1017,0.29,0.99,0.5,0.37,7,2,2,5,1017,0.29,0.99,0.5,0.37
PF11833,PF10218,2,0,0,2,0,1024,0,1.0,0.0,0,0,0,2,0,1024,0,1.0,0.0,0
PF06481,PF02790,2,8,2,0,6,1018,0.25,0.99,1.0,0.5,8,2,0,6,1018,0.25,0.99,1.0,0.5
PF10536,PF03108,9,12,1,8,11,1006,0.08,0.98,0.11,0.09,12,1,8,11,1006,0.08,0.98,0.11,0.09
PF14376,PF12080,1,0,0,1,0,1025,0,1.0,0.0,0,0,0,1,0,1025,0,1.0,0.0,0
PF08217,PF02765,8,5,0,8,5,1013,0.0,0.99,0.0,-0.01,5,0,8,5,1013,0.0,0.99,0.0,-0.01
PF09752,PF15794,4,4,0,4,4,1018,0.0,0.99,0.0,-0.0,4,0,4,4,1018,0.0,0.99,0.0,-0.0
PF06356,PF06724,0,0,0,0,0,1026,0,1.0,0,0,0,0,0,0,1026,0,1.0,0,0
PF15497,PF00706,2,1,0,2,1,1023,0.0,1.0,0.0,-0.0,1,0,2,1,1023,0.0,1.0,0.0,-0.0
PF03695,PF12019,0,2,0,0,2,1024,0.0,1.0,0,0,2,0,0,2,1024,0.0,1.0,0,0
PF03467,PF04098,6,9,0,6,9,1011,0.0,0.99,0.0,-0.01,9,0,6,9,1011,0.0,0.99,0.0,-0.01
PF01291,PF15055,1,0,0,1,0,1025,0,1.0,0.0,0,0,0,1,0,1025,0,1.0,0.0,0
PF01553,PF00924,37,12,7,30,5,984,0.58,0.97,0.19,0.32,12,7,30,5,984,0.58,0.97,0.19,0.32
PF17070,PF04296,0,0,0,0,0,1026,0,1.0,0,0,0,0,0,0,1026,0,1.0,0,0
PF00257,PF10222,4,8,0,4,8,1014,0.0,0.99,0.0,-0.01,8,0,4,8,1014,0.0,0.99,0.0,-0.01
PF04272,PF03275,1,0,0,1,0,1025,0,1.0,0.0,0,0,0,1,0,1025,0,1.0,0.0,0
PF01035,PF01910,11,2,1,10,1,1014,0.5,0.99,0.09,0.21,2,1,10,1,1014,0.5,0.99,0.09,0.21
PF11800,PF08479,0,0,0,0,0,1026,0,1.0,0,0,0,0,0,0,1026,0,1.0,0,0
PF07019,PF06246,14,3,2,12,1,1011,0.67,0.99,0.14,0.3,3,2,12,1,1011,0.67,0.99,0.14,0.3
PF12072,PF10470,0,0,0,0,0,1026,0,1.0,0,0,0,0,0,0,1026,0,1.0,0,0
PF06977,PF15082,0,0,0,0,0,1026,0,1.0,0,0,0,0,0,0,1026,0,1.0,0,0
PF16832,PF09108,0,0,0,0,0,1026,0,1.0,0,0,0,0,0,0,1026,0,1.0,0,0
PF08069,PF05019,7,7,4,3,3,1016,0.57,0.99,0.57,0.57,7,4,3,3,1016,0.57,0.99,0.57,0.57
PF02732,PF11977,12,6,2,10,4,1010,0.33,0.99,0.17,0.23,6,2,10,4,1010,0.33,0.99,0.17,0.23
PF05477,PF15552,1,0,0,1,0,1025,0,1.0,0.0,0,0,0,1,0,1025,0,1.0,0.0,0
PF00955,PF07565,10,9,6,4,3,1013,0.67,0.99,0.6,0.63,9,6,4,3,1013,0.67,0.99,0.6,0.63
PF00128,PF02922,25,10,9,16,1,1000,0.9,0.98,0.36,0.56,10,9,16,1,1000,0.9,0.98,0.36,0.56
PF03476,PF03473,6,7,6,0,1,1019,0.86,1.0,1.0,0.93,7,6,0,1,1019,0.86,1.0,1.0,0.93
PF09273,PF05033,9,13,2,7,11,1006,0.15,0.98,0.22,0.18,13,2,7,11,1006,0.15,0.98,0.22,0.18
PF02574,PF02607,9,2,2,7,0,1017,1.0,0.99,0.22,0.47,2,2,7,0,1017,1.0,0.99,0.22,0.47
PF09784,PF15744,0,0,0,0,0,1026,0,1.0,0,0,0,0,0,0,1026,0,1.0,0,0
PF05978,PF06813,10,4,1,9,3,1013,0.25,0.99,0.1,0.15,4,1,9,3,1013,0.25,0.99,0.1,0.15
PF05970,PF14214,27,17,14,13,3,996,0.82,0.98,0.52,0.65,17,14,13,3,996,0.82,0.98,0.52,0.65
PF08855,PF14251,0,2,0,0,2,1024,0.0,1.0,0,0,2,0,0,2,1024,0.0,1.0,0,0
PF14738,PF16501,3,1,0,3,1,1022,0.0,1.0,0.0,-0.0,1,0,3,1,1022,0.0,1.0,0.0,-0.0
PF01411,PF07973,21,19,11,10,8,997,0.58,0.98,0.52,0.54,19,11,10,8,997,0.58,0.98,0.52,0.54
PF10018,PF07939,10,0,0,10,0,1016,0,0.99,0.0,0,0,0,10,0,1016,0,0.99,0.0,0
PF13471,PF12883,3,0,0,3,0,1023,0,1.0,0.0,0,0,0,3,0,1023,0,1.0,0.0,0
PF05933,PF15089,2,0,0,2,0,1024,0,1.0,0.0,0,0,0,2,0,1024,0,1.0,0.0,0
PF02436,PF08502,4,5,1,3,4,1018,0.2,0.99,0.25,0.22,5,1,3,4,1018,0.2,0.99,0.25,0.22
PF03116,PF14026,1,0,0,1,0,1025,0,1.0,0.0,0,0,0,1,0,1025,0,1.0,0.0,0
PF10383,PF12432,2,1,0,2,1,1023,0.0,1.0,0.0,-0.0,1,0,2,1,1023,0.0,1.0,0.0,-0.0
PF02996,PF01956,24,7,4,20,3,999,0.57,0.98,0.17,0.3,7,4,20,3,999,0.57,0.98,0.17,0.3
PF03842,PF01701,1,2,0,1,2,1023,0.0,1.0,0.0,-0.0,2,0,1,2,1023,0.0,1.0,0.0,-0.0
PF09817,PF05823,4,1,0,4,1,1021,0.0,1.0,0.0,-0.0,1,0,4,1,1021,0.0,1.0,0.0,-0.0
PF07800,PF02186,2,8,0,2,8,1016,0.0,0.99,0.0,-0.0,8,0,2,8,1016,0.0,0.99,0.0,-0.0
PF15529,PF09611,0,0,0,0,0,1026,0,1.0,0,0,0,0,0,0,1026,0,1.0,0,0
PF15172,PF14672,0,1,0,0,1,1025,0.0,1.0,0,0,1,0,0,1,1025,0.0,1.0,0,0
PF10326,PF10319,15,1,1,14,0,1011,1.0,0.99,0.07,0.26,1,1,14,0,1011,1.0,0.99,0.07,0.26
PF02265,PF06404,5,1,0,5,1,1020,0.0,0.99,0.0,-0.0,1,0,5,1,1020,0.0,0.99,0.0,-0.0
PF01204,PF07492,17,8,8,9,0,1009,1.0,0.99,0.47,0.68,8,8,9,0,1009,1.0,0.99,0.47,0.68
PF05911,PF03468,0,3,0,0,3,1023,0.0,1.0,0,0,3,0,0,3,1023,0.0,1.0,0,0
PF02815,PF02366,17,8,8,9,0,1009,1.0,0.99,0.47,0.68,8,8,9,0,1009,1.0,0.99,0.47,0.68
PF01878,PF08228,4,1,0,4,1,1021,0.0,1.0,0.0,-0.0,1,0,4,1,1021,0.0,1.0,0.0,-0.0
PF07940,PF04428,4,2,0,4,2,1020,0.0,0.99,0.0,-0.0,2,0,4,2,1020,0.0,0.99,0.0,-0.0
PF12470,PF05076,2,1,1,1,0,1024,1.0,1.0,0.5,0.71,1,1,1,0,1024,1.0,1.0,0.5,0.71
PF15020,PF14961,5,2,1,4,1,1020,0.5,1.0,0.2,0.31,2,1,4,1,1020,0.5,1.0,0.2,0.31
PF09045,PF15737,0,0,0,0,0,1026,0,1.0,0,0,0,0,0,0,1026,0,1.0,0,0
PF17092,PF08274,0,0,0,0,0,1026,0,1.0,0,0,0,0,0,0,1026,0,1.0,0,0
PF06160,PF01446,1,1,0,1,1,1024,0.0,1.0,0.0,-0.0,1,0,1,1,1024,0.0,1.0,0.0,-0.0
PF08763,PF16885,5,2,2,3,0,1021,1.0,1.0,0.4,0.63,2,2,3,0,1021,1.0,1.0,0.4,0.63
PF05987,PF08766,1,15,0,1,15,1010,0.0,0.98,0.0,-0.0,15,0,1,15,1010,0.0,0.98,0.0,-0.0
PF03022,PF03417,6,6,1,5,5,1015,0.17,0.99,0.17,0.16,6,1,5,5,1015,0.17,0.99,0.17,0.16
PF11915,PF08631,10,4,2,8,2,1014,0.5,0.99,0.2,0.31,4,2,8,2,1014,0.5,0.99,0.2,0.31
PF11209,PF13205,0,0,0,0,0,1026,0,1.0,0,0,0,0,0,0,1026,0,1.0,0,0
PF05640,PF16944,1,3,0,1,3,1022,0.0,1.0,0.0,-0.0,3,0,1,3,1022,0.0,1.0,0.0,-0.0
PF06830,PF04833,0,3,0,0,3,1023,0.0,1.0,0,0,3,0,0,3,1023,0.0,1.0,0,0
PF15103,PF07310,1,1,0,1,1,1024,0.0,1.0,0.0,-0.0,1,0,1,1,1024,0.0,1.0,0.0,-0.0
PF04874,PF01778,5,9,4,1,5,1016,0.44,0.99,0.8,0.59,9,4,1,5,1016,0.44,0.99,0.8,0.59
PF05391,PF07807,3,4,0,3,4,1019,0.0,0.99,0.0,-0.0,4,0,3,4,1019,0.0,0.99,0.0,-0.0
PF13584,PF14479,0,8,0,0,8,1018,0.0,0.99,0,0,8,0,0,8,1018,0.0,0.99,0,0
PF08249,PF04333,0,0,0,0,0,1026,0,1.0,0,0,0,0,0,0,1026,0,1.0,0,0
PF02408,PF12733,0,1,0,0,1,1025,0.0,1.0,0,0,1,0,0,1,1025,0.0,1.0,0,0
PF00695,PF10335,1,1,0,1,1,1024,0.0,1.0,0.0,-0.0,1,0,1,1,1024,0.0,1.0,0.0,-0.0
PF12294,PF08497,0,0,0,0,0,1026,0,1.0,0,0,0,0,0,0,1026,0,1.0,0,0
PF07542,PF03583,7,2,0,7,2,1017,0.0,0.99,0.0,-0.0,2,0,7,2,1017,0.0,0.99,0.0,-0.0
PF12451,PF17122,6,4,4,2,0,1020,1.0,1.0,0.67,0.82,4,4,2,0,1020,1.0,1.0,0.67,0.82
PF07687,PF01546,9,25,5,4,20,997,0.2,0.98,0.56,0.32,25,5,4,20,997,0.2,0.98,0.56,0.32
PF14728,PF14727,2,2,2,0,0,1024,1.0,1.0,1.0,1.0,2,2,0,0,1024,1.0,1.0,1.0,1.0
PF09394,PF08857,0,0,0,0,0,1026,0,1.0,0,0,0,0,0,0,1026,0,1.0,0,0
PF10950,PF01114,0,2,0,0,2,1024,0.0,1.0,0,0,2,0,0,2,1024,0.0,1.0,0,0
PF13472,PF03659,29,5,4,25,1,996,0.8,0.97,0.14,0.33,5,4,25,1,996,0.8,0.97,0.14,0.33
PF03592,PF06381,1,1,1,0,0,1025,1.0,1.0,1.0,1.0,1,1,0,0,1025,1.0,1.0,1.0,1.0
PF05966,PF13116,0,3,0,0,3,1023,0.0,1.0,0,0,3,0,0,3,1023,0.0,1.0,0,0
PF10616,PF08936,0,0,0,0,0,1026,0,1.0,0,0,0,0,0,0,1026,0,1.0,0,0
PF03446,PF14833,17,12,11,6,1,1008,0.92,0.99,0.65,0.77,12,11,6,1,1008,0.92,0.99,0.65,0.77
PF16632,PF16600,0,0,0,0,0,1026,0,1.0,0,0,0,0,0,0,1026,0,1.0,0,0
PF05157,PF03922,1,0,0,1,0,1025,0,1.0,0.0,0,0,0,1,0,1025,0,1.0,0.0,0
PF15077,PF08601,1,2,1,0,1,1024,0.5,1.0,1.0,0.71,2,1,0,1,1024,0.5,1.0,1.0,0.71
PF12968,PF05979,0,2,0,0,2,1024,0.0,1.0,0,0,2,0,0,2,1024,0.0,1.0,0,0
PF08925,PF00821,4,1,0,4,1,1021,0.0,1.0,0.0,-0.0,1,0,4,1,1021,0.0,1.0,0.0,-0.0
PF16878,PF00157,5,4,2,3,2,1019,0.5,1.0,0.4,0.44,4,2,3,2,1019,0.5,1.0,0.4,0.44
PF12681,PF11124,0,0,0,0,0,1026,0,1.0,0,0,0,0,0,0,1026,0,1.0,0,0
PF16206,PF16213,6,15,5,1,10,1010,0.33,0.99,0.83,0.52,15,5,1,10,1010,0.33,0.99,0.83,0.52
PF00874,PF03123,3,2,2,1,0,1023,1.0,1.0,0.67,0.82,2,2,1,0,1023,1.0,1.0,0.67,0.82
PF00277,PF00272,0,0,0,0,0,1026,0,1.0,0,0,0,0,0,0,1026,0,1.0,0,0
PF00487,PF01070,25,20,7,18,13,988,0.35,0.97,0.28,0.3,20,7,18,13,988,0.35,0.97,0.28,0.3
PF12160,PF08702,3,3,3,0,0,1023,1.0,1.0,1.0,1.0,3,3,0,0,1023,1.0,1.0,1.0,1.0
PF09707,PF08188,0,1,0,0,1,1025,0.0,1.0,0,0,1,0,0,1,1025,0.0,1.0,0,0
PF13403,PF08093,0,1,0,0,1,1025,0.0,1.0,0,0,1,0,0,1,1025,0.0,1.0,0,0
PF07965,PF08725,3,5,2,1,3,1020,0.4,1.0,0.67,0.51,5,2,1,3,1020,0.4,1.0,0.67,0.51
PF08755,PF13369,7,6,3,4,3,1016,0.5,0.99,0.43,0.46,6,3,4,3,1016,0.5,0.99,0.43,0.46
PF12474,PF16797,3,1,1,2,0,1023,1.0,1.0,0.33,0.58,1,1,2,0,1023,1.0,1.0,0.33,0.58
PF11831,PF15934,7,0,0,7,0,1019,0,0.99,0.0,0,0,0,7,0,1019,0,0.99,0.0,0
PF09387,PF07738,0,19,0,0,19,1007,0.0,0.98,0,0,19,0,0,19,1007,0.0,0.98,0,0
PF04056,PF07975,10,4,4,6,0,1016,1.0,0.99,0.4,0.63,4,4,6,0,1016,1.0,0.99,0.4,0.63
PF07217,PF16019,3,2,0,3,2,1021,0.0,1.0,0.0,-0.0,2,0,3,2,1021,0.0,1.0,0.0,-0.0
PF00709,PF05212,9,8,2,7,6,1011,0.25,0.99,0.22,0.23,8,2,7,6,1011,0.25,0.99,0.22,0.23
PF05137,PF04917,0,1,0,0,1,1025,0.0,1.0,0,0,1,0,0,1,1025,0.0,1.0,0,0
PF03169,PF07969,22,13,5,17,8,996,0.38,0.98,0.23,0.28,13,5,17,8,996,0.38,0.98,0.23,0.28
PF07448,PF14986,1,0,0,1,0,1025,0,1.0,0.0,0,0,0,1,0,1025,0,1.0,0.0,0
PF09543,PF14280,0,0,0,0,0,1026,0,1.0,0,0,0,0,0,0,1026,0,1.0,0,0
PF09259,PF00267,2,1,0,2,1,1023,0.0,1.0,0.0,-0.0,1,0,2,1,1023,0.0,1.0,0.0,-0.0
PF02126,PF14931,4,1,0,4,1,1021,0.0,1.0,0.0,-0.0,1,0,4,1,1021,0.0,1.0,0.0,-0.0
PF16705,PF04382,0,3,0,0,3,1023,0.0,1.0,0,0,3,0,0,3,1023,0.0,1.0,0,0
PF02827,PF14672,1,1,0,1,1,1024,0.0,1.0,0.0,-0.0,1,0,1,1,1024,0.0,1.0,0.0,-0.0
PF16869,PF16858,0,2,0,0,2,1024,0.0,1.0,0,0,2,0,0,2,1024,0.0,1.0,0,0
PF15345,PF02253,0,1,0,0,1,1025,0.0,1.0,0,0,1,0,0,1,1025,0.0,1.0,0,0
PF08911,PF00638,7,28,7,0,21,998,0.25,0.98,1.0,0.49,28,7,0,21,998,0.25,0.98,1.0,0.49
PF04419,PF01907,9,8,3,6,5,1012,0.38,0.99,0.33,0.35,8,3,6,5,1012,0.38,0.99,0.33,0.35
PF03025,PF14121,0,0,0,0,0,1026,0,1.0,0,0,0,0,0,0,1026,0,1.0,0,0
PF13629,PF16976,2,2,2,0,0,1024,1.0,1.0,1.0,1.0,2,2,0,0,1024,1.0,1.0,1.0,1.0
PF07023,PF12416,0,3,0,0,3,1023,0.0,1.0,0,0,3,0,0,3,1023,0.0,1.0,0,0
PF03061,PF10457,16,7,3,13,4,1006,0.43,0.98,0.19,0.28,7,3,13,4,1006,0.43,0.98,0.19,0.28
PF16421,PF08781,4,10,1,3,9,1013,0.1,0.99,0.25,0.15,10,1,3,9,1013,0.1,0.99,0.25,0.15
PF11891,PF03479,2,3,0,2,3,1021,0.0,1.0,0.0,-0.0,3,0,2,3,1021,0.0,1.0,0.0,-0.0
PF09200,PF01419,0,8,0,0,8,1018,0.0,0.99,0,0,8,0,0,8,1018,0.0,0.99,0,0
PF12832,PF03647,8,7,2,6,5,1013,0.29,0.99,0.25,0.26,7,2,6,5,1013,0.29,0.99,0.25,0.26
PF01464,PF13462,6,4,0,6,4,1016,0.0,0.99,0.0,-0.0,4,0,6,4,1016,0.0,0.99,0.0,-0.0
PF15491,PF15082,1,0,0,1,0,1025,0,1.0,0.0,0,0,0,1,0,1025,0,1.0,0.0,0
PF12439,PF01660,0,4,0,0,4,1022,0.0,1.0,0,0,4,0,0,4,1022,0.0,1.0,0,0
PF11385,PF11081,0,1,0,0,1,1025,0.0,1.0,0,0,1,0,0,1,1025,0.0,1.0,0,0
PF01453,PF08276,18,13,12,6,1,1007,0.92,0.99,0.67,0.78,13,12,6,1,1007,0.92,0.99,0.67,0.78
PF00284,PF00223,1,6,1,0,5,1020,0.17,1.0,1.0,0.41,6,1,0,5,1020,0.17,1.0,1.0,0.41
PF15696,PF10295,0,3,0,0,3,1023,0.0,1.0,0,0,3,0,0,3,1023,0.0,1.0,0,0
PF06163,PF02342,0,2,0,0,2,1024,0.0,1.0,0,0,2,0,0,2,1024,0.0,1.0,0,0
PF03065,PF06355,1,1,0,1,1,1024,0.0,1.0,0.0,-0.0,1,0,1,1,1024,0.0,1.0,0.0,-0.0
PF09202,PF12169,8,0,0,8,0,1018,0,0.99,0.0,0,0,0,8,0,1018,0,0.99,0.0,0
PF07547,PF15774,1,0,0,1,0,1025,0,1.0,0.0,0,0,0,1,0,1025,0,1.0,0.0,0
PF07950,PF12243,3,3,0,3,3,1020,0.0,0.99,0.0,-0.0,3,0,3,3,1020,0.0,0.99,0.0,-0.0
PF16835,PF12240,5,1,1,4,0,1021,1.0,1.0,0.2,0.45,1,1,4,0,1021,1.0,1.0,0.2,0.45
PF13860,PF12461,1,0,0,1,0,1025,0,1.0,0.0,0,0,0,1,0,1025,0,1.0,0.0,0
PF08013,PF01580,2,2,0,2,2,1022,0.0,1.0,0.0,-0.0,2,0,2,2,1022,0.0,1.0,0.0,-0.0
PF15556,PF02977,1,0,0,1,0,1025,0,1.0,0.0,0,0,0,1,0,1025,0,1.0,0.0,0
PF15636,PF05593,1,4,1,0,3,1022,0.25,1.0,1.0,0.5,4,1,0,3,1022,0.25,1.0,1.0,0.5
PF14631,PF10293,3,3,0,3,3,1020,0.0,0.99,0.0,-0.0,3,0,3,3,1020,0.0,0.99,0.0,-0.0
PF10555,PF02719,2,1,0,2,1,1023,0.0,1.0,0.0,-0.0,1,0,2,1,1023,0.0,1.0,0.0,-0.0
PF03600,PF00939,6,14,2,4,12,1008,0.14,0.98,0.33,0.21,14,2,4,12,1008,0.14,0.98,0.33,0.21
PF05892,PF13330,0,6,0,0,6,1020,0.0,0.99,0,0,6,0,0,6,1020,0.0,0.99,0,0
PF07721,PF07720,3,4,1,2,3,1020,0.25,1.0,0.33,0.29,4,1,2,3,1020,0.25,1.0,0.33,0.29
PF02198,PF12310,10,1,1,9,0,1016,1.0,0.99,0.1,0.31,1,1,9,0,1016,1.0,0.99,0.1,0.31
PF03727,PF00349,11,10,9,2,1,1014,0.9,1.0,0.82,0.86,10,9,2,1,1014,0.9,1.0,0.82,0.86
PF15718,PF15302,2,0,0,2,0,1024,0,1.0,0.0,0,0,0,2,0,1024,0,1.0,0.0,0
PF08357,PF15037,9,2,1,8,1,1016,0.5,0.99,0.11,0.23,2,1,8,1,1016,0.5,0.99,0.11,0.23
PF09594,PF09834,0,0,0,0,0,1026,0,1.0,0,0,0,0,0,0,1026,0,1.0,0,0
PF04670,PF04724,9,4,0,9,4,1013,0.0,0.99,0.0,-0.01,4,0,9,4,1013,0.0,0.99,0.0,-0.01
PF03815,PF08305,9,2,0,9,2,1015,0.0,0.99,0.0,-0.0,2,0,9,2,1015,0.0,0.99,0.0,-0.0
PF01997,PF01680,5,8,1,4,7,1014,0.12,0.99,0.2,0.15,8,1,4,7,1014,0.12,0.99,0.2,0.15
PF08786,PF11691,0,0,0,0,0,1026,0,1.0,0,0,0,0,0,0,1026,0,1.0,0,0
PF11878,PF14429,4,11,4,0,7,1015,0.36,0.99,1.0,0.6,11,4,0,7,1015,0.36,0.99,1.0,0.6
PF06757,PF10325,0,1,0,0,1,1025,0.0,1.0,0,0,1,0,0,1,1025,0.0,1.0,0,0
PF15258,PF12519,1,6,0,1,6,1019,0.0,0.99,0.0,-0.0,6,0,1,6,1019,0.0,0.99,0.0,-0.0
PF15443,PF15460,1,1,0,1,1,1024,0.0,1.0,0.0,-0.0,1,0,1,1,1024,0.0,1.0,0.0,-0.0
PF15951,PF11851,6,1,1,5,0,1020,1.0,1.0,0.17,0.41,1,1,5,0,1020,1.0,1.0,0.17,0.41
PF12341,PF08953,7,6,1,6,5,1014,0.17,0.99,0.14,0.15,6,1,6,5,1014,0.17,0.99,0.14,0.15
PF03925,PF07157,0,0,0,0,0,1026,0,1.0,0,0,0,0,0,0,1026,0,1.0,0,0
PF08843,PF11317,0,0,0,0,0,1026,0,1.0,0,0,0,0,0,0,1026,0,1.0,0,0
PF06222,PF09722,0,0,0,0,0,1026,0,1.0,0,0,0,0,0,0,1026,0,1.0,0,0
PF14885,PF17049,1,1,0,1,1,1024,0.0,1.0,0.0,-0.0,1,0,1,1,1024,0.0,1.0,0.0,-0.0
PF14749,PF01756,15,13,10,5,3,1008,0.77,0.99,0.67,0.71,13,10,5,3,1008,0.77,0.99,0.67,0.71
PF02502,PF05899,3,1,0,3,1,1022,0.0,1.0,0.0,-0.0,1,0,3,1,1022,0.0,1.0,0.0,-0.0
PF08837,PF16071,0,0,0,0,0,1026,0,1.0,0,0,0,0,0,0,1026,0,1.0,0,0
PF06675,PF15633,0,0,0,0,0,1026,0,1.0,0,0,0,0,0,0,1026,0,1.0,0,0
PF12399,PF13732,3,3,2,1,1,1022,0.67,1.0,0.67,0.67,3,2,1,1,1022,0.67,1.0,0.67,0.67
PF11429,PF05316,0,1,0,0,1,1025,0.0,1.0,0,0,1,0,0,1,1025,0.0,1.0,0,0
PF15992,PF04583,0,1,0,0,1,1025,0.0,1.0,0,0,1,0,0,1,1025,0.0,1.0,0,0
PF10661,PF01696,0,0,0,0,0,1026,0,1.0,0,0,0,0,0,0,1026,0,1.0,0,0
PF07354,PF15053,1,0,0,1,0,1025,0,1.0,0.0,0,0,0,1,0,1025,0,1.0,0.0,0
PF05272,PF11751,0,0,0,0,0,1026,0,1.0,0,0,0,0,0,0,1026,0,1.0,0,0
PF04090,PF10104,1,4,1,0,3,1022,0.25,1.0,1.0,0.5,4,1,0,3,1022,0.25,1.0,1.0,0.5
PF09454,PF05743,6,7,6,0,1,1019,0.86,1.0,1.0,0.93,7,6,0,1,1019,0.86,1.0,1.0,0.93
PF16171,PF05604,0,0,0,0,0,1026,0,1.0,0,0,0,0,0,0,1026,0,1.0,0,0
PF13887,PF13888,2,2,2,0,0,1024,1.0,1.0,1.0,1.0,2,2,0,0,1024,1.0,1.0,1.0,1.0
PF08050,PF12220,1,1,0,1,1,1024,0.0,1.0,0.0,-0.0,1,0,1,1,1024,0.0,1.0,0.0,-0.0
PF08295,PF02671,9,12,8,1,4,1013,0.67,1.0,0.89,0.77,12,8,1,4,1013,0.67,1.0,0.89,0.77
PF01487,PF08501,9,11,8,1,3,1014,0.73,1.0,0.89,0.8,11,8,1,3,1014,0.73,1.0,0.89,0.8
PF00805,PF13599,11,3,1,10,2,1013,0.33,0.99,0.09,0.17,3,1,10,2,1013,0.33,0.99,0.09,0.17
PF14993,PF01668,1,2,0,1,2,1023,0.0,1.0,0.0,-0.0,2,0,1,2,1023,0.0,1.0,0.0,-0.0
PF16851,PF10868,1,1,0,1,1,1024,0.0,1.0,0.0,-0.0,1,0,1,1,1024,0.0,1.0,0.0,-0.0
PF13371,PF08755,0,7,0,0,7,1019,0.0,0.99,0,0,7,0,0,7,1019,0.0,0.99,0,0
PF08515,PF01064,4,8,3,1,5,1017,0.38,0.99,0.75,0.53,8,3,1,5,1017,0.38,0.99,0.75,0.53
PF08706,PF13722,2,1,0,2,1,1023,0.0,1.0,0.0,-0.0,1,0,2,1,1023,0.0,1.0,0.0,-0.0
PF13176,PF13181,34,84,26,8,58,934,0.31,0.94,0.76,0.46,84,26,8,58,934,0.31,0.94,0.76,0.46
PF06752,PF04126,1,0,0,1,0,1025,0,1.0,0.0,0,0,0,1,0,1025,0,1.0,0.0,0
PF04231,PF09962,2,2,0,2,2,1022,0.0,1.0,0.0,-0.0,2,0,2,2,1022,0.0,1.0,0.0,-0.0
PF07412,PF10276,2,2,0,2,2,1022,0.0,1.0,0.0,-0.0,2,0,2,2,1022,0.0,1.0,0.0,-0.0
PF04057,PF16900,6,13,5,1,8,1012,0.38,0.99,0.83,0.56,13,5,1,8,1012,0.38,0.99,0.83,0.56
PF11871,PF17058,0,0,0,0,0,1026,0,1.0,0,0,0,0,0,0,1026,0,1.0,0,0
PF17205,PF07965,3,3,3,0,0,1023,1.0,1.0,1.0,1.0,3,3,0,0,1023,1.0,1.0,1.0,1.0
PF05818,PF13802,1,14,0,1,14,1011,0.0,0.99,0.0,-0.0,14,0,1,14,1011,0.0,0.99,0.0,-0.0
PF10153,PF11291,3,0,0,3,0,1023,0,1.0,0.0,0,0,0,3,0,1023,0,1.0,0.0,0
PF03865,PF13722,0,1,0,0,1,1025,0.0,1.0,0,0,1,0,0,1,1025,0.0,1.0,0,0
PF13537,PF00733,12,16,8,4,8,1006,0.5,0.99,0.67,0.57,16,8,4,8,1006,0.5,0.99,0.67,0.57
PF02107,PF02501,1,3,0,1,3,1022,0.0,1.0,0.0,-0.0,3,0,1,3,1022,0.0,1.0,0.0,-0.0
PF08511,PF10213,2,7,1,1,6,1018,0.14,0.99,0.5,0.26,7,1,1,6,1018,0.14,0.99,0.5,0.26
PF06060,PF14674,2,0,0,2,0,1024,0,1.0,0.0,0,0,0,2,0,1024,0,1.0,0.0,0
PF01880,PF11245,1,0,0,1,0,1025,0,1.0,0.0,0,0,0,1,0,1025,0,1.0,0.0,0
PF14724,PF10221,0,6,0,0,6,1020,0.0,0.99,0,0,6,0,0,6,1020,0.0,0.99,0,0
PF03153,PF01521,7,9,1,6,8,1011,0.11,0.99,0.14,0.12,9,1,6,8,1011,0.11,0.99,0.14,0.12
PF13839,PF14416,14,9,9,5,0,1012,1.0,1.0,0.64,0.8,9,9,5,0,1012,1.0,1.0,0.64,0.8
PF03050,PF13007,0,0,0,0,0,1026,0,1.0,0,0,0,0,0,0,1026,0,1.0,0,0
PF05393,PF08945,0,0,0,0,0,1026,0,1.0,0,0,0,0,0,0,1026,0,1.0,0,0
PF12746,PF08186,0,0,0,0,0,1026,0,1.0,0,0,0,0,0,0,1026,0,1.0,0,0
PF04450,PF04690,1,1,0,1,1,1024,0.0,1.0,0.0,-0.0,1,0,1,1,1024,0.0,1.0,0.0,-0.0
PF14625,PF01683,6,12,2,4,10,1010,0.17,0.99,0.33,0.23,12,2,4,10,1010,0.17,0.99,0.33,0.23
PF01970,PF14690,0,0,0,0,0,1026,0,1.0,0,0,0,0,0,0,1026,0,1.0,0,0
PF08067,PF16274,1,1,0,1,1,1024,0.0,1.0,0.0,-0.0,1,0,1,1,1024,0.0,1.0,0.0,-0.0
PF02605,PF09057,1,2,0,1,2,1023,0.0,1.0,0.0,-0.0,2,0,1,2,1023,0.0,1.0,0.0,-0.0
PF04906,PF15396,1,1,0,1,1,1024,0.0,1.0,0.0,-0.0,1,0,1,1,1024,0.0,1.0,0.0,-0.0
PF11331,PF14611,2,3,0,2,3,1021,0.0,1.0,0.0,-0.0,3,0,2,3,1021,0.0,1.0,0.0,-0.0
PF05047,PF02284,3,1,0,3,1,1022,0.0,1.0,0.0,-0.0,1,0,3,1,1022,0.0,1.0,0.0,-0.0
PF03477,PF00317,3,7,3,0,4,1019,0.43,1.0,1.0,0.65,7,3,0,4,1019,0.43,1.0,1.0,0.65
PF12886,PF12884,4,1,1,3,0,1022,1.0,1.0,0.25,0.5,1,1,3,0,1022,1.0,1.0,0.25,0.5
PF11352,PF04461,0,0,0,0,0,1026,0,1.0,0,0,0,0,0,0,1026,0,1.0,0,0
PF15484,PF07805,1,0,0,1,0,1025,0,1.0,0.0,0,0,0,1,0,1025,0,1.0,0.0,0
PF09966,PF11907,0,0,0,0,0,1026,0,1.0,0,0,0,0,0,0,1026,0,1.0,0,0
PF00959,PF14099,3,1,0,3,1,1022,0.0,1.0,0.0,-0.0,1,0,3,1,1022,0.0,1.0,0.0,-0.0
PF05507,PF08768,1,0,0,1,0,1025,0,1.0,0.0,0,0,0,1,0,1025,0,1.0,0.0,0
PF04862,PF14365,6,2,0,6,2,1018,0.0,0.99,0.0,-0.0,2,0,6,2,1018,0.0,0.99,0.0,-0.0
PF09330,PF02873,4,2,1,3,1,1021,0.5,1.0,0.25,0.35,2,1,3,1,1021,0.5,1.0,0.25,0.35
PF00214,PF14473,0,0,0,0,0,1026,0,1.0,0,0,0,0,0,0,1026,0,1.0,0,0
PF06121,PF06482,1,2,1,0,1,1024,0.5,1.0,1.0,0.71,2,1,0,1,1024,0.5,1.0,1.0,0.71
PF07792,PF15912,0,0,0,0,0,1026,0,1.0,0,0,0,0,0,0,1026,0,1.0,0,0
PF08436,PF13288,9,3,3,6,0,1017,1.0,0.99,0.33,0.58,3,3,6,0,1017,1.0,0.99,0.33,0.58
PF13902,PF12752,4,10,1,3,9,1013,0.1,0.99,0.25,0.15,10,1,3,9,1013,0.1,0.99,0.25,0.15
PF11967,PF01514,2,2,0,2,2,1022,0.0,1.0,0.0,-0.0,2,0,2,2,1022,0.0,1.0,0.0,-0.0
PF07072,PF01467,1,23,1,0,22,1003,0.04,0.98,1.0,0.21,23,1,0,22,1003,0.04,0.98,1.0,0.21
PF15790,PF07529,0,6,0,0,6,1020,0.0,0.99,0,0,6,0,0,6,1020,0.0,0.99,0,0
PF09235,PF16517,2,8,2,0,6,1018,0.25,0.99,1.0,0.5,8,2,0,6,1018,0.25,0.99,1.0,0.5
PF05889,PF00147,0,44,0,0,44,982,0.0,0.96,0,0,44,0,0,44,982,0.0,0.96,0,0
PF15155,PF15662,2,0,0,2,0,1024,0,1.0,0.0,0,0,0,2,0,1024,0,1.0,0.0,0
PF12462,PF00516,0,0,0,0,0,1026,0,1.0,0,0,0,0,0,0,1026,0,1.0,0,0
PF04718,PF16158,4,7,1,3,6,1016,0.14,0.99,0.25,0.18,7,1,3,6,1016,0.14,0.99,0.25,0.18
PF09354,PF16675,1,1,1,0,0,1025,1.0,1.0,1.0,1.0,1,1,0,0,1025,1.0,1.0,1.0,1.0
PF15088,PF14866,0,0,0,0,0,1026,0,1.0,0,0,0,0,0,0,1026,0,1.0,0,0
PF03537,PF06206,3,1,0,3,1,1022,0.0,1.0,0.0,-0.0,1,0,3,1,1022,0.0,1.0,0.0,-0.0
PF06631,PF11618,4,1,0,4,1,1021,0.0,1.0,0.0,-0.0,1,0,4,1,1021,0.0,1.0,0.0,-0.0
PF03792,PF00157,6,4,2,4,2,1018,0.5,0.99,0.33,0.41,4,2,4,2,1018,0.5,0.99,0.33,0.41
PF06873,PF04820,0,2,0,0,2,1024,0.0,1.0,0,0,2,0,0,2,1024,0.0,1.0,0,0
PF15129,PF14984,0,3,0,0,3,1023,0.0,1.0,0,0,3,0,0,3,1023,0.0,1.0,0,0
PF00125,PF16211,31,16,13,18,3,992,0.81,0.98,0.42,0.58,16,13,18,3,992,0.81,0.98,0.42,0.58
PF00097,PF13445,50,41,21,29,20,956,0.51,0.95,0.42,0.44,41,21,29,20,956,0.51,0.95,0.42,0.44
PF02816,PF16519,7,6,5,2,1,1018,0.83,1.0,0.71,0.77,6,5,2,1,1018,0.83,1.0,0.71,0.77
PF02748,PF03135,1,5,0,1,5,1020,0.0,0.99,0.0,-0.0,5,0,1,5,1020,0.0,0.99,0.0,-0.0
PF09529,PF06798,1,0,0,1,0,1025,0,1.0,0.0,0,0,0,1,0,1025,0,1.0,0.0,0
PF11744,PF04535,6,1,0,6,1,1019,0.0,0.99,0.0,-0.0,1,0,6,1,1019,0.0,0.99,0.0,-0.0
PF00305,PF01477,11,20,8,3,12,1003,0.4,0.99,0.73,0.53,20,8,3,12,1003,0.4,0.99,0.73,0.53
PF13762,PF08334,1,2,0,1,2,1023,0.0,1.0,0.0,-0.0,2,0,1,2,1023,0.0,1.0,0.0,-0.0
PF15181,PF16477,1,0,0,1,0,1025,0,1.0,0.0,0,0,0,1,0,1025,0,1.0,0.0,0
PF10092,PF04421,0,3,0,0,3,1023,0.0,1.0,0,0,3,0,0,3,1023,0.0,1.0,0,0
PF08302,PF09511,2,5,2,0,3,1021,0.4,1.0,1.0,0.63,5,2,0,3,1021,0.4,1.0,1.0,0.63
PF08596,PF12490,5,2,0,5,2,1019,0.0,0.99,0.0,-0.0,2,0,5,2,1019,0.0,0.99,0.0,-0.0
PF04636,PF05428,5,0,0,5,0,1021,0,1.0,0.0,0,0,0,5,0,1021,0,1.0,0.0,0
PF13466,PF05494,2,1,1,1,0,1024,1.0,1.0,0.5,0.71,1,1,1,0,1024,1.0,1.0,0.5,0.71
PF00204,PF00986,11,7,5,6,2,1013,0.71,0.99,0.45,0.57,7,5,6,2,1013,0.71,0.99,0.45,0.57
PF06379,PF12081,1,0,0,1,0,1025,0,1.0,0.0,0,0,0,1,0,1025,0,1.0,0.0,0
PF01323,PF06288,7,0,0,7,0,1019,0,0.99,0.0,0,0,0,7,0,1019,0,0.99,0.0,0
PF07962,PF16297,5,1,0,5,1,1020,0.0,0.99,0.0,-0.0,1,0,5,1,1020,0.0,0.99,0.0,-0.0
PF01025,PF01871,8,5,1,7,4,1014,0.2,0.99,0.12,0.15,5,1,7,4,1014,0.2,0.99,0.12,0.15
PF08147,PF03880,3,3,0,3,3,1020,0.0,0.99,0.0,-0.0,3,0,3,3,1020,0.0,0.99,0.0,-0.0
PF16064,PF04500,5,15,2,3,13,1008,0.13,0.98,0.4,0.22,15,2,3,13,1008,0.13,0.98,0.4,0.22
PF09183,PF11720,0,0,0,0,0,1026,0,1.0,0,0,0,0,0,0,1026,0,1.0,0,0
PF04156,PF12362,0,0,0,0,0,1026,0,1.0,0,0,0,0,0,0,1026,0,1.0,0,0
PF06311,PF00640,1,27,1,0,26,999,0.04,0.97,1.0,0.19,27,1,0,26,999,0.04,0.97,1.0,0.19
PF02597,PF02391,6,5,2,4,3,1017,0.4,0.99,0.33,0.36,5,2,4,3,1017,0.4,0.99,0.33,0.36
PF01263,PF05042,13,3,2,11,1,1012,0.67,0.99,0.15,0.32,3,2,11,1,1012,0.67,0.99,0.15,0.32
PF04378,PF09611,2,0,0,2,0,1024,0,1.0,0.0,0,0,0,2,0,1024,0,1.0,0.0,0
PF16381,PF08752,6,6,6,0,0,1020,1.0,1.0,1.0,1.0,6,6,0,0,1020,1.0,1.0,1.0,1.0
PF02469,PF08648,21,4,2,19,2,1003,0.5,0.98,0.1,0.21,4,2,19,2,1003,0.5,0.98,0.1,0.21
PF07744,PF07533,10,5,2,8,3,1013,0.4,0.99,0.2,0.28,5,2,8,3,1013,0.4,0.99,0.2,0.28
PF08587,PF13240,4,1,1,3,0,1022,1.0,1.0,0.25,0.5,1,1,3,0,1022,1.0,1.0,0.25,0.5
PF15916,PF09297,0,2,0,0,2,1024,0.0,1.0,0,0,2,0,0,2,1024,0.0,1.0,0,0
PF02036,PF01575,8,12,5,3,7,1011,0.42,0.99,0.62,0.51,12,5,3,7,1011,0.42,0.99,0.62,0.51
PF07007,PF17119,0,1,0,0,1,1025,0.0,1.0,0,0,1,0,0,1,1025,0.0,1.0,0,0
PF09797,PF10022,5,6,0,5,6,1015,0.0,0.99,0.0,-0.01,6,0,5,6,1015,0.0,0.99,0.0,-0.01
PF14765,PF16073,22,10,9,13,1,1003,0.9,0.99,0.41,0.6,10,9,13,1,1003,0.9,0.99,0.41,0.6
PF03805,PF01194,0,2,0,0,2,1024,0.0,1.0,0,0,2,0,0,2,1024,0.0,1.0,0,0
PF10165,PF05719,4,4,2,2,2,1020,0.5,1.0,0.5,0.5,4,2,2,2,1020,0.5,1.0,0.5,0.5
PF04908,PF07797,9,5,0,9,5,1012,0.0,0.99,0.0,-0.01,5,0,9,5,1012,0.0,0.99,0.0,-0.01
PF12131,PF08773,1,2,1,0,1,1024,0.5,1.0,1.0,0.71,2,1,0,1,1024,0.5,1.0,1.0,0.71
PF16706,PF11244,1,0,0,1,0,1025,0,1.0,0.0,0,0,0,1,0,1025,0,1.0,0.0,0
PF00150,PF10503,26,6,4,22,2,998,0.67,0.98,0.15,0.31,6,4,22,2,998,0.67,0.98,0.15,0.31
PF17097,PF07834,0,1,0,0,1,1025,0.0,1.0,0,0,1,0,0,1,1025,0.0,1.0,0,0
PF15202,PF15895,1,0,0,1,0,1025,0,1.0,0.0,0,0,0,1,0,1025,0,1.0,0.0,0
PF07971,PF03074,7,6,1,6,5,1014,0.17,0.99,0.14,0.15,6,1,6,5,1014,0.17,0.99,0.14,0.15
PF14636,PF14638,5,4,4,1,0,1021,1.0,1.0,0.8,0.89,4,4,1,0,1021,1.0,1.0,0.8,0.89
PF02668,PF10609,19,12,5,14,7,1000,0.42,0.98,0.26,0.32,12,5,14,7,1000,0.42,0.98,0.26,0.32
PF06993,PF12467,0,2,0,0,2,1024,0.0,1.0,0,0,2,0,0,2,1024,0.0,1.0,0,0
PF14449,PF04740,0,0,0,0,0,1026,0,1.0,0,0,0,0,0,0,1026,0,1.0,0,0
PF01212,PF02347,16,6,4,12,2,1008,0.67,0.99,0.25,0.4,6,4,12,2,1008,0.67,0.99,0.25,0.4
PF10457,PF07059,7,3,1,6,2,1017,0.33,0.99,0.14,0.21,3,1,6,2,1017,0.33,0.99,0.14,0.21
PF06695,PF15062,0,0,0,0,0,1026,0,1.0,0,0,0,0,0,0,1026,0,1.0,0,0
PF09802,PF15849,2,0,0,2,0,1024,0,1.0,0.0,0,0,0,2,0,1024,0,1.0,0.0,0
PF11681,PF05974,0,0,0,0,0,1026,0,1.0,0,0,0,0,0,0,1026,0,1.0,0,0
PF06067,PF10517,0,2,0,0,2,1024,0.0,1.0,0,0,2,0,0,2,1024,0.0,1.0,0,0
PF00731,PF02222,6,5,4,2,1,1019,0.8,1.0,0.67,0.73,5,4,2,1,1019,0.8,1.0,0.67,0.73
PF13962,PF00710,12,8,2,10,6,1008,0.25,0.98,0.17,0.2,8,2,10,6,1008,0.25,0.98,0.17,0.2
PF07582,PF02058,0,0,0,0,0,1026,0,1.0,0,0,0,0,0,0,1026,0,1.0,0,0
PF03409,PF10325,2,1,0,2,1,1023,0.0,1.0,0.0,-0.0,1,0,2,1,1023,0.0,1.0,0.0,-0.0
PF12456,PF07092,6,2,1,5,1,1019,0.5,0.99,0.17,0.29,2,1,5,1,1019,0.5,0.99,0.17,0.29
PF04790,PF05007,3,8,2,1,6,1017,0.25,0.99,0.67,0.41,8,2,1,6,1017,0.25,0.99,0.67,0.41
PF13765,PF00622,17,48,12,5,36,973,0.25,0.96,0.71,0.41,48,12,5,36,973,0.25,0.96,0.71,0.41
PF11054,PF07276,1,0,0,1,0,1025,0,1.0,0.0,0,0,0,1,0,1025,0,1.0,0.0,0
PF09682,PF13906,0,13,0,0,13,1013,0.0,0.99,0,0,13,0,0,13,1013,0.0,0.99,0,0
PF09427,PF12533,3,2,0,3,2,1021,0.0,1.0,0.0,-0.0,2,0,3,2,1021,0.0,1.0,0.0,-0.0
PF10044,PF12585,2,0,0,2,0,1024,0,1.0,0.0,0,0,0,2,0,1024,0,1.0,0.0,0
PF06683,PF12121,0,0,0,0,0,1026,0,1.0,0,0,0,0,0,0,1026,0,1.0,0,0
PF11832,PF04245,0,0,0,0,0,1026,0,1.0,0,0,0,0,0,0,1026,0,1.0,0,0
PF15169,PF03745,0,0,0,0,0,1026,0,1.0,0,0,0,0,0,0,1026,0,1.0,0,0
PF09493,PF08497,0,0,0,0,0,1026,0,1.0,0,0,0,0,0,0,1026,0,1.0,0,0
PF04353,PF04553,1,0,0,1,0,1025,0,1.0,0.0,0,0,0,1,0,1025,0,1.0,0.0,0
PF07405,PF01913,0,1,0,0,1,1025,0.0,1.0,0,0,1,0,0,1,1025,0.0,1.0,0,0
PF09810,PF10303,3,3,1,2,2,1021,0.33,1.0,0.33,0.33,3,1,2,2,1021,0.33,1.0,0.33,0.33
PF08093,PF05962,1,1,0,1,1,1024,0.0,1.0,0.0,-0.0,1,0,1,1,1024,0.0,1.0,0.0,-0.0
PF04935,PF09511,5,5,0,5,5,1016,0.0,0.99,0.0,-0.0,5,0,5,5,1016,0.0,0.99,0.0,-0.0
PF15347,PF15703,2,2,0,2,2,1022,0.0,1.0,0.0,-0.0,2,0,2,2,1022,0.0,1.0,0.0,-0.0
PF03930,PF15518,1,2,0,1,2,1023,0.0,1.0,0.0,-0.0,2,0,1,2,1023,0.0,1.0,0.0,-0.0
PF16524,PF07695,1,2,1,0,1,1024,0.5,1.0,1.0,0.71,2,1,0,1,1024,0.5,1.0,1.0,0.71
PF06824,PF06609,8,5,1,7,4,1014,0.2,0.99,0.12,0.15,5,1,7,4,1014,0.2,0.99,0.12,0.15
PF05416,PF10106,2,0,0,2,0,1024,0,1.0,0.0,0,0,0,2,0,1024,0,1.0,0.0,0
PF13005,PF05065,0,1,0,0,1,1025,0.0,1.0,0,0,1,0,0,1,1025,0.0,1.0,0,0
PF02910,PF00890,10,21,10,0,11,1005,0.48,0.99,1.0,0.69,21,10,0,11,1005,0.48,0.99,1.0,0.69
PF04561,PF10385,1,2,1,0,1,1024,0.5,1.0,1.0,0.71,2,1,0,1,1024,0.5,1.0,1.0,0.71
PF00620,PF00169,62,91,37,25,54,910,0.41,0.92,0.6,0.45,91,37,25,54,910,0.41,0.92,0.6,0.45
PF07425,PF08719,0,14,0,0,14,1012,0.0,0.99,0,0,14,0,0,14,1012,0.0,0.99,0,0
PF00607,PF02093,5,3,1,4,2,1019,0.33,0.99,0.2,0.26,3,1,4,2,1019,0.33,0.99,0.2,0.26
PF11249,PF14092,0,0,0,0,0,1026,0,1.0,0,0,0,0,0,0,1026,0,1.0,0,0
PF08708,PF17206,0,0,0,0,0,1026,0,1.0,0,0,0,0,0,0,1026,0,1.0,0,0
PF10143,PF06415,0,1,0,0,1,1025,0.0,1.0,0,0,1,0,0,1,1025,0.0,1.0,0,0
PF00623,PF04983,18,18,18,0,0,1008,1.0,1.0,1.0,1.0,18,18,0,0,1008,1.0,1.0,1.0,1.0
PF12297,PF10481,1,1,0,1,1,1024,0.0,1.0,0.0,-0.0,1,0,1,1,1024,0.0,1.0,0.0,-0.0
PF00652,PF00535,26,43,22,4,21,979,0.51,0.98,0.85,0.65,43,22,4,21,979,0.51,0.98,0.85,0.65
PF07964,PF08479,2,0,0,2,0,1024,0,1.0,0.0,0,0,0,2,0,1024,0,1.0,0.0,0
PF15558,PF10506,1,2,0,1,2,1023,0.0,1.0,0.0,-0.0,2,0,1,2,1023,0.0,1.0,0.0,-0.0
PF15296,PF14764,1,2,0,1,2,1023,0.0,1.0,0.0,-0.0,2,0,1,2,1023,0.0,1.0,0.0,-0.0
PF09419,PF07939,6,0,0,6,0,1020,0,0.99,0.0,0,0,0,6,0,1020,0,0.99,0.0,0
PF08637,PF10022,5,6,0,5,6,1015,0.0,0.99,0.0,-0.01,6,0,5,6,1015,0.0,0.99,0.0,-0.01
PF09551,PF14976,0,0,0,0,0,1026,0,1.0,0,0,0,0,0,0,1026,0,1.0,0,0
PF09069,PF09068,3,4,3,0,1,1022,0.75,1.0,1.0,0.87,4,3,0,1,1022,0.75,1.0,1.0,0.87
PF01186,PF00530,3,27,3,0,24,999,0.11,0.98,1.0,0.33,27,3,0,24,999,0.11,0.98,1.0,0.33
PF09145,PF13722,0,1,0,0,1,1025,0.0,1.0,0,0,1,0,0,1,1025,0.0,1.0,0,0
PF09439,PF02284,3,1,0,3,1,1022,0.0,1.0,0.0,-0.0,1,0,3,1,1022,0.0,1.0,0.0,-0.0
PF16065,PF01933,4,4,0,4,4,1018,0.0,0.99,0.0,-0.0,4,0,4,4,1018,0.0,0.99,0.0,-0.0
PF08209,PF02234,8,5,0,8,5,1013,0.0,0.99,0.0,-0.01,5,0,8,5,1013,0.0,0.99,0.0,-0.01
PF14642,PF05179,0,4,0,0,4,1022,0.0,1.0,0,0,4,0,0,4,1022,0.0,1.0,0,0
PF02673,PF08795,1,0,0,1,0,1025,0,1.0,0.0,0,0,0,1,0,1025,0,1.0,0.0,0
PF14368,PF04720,12,6,1,11,5,1009,0.17,0.98,0.08,0.11,6,1,11,5,1009,0.17,0.98,0.08,0.11
PF07693,PF00710,6,8,2,4,6,1014,0.25,0.99,0.33,0.28,8,2,4,6,1014,0.25,0.99,0.33,0.28
PF12043,PF03085,2,0,0,2,0,1024,0,1.0,0.0,0,0,0,2,0,1024,0,1.0,0.0,0
PF05671,PF04764,1,0,0,1,0,1025,0,1.0,0.0,0,0,0,1,0,1025,0,1.0,0.0,0
PF04264,PF13722,0,1,0,0,1,1025,0.0,1.0,0,0,1,0,0,1,1025,0.0,1.0,0,0
PF06277,PF11921,0,0,0,0,0,1026,0,1.0,0,0,0,0,0,0,1026,0,1.0,0,0
PF00463,PF01274,6,9,2,4,7,1013,0.22,0.99,0.33,0.27,9,2,4,7,1013,0.22,0.99,0.33,0.27
PF01016,PF04716,11,10,0,11,10,1005,0.0,0.98,0.0,-0.01,10,0,11,10,1005,0.0,0.98,0.0,-0.01
PF09990,PF03379,0,2,0,0,2,1024,0.0,1.0,0,0,2,0,0,2,1024,0.0,1.0,0,0
PF04473,PF03234,0,4,0,0,4,1022,0.0,1.0,0,0,4,0,0,4,1022,0.0,1.0,0,0
PF07296,PF04453,0,2,0,0,2,1024,0.0,1.0,0,0,2,0,0,2,1024,0.0,1.0,0,0
PF05772,PF05925,0,1,0,0,1,1025,0.0,1.0,0,0,1,0,0,1,1025,0.0,1.0,0,0
PF12311,PF07350,0,1,0,0,1,1025,0.0,1.0,0,0,1,0,0,1,1025,0.0,1.0,0,0
PF00458,PF09180,15,8,5,10,3,1008,0.62,0.99,0.33,0.45,8,5,10,3,1008,0.62,0.99,0.33,0.45
PF06505,PF06070,0,0,0,0,0,1026,0,1.0,0,0,0,0,0,0,1026,0,1.0,0,0
PF00210,PF02284,11,1,1,10,0,1015,1.0,0.99,0.09,0.3,1,1,10,0,1015,1.0,0.99,0.09,0.3
PF08256,PF08248,1,0,0,1,0,1025,0,1.0,0.0,0,0,0,1,0,1025,0,1.0,0.0,0
PF08926,PF14593,1,2,1,0,1,1024,0.5,1.0,1.0,0.71,2,1,0,1,1024,0.5,1.0,1.0,0.71
PF01669,PF15762,0,0,0,0,0,1026,0,1.0,0,0,0,0,0,0,1026,0,1.0,0,0
PF13847,PF08241,33,42,16,17,26,967,0.38,0.96,0.48,0.41,42,16,17,26,967,0.38,0.96,0.48,0.41
PF15949,PF10358,2,10,0,2,10,1014,0.0,0.99,0.0,-0.0,10,0,2,10,1014,0.0,0.99,0.0,-0.0
PF00227,PF10584,53,20,20,33,0,973,1.0,0.97,0.38,0.6,20,20,33,0,973,1.0,0.97,0.38,0.6
PF00513,PF08719,0,14,0,0,14,1012,0.0,0.99,0,0,14,0,0,14,1012,0.0,0.99,0,0
PF01677,PF06311,0,1,0,0,1,1025,0.0,1.0,0,0,1,0,0,1,1025,0.0,1.0,0,0
PF06684,PF03222,0,2,0,0,2,1024,0.0,1.0,0,0,2,0,0,2,1024,0.0,1.0,0,0
PF07326,PF00419,0,3,0,0,3,1023,0.0,1.0,0,0,3,0,0,3,1023,0.0,1.0,0,0
PF05296,PF00103,2,3,0,2,3,1021,0.0,1.0,0.0,-0.0,3,0,2,3,1021,0.0,1.0,0.0,-0.0
PF03745,PF03238,0,0,0,0,0,1026,0,1.0,0,0,0,0,0,0,1026,0,1.0,0,0
PF08280,PF08453,0,1,0,0,1,1025,0.0,1.0,0,0,1,0,0,1,1025,0.0,1.0,0,0
PF05839,PF01428,2,15,0,2,15,1009,0.0,0.98,0.0,-0.01,15,0,2,15,1009,0.0,0.98,0.0,-0.01
PF01979,PF07969,32,13,6,26,7,987,0.46,0.97,0.19,0.28,13,6,26,7,987,0.46,0.97,0.19,0.28
PF04131,PF04552,1,2,0,1,2,1023,0.0,1.0,0.0,-0.0,2,0,1,2,1023,0.0,1.0,0.0,-0.0
PF16923,PF03200,4,5,4,0,1,1021,0.8,1.0,1.0,0.89,5,4,0,1,1021,0.8,1.0,1.0,0.89
PF01205,PF06544,18,9,3,15,6,1002,0.33,0.98,0.17,0.23,9,3,15,6,1002,0.33,0.98,0.17,0.23
PF06146,PF04892,2,0,0,2,0,1024,0,1.0,0.0,0,0,0,2,0,1024,0,1.0,0.0,0
PF02780,PF00456,27,9,7,20,2,997,0.78,0.98,0.26,0.44,9,7,20,2,997,0.78,0.98,0.26,0.44
PF05506,PF13007,1,0,0,1,0,1025,0,1.0,0.0,0,0,0,1,0,1025,0,1.0,0.0,0
PF02200,PF15997,1,0,0,1,0,1025,0,1.0,0.0,0,0,0,1,0,1025,0,1.0,0.0,0
PF00614,PF13091,8,13,3,5,10,1008,0.23,0.99,0.38,0.29,13,3,5,10,1008,0.23,0.99,0.38,0.29
PF07910,PF07782,10,8,0,10,8,1008,0.0,0.98,0.0,-0.01,8,0,10,8,1008,0.0,0.98,0.0,-0.01
PF01406,PF09190,12,4,4,8,0,1014,1.0,0.99,0.33,0.58,4,4,8,0,1014,1.0,0.99,0.33,0.58
PF01618,PF14224,3,0,0,3,0,1023,0,1.0,0.0,0,0,0,3,0,1023,0,1.0,0.0,0
PF17086,PF11227,0,0,0,0,0,1026,0,1.0,0,0,0,0,0,0,1026,0,1.0,0,0
PF14886,PF09232,1,1,0,1,1,1024,0.0,1.0,0.0,-0.0,1,0,1,1,1024,0.0,1.0,0.0,-0.0
PF08389,PF08506,22,9,5,17,4,1000,0.56,0.98,0.23,0.35,9,5,17,4,1000,0.56,0.98,0.23,0.35
PF14743,PF04679,3,13,2,1,11,1012,0.15,0.99,0.67,0.32,13,2,1,11,1012,0.15,0.99,0.67,0.32
PF07279,PF15302,2,0,0,2,0,1024,0,1.0,0.0,0,0,0,2,0,1024,0,1.0,0.0,0
PF03948,PF17221,5,1,0,5,1,1020,0.0,0.99,0.0,-0.0,1,0,5,1,1020,0.0,0.99,0.0,-0.0
PF14946,PF15252,0,0,0,0,0,1026,0,1.0,0,0,0,0,0,0,1026,0,1.0,0,0
PF02870,PF01267,2,5,0,2,5,1019,0.0,0.99,0.0,-0.0,5,0,2,5,1019,0.0,0.99,0.0,-0.0
PF13931,PF16540,3,9,1,2,8,1015,0.11,0.99,0.33,0.19,9,1,2,8,1015,0.11,0.99,0.33,0.19
PF09945,PF00594,0,7,0,0,7,1019,0.0,0.99,0,0,7,0,0,7,1019,0.0,0.99,0,0
PF05922,PF06280,18,2,2,16,0,1008,1.0,0.98,0.11,0.33,2,2,16,0,1008,1.0,0.98,0.11,0.33
PF13482,PF15775,0,0,0,0,0,1026,0,1.0,0,0,0,0,0,0,1026,0,1.0,0,0
PF01252,PF03971,4,3,0,4,3,1019,0.0,0.99,0.0,-0.0,3,0,4,3,1019,0.0,0.99,0.0,-0.0
PF02739,PF11671,3,0,0,3,0,1023,0,1.0,0.0,0,0,0,3,0,1023,0,1.0,0.0,0
PF15817,PF11751,1,0,0,1,0,1025,0,1.0,0.0,0,0,0,1,0,1025,0,1.0,0.0,0
PF05048,PF02617,1,6,0,1,6,1019,0.0,0.99,0.0,-0.0,6,0,1,6,1019,0.0,0.99,0.0,-0.0
PF02628,PF05630,6,3,1,5,2,1018,0.33,0.99,0.17,0.23,3,1,5,2,1018,0.33,0.99,0.17,0.23
PF08268,PF07734,8,6,1,7,5,1013,0.17,0.99,0.12,0.14,6,1,7,5,1013,0.17,0.99,0.12,0.14
PF14803,PF15916,3,0,0,3,0,1023,0,1.0,0.0,0,0,0,3,0,1023,0,1.0,0.0,0
PF16486,PF08699,20,24,20,0,4,1002,0.83,1.0,1.0,0.91,24,20,0,4,1002,0.83,1.0,1.0,0.91
PF02550,PF13336,5,5,3,2,2,1019,0.6,1.0,0.6,0.6,5,3,2,2,1019,0.6,1.0,0.6,0.6
PF00130,PF00609,40,11,9,31,2,984,0.82,0.97,0.23,0.42,11,9,31,2,984,0.82,0.97,0.23,0.42
PF08005,PF08239,3,6,1,2,5,1018,0.17,0.99,0.33,0.23,6,1,2,5,1018,0.17,0.99,0.33,0.23
PF00924,PF15996,12,4,1,11,3,1011,0.25,0.99,0.08,0.14,4,1,11,3,1011,0.25,0.99,0.08,0.14
PF03172,PF16737,3,0,0,3,0,1023,0,1.0,0.0,0,0,0,3,0,1023,0,1.0,0.0,0
PF07173,PF12422,9,0,0,9,0,1017,0,0.99,0.0,0,0,0,9,0,1017,0,0.99,0.0,0
PF04313,PF12008,1,1,1,0,0,1025,1.0,1.0,1.0,1.0,1,1,0,0,1025,1.0,1.0,1.0,1.0
PF08079,PF12076,6,6,0,6,6,1014,0.0,0.99,0.0,-0.01,6,0,6,6,1014,0.0,0.99,0.0,-0.01
PF10022,PF16401,6,2,1,5,1,1019,0.5,0.99,0.17,0.29,2,1,5,1,1019,0.5,0.99,0.17,0.29
PF11913,PF07816,13,0,0,13,0,1013,0,0.99,0.0,0,0,0,13,0,1013,0,0.99,0.0,0
PF02738,PF01315,8,8,7,1,1,1017,0.88,1.0,0.88,0.87,8,7,1,1,1017,0.88,1.0,0.88,0.87
PF09668,PF09280,8,8,4,4,4,1014,0.5,0.99,0.5,0.5,8,4,4,4,1014,0.5,0.99,0.5,0.5
PF17208,PF12140,1,6,1,0,5,1020,0.17,1.0,1.0,0.41,6,1,0,5,1020,0.17,1.0,1.0,0.41
PF02317,PF07479,2,15,2,0,13,1011,0.13,0.99,1.0,0.36,15,2,0,13,1011,0.13,0.99,1.0,0.36
PF07058,PF02057,5,1,0,5,1,1020,0.0,0.99,0.0,-0.0,1,0,5,1,1020,0.0,0.99,0.0,-0.0
PF10283,PF10228,11,4,1,10,3,1012,0.25,0.99,0.09,0.15,4,1,10,3,1012,0.25,0.99,0.09,0.15
PF02933,PF02359,5,8,4,1,4,1017,0.5,1.0,0.8,0.63,8,4,1,4,1017,0.5,1.0,0.8,0.63
PF11560,PF14877,0,3,0,0,3,1023,0.0,1.0,0,0,3,0,0,3,1023,0.0,1.0,0,0
PF06609,PF11700,5,2,1,4,1,1020,0.5,1.0,0.2,0.31,2,1,4,1,1020,0.5,1.0,0.2,0.31
PF00432,PF13249,15,9,4,11,5,1006,0.44,0.98,0.27,0.34,9,4,11,5,1006,0.44,0.98,0.27,0.34
PF13277,PF17176,1,0,0,1,0,1025,0,1.0,0.0,0,0,0,1,0,1025,0,1.0,0.0,0
PF13505,PF17164,0,0,0,0,0,1026,0,1.0,0,0,0,0,0,0,1026,0,1.0,0,0
PF10209,PF17053,0,1,0,0,1,1025,0.0,1.0,0,0,1,0,0,1,1025,0.0,1.0,0,0
PF05586,PF16754,1,0,0,1,0,1025,0,1.0,0.0,0,0,0,1,0,1025,0,1.0,0.0,0
PF00373,PF09379,33,26,24,9,2,991,0.92,0.99,0.73,0.81,26,24,9,2,991,0.92,0.99,0.73,0.81
PF15300,PF13519,0,19,0,0,19,1007,0.0,0.98,0,0,19,0,0,19,1007,0.0,0.98,0,0
PF17217,PF09034,2,2,1,1,1,1023,0.5,1.0,0.5,0.5,2,1,1,1,1023,0.5,1.0,0.5,0.5
PF15494,PF09272,4,3,2,2,1,1021,0.67,1.0,0.5,0.58,3,2,2,1,1021,0.67,1.0,0.5,0.58
PF03417,PF07542,6,7,1,5,6,1014,0.14,0.99,0.17,0.15,7,1,5,6,1014,0.14,0.99,0.17,0.15
PF17076,PF15281,1,1,0,1,1,1024,0.0,1.0,0.0,-0.0,1,0,1,1,1024,0.0,1.0,0.0,-0.0
PF07833,PF05939,3,0,0,3,0,1023,0,1.0,0.0,0,0,0,3,0,1023,0,1.0,0.0,0
PF12452,PF05683,0,3,0,0,3,1023,0.0,1.0,0,0,3,0,0,3,1023,0.0,1.0,0,0
PF00177,PF01058,18,8,4,14,4,1004,0.5,0.98,0.22,0.33,8,4,14,4,1004,0.5,0.98,0.22,0.33
PF14992,PF08964,0,1,0,0,1,1025,0.0,1.0,0,0,1,0,0,1,1025,0.0,1.0,0,0
PF02399,PF11751,1,0,0,1,0,1025,0,1.0,0.0,0,0,0,1,0,1025,0,1.0,0.0,0
PF13720,PF06426,0,5,0,0,5,1021,0.0,1.0,0,0,5,0,0,5,1021,0.0,1.0,0,0
PF06819,PF05565,0,0,0,0,0,1026,0,1.0,0,0,0,0,0,0,1026,0,1.0,0,0
PF03943,PF09162,5,4,4,1,0,1021,1.0,1.0,0.8,0.89,4,4,1,0,1021,1.0,1.0,0.8,0.89
PF11700,PF06609,2,5,1,1,4,1020,0.2,1.0,0.5,0.31,5,1,1,4,1020,0.2,1.0,0.5,0.31
PF04139,PF09755,9,4,0,9,4,1013,0.0,0.99,0.0,-0.01,4,0,9,4,1013,0.0,0.99,0.0,-0.01
PF02480,PF06305,1,1,1,0,0,1025,1.0,1.0,1.0,1.0,1,1,0,0,1025,1.0,1.0,1.0,1.0
PF14258,PF03241,0,0,0,0,0,1026,0,1.0,0,0,0,0,0,0,1026,0,1.0,0,0
PF06355,PF15662,1,0,0,1,0,1025,0,1.0,0.0,0,0,0,1,0,1025,0,1.0,0.0,0
PF08137,PF09419,1,6,0,1,6,1019,0.0,0.99,0.0,-0.0,6,0,1,6,1019,0.0,0.99,0.0,-0.0
PF15998,PF09756,5,3,0,5,3,1018,0.0,0.99,0.0,-0.0,3,0,5,3,1018,0.0,0.99,0.0,-0.0
PF11630,PF08194,0,0,0,0,0,1026,0,1.0,0,0,0,0,0,0,1026,0,1.0,0,0
PF15550,PF06875,2,0,0,2,0,1024,0,1.0,0.0,0,0,0,2,0,1024,0,1.0,0.0,0
PF05515,PF15856,1,0,0,1,0,1025,0,1.0,0.0,0,0,0,1,0,1025,0,1.0,0.0,0
PF14243,PF15851,0,0,0,0,0,1026,0,1.0,0,0,0,0,0,0,1026,0,1.0,0,0
PF15016,PF15146,0,1,0,0,1,1025,0.0,1.0,0,0,1,0,0,1,1025,0.0,1.0,0,0
PF09070,PF05903,4,14,2,2,12,1010,0.14,0.99,0.5,0.26,14,2,2,12,1010,0.14,0.99,0.5,0.26
PF13886,PF10505,10,6,1,9,5,1011,0.17,0.99,0.1,0.12,6,1,9,5,1011,0.17,0.99,0.1,0.12
PF17124,PF07327,0,1,0,0,1,1025,0.0,1.0,0,0,1,0,0,1,1025,0.0,1.0,0,0
PF10422,PF15356,0,0,0,0,0,1026,0,1.0,0,0,0,0,0,0,1026,0,1.0,0,0
PF00800,PF13508,11,5,0,11,5,1010,0.0,0.98,0.0,-0.01,5,0,11,5,1010,0.0,0.98,0.0,-0.01
PF16507,PF11919,7,7,7,0,0,1019,1.0,1.0,1.0,1.0,7,7,0,0,1019,1.0,1.0,1.0,1.0
PF02664,PF07906,1,0,0,1,0,1025,0,1.0,0.0,0,0,0,1,0,1025,0,1.0,0.0,0
PF06286,PF11642,1,0,0,1,0,1025,0,1.0,0.0,0,0,0,1,0,1025,0,1.0,0.0,0
PF10856,PF04624,0,1,0,0,1,1025,0.0,1.0,0,0,1,0,0,1,1025,0.0,1.0,0,0
PF13767,PF14841,0,0,0,0,0,1026,0,1.0,0,0,0,0,0,0,1026,0,1.0,0,0
PF09310,PF15898,0,0,0,0,0,1026,0,1.0,0,0,0,0,0,0,1026,0,1.0,0,0
PF03109,PF00144,20,24,7,13,17,989,0.29,0.97,0.35,0.3,24,7,13,17,989,0.29,0.97,0.35,0.3
PF02760,PF13553,0,6,0,0,6,1020,0.0,0.99,0,0,6,0,0,6,1020,0.0,0.99,0,0
PF09149,PF03724,3,0,0,3,0,1023,0,1.0,0.0,0,0,0,3,0,1023,0,1.0,0.0,0
PF15072,PF16002,5,2,1,4,1,1020,0.5,1.0,0.2,0.31,2,1,4,1,1020,0.5,1.0,0.2,0.31
PF06134,PF08117,1,1,0,1,1,1024,0.0,1.0,0.0,-0.0,1,0,1,1,1024,0.0,1.0,0.0,-0.0
PF07686,PF08205,32,21,11,21,10,984,0.52,0.97,0.34,0.41,21,11,21,10,984,0.52,0.97,0.34,0.41
PF10124,PF03264,0,0,0,0,0,1026,0,1.0,0,0,0,0,0,0,1026,0,1.0,0,0
PF07837,PF04961,3,3,3,0,0,1023,1.0,1.0,1.0,1.0,3,3,0,0,1023,1.0,1.0,1.0,1.0
PF16687,PF15912,2,0,0,2,0,1024,0,1.0,0.0,0,0,0,2,0,1024,0,1.0,0.0,0
PF02759,PF00566,21,65,14,7,51,954,0.22,0.94,0.67,0.36,65,14,7,51,954,0.22,0.94,0.67,0.36
PF01114,PF12904,2,0,0,2,0,1024,0,1.0,0.0,0,0,0,2,0,1024,0,1.0,0.0,0
PF11640,PF15785,2,7,0,2,7,1017,0.0,0.99,0.0,-0.0,7,0,2,7,1017,0.0,0.99,0.0,-0.0
PF00879,PF00323,1,1,1,0,0,1025,1.0,1.0,1.0,1.0,1,1,0,0,1025,1.0,1.0,1.0,1.0
PF01098,PF07361,11,3,2,9,1,1014,0.67,0.99,0.18,0.34,3,2,9,1,1014,0.67,0.99,0.18,0.34
PF08738,PF03576,0,1,0,0,1,1025,0.0,1.0,0,0,1,0,0,1,1025,0.0,1.0,0,0
PF10182,PF04740,1,0,0,1,0,1025,0,1.0,0.0,0,0,0,1,0,1025,0,1.0,0.0,0
PF01177,PF01230,4,12,2,2,10,1012,0.17,0.99,0.5,0.28,12,2,2,10,1012,0.17,0.99,0.5,0.28
PF01248,PF07896,29,3,2,27,1,996,0.67,0.97,0.07,0.21,3,2,27,1,996,0.67,0.97,0.07,0.21
PF02891,PF02037,10,35,2,8,33,983,0.06,0.96,0.2,0.09,35,2,8,33,983,0.06,0.96,0.2,0.09
PF09844,PF15588,0,0,0,0,0,1026,0,1.0,0,0,0,0,0,0,1026,0,1.0,0,0
PF00685,PF12062,25,1,0,25,1,1000,0.0,0.97,0.0,-0.0,1,0,25,1,1000,0.0,0.97,0.0,-0.0
PF07510,PF03745,1,0,0,1,0,1025,0,1.0,0.0,0,0,0,1,0,1025,0,1.0,0.0,0
PF14283,PF13098,3,5,1,2,4,1019,0.2,0.99,0.33,0.26,5,1,2,4,1019,0.2,0.99,0.33,0.26
PF04359,PF06485,1,1,0,1,1,1024,0.0,1.0,0.0,-0.0,1,0,1,1,1024,0.0,1.0,0.0,-0.0
PF08867,PF09498,0,0,0,0,0,1026,0,1.0,0,0,0,0,0,0,1026,0,1.0,0,0
PF14229,PF07652,0,2,0,0,2,1024,0.0,1.0,0,0,2,0,0,2,1024,0.0,1.0,0,0
PF05690,PF02589,4,2,0,4,2,1020,0.0,0.99,0.0,-0.0,2,0,4,2,1020,0.0,0.99,0.0,-0.0
PF03908,PF09496,7,3,1,6,2,1017,0.33,0.99,0.14,0.21,3,1,6,2,1017,0.33,0.99,0.14,0.21
PF01315,PF02738,8,8,7,1,1,1017,0.88,1.0,0.88,0.87,8,7,1,1,1017,0.88,1.0,0.88,0.87
PF04748,PF10403,1,9,0,1,9,1016,0.0,0.99,0.0,-0.0,9,0,1,9,1016,0.0,0.99,0.0,-0.0
PF00026,PF07966,43,3,3,40,0,983,1.0,0.96,0.07,0.26,3,3,40,0,983,1.0,0.96,0.07,0.26
PF00784,PF16735,14,1,1,13,0,1012,1.0,0.99,0.07,0.27,1,1,13,0,1012,1.0,0.99,0.07,0.27
PF10319,PF10326,1,15,1,0,14,1011,0.07,0.99,1.0,0.26,15,1,0,14,1011,0.07,0.99,1.0,0.26
PF16168,PF15355,0,0,0,0,0,1026,0,1.0,0,0,0,0,0,0,1026,0,1.0,0,0
PF12525,PF06902,0,0,0,0,0,1026,0,1.0,0,0,0,0,0,0,1026,0,1.0,0,0
PF17102,PF17101,4,0,0,4,0,1022,0,1.0,0.0,0,0,0,4,0,1022,0,1.0,0.0,0
PF15725,PF10994,0,0,0,0,0,1026,0,1.0,0,0,0,0,0,0,1026,0,1.0,0,0
PF00510,PF00146,4,7,3,1,4,1018,0.43,1.0,0.75,0.56,7,3,1,4,1018,0.43,1.0,0.75,0.56
PF06122,PF05065,0,1,0,0,1,1025,0.0,1.0,0,0,1,0,0,1,1025,0.0,1.0,0,0
PF05593,PF06484,4,3,1,3,2,1020,0.33,1.0,0.25,0.29,3,1,3,2,1020,0.33,1.0,0.25,0.29
PF16714,PF01588,3,23,3,0,20,1003,0.13,0.98,1.0,0.36,23,3,0,20,1003,0.13,0.98,1.0,0.36
PF12130,PF15949,5,2,0,5,2,1019,0.0,0.99,0.0,-0.0,2,0,5,2,1019,0.0,0.99,0.0,-0.0
PF05547,PF15553,1,0,0,1,0,1025,0,1.0,0.0,0,0,0,1,0,1025,0,1.0,0.0,0
PF00831,PF00159,7,0,0,7,0,1019,0,0.99,0.0,0,0,0,7,0,1019,0,0.99,0.0,0
PF15924,PF13439,5,7,1,4,6,1015,0.14,0.99,0.2,0.16,7,1,4,6,1015,0.14,0.99,0.2,0.16
PF16418,PF16417,6,7,6,0,1,1019,0.86,1.0,1.0,0.93,7,6,0,1,1019,0.86,1.0,1.0,0.93
PF15728,PF12843,0,0,0,0,0,1026,0,1.0,0,0,0,0,0,0,1026,0,1.0,0,0
PF06069,PF05164,0,0,0,0,0,1026,0,1.0,0,0,0,0,0,0,1026,0,1.0,0,0
PF12933,PF12934,0,0,0,0,0,1026,0,1.0,0,0,0,0,0,0,1026,0,1.0,0,0
PF03094,PF00244,9,17,2,7,15,1002,0.12,0.98,0.22,0.15,17,2,7,15,1002,0.12,0.98,0.22,0.15
PF15225,PF08924,2,0,0,2,0,1024,0,1.0,0.0,0,0,0,2,0,1024,0,1.0,0.0,0
PF11719,PF16783,6,0,0,6,0,1020,0,0.99,0.0,0,0,0,6,0,1020,0,0.99,0.0,0
PF13880,PF13878,1,2,1,0,1,1024,0.5,1.0,1.0,0.71,2,1,0,1,1024,0.5,1.0,1.0,0.71
PF13869,PF01680,12,8,0,12,8,1006,0.0,0.98,0.0,-0.01,8,0,12,8,1006,0.0,0.98,0.0,-0.01
PF17188,PF03888,0,0,0,0,0,1026,0,1.0,0,0,0,0,0,0,1026,0,1.0,0,0
PF07210,PF08768,0,0,0,0,0,1026,0,1.0,0,0,0,0,0,0,1026,0,1.0,0,0
PF14997,PF08286,1,0,0,1,0,1025,0,1.0,0.0,0,0,0,1,0,1025,0,1.0,0.0,0
PF06143,PF00752,0,21,0,0,21,1005,0.0,0.98,0,0,21,0,0,21,1005,0.0,0.98,0,0
PF17200,PF06228,0,0,0,0,0,1026,0,1.0,0,0,0,0,0,0,1026,0,1.0,0,0
PF15701,PF10737,0,0,0,0,0,1026,0,1.0,0,0,0,0,0,0,1026,0,1.0,0,0
PF06127,PF10780,2,0,0,2,0,1024,0,1.0,0.0,0,0,0,2,0,1024,0,1.0,0.0,0
PF00531,PF01335,28,6,4,24,2,996,0.67,0.97,0.14,0.3,6,4,24,2,996,0.67,0.97,0.14,0.3
PF05317,PF17062,0,0,0,0,0,1026,0,1.0,0,0,0,0,0,0,1026,0,1.0,0,0
PF16457,PF11841,10,6,5,5,1,1015,0.83,0.99,0.5,0.64,6,5,5,1,1015,0.83,0.99,0.5,0.64
PF00727,PF02024,1,1,0,1,1,1024,0.0,1.0,0.0,-0.0,1,0,1,1,1024,0.0,1.0,0.0,-0.0
PF13326,PF09252,2,0,0,2,0,1024,0,1.0,0.0,0,0,0,2,0,1024,0,1.0,0.0,0
PF00361,PF00690,14,34,4,10,30,982,0.12,0.96,0.29,0.17,34,4,10,30,982,0.12,0.96,0.29,0.17
PF15588,PF05448,0,2,0,0,2,1024,0.0,1.0,0,0,2,0,0,2,1024,0.0,1.0,0,0
PF09325,PF12828,14,2,1,13,1,1011,0.5,0.99,0.07,0.19,2,1,13,1,1011,0.5,0.99,0.07,0.19
PF15907,PF06342,0,1,0,0,1,1025,0.0,1.0,0,0,1,0,0,1,1025,0.0,1.0,0,0
PF17021,PF10380,0,1,0,0,1,1025,0.0,1.0,0,0,1,0,0,1,1025,0.0,1.0,0,0
PF07692,PF15872,2,0,0,2,0,1024,0,1.0,0.0,0,0,0,2,0,1024,0,1.0,0.0,0
PF08595,PF15400,1,0,0,1,0,1025,0,1.0,0.0,0,0,0,1,0,1025,0,1.0,0.0,0
PF14206,PF04261,0,5,0,0,5,1021,0.0,1.0,0,0,5,0,0,5,1021,0.0,1.0,0,0
PF03162,PF07896,3,3,2,1,1,1022,0.67,1.0,0.67,0.67,3,2,1,1,1022,0.67,1.0,0.67,0.67
PF10938,PF06185,0,0,0,0,0,1026,0,1.0,0,0,0,0,0,0,1026,0,1.0,0,0
PF04172,PF14022,2,1,0,2,1,1023,0.0,1.0,0.0,-0.0,1,0,2,1,1023,0.0,1.0,0.0,-0.0
PF10037,PF10167,2,4,0,2,4,1020,0.0,0.99,0.0,-0.0,4,0,2,4,1020,0.0,0.99,0.0,-0.0
PF06454,PF12906,4,13,1,3,12,1010,0.08,0.99,0.25,0.13,13,1,3,12,1010,0.08,0.99,0.25,0.13
PF10221,PF11277,6,4,0,6,4,1016,0.0,0.99,0.0,-0.0,4,0,6,4,1016,0.0,0.99,0.0,-0.0
PF00070,PF07681,2,1,1,1,0,1024,1.0,1.0,0.5,0.71,1,1,1,0,1024,1.0,1.0,0.5,0.71
PF08771,PF11865,9,8,7,2,1,1016,0.88,1.0,0.78,0.82,8,7,2,1,1016,0.88,1.0,0.78,0.82
PF06769,PF02197,1,11,0,1,11,1014,0.0,0.99,0.0,-0.0,11,0,1,11,1014,0.0,0.99,0.0,-0.0
PF01554,PF14667,17,2,2,15,0,1009,1.0,0.99,0.12,0.34,2,2,15,0,1009,1.0,0.99,0.12,0.34
PF02556,PF13972,5,0,0,5,0,1021,0,1.0,0.0,0,0,0,5,0,1021,0,1.0,0.0,0
PF12449,PF12935,4,0,0,4,0,1022,0,1.0,0.0,0,0,0,4,0,1022,0,1.0,0.0,0
PF16473,PF05202,0,1,0,0,1,1025,0.0,1.0,0,0,1,0,0,1,1025,0.0,1.0,0,0
PF13493,PF07730,1,3,0,1,3,1022,0.0,1.0,0.0,-0.0,3,0,1,3,1022,0.0,1.0,0.0,-0.0
PF00515,PF07719,37,24,14,23,10,979,0.58,0.97,0.38,0.45,24,14,23,10,979,0.58,0.97,0.38,0.45
PF08309,PF08622,0,2,0,0,2,1024,0.0,1.0,0,0,2,0,0,2,1024,0.0,1.0,0,0
PF07496,PF00628,5,61,3,2,58,963,0.05,0.94,0.6,0.16,61,3,2,58,963,0.05,0.94,0.6,0.16
PF02829,PF14602,1,12,1,0,11,1014,0.08,0.99,1.0,0.29,12,1,0,11,1014,0.08,0.99,1.0,0.29
PF12480,PF08729,1,3,0,1,3,1022,0.0,1.0,0.0,-0.0,3,0,1,3,1022,0.0,1.0,0.0,-0.0
PF07988,PF08558,2,6,0,2,6,1018,0.0,0.99,0.0,-0.0,6,0,2,6,1018,0.0,0.99,0.0,-0.0
PF12881,PF11265,0,3,0,0,3,1023,0.0,1.0,0,0,3,0,0,3,1023,0.0,1.0,0,0
PF03283,PF02990,8,27,3,5,24,994,0.11,0.97,0.38,0.19,27,3,5,24,994,0.11,0.97,0.38,0.19
PF07897,PF16136,1,1,1,0,0,1025,1.0,1.0,1.0,1.0,1,1,0,0,1025,1.0,1.0,1.0,1.0
PF04082,PF11951,91,47,34,57,13,922,0.72,0.93,0.37,0.49,47,34,57,13,922,0.72,0.93,0.37,0.49
PF07994,PF01327,9,6,1,8,5,1012,0.17,0.99,0.11,0.13,6,1,8,5,1012,0.17,0.99,0.11,0.13
PF16551,PF16568,0,0,0,0,0,1026,0,1.0,0,0,0,0,0,0,1026,0,1.0,0,0
PF01267,PF16720,5,2,0,5,2,1019,0.0,0.99,0.0,-0.0,2,0,5,2,1019,0.0,0.99,0.0,-0.0
PF03967,PF08748,1,0,0,1,0,1025,0,1.0,0.0,0,0,0,1,0,1025,0,1.0,0.0,0
PF11951,PF04082,47,91,34,13,57,922,0.37,0.93,0.72,0.49,91,34,13,57,922,0.37,0.93,0.72,0.49
PF02750,PF10581,0,0,0,0,0,1026,0,1.0,0,0,0,0,0,0,1026,0,1.0,0,0
PF16074,PF13689,1,0,0,1,0,1025,0,1.0,0.0,0,0,0,1,0,1025,0,1.0,0.0,0
PF10166,PF15252,0,0,0,0,0,1026,0,1.0,0,0,0,0,0,0,1026,0,1.0,0,0
PF14249,PF00301,1,0,0,1,0,1025,0,1.0,0.0,0,0,0,1,0,1025,0,1.0,0.0,0
PF12134,PF10596,8,8,8,0,0,1018,1.0,1.0,1.0,1.0,8,8,0,0,1018,1.0,1.0,1.0,1.0
PF02762,PF02761,2,3,2,0,1,1023,0.67,1.0,1.0,0.82,3,2,0,1,1023,0.67,1.0,1.0,0.82
PF02919,PF14370,4,3,3,1,0,1022,1.0,1.0,0.75,0.87,3,3,1,0,1022,1.0,1.0,0.75,0.87
PF03097,PF13949,23,11,10,13,1,1002,0.91,0.99,0.43,0.62,11,10,13,1,1002,0.91,0.99,0.43,0.62
PF07471,PF11744,0,6,0,0,6,1020,0.0,0.99,0,0,6,0,0,6,1020,0.0,0.99,0,0
PF03248,PF06404,7,1,0,7,1,1018,0.0,0.99,0.0,-0.0,1,0,7,1,1018,0.0,0.99,0.0,-0.0
PF07810,PF13890,4,1,0,4,1,1021,0.0,1.0,0.0,-0.0,1,0,4,1,1021,0.0,1.0,0.0,-0.0
PF05485,PF12017,36,14,10,26,4,986,0.71,0.97,0.28,0.43,14,10,26,4,986,0.71,0.97,0.28,0.43
PF00021,PF02988,4,0,0,4,0,1022,0,1.0,0.0,0,0,0,4,0,1022,0,1.0,0.0,0
PF14684,PF11818,1,1,1,0,0,1025,1.0,1.0,1.0,1.0,1,1,0,0,1025,1.0,1.0,1.0,1.0
PF10339,PF14743,0,3,0,0,3,1023,0.0,1.0,0,0,3,0,0,3,1023,0.0,1.0,0,0
PF00086,PF09307,21,5,5,16,0,1005,1.0,0.98,0.24,0.48,5,5,16,0,1005,1.0,0.98,0.24,0.48
PF12763,PF12761,31,6,5,26,1,994,0.83,0.97,0.16,0.36,6,5,26,1,994,0.83,0.97,0.16,0.36
PF15757,PF15776,2,2,0,2,2,1022,0.0,1.0,0.0,-0.0,2,0,2,2,1022,0.0,1.0,0.0,-0.0
PF08437,PF04225,1,3,0,1,3,1022,0.0,1.0,0.0,-0.0,3,0,1,3,1022,0.0,1.0,0.0,-0.0
PF12579,PF11669,0,1,0,0,1,1025,0.0,1.0,0,0,1,0,0,1,1025,0.0,1.0,0,0
PF10585,PF16190,2,0,0,2,0,1024,0,1.0,0.0,0,0,0,2,0,1024,0,1.0,0.0,0
PF14967,PF15467,1,0,0,1,0,1025,0,1.0,0.0,0,0,0,1,0,1025,0,1.0,0.0,0
PF12856,PF09109,0,0,0,0,0,1026,0,1.0,0,0,0,0,0,0,1026,0,1.0,0,0
PF14413,PF04446,6,6,6,0,0,1020,1.0,1.0,1.0,1.0,6,6,0,0,1020,1.0,1.0,1.0,1.0
PF12503,PF12467,2,2,2,0,0,1024,1.0,1.0,1.0,1.0,2,2,0,0,1024,1.0,1.0,1.0,1.0
PF03869,PF04363,0,0,0,0,0,1026,0,1.0,0,0,0,0,0,0,1026,0,1.0,0,0
PF13404,PF03406,2,0,0,2,0,1024,0,1.0,0.0,0,0,0,2,0,1024,0,1.0,0.0,0
PF15470,PF00936,0,0,0,0,0,1026,0,1.0,0,0,0,0,0,0,1026,0,1.0,0,0
PF01271,PF01093,0,0,0,0,0,1026,0,1.0,0,0,0,0,0,0,1026,0,1.0,0,0
PF07906,PF05726,0,4,0,0,4,1022,0.0,1.0,0,0,4,0,0,4,1022,0.0,1.0,0,0
PF13094,PF05728,0,3,0,0,3,1023,0.0,1.0,0,0,3,0,0,3,1023,0.0,1.0,0,0
PF15608,PF12081,0,0,0,0,0,1026,0,1.0,0,0,0,0,0,0,1026,0,1.0,0,0
PF08242,PF00109,19,33,13,6,20,987,0.39,0.97,0.68,0.51,33,13,6,20,987,0.39,0.97,0.68,0.51
PF16075,PF08744,0,0,0,0,0,1026,0,1.0,0,0,0,0,0,0,1026,0,1.0,0,0
PF11873,PF04466,0,1,0,0,1,1025,0.0,1.0,0,0,1,0,0,1,1025,0.0,1.0,0,0
PF16940,PF10177,2,0,0,2,0,1024,0,1.0,0.0,0,0,0,2,0,1024,0,1.0,0.0,0
PF02551,PF06798,0,0,0,0,0,1026,0,1.0,0,0,0,0,0,0,1026,0,1.0,0,0
PF07814,PF10188,5,0,0,5,0,1021,0,1.0,0.0,0,0,0,5,0,1021,0,1.0,0.0,0
PF03914,PF00924,12,12,3,9,9,1005,0.25,0.98,0.25,0.24,12,3,9,9,1005,0.25,0.98,0.25,0.24
PF09103,PF09169,4,3,3,1,0,1022,1.0,1.0,0.75,0.87,3,3,1,0,1022,1.0,1.0,0.75,0.87
PF09186,PF03843,0,0,0,0,0,1026,0,1.0,0,0,0,0,0,0,1026,0,1.0,0,0
PF09250,PF17007,0,0,0,0,0,1026,0,1.0,0,0,0,0,0,0,1026,0,1.0,0,0
PF02589,PF11870,2,0,0,2,0,1024,0,1.0,0.0,0,0,0,2,0,1024,0,1.0,0.0,0
PF00755,PF16484,21,5,5,16,0,1005,1.0,0.98,0.24,0.48,5,5,16,0,1005,1.0,0.98,0.24,0.48
PF13863,PF04880,8,2,1,7,1,1017,0.5,0.99,0.12,0.25,2,1,7,1,1017,0.5,0.99,0.12,0.25
PF15287,PF14049,2,0,0,2,0,1024,0,1.0,0.0,0,0,0,2,0,1024,0,1.0,0.0,0
PF13470,PF11057,0,0,0,0,0,1026,0,1.0,0,0,0,0,0,0,1026,0,1.0,0,0
PF01751,PF01131,23,17,15,8,2,1001,0.88,0.99,0.65,0.75,17,15,8,2,1001,0.88,0.99,0.65,0.75
PF09011,PF08347,17,0,0,17,0,1009,0,0.98,0.0,0,0,0,17,0,1009,0,0.98,0.0,0
PF01579,PF15002,1,5,0,1,5,1020,0.0,0.99,0.0,-0.0,5,0,1,5,1020,0.0,0.99,0.0,-0.0
PF01555,PF09461,2,0,0,2,0,1024,0,1.0,0.0,0,0,0,2,0,1024,0,1.0,0.0,0
PF00093,PF07452,18,0,0,18,0,1008,0,0.98,0.0,0,0,0,18,0,1008,0,0.98,0.0,0
PF00062,PF06189,7,1,0,7,1,1018,0.0,0.99,0.0,-0.0,1,0,7,1,1018,0.0,0.99,0.0,-0.0
PF10357,PF00022,4,52,2,2,50,972,0.04,0.95,0.5,0.13,52,2,2,50,972,0.04,0.95,0.5,0.13
PF01500,PF05287,0,0,0,0,0,1026,0,1.0,0,0,0,0,0,0,1026,0,1.0,0,0
PF16501,PF11500,1,1,0,1,1,1024,0.0,1.0,0.0,-0.0,1,0,1,1,1024,0.0,1.0,0.0,-0.0
PF03843,PF01673,0,0,0,0,0,1026,0,1.0,0,0,0,0,0,0,1026,0,1.0,0,0
PF09220,PF07409,0,0,0,0,0,1026,0,1.0,0,0,0,0,0,0,1026,0,1.0,0,0
PF03466,PF00184,8,1,0,8,1,1017,0.0,0.99,0.0,-0.0,1,0,8,1,1017,0.0,0.99,0.0,-0.0
PF00382,PF08271,15,8,8,7,0,1011,1.0,0.99,0.53,0.73,8,8,7,0,1011,1.0,0.99,0.53,0.73
PF15344,PF06989,1,0,0,1,0,1025,0,1.0,0.0,0,0,0,1,0,1025,0,1.0,0.0,0
PF12144,PF15778,2,0,0,2,0,1024,0,1.0,0.0,0,0,0,2,0,1024,0,1.0,0.0,0
PF08299,PF14841,2,0,0,2,0,1024,0,1.0,0.0,0,0,0,2,0,1024,0,1.0,0.0,0
PF11210,PF01752,1,1,0,1,1,1024,0.0,1.0,0.0,-0.0,1,0,1,1,1024,0.0,1.0,0.0,-0.0
PF06666,PF11202,0,0,0,0,0,1026,0,1.0,0,0,0,0,0,0,1026,0,1.0,0,0
PF07491,PF13023,2,7,0,2,7,1017,0.0,0.99,0.0,-0.0,7,0,2,7,1017,0.0,0.99,0.0,-0.0
PF00876,PF04658,12,5,2,10,3,1011,0.4,0.99,0.17,0.25,5,2,10,3,1011,0.4,0.99,0.17,0.25
PF06455,PF01010,5,1,0,5,1,1020,0.0,0.99,0.0,-0.0,1,0,5,1,1020,0.0,0.99,0.0,-0.0
PF14990,PF04816,0,0,0,0,0,1026,0,1.0,0,0,0,0,0,0,1026,0,1.0,0,0
PF10184,PF04832,8,4,1,7,3,1015,0.25,0.99,0.12,0.17,4,1,7,3,1015,0.25,0.99,0.12,0.17
PF12411,PF16347,1,6,1,0,5,1020,0.17,1.0,1.0,0.41,6,1,0,5,1020,0.17,1.0,1.0,0.41
PF09042,PF06582,1,2,1,0,1,1024,0.5,1.0,1.0,0.71,2,1,0,1,1024,0.5,1.0,1.0,0.71
PF03332,PF01775,6,4,0,6,4,1016,0.0,0.99,0.0,-0.0,4,0,6,4,1016,0.0,0.99,0.0,-0.0
PF12081,PF08479,0,0,0,0,0,1026,0,1.0,0,0,0,0,0,0,1026,0,1.0,0,0
PF00349,PF03727,10,11,9,1,2,1014,0.82,1.0,0.9,0.86,11,9,1,2,1014,0.82,1.0,0.9,0.86
PF14322,PF05513,0,1,0,0,1,1025,0.0,1.0,0,0,1,0,0,1,1025,0.0,1.0,0,0
PF07365,PF06227,1,0,0,1,0,1025,0,1.0,0.0,0,0,0,1,0,1025,0,1.0,0.0,0
PF01780,PF04900,9,12,2,7,10,1007,0.17,0.98,0.22,0.18,12,2,7,10,1007,0.17,0.98,0.22,0.18
PF14082,PF09826,0,0,0,0,0,1026,0,1.0,0,0,0,0,0,0,1026,0,1.0,0,0
PF04260,PF07399,1,1,0,1,1,1024,0.0,1.0,0.0,-0.0,1,0,1,1,1024,0.0,1.0,0.0,-0.0
PF14839,PF03878,0,4,0,0,4,1022,0.0,1.0,0,0,4,0,0,4,1022,0.0,1.0,0,0
PF08127,PF08773,3,2,1,2,1,1022,0.5,1.0,0.33,0.41,2,1,2,1,1022,0.5,1.0,0.33,0.41
PF08676,PF16413,15,8,4,11,4,1007,0.5,0.99,0.27,0.36,8,4,11,4,1007,0.5,0.99,0.27,0.36
PF04126,PF15696,0,0,0,0,0,1026,0,1.0,0,0,0,0,0,0,1026,0,1.0,0,0
PF02822,PF02961,5,1,0,5,1,1020,0.0,0.99,0.0,-0.0,1,0,5,1,1020,0.0,0.99,0.0,-0.0
PF00201,PF00328,40,30,11,29,19,967,0.37,0.95,0.28,0.29,30,11,29,19,967,0.37,0.95,0.28,0.29
PF14539,PF05962,0,1,0,0,1,1025,0.0,1.0,0,0,1,0,0,1,1025,0.0,1.0,0,0
PF01847,PF06127,5,2,1,4,1,1020,0.5,1.0,0.2,0.31,2,1,4,1,1020,0.5,1.0,0.2,0.31
PF14750,PF09797,2,5,1,1,4,1020,0.2,1.0,0.5,0.31,5,1,1,4,1020,0.2,1.0,0.5,0.31
PF04695,PF14922,8,1,0,8,1,1017,0.0,0.99,0.0,-0.0,1,0,8,1,1017,0.0,0.99,0.0,-0.0
PF14085,PF16953,0,8,0,0,8,1018,0.0,0.99,0,0,8,0,0,8,1018,0.0,0.99,0,0
PF07244,PF01103,3,14,3,0,11,1012,0.21,0.99,1.0,0.46,14,3,0,11,1012,0.21,0.99,1.0,0.46
PF01746,PF12298,15,5,1,14,4,1007,0.2,0.98,0.07,0.11,5,1,14,4,1007,0.2,0.98,0.07,0.11
PF08999,PF11636,1,0,0,1,0,1025,0,1.0,0.0,0,0,0,1,0,1025,0,1.0,0.0,0
PF10106,PF17206,0,0,0,0,0,1026,0,1.0,0,0,0,0,0,0,1026,0,1.0,0,0
PF15248,PF12240,1,1,0,1,1,1024,0.0,1.0,0.0,-0.0,1,0,1,1,1024,0.0,1.0,0.0,-0.0
PF15328,PF02116,0,3,0,0,3,1023,0.0,1.0,0,0,3,0,0,3,1023,0.0,1.0,0,0
PF13862,PF16053,5,10,1,4,9,1012,0.1,0.99,0.2,0.14,10,1,4,9,1012,0.1,0.99,0.2,0.14
PF13718,PF05127,7,8,7,0,1,1018,0.88,1.0,1.0,0.93,8,7,0,1,1018,0.88,1.0,1.0,0.93
PF00501,PF00550,74,29,20,54,9,943,0.69,0.94,0.27,0.41,29,20,54,9,943,0.69,0.94,0.27,0.41
PF09348,PF08576,1,0,0,1,0,1025,0,1.0,0.0,0,0,0,1,0,1025,0,1.0,0.0,0
PF05502,PF10443,1,2,1,0,1,1024,0.5,1.0,1.0,0.71,2,1,0,1,1024,0.5,1.0,1.0,0.71
PF06507,PF02362,7,16,7,0,9,1010,0.44,0.99,1.0,0.66,16,7,0,9,1010,0.44,0.99,1.0,0.66
PF05817,PF02580,7,14,3,4,11,1008,0.21,0.99,0.43,0.3,14,3,4,11,1008,0.21,0.99,0.43,0.3
PF08819,PF08189,0,0,0,0,0,1026,0,1.0,0,0,0,0,0,0,1026,0,1.0,0,0
PF10551,PF04434,28,14,11,17,3,995,0.79,0.98,0.39,0.55,14,11,17,3,995,0.79,0.98,0.39,0.55
PF12231,PF14952,4,2,0,4,2,1020,0.0,0.99,0.0,-0.0,2,0,4,2,1020,0.0,0.99,0.0,-0.0
PF00940,PF14700,4,4,3,1,1,1021,0.75,1.0,0.75,0.75,4,3,1,1,1021,0.75,1.0,0.75,0.75
PF08466,PF01007,1,10,1,0,9,1016,0.1,0.99,1.0,0.31,10,1,0,9,1016,0.1,0.99,1.0,0.31
PF09496,PF05837,3,3,0,3,3,1020,0.0,0.99,0.0,-0.0,3,0,3,3,1020,0.0,0.99,0.0,-0.0
PF08026,PF15085,1,0,0,1,0,1025,0,1.0,0.0,0,0,0,1,0,1025,0,1.0,0.0,0
PF04465,PF09260,0,3,0,0,3,1023,0.0,1.0,0,0,3,0,0,3,1023,0.0,1.0,0,0
PF14644,PF14643,3,5,3,0,2,1021,0.6,1.0,1.0,0.77,5,3,0,2,1021,0.6,1.0,1.0,0.77
PF08394,PF05100,0,0,0,0,0,1026,0,1.0,0,0,0,0,0,0,1026,0,1.0,0,0
PF07934,PF10576,11,2,2,9,0,1015,1.0,0.99,0.18,0.42,2,2,9,0,1015,1.0,0.99,0.18,0.42
PF03087,PF04674,3,2,1,2,1,1022,0.5,1.0,0.33,0.41,2,1,2,1,1022,0.5,1.0,0.33,0.41
PF16769,PF16768,0,0,0,0,0,1026,0,1.0,0,0,0,0,0,0,1026,0,1.0,0,0
PF01126,PF09805,8,7,0,8,7,1011,0.0,0.99,0.0,-0.01,7,0,8,7,1011,0.0,0.99,0.0,-0.01
PF02426,PF03831,3,0,0,3,0,1023,0,1.0,0.0,0,0,0,3,0,1023,0,1.0,0.0,0
PF07599,PF07471,0,0,0,0,0,1026,0,1.0,0,0,0,0,0,0,1026,0,1.0,0,0
PF11736,PF03922,2,0,0,2,0,1024,0,1.0,0.0,0,0,0,2,0,1024,0,1.0,0.0,0
PF14892,PF15559,1,1,0,1,1,1024,0.0,1.0,0.0,-0.0,1,0,1,1,1024,0.0,1.0,0.0,-0.0
PF07160,PF10278,4,2,0,4,2,1020,0.0,0.99,0.0,-0.0,2,0,4,2,1020,0.0,0.99,0.0,-0.0
PF04003,PF08149,12,8,1,11,7,1007,0.12,0.98,0.08,0.09,8,1,11,7,1007,0.12,0.98,0.08,0.09
PF12220,PF08081,1,0,0,1,0,1025,0,1.0,0.0,0,0,0,1,0,1025,0,1.0,0.0,0
PF03531,PF08512,7,14,7,0,7,1012,0.5,0.99,1.0,0.7,14,7,0,7,1012,0.5,0.99,1.0,0.7
PF06945,PF17017,0,0,0,0,0,1026,0,1.0,0,0,0,0,0,0,1026,0,1.0,0,0
PF12724,PF15555,0,1,0,0,1,1025,0.0,1.0,0,0,1,0,0,1,1025,0.0,1.0,0,0
PF08550,PF11702,9,1,0,9,1,1016,0.0,0.99,0.0,-0.0,1,0,9,1,1016,0.0,0.99,0.0,-0.0
PF08991,PF14777,4,2,1,3,1,1021,0.5,1.0,0.25,0.35,2,1,3,1,1021,0.5,1.0,0.25,0.35
PF04403,PF15395,1,0,0,1,0,1025,0,1.0,0.0,0,0,0,1,0,1025,0,1.0,0.0,0
PF05337,PF07199,0,0,0,0,0,1026,0,1.0,0,0,0,0,0,0,1026,0,1.0,0,0
PF15925,PF12625,3,2,0,3,2,1021,0.0,1.0,0.0,-0.0,2,0,3,2,1021,0.0,1.0,0.0,-0.0
PF08461,PF08411,0,1,0,0,1,1025,0.0,1.0,0,0,1,0,0,1,1025,0.0,1.0,0,0
PF08707,PF08453,0,1,0,0,1,1025,0.0,1.0,0,0,1,0,0,1,1025,0.0,1.0,0,0
PF06580,PF07730,6,3,2,4,1,1019,0.67,1.0,0.33,0.47,3,2,4,1,1019,0.67,1.0,0.33,0.47
PF09058,PF10600,1,1,0,1,1,1024,0.0,1.0,0.0,-0.0,1,0,1,1,1024,0.0,1.0,0.0,-0.0
PF11375,PF04567,0,7,0,0,7,1019,0.0,0.99,0,0,7,0,0,7,1019,0.0,0.99,0,0
PF09258,PF03016,11,24,9,2,15,1000,0.38,0.98,0.82,0.55,24,9,2,15,1000,0.38,0.98,0.82,0.55
PF15127,PF10616,0,0,0,0,0,1026,0,1.0,0,0,0,0,0,0,1026,0,1.0,0,0
PF10618,PF10109,0,0,0,0,0,1026,0,1.0,0,0,0,0,0,0,1026,0,1.0,0,0
PF00915,PF15518,0,2,0,0,2,1024,0.0,1.0,0,0,2,0,0,2,1024,0.0,1.0,0,0
PF09240,PF07227,1,0,0,1,0,1025,0,1.0,0.0,0,0,0,1,0,1025,0,1.0,0.0,0
PF03939,PF00525,10,0,0,10,0,1016,0,0.99,0.0,0,0,0,10,0,1016,0,0.99,0.0,0
PF01549,PF08768,28,0,0,28,0,998,0,0.97,0.0,0,0,0,28,0,998,0,0.97,0.0,0
PF01697,PF04646,16,2,1,15,1,1009,0.5,0.98,0.06,0.17,2,1,15,1,1009,0.5,0.98,0.06,0.17
PF05430,PF08245,1,14,1,0,13,1012,0.07,0.99,1.0,0.27,14,1,0,13,1012,0.07,0.99,1.0,0.27
PF15231,PF10856,0,0,0,0,0,1026,0,1.0,0,0,0,0,0,0,1026,0,1.0,0,0
PF08421,PF08484,0,0,0,0,0,1026,0,1.0,0,0,0,0,0,0,1026,0,1.0,0,0
PF15358,PF15162,0,0,0,0,0,1026,0,1.0,0,0,0,0,0,0,1026,0,1.0,0,0
PF14821,PF00290,7,7,0,7,7,1012,0.0,0.99,0.0,-0.01,7,0,7,7,1012,0.0,0.99,0.0,-0.01
PF11804,PF04338,0,0,0,0,0,1026,0,1.0,0,0,0,0,0,0,1026,0,1.0,0,0
PF09906,PF09860,0,0,0,0,0,1026,0,1.0,0,0,0,0,0,0,1026,0,1.0,0,0
PF03384,PF14922,1,1,0,1,1,1024,0.0,1.0,0.0,-0.0,1,0,1,1,1024,0.0,1.0,0.0,-0.0
PF04350,PF11794,0,0,0,0,0,1026,0,1.0,0,0,0,0,0,0,1026,0,1.0,0,0
PF05395,PF15260,1,0,0,1,0,1025,0,1.0,0.0,0,0,0,1,0,1025,0,1.0,0.0,0
PF16118,PF15730,0,2,0,0,2,1024,0.0,1.0,0,0,2,0,0,2,1024,0.0,1.0,0,0
PF06017,PF00063,9,50,9,0,41,976,0.18,0.96,1.0,0.42,50,9,0,41,976,0.18,0.96,1.0,0.42
PF04110,PF06388,4,1,0,4,1,1021,0.0,1.0,0.0,-0.0,1,0,4,1,1021,0.0,1.0,0.0,-0.0
PF02289,PF09551,1,0,0,1,0,1025,0,1.0,0.0,0,0,0,1,0,1025,0,1.0,0.0,0
PF12923,PF13865,5,3,1,4,2,1019,0.33,0.99,0.2,0.26,3,1,4,2,1019,0.33,0.99,0.2,0.26
PF10577,PF06484,2,3,1,1,2,1022,0.33,1.0,0.5,0.41,3,1,1,2,1022,0.33,1.0,0.5,0.41
PF00296,PF06609,7,5,5,2,0,1019,1.0,1.0,0.71,0.84,5,5,2,0,1019,1.0,1.0,0.71,0.84
PF05663,PF07757,0,3,0,0,3,1023,0.0,1.0,0,0,3,0,0,3,1023,0.0,1.0,0,0
PF07523,PF09327,0,0,0,0,0,1026,0,1.0,0,0,0,0,0,0,1026,0,1.0,0,0
PF13288,PF08436,3,9,3,0,6,1017,0.33,0.99,1.0,0.58,9,3,0,6,1017,0.33,0.99,1.0,0.58
PF13427,PF01934,0,0,0,0,0,1026,0,1.0,0,0,0,0,0,0,1026,0,1.0,0,0
PF04668,PF00159,2,0,0,2,0,1024,0,1.0,0.0,0,0,0,2,0,1024,0,1.0,0.0,0
PF06986,PF01867,0,2,0,0,2,1024,0.0,1.0,0,0,2,0,0,2,1024,0.0,1.0,0,0
PF03918,PF15104,1,0,0,1,0,1025,0,1.0,0.0,0,0,0,1,0,1025,0,1.0,0.0,0
PF16491,PF01435,10,21,9,1,12,1004,0.43,0.99,0.9,0.62,21,9,1,12,1004,0.43,0.99,0.9,0.62
PF13511,PF13005,2,0,0,2,0,1024,0,1.0,0.0,0,0,0,2,0,1024,0,1.0,0.0,0
PF00748,PF08526,1,1,0,1,1,1024,0.0,1.0,0.0,-0.0,1,0,1,1,1024,0.0,1.0,0.0,-0.0
PF15309,PF15392,3,0,0,3,0,1023,0,1.0,0.0,0,0,0,3,0,1023,0,1.0,0.0,0
PF07273,PF08783,0,1,0,0,1,1025,0.0,1.0,0,0,1,0,0,1,1025,0.0,1.0,0,0
PF16875,PF16874,3,3,3,0,0,1023,1.0,1.0,1.0,1.0,3,3,0,0,1023,1.0,1.0,1.0,1.0
PF15961,PF14664,1,8,0,1,8,1017,0.0,0.99,0.0,-0.0,8,0,1,8,1017,0.0,0.99,0.0,-0.0
PF01352,PF02023,26,8,5,21,3,997,0.62,0.98,0.19,0.34,8,5,21,3,997,0.62,0.98,0.19,0.34
PF14543,PF14541,18,18,15,3,3,1005,0.83,0.99,0.83,0.83,18,15,3,3,1005,0.83,0.99,0.83,0.83
PF05173,PF01113,4,5,4,0,1,1021,0.8,1.0,1.0,0.89,5,4,0,1,1021,0.8,1.0,1.0,0.89
PF08427,PF07035,5,1,0,5,1,1020,0.0,0.99,0.0,-0.0,1,0,5,1,1020,0.0,0.99,0.0,-0.0
PF00439,PF12157,66,8,5,61,3,957,0.62,0.94,0.08,0.2,8,5,61,3,957,0.62,0.94,0.08,0.2
PF03796,PF02132,7,2,2,5,0,1019,1.0,1.0,0.29,0.53,2,2,5,0,1019,1.0,1.0,0.29,0.53
PF10401,PF00605,6,6,5,1,1,1019,0.83,1.0,0.83,0.83,6,5,1,1,1019,0.83,1.0,0.83,0.83
PF06475,PF15207,0,1,0,0,1,1025,0.0,1.0,0,0,1,0,0,1,1025,0.0,1.0,0,0
PF10324,PF10413,17,2,1,16,1,1008,0.5,0.98,0.06,0.17,2,1,16,1,1008,0.5,0.98,0.06,0.17
PF01828,PF09424,5,2,1,4,1,1020,0.5,1.0,0.2,0.31,2,1,4,1,1020,0.5,1.0,0.2,0.31
PF03590,PF15216,2,0,0,2,0,1024,0,1.0,0.0,0,0,0,2,0,1024,0,1.0,0.0,0
PF00113,PF03952,8,7,7,1,0,1018,1.0,1.0,0.88,0.93,7,7,1,0,1018,1.0,1.0,0.88,0.93
PF08229,PF15014,3,0,0,3,0,1023,0,1.0,0.0,0,0,0,3,0,1023,0,1.0,0.0,0
PF16195,PF16191,2,1,0,2,1,1023,0.0,1.0,0.0,-0.0,1,0,2,1,1023,0.0,1.0,0.0,-0.0
PF15996,PF05041,4,2,1,3,1,1021,0.5,1.0,0.25,0.35,2,1,3,1,1021,0.5,1.0,0.25,0.35
PF01728,PF07780,30,7,7,23,0,996,1.0,0.98,0.23,0.48,7,7,23,0,996,1.0,0.98,0.23,0.48
PF15111,PF07520,0,0,0,0,0,1026,0,1.0,0,0,0,0,0,0,1026,0,1.0,0,0
PF02798,PF13409,26,9,5,21,4,996,0.56,0.98,0.19,0.32,9,5,21,4,996,0.56,0.98,0.19,0.32
PF12955,PF15798,1,2,0,1,2,1023,0.0,1.0,0.0,-0.0,2,0,1,2,1023,0.0,1.0,0.0,-0.0
PF03821,PF03261,3,1,0,3,1,1022,0.0,1.0,0.0,-0.0,1,0,3,1,1022,0.0,1.0,0.0,-0.0
PF14526,PF00183,3,19,2,1,17,1006,0.11,0.98,0.67,0.26,19,2,1,17,1006,0.11,0.98,0.67,0.26
PF00883,PF02789,15,12,11,4,1,1010,0.92,1.0,0.73,0.82,12,11,4,1,1010,0.92,1.0,0.73,0.82
PF10258,PF04004,5,8,2,3,6,1015,0.25,0.99,0.4,0.31,8,2,3,6,1015,0.25,0.99,0.4,0.31
PF09787,PF11831,3,7,0,3,7,1016,0.0,0.99,0.0,-0.0,7,0,3,7,1016,0.0,0.99,0.0,-0.0
PF01547,PF02608,12,4,4,8,0,1014,1.0,0.99,0.33,0.58,4,4,8,0,1014,1.0,0.99,0.33,0.58
PF01943,PF02465,0,2,0,0,2,1024,0.0,1.0,0,0,2,0,0,2,1024,0.0,1.0,0,0
PF09689,PF03979,0,3,0,0,3,1023,0.0,1.0,0,0,3,0,0,3,1023,0.0,1.0,0,0
PF09696,PF10244,8,1,0,8,1,1017,0.0,0.99,0.0,-0.0,1,0,8,1,1017,0.0,0.99,0.0,-0.0
PF14691,PF04898,8,6,6,2,0,1018,1.0,1.0,0.75,0.87,6,6,2,0,1018,1.0,1.0,0.75,0.87
PF09313,PF13503,0,0,0,0,0,1026,0,1.0,0,0,0,0,0,0,1026,0,1.0,0,0
PF12773,PF13287,1,2,0,1,2,1023,0.0,1.0,0.0,-0.0,2,0,1,2,1023,0.0,1.0,0.0,-0.0
PF06079,PF02290,5,7,2,3,5,1016,0.29,0.99,0.4,0.33,7,2,3,5,1016,0.29,0.99,0.4,0.33
PF00640,PF06311,27,1,1,26,0,999,1.0,0.97,0.04,0.19,1,1,26,0,999,1.0,0.97,0.04,0.19
PF06941,PF07298,4,1,0,4,1,1021,0.0,1.0,0.0,-0.0,1,0,4,1,1021,0.0,1.0,0.0,-0.0
PF12336,PF13775,6,3,0,6,3,1017,0.0,0.99,0.0,-0.0,3,0,6,3,1017,0.0,0.99,0.0,-0.0
PF15990,PF15820,2,0,0,2,0,1024,0,1.0,0.0,0,0,0,2,0,1024,0,1.0,0.0,0
PF11580,PF12101,0,0,0,0,0,1026,0,1.0,0,0,0,0,0,0,1026,0,1.0,0,0
PF10511,PF08831,0,5,0,0,5,1021,0.0,1.0,0,0,5,0,0,5,1021,0.0,1.0,0,0
PF13451,PF07195,0,2,0,0,2,1024,0.0,1.0,0,0,2,0,0,2,1024,0.0,1.0,0,0
PF06650,PF16909,14,15,13,1,2,1010,0.87,1.0,0.93,0.9,15,13,1,2,1010,0.87,1.0,0.93,0.9
PF03878,PF07809,4,1,0,4,1,1021,0.0,1.0,0.0,-0.0,1,0,4,1,1021,0.0,1.0,0.0,-0.0
PF12520,PF04576,3,4,1,2,3,1020,0.25,1.0,0.33,0.29,4,1,2,3,1020,0.25,1.0,0.33,0.29
PF00012,PF10712,47,2,2,45,0,979,1.0,0.96,0.04,0.2,2,2,45,0,979,1.0,0.96,0.04,0.2
PF09783,PF14565,6,1,0,6,1,1019,0.0,0.99,0.0,-0.0,1,0,6,1,1019,0.0,0.99,0.0,-0.0
PF14076,PF04991,0,4,0,0,4,1022,0.0,1.0,0,0,4,0,0,4,1022,0.0,1.0,0,0
PF06725,PF13753,1,0,0,1,0,1025,0,1.0,0.0,0,0,0,1,0,1025,0,1.0,0.0,0
PF12022,PF10474,2,3,0,2,3,1021,0.0,1.0,0.0,-0.0,3,0,2,3,1021,0.0,1.0,0.0,-0.0
PF13116,PF00116,3,9,3,0,6,1017,0.33,0.99,1.0,0.58,9,3,0,6,1017,0.33,0.99,1.0,0.58
PF06862,PF03085,4,0,0,4,0,1022,0,1.0,0.0,0,0,0,4,0,1022,0,1.0,0.0,0
PF16808,PF16579,1,7,1,0,6,1019,0.14,0.99,1.0,0.38,7,1,0,6,1019,0.14,0.99,1.0,0.38
PF14685,PF04225,1,3,1,0,2,1023,0.33,1.0,1.0,0.58,3,1,0,2,1023,0.33,1.0,1.0,0.58
PF07589,PF09722,0,0,0,0,0,1026,0,1.0,0,0,0,0,0,0,1026,0,1.0,0,0
PF00196,PF00486,5,7,3,2,4,1017,0.43,0.99,0.6,0.5,7,3,2,4,1017,0.43,0.99,0.6,0.5
PF10475,PF10474,2,3,1,1,2,1022,0.33,1.0,0.5,0.41,3,1,1,2,1022,0.33,1.0,0.5,0.41
PF14774,PF15359,3,0,0,3,0,1023,0,1.0,0.0,0,0,0,3,0,1023,0,1.0,0.0,0
PF02275,PF15985,2,9,0,2,9,1015,0.0,0.99,0.0,-0.0,9,0,2,9,1015,0.0,0.99,0.0,-0.0
PF15215,PF08398,0,0,0,0,0,1026,0,1.0,0,0,0,0,0,0,1026,0,1.0,0,0
PF03766,PF12590,1,1,0,1,1,1024,0.0,1.0,0.0,-0.0,1,0,1,1,1024,0.0,1.0,0.0,-0.0
PF00080,PF00403,14,22,7,7,15,997,0.32,0.98,0.5,0.39,22,7,7,15,997,0.32,0.98,0.5,0.39
PF12795,PF10473,4,2,0,4,2,1020,0.0,0.99,0.0,-0.0,2,0,4,2,1020,0.0,0.99,0.0,-0.0
PF08153,PF08701,3,2,0,3,2,1021,0.0,1.0,0.0,-0.0,2,0,3,2,1021,0.0,1.0,0.0,-0.0
PF05792,PF11766,1,2,1,0,1,1024,0.5,1.0,1.0,0.71,2,1,0,1,1024,0.5,1.0,1.0,0.71
PF09767,PF02450,4,10,3,1,7,1015,0.3,0.99,0.75,0.47,10,3,1,7,1015,0.3,0.99,0.75,0.47
PF15098,PF13466,1,2,1,0,1,1024,0.5,1.0,1.0,0.71,2,1,0,1,1024,0.5,1.0,1.0,0.71
PF08560,PF10212,3,2,0,3,2,1021,0.0,1.0,0.0,-0.0,2,0,3,2,1021,0.0,1.0,0.0,-0.0
PF00835,PF13097,4,2,0,4,2,1020,0.0,0.99,0.0,-0.0,2,0,4,2,1020,0.0,0.99,0.0,-0.0
PF14971,PF11052,0,2,0,0,2,1024,0.0,1.0,0,0,2,0,0,2,1024,0.0,1.0,0,0
PF01734,PF05057,31,16,9,22,7,988,0.56,0.97,0.29,0.39,16,9,22,7,988,0.56,0.97,0.29,0.39
PF09713,PF11669,2,1,0,2,1,1023,0.0,1.0,0.0,-0.0,1,0,2,1,1023,0.0,1.0,0.0,-0.0
PF00723,PF00686,5,23,4,1,19,1002,0.17,0.98,0.8,0.37,23,4,1,19,1002,0.17,0.98,0.8,0.37
PF12348,PF09743,6,2,0,6,2,1018,0.0,0.99,0.0,-0.0,2,0,6,2,1018,0.0,0.99,0.0,-0.0
PF14826,PF08644,6,4,4,2,0,1020,1.0,1.0,0.67,0.82,4,4,2,0,1020,1.0,1.0,0.67,0.82
PF11200,PF08759,0,0,0,0,0,1026,0,1.0,0,0,0,0,0,0,1026,0,1.0,0,0
PF01426,PF01448,29,6,4,25,2,995,0.67,0.97,0.14,0.3,6,4,25,2,995,0.67,0.97,0.14,0.3
PF02513,PF02988,2,0,0,2,0,1024,0,1.0,0.0,0,0,0,2,0,1024,0,1.0,0.0,0
PF14363,PF14629,8,5,1,7,4,1014,0.2,0.99,0.12,0.15,5,1,7,4,1014,0.2,0.99,0.12,0.15
PF04293,PF01624,0,19,0,0,19,1007,0.0,0.98,0,0,19,0,0,19,1007,0.0,0.98,0,0
PF13001,PF11916,5,4,1,4,3,1018,0.25,0.99,0.2,0.22,4,1,4,3,1018,0.25,0.99,0.2,0.22
PF15339,PF14866,3,0,0,3,0,1023,0,1.0,0.0,0,0,0,3,0,1023,0,1.0,0.0,0
PF11712,PF07412,4,2,0,4,2,1020,0.0,0.99,0.0,-0.0,2,0,4,2,1020,0.0,0.99,0.0,-0.0
PF09164,PF00273,0,0,0,0,0,1026,0,1.0,0,0,0,0,0,0,1026,0,1.0,0,0
PF04425,PF04426,0,2,0,0,2,1024,0.0,1.0,0,0,2,0,0,2,1024,0.0,1.0,0,0
PF09597,PF08641,2,2,0,2,2,1022,0.0,1.0,0.0,-0.0,2,0,2,2,1022,0.0,1.0,0.0,-0.0
PF15199,PF00519,1,2,0,1,2,1023,0.0,1.0,0.0,-0.0,2,0,1,2,1023,0.0,1.0,0.0,-0.0
PF02893,PF16016,25,8,7,18,1,1000,0.88,0.98,0.28,0.49,8,7,18,1,1000,0.88,0.98,0.28,0.49
PF10516,PF06428,3,2,0,3,2,1021,0.0,1.0,0.0,-0.0,2,0,3,2,1021,0.0,1.0,0.0,-0.0
PF00400,PF14077,204,0,0,204,0,822,0,0.8,0.0,0,0,0,204,0,822,0,0.8,0.0,0
PF11754,PF09729,10,8,0,10,8,1008,0.0,0.98,0.0,-0.01,8,0,10,8,1008,0.0,0.98,0.0,-0.01
PF04024,PF07866,0,0,0,0,0,1026,0,1.0,0,0,0,0,0,0,1026,0,1.0,0,0
PF08065,PF15690,0,1,0,0,1,1025,0.0,1.0,0,0,1,0,0,1,1025,0.0,1.0,0,0
PF07444,PF12046,0,0,0,0,0,1026,0,1.0,0,0,0,0,0,0,1026,0,1.0,0,0
PF11566,PF09346,4,2,0,4,2,1020,0.0,0.99,0.0,-0.0,2,0,4,2,1020,0.0,0.99,0.0,-0.0
PF08621,PF12830,4,5,0,4,5,1017,0.0,0.99,0.0,-0.0,5,0,4,5,1017,0.0,0.99,0.0,-0.0
PF01393,PF17218,9,0,0,9,0,1017,0,0.99,0.0,0,0,0,9,0,1017,0,0.99,0.0,0
PF15782,PF00680,0,4,0,0,4,1022,0.0,1.0,0,0,4,0,0,4,1022,0.0,1.0,0,0
PF00753,PF16123,32,9,8,24,1,993,0.89,0.98,0.25,0.46,9,8,24,1,993,0.89,0.98,0.25,0.46
PF02059,PF10343,1,12,0,1,12,1013,0.0,0.99,0.0,-0.0,12,0,1,12,1013,0.0,0.99,0.0,-0.0
PF08161,PF14952,3,2,0,3,2,1021,0.0,1.0,0.0,-0.0,2,0,3,2,1021,0.0,1.0,0.0,-0.0
PF07334,PF07292,1,1,1,0,0,1025,1.0,1.0,1.0,1.0,1,1,0,0,1025,1.0,1.0,1.0,1.0
PF03070,PF08543,10,14,6,4,8,1008,0.43,0.99,0.6,0.5,14,6,4,8,1008,0.43,0.99,0.6,0.5
PF03461,PF03880,2,3,0,2,3,1021,0.0,1.0,0.0,-0.0,3,0,2,3,1021,0.0,1.0,0.0,-0.0
PF05924,PF05923,2,4,2,0,2,1022,0.5,1.0,1.0,0.71,4,2,0,2,1022,0.5,1.0,1.0,0.71
PF08212,PF00061,7,15,1,6,14,1005,0.07,0.98,0.14,0.09,15,1,6,14,1005,0.07,0.98,0.14,0.09
PF08539,PF05841,3,2,0,3,2,1021,0.0,1.0,0.0,-0.0,2,0,3,2,1021,0.0,1.0,0.0,-0.0
PF14806,PF07718,3,3,3,0,0,1023,1.0,1.0,1.0,1.0,3,3,0,0,1023,1.0,1.0,1.0,1.0
PF15252,PF01415,0,1,0,0,1,1025,0.0,1.0,0,0,1,0,0,1,1025,0.0,1.0,0,0
PF01843,PF16521,15,1,0,15,1,1010,0.0,0.98,0.0,-0.0,1,0,15,1,1010,0.0,0.98,0.0,-0.0
PF02378,PF09648,6,0,0,6,0,1020,0,0.99,0.0,0,0,0,6,0,1020,0,0.99,0.0,0
PF16416,PF07963,0,5,0,0,5,1021,0.0,1.0,0,0,5,0,0,5,1021,0.0,1.0,0,0
PF07602,PF16977,0,4,0,0,4,1022,0.0,1.0,0,0,4,0,0,4,1022,0.0,1.0,0,0
PF08908,PF04289,0,0,0,0,0,1026,0,1.0,0,0,0,0,0,0,1026,0,1.0,0,0
PF13699,PF04476,0,0,0,0,0,1026,0,1.0,0,0,0,0,0,0,1026,0,1.0,0,0
PF02336,PF02277,3,1,0,3,1,1022,0.0,1.0,0.0,-0.0,1,0,3,1,1022,0.0,1.0,0.0,-0.0
PF12129,PF07001,4,2,0,4,2,1020,0.0,0.99,0.0,-0.0,2,0,4,2,1020,0.0,0.99,0.0,-0.0
PF01773,PF07670,6,3,1,5,2,1018,0.33,0.99,0.17,0.23,3,1,5,2,1018,0.33,0.99,0.17,0.23
PF04911,PF02565,2,2,0,2,2,1022,0.0,1.0,0.0,-0.0,2,0,2,2,1022,0.0,1.0,0.0,-0.0
PF13186,PF13597,4,3,0,4,3,1019,0.0,0.99,0.0,-0.0,3,0,4,3,1019,0.0,0.99,0.0,-0.0
PF13986,PF06167,2,2,2,0,0,1024,1.0,1.0,1.0,1.0,2,2,0,0,1024,1.0,1.0,1.0,1.0
PF13166,PF10375,0,0,0,0,0,1026,0,1.0,0,0,0,0,0,0,1026,0,1.0,0,0
PF12401,PF00791,0,15,0,0,15,1011,0.0,0.99,0,0,15,0,0,15,1011,0.0,0.99,0,0
PF12871,PF14849,3,3,1,2,2,1021,0.33,1.0,0.33,0.33,3,1,2,2,1021,0.33,1.0,0.33,0.33
PF15054,PF10868,6,1,0,6,1,1019,0.0,0.99,0.0,-0.0,1,0,6,1,1019,0.0,0.99,0.0,-0.0
PF08681,PF01580,0,2,0,0,2,1024,0.0,1.0,0,0,2,0,0,2,1024,0.0,1.0,0,0
PF13320,PF16748,0,0,0,0,0,1026,0,1.0,0,0,0,0,0,0,1026,0,1.0,0,0
PF01777,PF01929,10,11,4,6,7,1009,0.36,0.99,0.4,0.38,11,4,6,7,1009,0.36,0.99,0.4,0.38
PF01199,PF04690,9,1,0,9,1,1016,0.0,0.99,0.0,-0.0,1,0,9,1,1016,0.0,0.99,0.0,-0.0
PF00241,PF14724,18,0,0,18,0,1008,0,0.98,0.0,0,0,0,18,0,1008,0,0.98,0.0,0
PF04603,PF01774,4,5,0,4,5,1017,0.0,0.99,0.0,-0.0,5,0,4,5,1017,0.0,0.99,0.0,-0.0
PF04709,PF00688,1,6,0,1,6,1019,0.0,0.99,0.0,-0.0,6,0,1,6,1019,0.0,0.99,0.0,-0.0
PF09814,PF09496,7,3,1,6,2,1017,0.33,0.99,0.14,0.21,3,1,6,2,1017,0.33,0.99,0.14,0.21
PF08493,PF16846,4,1,1,3,0,1022,1.0,1.0,0.25,0.5,1,1,3,0,1022,1.0,1.0,0.25,0.5
PF07846,PF12904,0,0,0,0,0,1026,0,1.0,0,0,0,0,0,0,1026,0,1.0,0,0
PF16449,PF08411,0,1,0,0,1,1025,0.0,1.0,0,0,1,0,0,1,1025,0.0,1.0,0,0
PF05390,PF12243,3,3,1,2,2,1021,0.33,1.0,0.33,0.33,3,1,2,2,1021,0.33,1.0,0.33,0.33
PF12695,PF15743,2,0,0,2,0,1024,0,1.0,0.0,0,0,0,2,0,1024,0,1.0,0.0,0
PF15619,PF06637,3,1,0,3,1,1022,0.0,1.0,0.0,-0.0,1,0,3,1,1022,0.0,1.0,0.0,-0.0
PF03596,PF10330,0,1,0,0,1,1025,0.0,1.0,0,0,1,0,0,1,1025,0.0,1.0,0,0
PF13643,PF15861,0,2,0,0,2,1024,0.0,1.0,0,0,2,0,0,2,1024,0.0,1.0,0,0
PF12843,PF09951,0,0,0,0,0,1026,0,1.0,0,0,0,0,0,0,1026,0,1.0,0,0
PF00520,PF03521,64,4,4,60,0,962,1.0,0.94,0.06,0.24,4,4,60,0,962,1.0,0.94,0.06,0.24
PF16803,PF05093,4,8,4,0,4,1018,0.5,1.0,1.0,0.71,8,4,0,4,1018,0.5,1.0,1.0,0.71
PF05685,PF11291,2,0,0,2,0,1024,0,1.0,0.0,0,0,0,2,0,1024,0,1.0,0.0,0
PF02988,PF00021,0,4,0,0,4,1022,0.0,1.0,0,0,4,0,0,4,1022,0.0,1.0,0,0
PF11801,PF17171,1,9,1,0,8,1017,0.11,0.99,1.0,0.33,9,1,0,8,1017,0.11,0.99,1.0,0.33
PF04578,PF13968,12,13,10,2,3,1011,0.77,1.0,0.83,0.8,13,10,2,3,1011,0.77,1.0,0.83,0.8
PF01973,PF00002,0,35,0,0,35,991,0.0,0.97,0,0,35,0,0,35,991,0.0,0.97,0,0
PF15679,PF13422,0,4,0,0,4,1022,0.0,1.0,0,0,4,0,0,4,1022,0.0,1.0,0,0
PF02926,PF01170,5,11,0,5,11,1010,0.0,0.98,0.0,-0.01,11,0,5,11,1010,0.0,0.98,0.0,-0.01
PF13636,PF08298,0,0,0,0,0,1026,0,1.0,0,0,0,0,0,0,1026,0,1.0,0,0
PF07751,PF14866,0,0,0,0,0,1026,0,1.0,0,0,0,0,0,0,1026,0,1.0,0,0
PF12947,PF12946,17,3,3,14,0,1009,1.0,0.99,0.18,0.42,3,3,14,0,1009,1.0,0.99,0.18,0.42
PF02934,PF02637,9,7,7,2,0,1017,1.0,1.0,0.78,0.88,7,7,2,0,1017,1.0,1.0,0.78,0.88
PF02384,PF06250,4,1,1,3,0,1022,1.0,1.0,0.25,0.5,1,1,3,0,1022,1.0,1.0,0.25,0.5
PF06426,PF13720,5,0,0,5,0,1021,0,1.0,0.0,0,0,0,5,0,1021,0,1.0,0.0,0
PF00090,PF15913,36,8,4,32,4,986,0.5,0.96,0.11,0.22,8,4,32,4,986,0.5,0.96,0.11,0.22
PF03634,PF09335,3,18,0,3,18,1005,0.0,0.98,0.0,-0.01,18,0,3,18,1005,0.0,0.98,0.0,-0.01
PF15030,PF03344,0,0,0,0,0,1026,0,1.0,0,0,0,0,0,0,1026,0,1.0,0,0
PF07645,PF07679,50,68,24,26,44,932,0.35,0.93,0.48,0.38,68,24,26,44,932,0.35,0.93,0.48,0.38
PF04386,PF09772,0,3,0,0,3,1023,0.0,1.0,0,0,3,0,0,3,1023,0.0,1.0,0,0
PF10615,PF10590,4,5,1,3,4,1018,0.2,0.99,0.25,0.22,5,1,3,4,1018,0.2,0.99,0.25,0.22
PF05914,PF15302,0,0,0,0,0,1026,0,1.0,0,0,0,0,0,0,1026,0,1.0,0,0
PF11346,PF03238,1,0,0,1,0,1025,0,1.0,0.0,0,0,0,1,0,1025,0,1.0,0.0,0
PF15682,PF08843,5,0,0,5,0,1021,0,1.0,0.0,0,0,0,5,0,1021,0,1.0,0.0,0
PF00348,PF03834,26,8,5,21,3,997,0.62,0.98,0.19,0.34,8,5,21,3,997,0.62,0.98,0.19,0.34
PF01627,PF06376,5,1,1,4,0,1021,1.0,1.0,0.2,0.45,1,1,4,0,1021,1.0,1.0,0.2,0.45
PF01794,PF08022,23,24,22,1,2,1001,0.92,1.0,0.96,0.93,24,22,1,2,1001,0.92,1.0,0.96,0.93
PF02427,PF02448,1,0,0,1,0,1025,0,1.0,0.0,0,0,0,1,0,1025,0,1.0,0.0,0
PF02734,PF02733,12,9,8,4,1,1013,0.89,1.0,0.67,0.77,9,8,4,1,1013,0.89,1.0,0.67,0.77
PF15551,PF15703,0,2,0,0,2,1024,0.0,1.0,0,0,2,0,0,2,1024,0.0,1.0,0,0
PF02907,PF10801,2,0,0,2,0,1024,0,1.0,0.0,0,0,0,2,0,1024,0,1.0,0.0,0
PF02946,PF01159,2,10,1,1,9,1015,0.1,0.99,0.5,0.22,10,1,1,9,1015,0.1,0.99,0.5,0.22
PF03088,PF13506,8,4,0,8,4,1014,0.0,0.99,0.0,-0.01,4,0,8,4,1014,0.0,0.99,0.0,-0.01
PF09861,PF03525,0,1,0,0,1,1025,0.0,1.0,0,0,1,0,0,1,1025,0.0,1.0,0,0
PF08655,PF09463,5,0,0,5,0,1021,0,1.0,0.0,0,0,0,5,0,1021,0,1.0,0.0,0
PF03700,PF12825,1,4,0,1,4,1021,0.0,1.0,0.0,-0.0,4,0,1,4,1021,0.0,1.0,0.0,-0.0
PF16925,PF13750,0,0,0,0,0,1026,0,1.0,0,0,0,0,0,0,1026,0,1.0,0,0
PF06230,PF11764,0,3,0,0,3,1023,0.0,1.0,0,0,3,0,0,3,1023,0.0,1.0,0,0
PF15515,PF15400,0,0,0,0,0,1026,0,1.0,0,0,0,0,0,0,1026,0,1.0,0,0
PF15496,PF17078,2,2,0,2,2,1022,0.0,1.0,0.0,-0.0,2,0,2,2,1022,0.0,1.0,0.0,-0.0
PF14814,PF06798,0,0,0,0,0,1026,0,1.0,0,0,0,0,0,0,1026,0,1.0,0,0
PF04004,PF04090,8,1,0,8,1,1017,0.0,0.99,0.0,-0.0,1,0,8,1,1017,0.0,0.99,0.0,-0.0
PF15062,PF06695,0,0,0,0,0,1026,0,1.0,0,0,0,0,0,0,1026,0,1.0,0,0
PF02082,PF12242,1,1,1,0,0,1025,1.0,1.0,1.0,1.0,1,1,0,0,1025,1.0,1.0,1.0,1.0
PF05903,PF15928,14,2,1,13,1,1011,0.5,0.99,0.07,0.19,2,1,13,1,1011,0.5,0.99,0.07,0.19
PF09298,PF01557,13,26,13,0,13,1000,0.5,0.99,1.0,0.7,26,13,0,13,1000,0.5,0.99,1.0,0.7
PF00906,PF08453,2,1,0,2,1,1023,0.0,1.0,0.0,-0.0,1,0,2,1,1023,0.0,1.0,0.0,-0.0
PF04967,PF09669,0,0,0,0,0,1026,0,1.0,0,0,0,0,0,0,1026,0,1.0,0,0
PF06558,PF14026,0,0,0,0,0,1026,0,1.0,0,0,0,0,0,0,1026,0,1.0,0,0
PF03114,PF08824,21,0,0,21,0,1005,0,0.98,0.0,0,0,0,21,0,1005,0,0.98,0.0,0
PF00299,PF00323,0,1,0,0,1,1025,0.0,1.0,0,0,1,0,0,1,1025,0.0,1.0,0,0
PF04214,PF01249,0,6,0,0,6,1020,0.0,0.99,0,0,6,0,0,6,1020,0.0,0.99,0,0
PF12627,PF10521,7,6,3,4,3,1016,0.5,0.99,0.43,0.46,6,3,4,3,1016,0.5,0.99,0.43,0.46
PF09748,PF05254,10,3,1,9,2,1014,0.33,0.99,0.1,0.18,3,1,9,2,1014,0.33,0.99,0.1,0.18
PF12540,PF07545,0,1,0,0,1,1025,0.0,1.0,0,0,1,0,0,1,1025,0.0,1.0,0,0
PF10077,PF14983,2,1,0,2,1,1023,0.0,1.0,0.0,-0.0,1,0,2,1,1023,0.0,1.0,0.0,-0.0
PF16794,PF12884,6,1,0,6,1,1019,0.0,0.99,0.0,-0.0,1,0,6,1,1019,0.0,0.99,0.0,-0.0
PF06178,PF11855,0,1,0,0,1,1025,0.0,1.0,0,0,1,0,0,1,1025,0.0,1.0,0,0
PF06295,PF06560,0,2,0,0,2,1024,0.0,1.0,0,0,2,0,0,2,1024,0.0,1.0,0,0
PF08719,PF01872,14,10,4,10,6,1006,0.4,0.98,0.29,0.33,10,4,10,6,1006,0.4,0.98,0.29,0.33
PF13889,PF15557,5,0,0,5,0,1021,0,1.0,0.0,0,0,0,5,0,1021,0,1.0,0.0,0
PF16772,PF08558,1,6,1,0,5,1020,0.17,1.0,1.0,0.41,6,1,0,5,1020,0.17,1.0,1.0,0.41
PF06961,PF17017,0,0,0,0,0,1026,0,1.0,0,0,0,0,0,0,1026,0,1.0,0,0
PF02828,PF00625,7,18,4,3,14,1005,0.22,0.98,0.57,0.35,18,4,3,14,1005,0.22,0.98,0.57,0.35
PF11521,PF02002,2,6,2,0,4,1020,0.33,1.0,1.0,0.58,6,2,0,4,1020,0.33,1.0,1.0,0.58
PF03940,PF11573,0,2,0,0,2,1024,0.0,1.0,0,0,2,0,0,2,1024,0.0,1.0,0,0
PF08108,PF04825,1,10,0,1,10,1015,0.0,0.99,0.0,-0.0,10,0,1,10,1015,0.0,0.99,0.0,-0.0
PF16788,PF14611,1,3,0,1,3,1022,0.0,1.0,0.0,-0.0,3,0,1,3,1022,0.0,1.0,0.0,-0.0
PF07368,PF15055,0,0,0,0,0,1026,0,1.0,0,0,0,0,0,0,1026,0,1.0,0,0
PF17111,PF15898,9,0,0,9,0,1017,0,0.99,0.0,0,0,0,9,0,1017,0,0.99,0.0,0
PF10114,PF05939,0,0,0,0,0,1026,0,1.0,0,0,0,0,0,0,1026,0,1.0,0,0
PF06082,PF03090,0,0,0,0,0,1026,0,1.0,0,0,0,0,0,0,1026,0,1.0,0,0
PF06055,PF05325,2,0,0,2,0,1024,0,1.0,0.0,0,0,0,2,0,1024,0,1.0,0.0,0
PF16556,PF16742,2,0,0,2,0,1024,0,1.0,0.0,0,0,0,2,0,1024,0,1.0,0.0,0
PF08565,PF08564,7,4,4,3,0,1019,1.0,1.0,0.57,0.75,4,4,3,0,1019,1.0,1.0,0.57,0.75
PF09337,PF07245,10,2,1,9,1,1015,0.5,0.99,0.1,0.22,2,1,9,1,1015,0.5,0.99,0.1,0.22
PF15017,PF17146,0,2,0,0,2,1024,0.0,1.0,0,0,2,0,0,2,1024,0.0,1.0,0,0
PF15976,PF07434,0,0,0,0,0,1026,0,1.0,0,0,0,0,0,0,1026,0,1.0,0,0
PF01160,PF15346,3,2,0,3,2,1021,0.0,1.0,0.0,-0.0,2,0,3,2,1021,0.0,1.0,0.0,-0.0
PF15927,PF12366,1,1,1,0,0,1025,1.0,1.0,1.0,1.0,1,1,0,0,1025,1.0,1.0,1.0,1.0
PF00354,PF10393,12,1,0,12,1,1013,0.0,0.99,0.0,-0.0,1,0,12,1,1013,0.0,0.99,0.0,-0.0
PF10145,PF15186,0,0,0,0,0,1026,0,1.0,0,0,0,0,0,0,1026,0,1.0,0,0
PF11815,PF11856,8,1,1,7,0,1018,1.0,0.99,0.12,0.35,1,1,7,0,1018,1.0,0.99,0.12,0.35
PF12467,PF13780,2,0,0,2,0,1024,0,1.0,0.0,0,0,0,2,0,1024,0,1.0,0.0,0
PF04836,PF05004,5,5,5,0,0,1021,1.0,1.0,1.0,1.0,5,5,0,0,1021,1.0,1.0,1.0,1.0
PF13421,PF06744,0,0,0,0,0,1026,0,1.0,0,0,0,0,0,0,1026,0,1.0,0,0
PF10176,PF15503,4,1,0,4,1,1021,0.0,1.0,0.0,-0.0,1,0,4,1,1021,0.0,1.0,0.0,-0.0
PF04466,PF01580,1,2,0,1,2,1023,0.0,1.0,0.0,-0.0,2,0,1,2,1023,0.0,1.0,0.0,-0.0
PF07515,PF04941,0,1,0,0,1,1025,0.0,1.0,0,0,1,0,0,1,1025,0.0,1.0,0,0
PF02101,PF08228,1,1,0,1,1,1024,0.0,1.0,0.0,-0.0,1,0,1,1,1024,0.0,1.0,0.0,-0.0
PF02110,PF02581,4,5,4,0,1,1021,0.8,1.0,1.0,0.89,5,4,0,1,1021,0.8,1.0,1.0,0.89
PF17026,PF11057,0,0,0,0,0,1026,0,1.0,0,0,0,0,0,0,1026,0,1.0,0,0
PF00888,PF10557,25,16,16,9,0,1001,1.0,0.99,0.64,0.8,16,16,9,0,1001,1.0,0.99,0.64,0.8
PF01499,PF03354,1,0,0,1,0,1025,0,1.0,0.0,0,0,0,1,0,1025,0,1.0,0.0,0
PF14824,PF13241,5,5,5,0,0,1021,1.0,1.0,1.0,1.0,5,5,0,0,1021,1.0,1.0,1.0,1.0
PF05400,PF09087,1,1,1,0,0,1025,1.0,1.0,1.0,1.0,1,1,0,0,1025,1.0,1.0,1.0,1.0
PF07429,PF13808,2,1,0,2,1,1023,0.0,1.0,0.0,-0.0,1,0,2,1,1023,0.0,1.0,0.0,-0.0
PF11842,PF06962,0,0,0,0,0,1026,0,1.0,0,0,0,0,0,0,1026,0,1.0,0,0
PF01535,PF01048,87,16,10,77,6,933,0.62,0.92,0.11,0.24,16,10,77,6,933,0.62,0.92,0.11,0.24
PF13396,PF10295,0,3,0,0,3,1023,0.0,1.0,0,0,3,0,0,3,1023,0.0,1.0,0,0
PF06807,PF16573,4,5,4,0,1,1021,0.8,1.0,1.0,0.89,5,4,0,1,1021,0.8,1.0,1.0,0.89
PF13915,PF16788,5,1,0,5,1,1020,0.0,0.99,0.0,-0.0,1,0,5,1,1020,0.0,0.99,0.0,-0.0
PF01609,PF04865,2,0,0,2,0,1024,0,1.0,0.0,0,0,0,2,0,1024,0,1.0,0.0,0
PF06733,PF13307,22,21,20,2,1,1003,0.95,1.0,0.91,0.93,21,20,2,1,1003,0.95,1.0,0.91,0.93
PF07157,PF07409,0,0,0,0,0,1026,0,1.0,0,0,0,0,0,0,1026,0,1.0,0,0
PF09788,PF15905,3,0,0,3,0,1023,0,1.0,0.0,0,0,0,3,0,1023,0,1.0,0.0,0
PF14388,PF12680,5,4,2,3,2,1019,0.5,1.0,0.4,0.44,4,2,3,2,1019,0.5,1.0,0.4,0.44
PF01904,PF04370,5,0,0,5,0,1021,0,1.0,0.0,0,0,0,5,0,1021,0,1.0,0.0,0
PF02027,PF07207,1,3,1,0,2,1023,0.33,1.0,1.0,0.58,3,1,0,2,1023,0.33,1.0,1.0,0.58
PF12533,PF01586,2,5,1,1,4,1020,0.2,1.0,0.5,0.31,5,1,1,4,1020,0.2,1.0,0.5,0.31
PF00750,PF03485,17,9,8,9,1,1008,0.89,0.99,0.47,0.64,9,8,9,1,1008,0.89,0.99,0.47,0.64
PF00431,PF01382,46,1,1,45,0,980,1.0,0.96,0.02,0.14,1,1,45,0,980,1.0,0.96,0.02,0.14
PF01331,PF02940,8,7,2,6,5,1013,0.29,0.99,0.25,0.26,7,2,6,5,1013,0.29,0.99,0.25,0.26
PF15786,PF13933,0,0,0,0,0,1026,0,1.0,0,0,0,0,0,0,1026,0,1.0,0,0
PF16521,PF01843,1,15,0,1,15,1010,0.0,0.98,0.0,-0.0,15,0,1,15,1010,0.0,0.98,0.0,-0.0
PF09177,PF11416,4,1,0,4,1,1021,0.0,1.0,0.0,-0.0,1,0,4,1,1021,0.0,1.0,0.0,-0.0
PF00392,PF07702,11,4,4,7,0,1015,1.0,0.99,0.36,0.6,4,4,7,0,1015,1.0,0.99,0.36,0.6
PF04371,PF06609,2,5,1,1,4,1020,0.2,1.0,0.5,0.31,5,1,1,4,1020,0.2,1.0,0.5,0.31
PF10547,PF06699,0,8,0,0,8,1018,0.0,0.99,0,0,8,0,0,8,1018,0.0,0.99,0,0
PF03193,PF05991,3,1,0,3,1,1022,0.0,1.0,0.0,-0.0,1,0,3,1,1022,0.0,1.0,0.0,-0.0
PF04760,PF14578,6,0,0,6,0,1020,0,0.99,0.0,0,0,0,6,0,1020,0,0.99,0.0,0
PF14145,PF11035,0,1,0,0,1,1025,0.0,1.0,0,0,1,0,0,1,1025,0.0,1.0,0,0
PF09287,PF01337,0,0,0,0,0,1026,0,1.0,0,0,0,0,0,0,1026,0,1.0,0,0
PF03320,PF08299,3,2,0,3,2,1021,0.0,1.0,0.0,-0.0,2,0,3,2,1021,0.0,1.0,0.0,-0.0
PF00311,PF04802,4,3,0,4,3,1019,0.0,0.99,0.0,-0.0,3,0,4,3,1019,0.0,0.99,0.0,-0.0
PF14958,PF10253,0,1,0,0,1,1025,0.0,1.0,0,0,1,0,0,1,1025,0.0,1.0,0,0
PF04982,PF02033,3,10,2,1,8,1015,0.2,0.99,0.67,0.36,10,2,1,8,1015,0.2,0.99,0.67,0.36
PF09365,PF08093,1,1,0,1,1,1024,0.0,1.0,0.0,-0.0,1,0,1,1,1024,0.0,1.0,0.0,-0.0
PF02019,PF06760,3,2,1,2,1,1022,0.5,1.0,0.33,0.41,2,1,2,1,1022,0.5,1.0,0.33,0.41
PF13251,PF08161,5,3,1,4,2,1019,0.33,0.99,0.2,0.26,3,1,4,2,1019,0.33,0.99,0.2,0.26
PF06551,PF06462,0,8,0,0,8,1018,0.0,0.99,0,0,8,0,0,8,1018,0.0,0.99,0,0
PF05261,PF12827,1,0,0,1,0,1025,0,1.0,0.0,0,0,0,1,0,1025,0,1.0,0.0,0
PF08938,PF06421,3,9,1,2,8,1015,0.11,0.99,0.33,0.19,9,1,2,8,1015,0.11,0.99,0.33,0.19
PF04227,PF00294,4,32,4,0,28,994,0.12,0.97,1.0,0.35,32,4,0,28,994,0.12,0.97,1.0,0.35
PF01788,PF00882,1,0,0,1,0,1025,0,1.0,0.0,0,0,0,1,0,1025,0,1.0,0.0,0
PF08566,PF09348,2,1,0,2,1,1023,0.0,1.0,0.0,-0.0,1,0,2,1,1023,0.0,1.0,0.0,-0.0
PF08355,PF08356,4,4,4,0,0,1022,1.0,1.0,1.0,1.0,4,4,0,0,1022,1.0,1.0,1.0,1.0
PF09606,PF06401,5,1,0,5,1,1020,0.0,0.99,0.0,-0.0,1,0,5,1,1020,0.0,0.99,0.0,-0.0
PF11145,PF04674,0,2,0,0,2,1024,0.0,1.0,0,0,2,0,0,2,1024,0.0,1.0,0,0
PF01592,PF01774,6,5,0,6,5,1015,0.0,0.99,0.0,-0.01,5,0,6,5,1015,0.0,0.99,0.0,-0.01
PF16864,PF02545,6,11,3,3,8,1012,0.27,0.99,0.5,0.36,11,3,3,8,1012,0.27,0.99,0.5,0.36
PF00581,PF06617,43,4,4,39,0,983,1.0,0.96,0.09,0.3,4,4,39,0,983,1.0,0.96,0.09,0.3
PF14532,PF08630,2,2,0,2,2,1022,0.0,1.0,0.0,-0.0,2,0,2,2,1022,0.0,1.0,0.0,-0.0
PF06473,PF05478,0,1,0,0,1,1025,0.0,1.0,0,0,1,0,0,1,1025,0.0,1.0,0,0
PF04166,PF15623,3,0,0,3,0,1023,0,1.0,0.0,0,0,0,3,0,1023,0,1.0,0.0,0
PF10017,PF12867,3,5,3,0,2,1021,0.6,1.0,1.0,0.77,5,3,0,2,1021,0.6,1.0,1.0,0.77
PF05266,PF16097,0,0,0,0,0,1026,0,1.0,0,0,0,0,0,0,1026,0,1.0,0,0
PF00292,PF16719,8,0,0,8,0,1018,0,0.99,0.0,0,0,0,8,0,1018,0,0.99,0.0,0
PF06224,PF09614,0,0,0,0,0,1026,0,1.0,0,0,0,0,0,0,1026,0,1.0,0,0
PF01778,PF04874,9,5,4,5,1,1016,0.8,0.99,0.44,0.59,5,4,5,1,1016,0.8,0.99,0.44,0.59
PF09750,PF12230,15,7,1,14,6,1005,0.14,0.98,0.07,0.09,7,1,14,6,1005,0.14,0.98,0.07,0.09
PF10434,PF05466,0,0,0,0,0,1026,0,1.0,0,0,0,0,0,0,1026,0,1.0,0,0
PF16088,PF07914,0,7,0,0,7,1019,0.0,0.99,0,0,7,0,0,7,1019,0.0,0.99,0,0
PF14611,PF11331,3,2,0,3,2,1021,0.0,1.0,0.0,-0.0,2,0,3,2,1021,0.0,1.0,0.0,-0.0
PF07713,PF12457,6,5,1,5,4,1016,0.2,0.99,0.17,0.18,5,1,5,4,1016,0.2,0.99,0.17,0.18
PF11258,PF08026,0,1,0,0,1,1025,0.0,1.0,0,0,1,0,0,1,1025,0.0,1.0,0,0
PF03924,PF00486,5,7,2,3,5,1016,0.29,0.99,0.4,0.33,7,2,3,5,1016,0.29,0.99,0.4,0.33
PF03737,PF04148,10,3,2,8,1,1015,0.67,0.99,0.2,0.36,3,2,8,1,1015,0.67,0.99,0.2,0.36
PF04904,PF04902,1,1,1,0,0,1025,1.0,1.0,1.0,1.0,1,1,0,0,1025,1.0,1.0,1.0,1.0
PF11910,PF15334,1,0,0,1,0,1025,0,1.0,0.0,0,0,0,1,0,1025,0,1.0,0.0,0
PF11817,PF07919,5,3,3,2,0,1021,1.0,1.0,0.6,0.77,3,3,2,0,1021,1.0,1.0,0.6,0.77
PF15827,PF08504,0,1,0,0,1,1025,0.0,1.0,0,0,1,0,0,1,1025,0.0,1.0,0,0
PF00008,PF12661,66,30,29,37,1,959,0.97,0.96,0.44,0.64,30,29,37,1,959,0.97,0.96,0.44,0.64
PF06594,PF10554,0,0,0,0,0,1026,0,1.0,0,0,0,0,0,0,1026,0,1.0,0,0
PF03635,PF02990,7,27,3,4,24,995,0.11,0.97,0.43,0.21,27,3,4,24,995,0.11,0.97,0.43,0.21
PF11745,PF16824,0,0,0,0,0,1026,0,1.0,0,0,0,0,0,0,1026,0,1.0,0,0
PF00621,PF08174,40,6,3,37,3,983,0.5,0.96,0.07,0.18,6,3,37,3,983,0.5,0.96,0.07,0.18
PF10961,PF07449,4,1,1,3,0,1022,1.0,1.0,0.25,0.5,1,1,3,0,1022,1.0,1.0,0.25,0.5
PF12057,PF16843,2,0,0,2,0,1024,0,1.0,0.0,0,0,0,2,0,1024,0,1.0,0.0,0
PF02099,PF08059,8,9,4,4,5,1013,0.44,0.99,0.5,0.47,9,4,4,5,1013,0.44,0.99,0.5,0.47
PF08668,PF13098,2,5,0,2,5,1019,0.0,0.99,0.0,-0.0,5,0,2,5,1019,0.0,0.99,0.0,-0.0
PF07975,PF04056,4,10,4,0,6,1016,0.4,0.99,1.0,0.63,10,4,0,6,1016,0.4,0.99,1.0,0.63
PF15089,PF08795,0,0,0,0,0,1026,0,1.0,0,0,0,0,0,0,1026,0,1.0,0,0
PF01975,PF03133,9,26,5,4,21,996,0.19,0.98,0.56,0.32,26,5,4,21,996,0.19,0.98,0.56,0.32
PF01484,PF09006,30,0,0,30,0,996,0,0.97,0.0,0,0,0,30,0,996,0,0.97,0.0,0
PF16469,PF16126,0,1,0,0,1,1025,0.0,1.0,0,0,1,0,0,1,1025,0.0,1.0,0,0
PF08683,PF17095,5,2,2,3,0,1021,1.0,1.0,0.4,0.63,2,2,3,0,1021,1.0,1.0,0.4,0.63
PF14008,PF16656,18,17,15,3,2,1006,0.88,1.0,0.83,0.86,17,15,3,2,1006,0.88,1.0,0.83,0.86
PF16022,PF07178,1,1,0,1,1,1024,0.0,1.0,0.0,-0.0,1,0,1,1,1024,0.0,1.0,0.0,-0.0
PF13593,PF05254,3,3,0,3,3,1020,0.0,0.99,0.0,-0.0,3,0,3,3,1020,0.0,0.99,0.0,-0.0
PF14057,PF08119,0,1,0,0,1,1025,0.0,1.0,0,0,1,0,0,1,1025,0.0,1.0,0,0
PF07145,PF06741,6,7,1,5,6,1014,0.14,0.99,0.17,0.15,7,1,5,6,1014,0.14,0.99,0.17,0.15
PF04973,PF01717,1,6,0,1,6,1019,0.0,0.99,0.0,-0.0,6,0,1,6,1019,0.0,0.99,0.0,-0.0
PF11717,PF01853,20,18,8,12,10,996,0.44,0.98,0.4,0.41,18,8,12,10,996,0.44,0.98,0.4,0.41
PF04442,PF00436,7,12,4,3,8,1011,0.33,0.99,0.57,0.43,12,4,3,8,1011,0.33,0.99,0.57,0.43
PF09336,PF01434,10,27,3,7,24,992,0.11,0.97,0.3,0.17,27,3,7,24,992,0.11,0.97,0.3,0.17
PF13499,PF13833,94,36,28,66,8,924,0.78,0.93,0.3,0.45,36,28,66,8,924,0.78,0.93,0.3,0.45
PF03454,PF03453,7,10,6,1,4,1015,0.6,1.0,0.86,0.71,10,6,1,4,1015,0.6,1.0,0.86,0.71
PF14420,PF15898,7,0,0,7,0,1019,0,0.99,0.0,0,0,0,7,0,1019,0,0.99,0.0,0
PF06031,PF07545,2,1,0,2,1,1023,0.0,1.0,0.0,-0.0,1,0,2,1,1023,0.0,1.0,0.0,-0.0
PF05585,PF05380,16,22,10,6,12,998,0.45,0.98,0.62,0.52,22,10,6,12,998,0.45,0.98,0.62,0.52
PF10032,PF15378,3,1,1,2,0,1023,1.0,1.0,0.33,0.58,1,1,2,0,1023,1.0,1.0,0.33,0.58
PF06339,PF14323,3,1,0,3,1,1022,0.0,1.0,0.0,-0.0,1,0,3,1,1022,0.0,1.0,0.0,-0.0
PF01912,PF01775,9,4,1,8,3,1014,0.25,0.99,0.11,0.16,4,1,8,3,1014,0.25,0.99,0.11,0.16
PF16207,PF08941,2,5,0,2,5,1019,0.0,0.99,0.0,-0.0,5,0,2,5,1019,0.0,0.99,0.0,-0.0
PF07711,PF16833,1,0,0,1,0,1025,0,1.0,0.0,0,0,0,1,0,1025,0,1.0,0.0,0
PF01282,PF00159,3,0,0,3,0,1023,0,1.0,0.0,0,0,0,3,0,1023,0,1.0,0.0,0
PF04424,PF01085,9,7,2,7,5,1012,0.29,0.99,0.22,0.25,7,2,7,5,1012,0.29,0.99,0.22,0.25
PF08333,PF12009,7,7,0,7,7,1012,0.0,0.99,0.0,-0.01,7,0,7,7,1012,0.0,0.99,0.0,-0.01
PF07335,PF06912,0,3,0,0,3,1023,0.0,1.0,0,0,3,0,0,3,1023,0.0,1.0,0,0
PF14484,PF02758,7,5,3,4,2,1017,0.6,0.99,0.43,0.5,5,3,4,2,1017,0.6,0.99,0.43,0.5
PF04476,PF10412,0,0,0,0,0,1026,0,1.0,0,0,0,0,0,0,1026,0,1.0,0,0
PF06839,PF01396,14,1,1,13,0,1012,1.0,0.99,0.07,0.27,1,1,13,0,1012,1.0,0.99,0.07,0.27
PF05942,PF03739,0,4,0,0,4,1022,0.0,1.0,0,0,4,0,0,4,1022,0.0,1.0,0,0
PF08224,PF07899,1,3,1,0,2,1023,0.33,1.0,1.0,0.58,3,1,0,2,1023,0.33,1.0,1.0,0.58
PF07923,PF11882,2,2,2,0,0,1024,1.0,1.0,1.0,1.0,2,2,0,0,1024,1.0,1.0,1.0,1.0
PF08119,PF12084,1,0,0,1,0,1025,0,1.0,0.0,0,0,0,1,0,1025,0,1.0,0.0,0
PF04089,PF12483,4,3,1,3,2,1020,0.33,1.0,0.25,0.29,3,1,3,2,1020,0.33,1.0,0.25,0.29
PF15498,PF17164,0,0,0,0,0,1026,0,1.0,0,0,0,0,0,0,1026,0,1.0,0,0
PF04332,PF08333,0,7,0,0,7,1019,0.0,0.99,0,0,7,0,0,7,1019,0.0,0.99,0,0
PF16863,PF00088,12,8,5,7,3,1011,0.62,0.99,0.42,0.51,8,5,7,3,1011,0.62,0.99,0.42,0.51
PF07421,PF10974,0,0,0,0,0,1026,0,1.0,0,0,0,0,0,0,1026,0,1.0,0,0
PF04237,PF03840,0,1,0,0,1,1025,0.0,1.0,0,0,1,0,0,1,1025,0.0,1.0,0,0
PF14197,PF12757,5,1,1,4,0,1021,1.0,1.0,0.2,0.45,1,1,4,0,1021,1.0,1.0,0.2,0.45
PF02372,PF15071,1,0,0,1,0,1025,0,1.0,0.0,0,0,0,1,0,1025,0,1.0,0.0,0
PF03266,PF15741,2,1,0,2,1,1023,0.0,1.0,0.0,-0.0,1,0,2,1,1023,0.0,1.0,0.0,-0.0
PF12444,PF09667,1,0,0,1,0,1025,0,1.0,0.0,0,0,0,1,0,1025,0,1.0,0.0,0
PF16600,PF16632,0,0,0,0,0,1026,0,1.0,0,0,0,0,0,0,1026,0,1.0,0,0
PF04426,PF04425,2,0,0,2,0,1024,0,1.0,0.0,0,0,0,2,0,1024,0,1.0,0.0,0
PF02044,PF01279,1,1,0,1,1,1024,0.0,1.0,0.0,-0.0,1,0,1,1,1024,0.0,1.0,0.0,-0.0
PF03071,PF04133,6,4,1,5,3,1017,0.25,0.99,0.17,0.2,4,1,5,3,1017,0.25,0.99,0.17,0.2
PF17046,PF11558,1,0,0,1,0,1025,0,1.0,0.0,0,0,0,1,0,1025,0,1.0,0.0,0
PF03135,PF07499,5,2,0,5,2,1019,0.0,0.99,0.0,-0.0,2,0,5,2,1019,0.0,0.99,0.0,-0.0
PF01099,PF06373,0,6,0,0,6,1020,0.0,0.99,0,0,6,0,0,6,1020,0.0,0.99,0,0
PF02566,PF06912,5,3,2,3,1,1020,0.67,1.0,0.4,0.51,3,2,3,1,1020,0.67,1.0,0.4,0.51
PF16108,PF15602,0,0,0,0,0,1026,0,1.0,0,0,0,0,0,0,1026,0,1.0,0,0
PF05466,PF15128,0,1,0,0,1,1025,0.0,1.0,0,0,1,0,0,1,1025,0.0,1.0,0,0
PF15097,PF15085,0,0,0,0,0,1026,0,1.0,0,0,0,0,0,0,1026,0,1.0,0,0
PF05351,PF08038,3,3,0,3,3,1020,0.0,0.99,0.0,-0.0,3,0,3,3,1020,0.0,0.99,0.0,-0.0
PF14615,PF03713,2,0,0,2,0,1024,0,1.0,0.0,0,0,0,2,0,1024,0,1.0,0.0,0
PF17171,PF11801,9,1,1,8,0,1017,1.0,0.99,0.11,0.33,1,1,8,0,1017,1.0,0.99,0.11,0.33
PF13784,PF08091,0,1,0,0,1,1025,0.0,1.0,0,0,1,0,0,1,1025,0.0,1.0,0,0
PF00777,PF03062,17,21,4,13,17,992,0.19,0.97,0.24,0.2,21,4,13,17,992,0.19,0.97,0.24,0.2
PF10659,PF13206,2,0,0,2,0,1024,0,1.0,0.0,0,0,0,2,0,1024,0,1.0,0.0,0
PF16053,PF01097,10,3,0,10,3,1013,0.0,0.99,0.0,-0.01,3,0,10,3,1013,0.0,0.99,0.0,-0.01
PF03523,PF00229,1,4,0,1,4,1021,0.0,1.0,0.0,-0.0,4,0,1,4,1021,0.0,1.0,0.0,-0.0
PF03803,PF05602,10,8,1,9,7,1009,0.12,0.98,0.1,0.1,8,1,9,7,1009,0.12,0.98,0.1,0.1
PF09263,PF09262,3,7,3,0,4,1019,0.43,1.0,1.0,0.65,7,3,0,4,1019,0.43,1.0,1.0,0.65
PF03107,PF13905,13,12,5,8,7,1006,0.42,0.99,0.38,0.39,12,5,8,7,1006,0.42,0.99,0.38,0.39
PF06729,PF15119,2,2,0,2,2,1022,0.0,1.0,0.0,-0.0,2,0,2,2,1022,0.0,1.0,0.0,-0.0
PF12155,PF03237,0,6,0,0,6,1020,0.0,0.99,0,0,6,0,0,6,1020,0.0,0.99,0,0
PF15479,PF06429,1,1,0,1,1,1024,0.0,1.0,0.0,-0.0,1,0,1,1,1024,0.0,1.0,0.0,-0.0
PF10498,PF12414,2,1,1,1,0,1024,1.0,1.0,0.5,0.71,1,1,1,0,1024,1.0,1.0,0.5,0.71
PF07404,PF15482,0,0,0,0,0,1026,0,1.0,0,0,0,0,0,0,1026,0,1.0,0,0
PF00848,PF08802,5,1,1,4,0,1021,1.0,1.0,0.2,0.45,1,1,4,0,1021,1.0,1.0,0.2,0.45
PF13422,PF14052,4,0,0,4,0,1022,0,1.0,0.0,0,0,0,4,0,1022,0,1.0,0.0,0
PF00571,PF01595,43,7,6,37,1,982,0.86,0.96,0.14,0.34,7,6,37,1,982,0.86,0.96,0.14,0.34
PF12396,PF03709,2,0,0,2,0,1024,0,1.0,0.0,0,0,0,2,0,1024,0,1.0,0.0,0
PF12140,PF17208,6,1,1,5,0,1020,1.0,1.0,0.17,0.41,1,1,5,0,1020,1.0,1.0,0.17,0.41
PF05039,PF15359,1,0,0,1,0,1025,0,1.0,0.0,0,0,0,1,0,1025,0,1.0,0.0,0
PF08805,PF04917,2,1,1,1,0,1024,1.0,1.0,0.5,0.71,1,1,1,0,1024,1.0,1.0,0.5,0.71
PF07733,PF14579,8,8,8,0,0,1018,1.0,1.0,1.0,1.0,8,8,0,0,1018,1.0,1.0,1.0,1.0
PF00682,PF02436,20,4,4,16,0,1006,1.0,0.98,0.2,0.44,4,4,16,0,1006,1.0,0.98,0.2,0.44
PF14313,PF07661,0,1,0,0,1,1025,0.0,1.0,0,0,1,0,0,1,1025,0.0,1.0,0,0
PF09649,PF13836,1,0,0,1,0,1025,0,1.0,0.0,0,0,0,1,0,1025,0,1.0,0.0,0
PF04138,PF14322,2,0,0,2,0,1024,0,1.0,0.0,0,0,0,2,0,1024,0,1.0,0.0,0
PF03884,PF02886,0,6,0,0,6,1020,0.0,0.99,0,0,6,0,0,6,1020,0.0,0.99,0,0
PF13359,PF13613,25,5,5,20,0,1001,1.0,0.98,0.2,0.44,5,5,20,0,1001,1.0,0.98,0.2,0.44
PF14513,PF00609,5,11,4,1,7,1014,0.36,0.99,0.8,0.54,11,4,1,7,1014,0.36,0.99,0.8,0.54
PF10215,PF11093,3,1,0,3,1,1022,0.0,1.0,0.0,-0.0,1,0,3,1,1022,0.0,1.0,0.0,-0.0
PF14493,PF09382,4,14,4,0,10,1012,0.29,0.99,1.0,0.53,14,4,0,10,1012,0.29,0.99,1.0,0.53
PF05992,PF03459,1,2,1,0,1,1024,0.5,1.0,1.0,0.71,2,1,0,1,1024,0.5,1.0,1.0,0.71
PF04356,PF03659,0,5,0,0,5,1021,0.0,1.0,0,0,5,0,0,5,1021,0.0,1.0,0,0
PF05181,PF07111,8,2,0,8,2,1016,0.0,0.99,0.0,-0.0,2,0,8,2,1016,0.0,0.99,0.0,-0.0
PF07163,PF05556,2,1,1,1,0,1024,1.0,1.0,0.5,0.71,1,1,1,0,1024,1.0,1.0,0.5,0.71
PF05511,PF15158,5,0,0,5,0,1021,0,1.0,0.0,0,0,0,5,0,1021,0,1.0,0.0,0
PF02304,PF09095,1,1,0,1,1,1024,0.0,1.0,0.0,-0.0,1,0,1,1,1024,0.0,1.0,0.0,-0.0
PF02767,PF02768,4,4,4,0,0,1022,1.0,1.0,1.0,1.0,4,4,0,0,1022,1.0,1.0,1.0,1.0
PF12862,PF05183,6,14,2,4,12,1008,0.14,0.98,0.33,0.21,14,2,4,12,1008,0.14,0.98,0.33,0.21
PF11728,PF10559,0,9,0,0,9,1017,0.0,0.99,0,0,9,0,0,9,1017,0.0,0.99,0,0
PF03893,PF01098,4,11,1,3,10,1012,0.09,0.99,0.25,0.15,11,1,3,10,1012,0.09,0.99,0.25,0.15
PF13567,PF03772,1,1,1,0,0,1025,1.0,1.0,1.0,1.0,1,1,0,0,1025,1.0,1.0,1.0,1.0
PF00616,PF00779,17,7,5,12,2,1007,0.71,0.99,0.29,0.45,7,5,12,2,1007,0.71,0.99,0.29,0.45
PF03637,PF01025,16,8,3,13,5,1005,0.38,0.98,0.19,0.26,8,3,13,5,1005,0.38,0.98,0.19,0.26
PF16780,PF02798,0,26,0,0,26,1000,0.0,0.97,0,0,26,0,0,26,1000,0.0,0.97,0,0
PF14329,PF05119,0,0,0,0,0,1026,0,1.0,0,0,0,0,0,0,1026,0,1.0,0,0
PF07857,PF08140,8,0,0,8,0,1018,0,0.99,0.0,0,0,0,8,0,1018,0,0.99,0.0,0
PF13550,PF17050,0,2,0,0,2,1024,0.0,1.0,0,0,2,0,0,2,1024,0.0,1.0,0,0
PF08961,PF09049,1,0,0,1,0,1025,0,1.0,0.0,0,0,0,1,0,1025,0,1.0,0.0,0
PF05934,PF15877,4,0,0,4,0,1022,0,1.0,0.0,0,0,0,4,0,1022,0,1.0,0.0,0
PF14624,PF13757,2,0,0,2,0,1024,0,1.0,0.0,0,0,0,2,0,1024,0,1.0,0.0,0
PF15004,PF15841,0,0,0,0,0,1026,0,1.0,0,0,0,0,0,0,1026,0,1.0,0,0
PF15975,PF16200,3,3,0,3,3,1020,0.0,0.99,0.0,-0.0,3,0,3,3,1020,0.0,0.99,0.0,-0.0
PF06083,PF01632,1,2,0,1,2,1023,0.0,1.0,0.0,-0.0,2,0,1,2,1023,0.0,1.0,0.0,-0.0
PF12682,PF15097,0,0,0,0,0,1026,0,1.0,0,0,0,0,0,0,1026,0,1.0,0,0
PF02570,PF13557,2,3,1,1,2,1022,0.33,1.0,0.5,0.41,3,1,1,2,1022,0.33,1.0,0.5,0.41
PF02148,PF06337,24,9,4,20,5,997,0.44,0.98,0.17,0.26,9,4,20,5,997,0.44,0.98,0.17,0.26
PF10680,PF08744,7,0,0,7,0,1019,0,0.99,0.0,0,0,0,7,0,1019,0,0.99,0.0,0
PF03312,PF03888,1,0,0,1,0,1025,0,1.0,0.0,0,0,0,1,0,1025,0,1.0,0.0,0
PF10111,PF13477,0,0,0,0,0,1026,0,1.0,0,0,0,0,0,0,1026,0,1.0,0,0
PF08370,PF06422,2,9,1,1,8,1016,0.11,0.99,0.5,0.23,9,1,1,8,1016,0.11,0.99,0.5,0.23
PF08540,PF01154,11,11,10,1,1,1014,0.91,1.0,0.91,0.91,11,10,1,1,1014,0.91,1.0,0.91,0.91
PF00231,PF05497,11,2,0,11,2,1013,0.0,0.99,0.0,-0.0,2,0,11,2,1013,0.0,0.99,0.0,-0.0
PF00617,PF00618,36,27,24,12,3,987,0.89,0.99,0.67,0.76,27,24,12,3,987,0.89,0.99,0.67,0.76
PF11820,PF01959,2,2,1,1,1,1023,0.5,1.0,0.5,0.5,2,1,1,1,1023,0.5,1.0,0.5,0.5
PF17209,PF00856,1,58,1,0,57,968,0.02,0.94,1.0,0.13,58,1,0,57,968,0.02,0.94,1.0,0.13
PF05091,PF00244,15,17,5,10,12,999,0.29,0.98,0.33,0.3,17,5,10,12,999,0.29,0.98,0.33,0.3
PF15378,PF15333,1,1,0,1,1,1024,0.0,1.0,0.0,-0.0,1,0,1,1,1024,0.0,1.0,0.0,-0.0
PF10995,PF01913,0,1,0,0,1,1025,0.0,1.0,0,0,1,0,0,1,1025,0.0,1.0,0,0
PF00518,PF16886,0,8,0,0,8,1018,0.0,0.99,0,0,8,0,0,8,1018,0.0,0.99,0,0
PF02742,PF02277,0,1,0,0,1,1025,0.0,1.0,0,0,1,0,0,1,1025,0.0,1.0,0,0
PF12812,PF13180,0,19,0,0,19,1007,0.0,0.98,0,0,19,0,0,19,1007,0.0,0.98,0,0
PF09360,PF10660,12,0,0,12,0,1014,0,0.99,0.0,0,0,0,12,0,1014,0,0.99,0.0,0
PF08166,PF08167,1,3,1,0,2,1023,0.33,1.0,1.0,0.58,3,1,0,2,1023,0.33,1.0,1.0,0.58
PF02756,PF02757,0,2,0,0,2,1024,0.0,1.0,0,0,2,0,0,2,1024,0.0,1.0,0,0
PF11357,PF02186,5,8,1,4,7,1014,0.12,0.99,0.2,0.15,8,1,4,7,1014,0.12,0.99,0.2,0.15
PF02500,PF13505,1,0,0,1,0,1025,0,1.0,0.0,0,0,0,1,0,1025,0,1.0,0.0,0
PF14311,PF14743,2,3,2,0,1,1023,0.67,1.0,1.0,0.82,3,2,0,1,1023,0.67,1.0,1.0,0.82
PF11041,PF09397,2,2,0,2,2,1022,0.0,1.0,0.0,-0.0,2,0,2,2,1022,0.0,1.0,0.0,-0.0
PF04641,PF15906,10,5,1,9,4,1012,0.2,0.99,0.1,0.14,5,1,9,4,1012,0.2,0.99,0.1,0.14
PF05523,PF01865,0,0,0,0,0,1026,0,1.0,0,0,0,0,0,0,1026,0,1.0,0,0
PF14671,PF09192,4,2,1,3,1,1021,0.5,1.0,0.25,0.35,2,1,3,1,1021,0.5,1.0,0.25,0.35
PF13603,PF10458,7,4,1,6,3,1016,0.25,0.99,0.14,0.18,4,1,6,3,1016,0.25,0.99,0.14,0.18
PF08140,PF03769,0,1,0,0,1,1025,0.0,1.0,0,0,1,0,0,1,1025,0.0,1.0,0,0
PF13933,PF15831,0,0,0,0,0,1026,0,1.0,0,0,0,0,0,0,1026,0,1.0,0,0
PF10785,PF12853,2,2,1,1,1,1023,0.5,1.0,0.5,0.5,2,1,1,1,1023,0.5,1.0,0.5,0.5
PF15879,PF10310,2,1,1,1,0,1024,1.0,1.0,0.5,0.71,1,1,1,0,1024,1.0,1.0,0.5,0.71
PF09032,PF16273,0,0,0,0,0,1026,0,1.0,0,0,0,0,0,0,1026,0,1.0,0,0
PF15675,PF16007,0,1,0,0,1,1025,0.0,1.0,0,0,1,0,0,1,1025,0.0,1.0,0,0
PF02948,PF09394,4,0,0,4,0,1022,0,1.0,0.0,0,0,0,4,0,1022,0,1.0,0.0,0
PF00822,PF07803,7,1,0,7,1,1018,0.0,0.99,0.0,-0.0,1,0,7,1,1018,0.0,0.99,0.0,-0.0
PF14370,PF02919,3,4,3,0,1,1022,0.75,1.0,1.0,0.87,4,3,0,1,1022,0.75,1.0,1.0,0.87
PF08317,PF05513,2,1,0,2,1,1023,0.0,1.0,0.0,-0.0,1,0,2,1,1023,0.0,1.0,0.0,-0.0
PF15964,PF16704,1,2,0,1,2,1023,0.0,1.0,0.0,-0.0,2,0,1,2,1023,0.0,1.0,0.0,-0.0
PF00173,PF01070,44,20,12,32,8,974,0.6,0.96,0.27,0.39,20,12,32,8,974,0.6,0.96,0.27,0.39
PF09441,PF15624,0,1,0,0,1,1025,0.0,1.0,0,0,1,0,0,1,1025,0.0,1.0,0,0
PF01480,PF16131,23,6,1,22,5,998,0.17,0.97,0.04,0.07,6,1,22,5,998,0.17,0.97,0.04,0.07
PF08149,PF08145,8,4,1,7,3,1015,0.25,0.99,0.12,0.17,4,1,7,3,1015,0.25,0.99,0.12,0.17
PF15019,PF08598,1,2,0,1,2,1023,0.0,1.0,0.0,-0.0,2,0,1,2,1023,0.0,1.0,0.0,-0.0
PF09591,PF07192,0,0,0,0,0,1026,0,1.0,0,0,0,0,0,0,1026,0,1.0,0,0
PF16757,PF01120,4,9,4,0,5,1017,0.44,1.0,1.0,0.67,9,4,0,5,1017,0.44,1.0,1.0,0.67
PF04721,PF07912,4,3,0,4,3,1019,0.0,0.99,0.0,-0.0,3,0,4,3,1019,0.0,0.99,0.0,-0.0
PF10373,PF09469,9,1,1,8,0,1017,1.0,0.99,0.11,0.33,1,1,8,0,1017,1.0,0.99,0.11,0.33
PF02185,PF03097,15,23,8,7,15,996,0.35,0.98,0.53,0.42,23,8,7,15,996,0.35,0.98,0.53,0.42
PF09988,PF02295,0,4,0,0,4,1022,0.0,1.0,0,0,4,0,0,4,1022,0.0,1.0,0,0
PF04593,PF07561,0,2,0,0,2,1024,0.0,1.0,0,0,2,0,0,2,1024,0.0,1.0,0,0
PF15793,PF15491,0,1,0,0,1,1025,0.0,1.0,0,0,1,0,0,1,1025,0.0,1.0,0,0
PF08276,PF00954,13,15,11,2,4,1009,0.73,0.99,0.85,0.78,15,11,2,4,1009,0.73,0.99,0.85,0.78
PF01771,PF17053,0,1,0,0,1,1025,0.0,1.0,0,0,1,0,0,1,1025,0.0,1.0,0,0
PF11638,PF14841,2,0,0,2,0,1024,0,1.0,0.0,0,0,0,2,0,1024,0,1.0,0.0,0
PF12485,PF16533,0,0,0,0,0,1026,0,1.0,0,0,0,0,0,0,1026,0,1.0,0,0
PF09812,PF01784,1,1,0,1,1,1024,0.0,1.0,0.0,-0.0,1,0,1,1,1024,0.0,1.0,0.0,-0.0
PF13828,PF09580,0,0,0,0,0,1026,0,1.0,0,0,0,0,0,0,1026,0,1.0,0,0
PF16553,PF15898,1,0,0,1,0,1025,0,1.0,0.0,0,0,0,1,0,1025,0,1.0,0.0,0
PF00875,PF03441,9,6,6,3,0,1017,1.0,1.0,0.67,0.82,6,6,3,0,1017,1.0,1.0,0.67,0.82
PF00331,PF02018,7,4,3,4,1,1018,0.75,1.0,0.43,0.56,4,3,4,1,1018,0.75,1.0,0.43,0.56
PF02183,PF16878,2,5,1,1,4,1020,0.2,1.0,0.5,0.31,5,1,1,4,1020,0.2,1.0,0.5,0.31
PF05925,PF06711,1,1,0,1,1,1024,0.0,1.0,0.0,-0.0,1,0,1,1,1024,0.0,1.0,0.0,-0.0
PF05018,PF02586,6,9,0,6,9,1011,0.0,0.99,0.0,-0.01,9,0,6,9,1011,0.0,0.99,0.0,-0.01
PF02643,PF16903,0,0,0,0,0,1026,0,1.0,0,0,0,0,0,0,1026,0,1.0,0,0
PF00374,PF17188,0,0,0,0,0,1026,0,1.0,0,0,0,0,0,0,1026,0,1.0,0,0
PF16655,PF09423,2,4,1,1,3,1021,0.25,1.0,0.5,0.35,4,1,1,3,1021,0.25,1.0,0.5,0.35
PF12443,PF15241,0,0,0,0,0,1026,0,1.0,0,0,0,0,0,0,1026,0,1.0,0,0
PF15158,PF15055,0,0,0,0,0,1026,0,1.0,0,0,0,0,0,0,1026,0,1.0,0,0
PF01219,PF06277,1,0,0,1,0,1025,0,1.0,0.0,0,0,0,1,0,1025,0,1.0,0.0,0
PF02423,PF03619,2,9,0,2,9,1015,0.0,0.99,0.0,-0.0,9,0,2,9,1015,0.0,0.99,0.0,-0.0
PF09172,PF06448,10,4,4,6,0,1016,1.0,0.99,0.4,0.63,4,4,6,0,1016,1.0,0.99,0.4,0.63
PF02894,PF09166,8,2,1,7,1,1017,0.5,0.99,0.12,0.25,2,1,7,1,1017,0.5,0.99,0.12,0.25
PF05007,PF04790,8,3,2,6,1,1017,0.67,0.99,0.25,0.41,3,2,6,1,1017,0.67,0.99,0.25,0.41
PF00554,PF16179,14,13,13,1,0,1012,1.0,1.0,0.93,0.96,13,13,1,0,1012,1.0,1.0,0.93,0.96
PF14909,PF05508,3,0,0,3,0,1023,0,1.0,0.0,0,0,0,3,0,1023,0,1.0,0.0,0
PF02672,PF00121,2,8,2,0,6,1018,0.25,0.99,1.0,0.5,8,2,0,6,1018,0.25,0.99,1.0,0.5
PF11693,PF06276,2,1,0,2,1,1023,0.0,1.0,0.0,-0.0,1,0,2,1,1023,0.0,1.0,0.0,-0.0
PF02752,PF05404,19,2,1,18,1,1006,0.5,0.98,0.05,0.16,2,1,18,1,1006,0.5,0.98,0.05,0.16
PF09577,PF10399,0,1,0,0,1,1025,0.0,1.0,0,0,1,0,0,1,1025,0.0,1.0,0,0
PF12697,PF00561,38,55,22,16,33,955,0.4,0.95,0.58,0.46,55,22,16,33,955,0.4,0.95,0.58,0.46
PF03610,PF13876,4,0,0,4,0,1022,0,1.0,0.0,0,0,0,4,0,1022,0,1.0,0.0,0
PF15189,PF09733,2,5,0,2,5,1019,0.0,0.99,0.0,-0.0,5,0,2,5,1019,0.0,0.99,0.0,-0.0
PF11437,PF15281,0,1,0,0,1,1025,0.0,1.0,0,0,1,0,0,1,1025,0.0,1.0,0,0
PF12296,PF04667,3,5,1,2,4,1019,0.2,0.99,0.33,0.26,5,1,2,4,1019,0.2,0.99,0.33,0.26
PF12606,PF11831,1,7,0,1,7,1018,0.0,0.99,0.0,-0.0,7,0,1,7,1018,0.0,0.99,0.0,-0.0
PF03120,PF01653,8,10,8,0,2,1016,0.8,1.0,1.0,0.89,10,8,0,2,1016,0.8,1.0,1.0,0.89
PF00325,PF10137,1,0,0,1,0,1025,0,1.0,0.0,0,0,0,1,0,1025,0,1.0,0.0,0
PF14961,PF15020,2,5,1,1,4,1020,0.2,1.0,0.5,0.31,5,1,1,4,1020,0.2,1.0,0.5,0.31
PF06721,PF13689,2,0,0,2,0,1024,0,1.0,0.0,0,0,0,2,0,1024,0,1.0,0.0,0
PF07694,PF13556,3,0,0,3,0,1023,0,1.0,0.0,0,0,0,3,0,1023,0,1.0,0.0,0
PF04097,PF03074,8,6,1,7,5,1013,0.17,0.99,0.12,0.14,6,1,7,5,1013,0.17,0.99,0.12,0.14
PF15015,PF15685,1,2,0,1,2,1023,0.0,1.0,0.0,-0.0,2,0,1,2,1023,0.0,1.0,0.0,-0.0
PF11046,PF06923,0,0,0,0,0,1026,0,1.0,0,0,0,0,0,0,1026,0,1.0,0,0
PF14330,PF07287,1,6,1,0,5,1020,0.17,1.0,1.0,0.41,6,1,0,5,1020,0.17,1.0,1.0,0.41
PF01215,PF10183,5,2,0,5,2,1019,0.0,0.99,0.0,-0.0,2,0,5,2,1019,0.0,0.99,0.0,-0.0
PF04379,PF13369,7,6,0,7,6,1013,0.0,0.99,0.0,-0.01,6,0,7,6,1013,0.0,0.99,0.0,-0.01
PF09292,PF01149,2,5,2,0,3,1021,0.4,1.0,1.0,0.63,5,2,0,3,1021,0.4,1.0,1.0,0.63
PF15705,PF15706,3,3,3,0,0,1023,1.0,1.0,1.0,1.0,3,3,0,0,1023,1.0,1.0,1.0,1.0
PF05821,PF00717,3,16,1,2,15,1008,0.06,0.98,0.33,0.14,16,1,2,15,1008,0.06,0.98,0.33,0.14
PF05436,PF04648,2,2,2,0,0,1024,1.0,1.0,1.0,1.0,2,2,0,0,1024,1.0,1.0,1.0,1.0
PF04789,PF15134,0,1,0,0,1,1025,0.0,1.0,0,0,1,0,0,1,1025,0.0,1.0,0,0
PF03894,PF09363,2,2,2,0,0,1024,1.0,1.0,1.0,1.0,2,2,0,0,1024,1.0,1.0,1.0,1.0
PF07373,PF07942,0,6,0,0,6,1020,0.0,0.99,0,0,6,0,0,6,1020,0.0,0.99,0,0
PF14646,PF14909,3,3,1,2,2,1021,0.33,1.0,0.33,0.33,3,1,2,2,1021,0.33,1.0,0.33,0.33
PF10743,PF12790,0,0,0,0,0,1026,0,1.0,0,0,0,0,0,0,1026,0,1.0,0,0
PF06080,PF05811,6,2,1,5,1,1019,0.5,0.99,0.17,0.29,2,1,5,1,1019,0.5,0.99,0.17,0.29
PF00733,PF13537,16,12,8,8,4,1006,0.67,0.99,0.5,0.57,12,8,8,4,1006,0.67,0.99,0.5,0.57
PF03944,PF04349,1,1,0,1,1,1024,0.0,1.0,0.0,-0.0,1,0,1,1,1024,0.0,1.0,0.0,-0.0
PF08584,PF02284,5,1,0,5,1,1020,0.0,0.99,0.0,-0.0,1,0,5,1,1020,0.0,0.99,0.0,-0.0
PF00801,PF02010,4,10,2,2,8,1014,0.2,0.99,0.5,0.31,10,2,2,8,1014,0.2,0.99,0.5,0.31
PF04370,PF15621,0,0,0,0,0,1026,0,1.0,0,0,0,0,0,0,1026,0,1.0,0,0
PF16420,PF08825,5,5,0,5,5,1016,0.0,0.99,0.0,-0.0,5,0,5,5,1016,0.0,0.99,0.0,-0.0
PF00710,PF07693,8,6,2,6,4,1014,0.33,0.99,0.25,0.28,6,2,6,4,1014,0.33,0.99,0.25,0.28
PF02751,PF02268,8,7,7,1,0,1018,1.0,1.0,0.88,0.93,7,7,1,0,1018,1.0,1.0,0.88,0.93
PF03540,PF12597,2,4,0,2,4,1020,0.0,0.99,0.0,-0.0,4,0,2,4,1020,0.0,0.99,0.0,-0.0
PF02253,PF15750,1,0,0,1,0,1025,0,1.0,0.0,0,0,0,1,0,1025,0,1.0,0.0,0
PF08092,PF08089,0,1,0,0,1,1025,0.0,1.0,0,0,1,0,0,1,1025,0.0,1.0,0,0
PF17101,PF11380,0,2,0,0,2,1024,0.0,1.0,0,0,2,0,0,2,1024,0.0,1.0,0,0
PF11703,PF15703,0,2,0,0,2,1024,0.0,1.0,0,0,2,0,0,2,1024,0.0,1.0,0,0
PF11235,PF11244,0,0,0,0,0,1026,0,1.0,0,0,0,0,0,0,1026,0,1.0,0,0
PF09904,PF07409,0,0,0,0,0,1026,0,1.0,0,0,0,0,0,0,1026,0,1.0,0,0
PF07672,PF04212,0,18,0,0,18,1008,0.0,0.98,0,0,18,0,0,18,1008,0.0,0.98,0,0
PF04389,PF02225,33,23,12,21,11,982,0.52,0.97,0.36,0.42,23,12,21,11,982,0.52,0.97,0.36,0.42
PF12547,PF15923,0,1,0,0,1,1025,0.0,1.0,0,0,1,0,0,1,1025,0.0,1.0,0,0
PF00429,PF03708,3,1,1,2,0,1023,1.0,1.0,0.33,0.58,1,1,2,0,1023,1.0,1.0,0.33,0.58
PF07947,PF04241,5,10,1,4,9,1012,0.1,0.99,0.2,0.14,10,1,4,9,1012,0.1,0.99,0.2,0.14
PF13460,PF08547,23,8,7,16,1,1002,0.88,0.98,0.3,0.51,8,7,16,1,1002,0.88,0.98,0.3,0.51
PF07529,PF15790,6,0,0,6,0,1020,0,0.99,0.0,0,0,0,6,0,1020,0,0.99,0.0,0
PF00042,PF00175,15,41,9,6,32,979,0.22,0.96,0.6,0.35,41,9,6,32,979,0.22,0.96,0.6,0.35
PF07479,PF02317,15,2,2,13,0,1011,1.0,0.99,0.13,0.36,2,2,13,0,1011,1.0,0.99,0.13,0.36
PF07989,PF03801,10,4,0,10,4,1012,0.0,0.99,0.0,-0.01,4,0,10,4,1012,0.0,0.99,0.0,-0.01
PF14662,PF14722,1,3,0,1,3,1022,0.0,1.0,0.0,-0.0,3,0,1,3,1022,0.0,1.0,0.0,-0.0
PF14986,PF15055,0,0,0,0,0,1026,0,1.0,0,0,0,0,0,0,1026,0,1.0,0,0
PF02601,PF01752,0,1,0,0,1,1025,0.0,1.0,0,0,1,0,0,1,1025,0.0,1.0,0,0
PF02719,PF03831,1,0,0,1,0,1025,0,1.0,0.0,0,0,0,1,0,1025,0,1.0,0.0,0
PF12929,PF10252,7,1,1,6,0,1019,1.0,0.99,0.14,0.38,1,1,6,0,1019,1.0,0.99,0.14,0.38
PF14306,PF01747,6,6,6,0,0,1020,1.0,1.0,1.0,1.0,6,6,0,0,1020,1.0,1.0,1.0,1.0
PF01723,PF06679,2,0,0,2,0,1024,0,1.0,0.0,0,0,0,2,0,1024,0,1.0,0.0,0
PF14509,PF03592,0,1,0,0,1,1025,0.0,1.0,0,0,1,0,0,1,1025,0.0,1.0,0,0
PF01197,PF15724,2,1,0,2,1,1023,0.0,1.0,0.0,-0.0,1,0,2,1,1023,0.0,1.0,0.0,-0.0
PF09834,PF13362,0,0,0,0,0,1026,0,1.0,0,0,0,0,0,0,1026,0,1.0,0,0
PF12281,PF09341,0,5,0,0,5,1021,0.0,1.0,0,0,5,0,0,5,1021,0.0,1.0,0,0
PF02157,PF15502,5,0,0,5,0,1021,0,1.0,0.0,0,0,0,5,0,1021,0,1.0,0.0,0
PF04232,PF07963,0,5,0,0,5,1021,0.0,1.0,0,0,5,0,0,5,1021,0.0,1.0,0,0
PF08711,PF07500,16,8,8,8,0,1010,1.0,0.99,0.5,0.7,8,8,8,0,1010,1.0,0.99,0.5,0.7
PF04343,PF06724,0,0,0,0,0,1026,0,1.0,0,0,0,0,0,0,1026,0,1.0,0,0
PF08652,PF01066,5,22,1,4,21,1000,0.05,0.98,0.2,0.09,22,1,4,21,1000,0.05,0.98,0.2,0.09
PF15739,PF07989,3,10,1,2,9,1014,0.1,0.99,0.33,0.18,10,1,2,9,1014,0.1,0.99,0.33,0.18
PF09364,PF09363,2,2,2,0,0,1024,1.0,1.0,1.0,1.0,2,2,0,0,1024,1.0,1.0,1.0,1.0
PF08073,PF06465,8,7,6,2,1,1017,0.86,1.0,0.75,0.8,7,6,2,1,1017,0.86,1.0,0.75,0.8
PF08890,PF00383,0,40,0,0,40,986,0.0,0.96,0,0,40,0,0,40,986,0.0,0.96,0,0
PF01316,PF01668,3,2,0,3,2,1021,0.0,1.0,0.0,-0.0,2,0,3,2,1021,0.0,1.0,0.0,-0.0
PF07685,PF11642,1,0,0,1,0,1025,0,1.0,0.0,0,0,0,1,0,1025,0,1.0,0.0,0
PF07199,PF15337,0,5,0,0,5,1021,0.0,1.0,0,0,5,0,0,5,1021,0.0,1.0,0,0
PF03459,PF03412,2,3,1,1,2,1022,0.33,1.0,0.5,0.41,3,1,1,2,1022,0.33,1.0,0.5,0.41
PF11825,PF02159,2,5,2,0,3,1021,0.4,1.0,1.0,0.63,5,2,0,3,1021,0.4,1.0,1.0,0.63
PF13543,PF09128,2,4,1,1,3,1021,0.25,1.0,0.5,0.35,4,1,1,3,1021,0.25,1.0,0.5,0.35
PF02536,PF01066,27,22,7,20,15,984,0.32,0.97,0.26,0.27,22,7,20,15,984,0.32,0.97,0.26,0.27
PF10231,PF12494,3,3,0,3,3,1020,0.0,0.99,0.0,-0.0,3,0,3,3,1020,0.0,0.99,0.0,-0.0
PF15653,PF15143,0,0,0,0,0,1026,0,1.0,0,0,0,0,0,0,1026,0,1.0,0,0
PF12029,PF07999,0,0,0,0,0,1026,0,1.0,0,0,0,0,0,0,1026,0,1.0,0,0
PF03055,PF15219,11,1,1,10,0,1015,1.0,0.99,0.09,0.3,1,1,10,0,1015,1.0,0.99,0.09,0.3
PF03573,PF04392,2,0,0,2,0,1024,0,1.0,0.0,0,0,0,2,0,1024,0,1.0,0.0,0
PF15841,PF15340,0,2,0,0,2,1024,0.0,1.0,0,0,2,0,0,2,1024,0.0,1.0,0,0
PF03768,PF03769,0,1,0,0,1,1025,0.0,1.0,0,0,1,0,0,1,1025,0.0,1.0,0,0
PF11176,PF08649,5,3,0,5,3,1018,0.0,0.99,0.0,-0.0,3,0,5,3,1018,0.0,0.99,0.0,-0.0
PF01124,PF00210,14,11,1,13,10,1002,0.09,0.98,0.07,0.07,11,1,13,10,1002,0.09,0.98,0.07,0.07
PF08151,PF16165,2,4,1,1,3,1021,0.25,1.0,0.5,0.35,4,1,1,3,1021,0.25,1.0,0.5,0.35
PF14836,PF06337,7,9,4,3,5,1014,0.44,0.99,0.57,0.5,9,4,3,5,1014,0.44,0.99,0.57,0.5
PF14918,PF14920,0,0,0,0,0,1026,0,1.0,0,0,0,0,0,0,1026,0,1.0,0,0
PF15555,PF15809,1,0,0,1,0,1025,0,1.0,0.0,0,0,0,1,0,1025,0,1.0,0.0,0
PF13356,PF09003,4,2,2,2,0,1022,1.0,1.0,0.5,0.71,2,2,2,0,1022,1.0,1.0,0.5,0.71
PF13885,PF05287,0,0,0,0,0,1026,0,1.0,0,0,0,0,0,0,1026,0,1.0,0,0
PF11627,PF08143,0,0,0,0,0,1026,0,1.0,0,0,0,0,0,0,1026,0,1.0,0,0
PF13816,PF01385,1,0,0,1,0,1025,0,1.0,0.0,0,0,0,1,0,1025,0,1.0,0.0,0
PF08494,PF07077,0,0,0,0,0,1026,0,1.0,0,0,0,0,0,0,1026,0,1.0,0,0
PF05907,PF01423,6,48,5,1,43,977,0.1,0.96,0.83,0.29,48,5,1,43,977,0.1,0.96,0.83,0.29
PF01624,PF05188,19,20,18,1,2,1005,0.9,1.0,0.95,0.92,20,18,1,2,1005,0.9,1.0,0.95,0.92
PF15168,PF05947,2,0,0,2,0,1024,0,1.0,0.0,0,0,0,2,0,1024,0,1.0,0.0,0
PF11478,PF05084,0,0,0,0,0,1026,0,1.0,0,0,0,0,0,0,1026,0,1.0,0,0
PF16347,PF12411,6,1,1,5,0,1020,1.0,1.0,0.17,0.41,1,1,5,0,1020,1.0,1.0,0.17,0.41
PF07648,PF00050,16,20,9,7,11,999,0.45,0.98,0.56,0.49,20,9,7,11,999,0.45,0.98,0.56,0.49
PF10706,PF08497,1,0,0,1,0,1025,0,1.0,0.0,0,0,0,1,0,1025,0,1.0,0.0,0
PF05647,PF14654,0,0,0,0,0,1026,0,1.0,0,0,0,0,0,0,1026,0,1.0,0,0
PF07650,PF16897,11,2,0,11,2,1013,0.0,0.99,0.0,-0.0,2,0,11,2,1013,0.0,0.99,0.0,-0.0
PF05633,PF16803,4,4,0,4,4,1018,0.0,0.99,0.0,-0.0,4,0,4,4,1018,0.0,0.99,0.0,-0.0
PF08022,PF08030,24,26,24,0,2,1000,0.92,1.0,1.0,0.96,26,24,0,2,1000,0.92,1.0,1.0,0.96
PF08885,PF12098,0,0,0,0,0,1026,0,1.0,0,0,0,0,0,0,1026,0,1.0,0,0
PF13378,PF16582,12,0,0,12,0,1014,0,0.99,0.0,0,0,0,12,0,1014,0,0.99,0.0,0
PF09675,PF08503,0,0,0,0,0,1026,0,1.0,0,0,0,0,0,0,1026,0,1.0,0,0
PF11523,PF04990,5,1,1,4,0,1021,1.0,1.0,0.2,0.45,1,1,4,0,1021,1.0,1.0,0.2,0.45
PF08303,PF08302,2,2,2,0,0,1024,1.0,1.0,1.0,1.0,2,2,0,0,1024,1.0,1.0,1.0,1.0
PF13254,PF12520,1,3,0,1,3,1022,0.0,1.0,0.0,-0.0,3,0,1,3,1022,0.0,1.0,0.0,-0.0
PF02226,PF08727,4,4,4,0,0,1022,1.0,1.0,1.0,1.0,4,4,0,0,1022,1.0,1.0,1.0,1.0
PF10276,PF07939,2,0,0,2,0,1024,0,1.0,0.0,0,0,0,2,0,1024,0,1.0,0.0,0
PF06884,PF12296,5,3,2,3,1,1020,0.67,1.0,0.4,0.51,3,2,3,1,1020,0.67,1.0,0.4,0.51
PF13325,PF15276,5,0,0,5,0,1021,0,1.0,0.0,0,0,0,5,0,1021,0,1.0,0.0,0
PF01399,PF06237,39,1,0,39,1,986,0.0,0.96,0.0,-0.01,1,0,39,1,986,0.0,0.96,0.0,-0.01
PF11849,PF05736,0,0,0,0,0,1026,0,1.0,0,0,0,0,0,0,1026,0,1.0,0,0
PF13735,PF00308,1,4,1,0,3,1022,0.25,1.0,1.0,0.5,4,1,0,3,1022,0.25,1.0,1.0,0.5
PF08033,PF04815,18,20,18,0,2,1006,0.9,1.0,1.0,0.95,20,18,0,2,1006,0.9,1.0,1.0,0.95
PF00594,PF12032,7,8,1,6,7,1012,0.12,0.99,0.14,0.13,8,1,6,7,1012,0.12,0.99,0.14,0.13
PF15388,PF03298,1,2,0,1,2,1023,0.0,1.0,0.0,-0.0,2,0,1,2,1023,0.0,1.0,0.0,-0.0
PF15204,PF01668,0,2,0,0,2,1024,0.0,1.0,0,0,2,0,0,2,1024,0.0,1.0,0,0
PF07884,PF07896,3,3,0,3,3,1020,0.0,0.99,0.0,-0.0,3,0,3,3,1020,0.0,0.99,0.0,-0.0
PF04852,PF03760,3,2,1,2,1,1022,0.5,1.0,0.33,0.41,2,1,2,1,1022,0.5,1.0,0.33,0.41
PF14000,PF06977,0,0,0,0,0,1026,0,1.0,0,0,0,0,0,0,1026,0,1.0,0,0
PF10694,PF07399,1,1,1,0,0,1025,1.0,1.0,1.0,1.0,1,1,0,0,1025,1.0,1.0,1.0,1.0
PF01702,PF10231,11,3,1,10,2,1013,0.33,0.99,0.09,0.17,3,1,10,2,1013,0.33,0.99,0.09,0.17
PF03666,PF16019,7,2,0,7,2,1017,0.0,0.99,0.0,-0.0,2,0,7,2,1017,0.0,0.99,0.0,-0.0
PF03324,PF13750,1,0,0,1,0,1025,0,1.0,0.0,0,0,0,1,0,1025,0,1.0,0.0,0
PF16033,PF10204,1,4,0,1,4,1021,0.0,1.0,0.0,-0.0,4,0,1,4,1021,0.0,1.0,0.0,-0.0
PF02812,PF05088,6,7,3,3,4,1016,0.43,0.99,0.5,0.46,7,3,3,4,1016,0.43,0.99,0.5,0.46
PF02189,PF16680,1,3,1,0,2,1023,0.33,1.0,1.0,0.58,3,1,0,2,1023,0.33,1.0,1.0,0.58
PF13127,PF00892,3,23,2,1,21,1002,0.09,0.98,0.67,0.24,23,2,1,21,1002,0.09,0.98,0.67,0.24
PF00298,PF14853,14,4,0,14,4,1008,0.0,0.98,0.0,-0.01,4,0,14,4,1008,0.0,0.98,0.0,-0.01
PF07409,PF07157,0,0,0,0,0,1026,0,1.0,0,0,0,0,0,0,1026,0,1.0,0,0
PF15305,PF02427,3,1,0,3,1,1022,0.0,1.0,0.0,-0.0,1,0,3,1,1022,0.0,1.0,0.0,-0.0
PF05845,PF03471,1,4,0,1,4,1021,0.0,1.0,0.0,-0.0,4,0,1,4,1021,0.0,1.0,0.0,-0.0
PF04654,PF03386,1,0,0,1,0,1025,0,1.0,0.0,0,0,0,1,0,1025,0,1.0,0.0,0
PF13761,PF14328,0,0,0,0,0,1026,0,1.0,0,0,0,0,0,0,1026,0,1.0,0,0
PF08312,PF06046,8,7,1,7,6,1012,0.14,0.99,0.12,0.13,7,1,7,6,1012,0.14,0.99,0.12,0.13
PF05216,PF06404,4,1,0,4,1,1021,0.0,1.0,0.0,-0.0,1,0,4,1,1021,0.0,1.0,0.0,-0.0
PF15903,PF15917,4,0,0,4,0,1022,0,1.0,0.0,0,0,0,4,0,1022,0,1.0,0.0,0
PF17192,PF03882,2,2,2,0,0,1024,1.0,1.0,1.0,1.0,2,2,0,0,1024,1.0,1.0,1.0,1.0
PF10177,PF15862,0,1,0,0,1,1025,0.0,1.0,0,0,1,0,0,1,1025,0.0,1.0,0,0
PF15307,PF13011,0,0,0,0,0,1026,0,1.0,0,0,0,0,0,0,1026,0,1.0,0,0
PF09976,PF14308,6,5,0,6,5,1015,0.0,0.99,0.0,-0.01,5,0,6,5,1015,0.0,0.99,0.0,-0.01
PF14974,PF00467,7,15,2,5,13,1006,0.13,0.98,0.29,0.19,15,2,5,13,1006,0.13,0.98,0.29,0.19
PF02559,PF07999,2,0,0,2,0,1024,0,1.0,0.0,0,0,0,2,0,1024,0,1.0,0.0,0
PF00044,PF02672,13,2,1,12,1,1012,0.5,0.99,0.08,0.19,2,1,12,1,1012,0.5,0.99,0.08,0.19
PF07226,PF12207,0,0,0,0,0,1026,0,1.0,0,0,0,0,0,0,1026,0,1.0,0,0
PF06805,PF05939,0,0,0,0,0,1026,0,1.0,0,0,0,0,0,0,1026,0,1.0,0,0
PF00703,PF02836,10,11,8,2,3,1013,0.73,1.0,0.8,0.76,11,8,2,3,1013,0.73,1.0,0.8,0.76
PF02018,PF00331,4,7,3,1,4,1018,0.43,1.0,0.75,0.56,7,3,1,4,1018,0.43,1.0,0.75,0.56
PF15001,PF15312,4,0,0,4,0,1022,0,1.0,0.0,0,0,0,4,0,1022,0,1.0,0.0,0
PF15233,PF11291,3,0,0,3,0,1023,0,1.0,0.0,0,0,0,3,0,1023,0,1.0,0.0,0
PF08315,PF01279,7,1,0,7,1,1018,0.0,0.99,0.0,-0.0,1,0,7,1,1018,0.0,0.99,0.0,-0.0
PF07734,PF08268,6,8,1,5,7,1013,0.12,0.99,0.17,0.14,8,1,5,7,1013,0.12,0.99,0.17,0.14
PF17022,PF15334,0,0,0,0,0,1026,0,1.0,0,0,0,0,0,0,1026,0,1.0,0,0
PF01017,PF02865,3,2,2,1,0,1023,1.0,1.0,0.67,0.82,2,2,1,0,1023,1.0,1.0,0.67,0.82
PF16191,PF16190,1,0,0,1,0,1025,0,1.0,0.0,0,0,0,1,0,1025,0,1.0,0.0,0
PF16901,PF16350,9,10,3,6,7,1010,0.3,0.99,0.33,0.31,10,3,6,7,1010,0.3,0.99,0.33,0.31
PF07350,PF02284,1,1,0,1,1,1024,0.0,1.0,0.0,-0.0,1,0,1,1,1024,0.0,1.0,0.0,-0.0
PF01585,PF12457,57,5,5,52,0,969,1.0,0.95,0.09,0.29,5,5,52,0,969,1.0,0.95,0.09,0.29
PF11654,PF03379,4,2,0,4,2,1020,0.0,0.99,0.0,-0.0,2,0,4,2,1020,0.0,0.99,0.0,-0.0
PF08148,PF15790,11,0,0,11,0,1015,0,0.99,0.0,0,0,0,11,0,1015,0,0.99,0.0,0
PF12308,PF02191,0,4,0,0,4,1022,0.0,1.0,0,0,4,0,0,4,1022,0.0,1.0,0,0
PF10057,PF03729,0,0,0,0,0,1026,0,1.0,0,0,0,0,0,0,1026,0,1.0,0,0
PF05306,PF06581,0,1,0,0,1,1025,0.0,1.0,0,0,1,0,0,1,1025,0.0,1.0,0,0
PF04489,PF07445,0,0,0,0,0,1026,0,1.0,0,0,0,0,0,0,1026,0,1.0,0,0
PF00264,PF12142,22,2,2,20,0,1004,1.0,0.98,0.09,0.3,2,2,20,0,1004,1.0,0.98,0.09,0.3
PF12495,PF04489,0,0,0,0,0,1026,0,1.0,0,0,0,0,0,0,1026,0,1.0,0,0
PF03528,PF09311,1,1,1,0,0,1025,1.0,1.0,1.0,1.0,1,1,0,0,1025,1.0,1.0,1.0,1.0
PF03786,PF14882,1,0,0,1,0,1025,0,1.0,0.0,0,0,0,1,0,1025,0,1.0,0.0,0
PF05193,PF00675,32,33,27,5,6,988,0.82,0.99,0.84,0.83,33,27,5,6,988,0.82,0.99,0.84,0.83
PF15849,PF07259,0,1,0,0,1,1025,0.0,1.0,0,0,1,0,0,1,1025,0.0,1.0,0,0
PF15504,PF06890,0,0,0,0,0,1026,0,1.0,0,0,0,0,0,0,1026,0,1.0,0,0
PF07111,PF13097,2,2,0,2,2,1022,0.0,1.0,0.0,-0.0,2,0,2,2,1022,0.0,1.0,0.0,-0.0
PF03759,PF04729,7,7,1,6,6,1013,0.14,0.99,0.14,0.14,7,1,6,6,1013,0.14,0.99,0.14,0.14
PF02582,PF01025,4,8,1,3,7,1015,0.12,0.99,0.25,0.17,8,1,3,7,1015,0.12,0.99,0.25,0.17
PF04241,PF02284,10,1,0,10,1,1015,0.0,0.99,0.0,-0.0,1,0,10,1,1015,0.0,0.99,0.0,-0.0
PF10204,PF03036,4,4,0,4,4,1018,0.0,0.99,0.0,-0.0,4,0,4,4,1018,0.0,0.99,0.0,-0.0
PF00912,PF13699,8,0,0,8,0,1018,0,0.99,0.0,0,0,0,8,0,1018,0,0.99,0.0,0
PF12471,PF00926,2,5,1,1,4,1020,0.2,1.0,0.5,0.31,5,1,1,4,1020,0.2,1.0,0.5,0.31
PF01630,PF06083,6,1,0,6,1,1019,0.0,0.99,0.0,-0.0,1,0,6,1,1019,0.0,0.99,0.0,-0.0
PF08114,PF06934,1,0,0,1,0,1025,0,1.0,0.0,0,0,0,1,0,1025,0,1.0,0.0,0
PF16861,PF03090,1,0,0,1,0,1025,0,1.0,0.0,0,0,0,1,0,1025,0,1.0,0.0,0
PF16860,PF10558,2,1,0,2,1,1023,0.0,1.0,0.0,-0.0,1,0,2,1,1023,0.0,1.0,0.0,-0.0
PF11001,PF04090,4,1,0,4,1,1021,0.0,1.0,0.0,-0.0,1,0,4,1,1021,0.0,1.0,0.0,-0.0
PF13373,PF10302,1,0,0,1,0,1025,0,1.0,0.0,0,0,0,1,0,1025,0,1.0,0.0,0
PF04195,PF11500,2,1,0,2,1,1023,0.0,1.0,0.0,-0.0,1,0,2,1,1023,0.0,1.0,0.0,-0.0
PF10385,PF04561,2,1,1,1,0,1024,1.0,1.0,0.5,0.71,1,1,1,0,1024,1.0,1.0,0.5,0.71
PF11068,PF00014,0,28,0,0,28,998,0.0,0.97,0,0,28,0,0,28,998,0.0,0.97,0,0
PF14906,PF13910,1,1,0,1,1,1024,0.0,1.0,0.0,-0.0,1,0,1,1,1024,0.0,1.0,0.0,-0.0
PF02010,PF01477,10,20,7,3,13,1003,0.35,0.98,0.7,0.49,20,7,3,13,1003,0.35,0.98,0.7,0.49
PF13700,PF02217,2,1,0,2,1,1023,0.0,1.0,0.0,-0.0,1,0,2,1,1023,0.0,1.0,0.0,-0.0
PF12087,PF10061,0,0,0,0,0,1026,0,1.0,0,0,0,0,0,0,1026,0,1.0,0,0
PF12038,PF13439,3,7,1,2,6,1017,0.14,0.99,0.33,0.21,7,1,2,6,1017,0.14,0.99,0.33,0.21
PF08521,PF00672,2,11,2,0,9,1015,0.18,0.99,1.0,0.42,11,2,0,9,1015,0.18,0.99,1.0,0.42
PF07105,PF05926,0,1,0,0,1,1025,0.0,1.0,0,0,1,0,0,1,1025,0.0,1.0,0,0
PF13859,PF16692,0,2,0,0,2,1024,0.0,1.0,0,0,2,0,0,2,1024,0.0,1.0,0,0
PF01459,PF01894,8,11,1,7,10,1008,0.09,0.98,0.12,0.1,11,1,7,10,1008,0.09,0.98,0.12,0.1
PF16205,PF14853,8,4,0,8,4,1014,0.0,0.99,0.0,-0.01,4,0,8,4,1014,0.0,0.99,0.0,-0.01
PF08283,PF00799,1,1,1,0,0,1025,1.0,1.0,1.0,1.0,1,1,0,0,1025,1.0,1.0,1.0,1.0
PF02309,PF06507,14,7,4,10,3,1009,0.57,0.99,0.29,0.4,7,4,10,3,1009,0.57,0.99,0.29,0.4
PF00194,PF10263,19,13,4,15,9,998,0.31,0.98,0.21,0.24,13,4,15,9,998,0.31,0.98,0.21,0.24
PF14939,PF15997,2,0,0,2,0,1024,0,1.0,0.0,0,0,0,2,0,1024,0,1.0,0.0,0
PF02093,PF00607,3,5,1,2,4,1019,0.2,0.99,0.33,0.26,5,1,2,4,1019,0.2,0.99,0.33,0.26
PF15022,PF09669,0,0,0,0,0,1026,0,1.0,0,0,0,0,0,0,1026,0,1.0,0,0
PF01737,PF03819,2,1,0,2,1,1023,0.0,1.0,0.0,-0.0,1,0,2,1,1023,0.0,1.0,0.0,-0.0
PF11321,PF09585,1,1,0,1,1,1024,0.0,1.0,0.0,-0.0,1,0,1,1,1024,0.0,1.0,0.0,-0.0
PF12453,PF12567,2,2,2,0,0,1024,1.0,1.0,1.0,1.0,2,2,0,0,1024,1.0,1.0,1.0,1.0
PF00482,PF07963,3,5,3,0,2,1021,0.6,1.0,1.0,0.77,5,3,0,2,1021,0.6,1.0,1.0,0.77
PF06415,PF10143,1,0,0,1,0,1025,0,1.0,0.0,0,0,0,1,0,1025,0,1.0,0.0,0
PF00307,PF02187,44,7,5,39,2,980,0.71,0.96,0.11,0.27,7,5,39,2,980,0.71,0.96,0.11,0.27
PF03603,PF06005,1,2,0,1,2,1023,0.0,1.0,0.0,-0.0,2,0,1,2,1023,0.0,1.0,0.0,-0.0
PF13564,PF15003,7,3,0,7,3,1016,0.0,0.99,0.0,-0.0,3,0,7,3,1016,0.0,0.99,0.0,-0.0
PF13387,PF03726,0,2,0,0,2,1024,0.0,1.0,0,0,2,0,0,2,1024,0.0,1.0,0,0
PF07259,PF15120,1,1,0,1,1,1024,0.0,1.0,0.0,-0.0,1,0,1,1,1024,0.0,1.0,0.0,-0.0
PF09867,PF02413,0,1,0,0,1,1025,0.0,1.0,0,0,1,0,0,1,1025,0.0,1.0,0,0
PF01275,PF14798,4,1,0,4,1,1021,0.0,1.0,0.0,-0.0,1,0,4,1,1021,0.0,1.0,0.0,-0.0
PF06621,PF12114,2,4,1,1,3,1021,0.25,1.0,0.5,0.35,4,1,1,3,1021,0.25,1.0,0.5,0.35
PF16037,PF07240,0,0,0,0,0,1026,0,1.0,0,0,0,0,0,0,1026,0,1.0,0,0
PF14374,PF00573,6,10,6,0,4,1016,0.6,1.0,1.0,0.77,10,6,0,4,1016,0.6,1.0,1.0,0.77
PF10102,PF06588,1,1,0,1,1,1024,0.0,1.0,0.0,-0.0,1,0,1,1,1024,0.0,1.0,0.0,-0.0
PF05944,PF16980,1,0,0,1,0,1025,0,1.0,0.0,0,0,0,1,0,1025,0,1.0,0.0,0
PF09368,PF09732,3,5,0,3,5,1018,0.0,0.99,0.0,-0.0,5,0,3,5,1018,0.0,0.99,0.0,-0.0
PF07999,PF07077,0,0,0,0,0,1026,0,1.0,0,0,0,0,0,0,1026,0,1.0,0,0
PF04005,PF08423,8,25,4,4,21,997,0.16,0.98,0.5,0.27,25,4,4,21,997,0.16,0.98,0.5,0.27
PF03638,PF01754,3,4,0,3,4,1019,0.0,0.99,0.0,-0.0,4,0,3,4,1019,0.0,0.99,0.0,-0.0
PF05055,PF08536,1,2,0,1,2,1023,0.0,1.0,0.0,-0.0,2,0,1,2,1023,0.0,1.0,0.0,-0.0
PF11057,PF15212,0,0,0,0,0,1026,0,1.0,0,0,0,0,0,0,1026,0,1.0,0,0
PF15919,PF00351,0,12,0,0,12,1014,0.0,0.99,0,0,12,0,0,12,1014,0.0,0.99,0,0
PF15156,PF17061,0,0,0,0,0,1026,0,1.0,0,0,0,0,0,0,1026,0,1.0,0,0
PF14676,PF14680,1,1,1,0,0,1025,1.0,1.0,1.0,1.0,1,1,0,0,1025,1.0,1.0,1.0,1.0
PF15928,PF07449,2,1,1,1,0,1024,1.0,1.0,0.5,0.71,1,1,1,0,1024,1.0,1.0,0.5,0.71
PF08526,PF03068,1,1,1,0,0,1025,1.0,1.0,1.0,1.0,1,1,0,0,1025,1.0,1.0,1.0,1.0
PF03044,PF05445,0,0,0,0,0,1026,0,1.0,0,0,0,0,0,0,1026,0,1.0,0,0
PF03255,PF12297,8,1,0,8,1,1017,0.0,0.99,0.0,-0.0,1,0,8,1,1017,0.0,0.99,0.0,-0.0
PF05661,PF13994,0,1,0,0,1,1025,0.0,1.0,0,0,1,0,0,1,1025,0.0,1.0,0,0
PF05386,PF05731,0,4,0,0,4,1022,0.0,1.0,0,0,4,0,0,4,1022,0.0,1.0,0,0
PF15722,PF16829,0,0,0,0,0,1026,0,1.0,0,0,0,0,0,0,1026,0,1.0,0,0
PF10390,PF07303,8,5,4,4,1,1017,0.8,1.0,0.5,0.63,5,4,4,1,1017,0.8,1.0,0.5,0.63
PF15973,PF03103,0,5,0,0,5,1021,0.0,1.0,0,0,5,0,0,5,1021,0.0,1.0,0,0
PF06865,PF09510,0,1,0,0,1,1025,0.0,1.0,0,0,1,0,0,1,1025,0.0,1.0,0,0
PF12110,PF04096,13,10,10,3,0,1013,1.0,1.0,0.77,0.88,10,10,3,0,1013,1.0,1.0,0.77,0.88
PF01758,PF07542,5,7,1,4,6,1015,0.14,0.99,0.2,0.16,7,1,4,6,1015,0.14,0.99,0.2,0.16
PF07816,PF07896,0,3,0,0,3,1023,0.0,1.0,0,0,3,0,0,3,1023,0.0,1.0,0,0
PF04423,PF16034,4,0,0,4,0,1022,0,1.0,0.0,0,0,0,4,0,1022,0,1.0,0.0,0
PF15959,PF02305,0,2,0,0,2,1024,0.0,1.0,0,0,2,0,0,2,1024,0.0,1.0,0,0
PF14297,PF02557,0,1,0,0,1,1025,0.0,1.0,0,0,1,0,0,1,1025,0.0,1.0,0,0
PF02854,PF02847,26,14,12,14,2,998,0.86,0.98,0.46,0.62,14,12,14,2,998,0.86,0.98,0.46,0.62
PF00045,PF01471,13,13,9,4,4,1009,0.69,0.99,0.69,0.69,13,9,4,4,1009,0.69,0.99,0.69,0.69
PF10193,PF16018,5,0,0,5,0,1021,0,1.0,0.0,0,0,0,5,0,1021,0,1.0,0.0,0
PF02929,PF16353,3,3,3,0,0,1023,1.0,1.0,1.0,1.0,3,3,0,0,1023,1.0,1.0,1.0,1.0
PF09224,PF09361,0,0,0,0,0,1026,0,1.0,0,0,0,0,0,0,1026,0,1.0,0,0
PF01012,PF00766,12,6,6,6,0,1014,1.0,0.99,0.5,0.71,6,6,6,0,1014,1.0,0.99,0.5,0.71
PF01262,PF12769,7,2,2,5,0,1019,1.0,1.0,0.29,0.53,2,2,5,0,1019,1.0,1.0,0.29,0.53
PF03223,PF01158,6,3,1,5,2,1018,0.33,0.99,0.17,0.23,3,1,5,2,1018,0.33,0.99,0.17,0.23
PF12101,PF03428,0,0,0,0,0,1026,0,1.0,0,0,0,0,0,0,1026,0,1.0,0,0
PF12263,PF00127,1,2,0,1,2,1023,0.0,1.0,0.0,-0.0,2,0,1,2,1023,0.0,1.0,0.0,-0.0
PF13600,PF09727,1,3,0,1,3,1022,0.0,1.0,0.0,-0.0,3,0,1,3,1022,0.0,1.0,0.0,-0.0
PF12105,PF17191,1,1,1,0,0,1025,1.0,1.0,1.0,1.0,1,1,0,0,1025,1.0,1.0,1.0,1.0
PF05525,PF00240,1,62,0,1,62,963,0.0,0.94,0.0,-0.01,62,0,1,62,963,0.0,0.94,0.0,-0.01
PF04970,PF02594,4,7,1,3,6,1016,0.14,0.99,0.25,0.18,7,1,3,6,1016,0.14,0.99,0.25,0.18
PF04601,PF11891,2,2,1,1,1,1023,0.5,1.0,0.5,0.5,2,1,1,1,1023,0.5,1.0,0.5,0.5
PF03673,PF12453,0,2,0,0,2,1024,0.0,1.0,0,0,2,0,0,2,1024,0.0,1.0,0,0
PF06794,PF14048,0,10,0,0,10,1016,0.0,0.99,0,0,10,0,0,10,1016,0.0,0.99,0,0
PF06027,PF08704,8,5,0,8,5,1013,0.0,0.99,0.0,-0.01,5,0,8,5,1013,0.0,0.99,0.0,-0.01
PF15092,PF11593,2,1,0,2,1,1023,0.0,1.0,0.0,-0.0,1,0,2,1,1023,0.0,1.0,0.0,-0.0
PF14319,PF09795,0,1,0,0,1,1025,0.0,1.0,0,0,1,0,0,1,1025,0.0,1.0,0,0
PF14970,PF05111,1,1,0,1,1,1024,0.0,1.0,0.0,-0.0,1,0,1,1,1024,0.0,1.0,0.0,-0.0
PF15833,PF10412,1,0,0,1,0,1025,0,1.0,0.0,0,0,0,1,0,1025,0,1.0,0.0,0
PF15346,PF14279,2,0,0,2,0,1024,0,1.0,0.0,0,0,0,2,0,1024,0,1.0,0.0,0
PF05960,PF15377,2,1,0,2,1,1023,0.0,1.0,0.0,-0.0,1,0,2,1,1023,0.0,1.0,0.0,-0.0
PF03188,PF04526,25,3,2,23,1,1000,0.67,0.98,0.08,0.23,3,2,23,1,1000,0.67,0.98,0.08,0.23
PF15065,PF06951,4,4,0,4,4,1018,0.0,0.99,0.0,-0.0,4,0,4,4,1018,0.0,0.99,0.0,-0.0
PF09724,PF10282,6,6,2,4,4,1016,0.33,0.99,0.33,0.33,6,2,4,4,1016,0.33,0.99,0.33,0.33
PF07219,PF16546,1,8,0,1,8,1017,0.0,0.99,0.0,-0.0,8,0,1,8,1017,0.0,0.99,0.0,-0.0
PF02818,PF12509,2,4,0,2,4,1020,0.0,0.99,0.0,-0.0,4,0,2,4,1020,0.0,0.99,0.0,-0.0
PF05224,PF13887,5,2,2,3,0,1021,1.0,1.0,0.4,0.63,2,2,3,0,1021,1.0,1.0,0.4,0.63
PF05474,PF07149,2,0,0,2,0,1024,0,1.0,0.0,0,0,0,2,0,1024,0,1.0,0.0,0
PF16853,PF04349,1,1,0,1,1,1024,0.0,1.0,0.0,-0.0,1,0,1,1,1024,0.0,1.0,0.0,-0.0
PF10520,PF07933,3,6,0,3,6,1017,0.0,0.99,0.0,-0.0,6,0,3,6,1017,0.0,0.99,0.0,-0.0
PF08210,PF08028,4,2,2,2,0,1022,1.0,1.0,0.5,0.71,2,2,2,0,1022,1.0,1.0,0.5,0.71
PF10868,PF17032,1,0,0,1,0,1025,0,1.0,0.0,0,0,0,1,0,1025,0,1.0,0.0,0
PF14822,PF07406,2,3,0,2,3,1021,0.0,1.0,0.0,-0.0,3,0,2,3,1021,0.0,1.0,0.0,-0.0
PF11035,PF15302,1,0,0,1,0,1025,0,1.0,0.0,0,0,0,1,0,1025,0,1.0,0.0,0
PF10205,PF17045,1,0,0,1,0,1025,0,1.0,0.0,0,0,0,1,0,1025,0,1.0,0.0,0
PF16673,PF08941,0,5,0,0,5,1021,0.0,1.0,0,0,5,0,0,5,1021,0.0,1.0,0,0
PF03491,PF00209,1,25,1,0,24,1001,0.04,0.98,1.0,0.2,25,1,0,24,1001,0.04,0.98,1.0,0.2
PF04813,PF04812,1,1,1,0,0,1025,1.0,1.0,1.0,1.0,1,1,0,0,1025,1.0,1.0,1.0,1.0
PF12499,PF11765,1,1,0,1,1,1024,0.0,1.0,0.0,-0.0,1,0,1,1,1024,0.0,1.0,0.0,-0.0
PF00395,PF15066,8,0,0,8,0,1018,0,0.99,0.0,0,0,0,8,0,1018,0,0.99,0.0,0
PF15102,PF16649,1,1,0,1,1,1024,0.0,1.0,0.0,-0.0,1,0,1,1,1024,0.0,1.0,0.0,-0.0
PF07657,PF01414,6,12,6,0,6,1014,0.5,0.99,1.0,0.71,12,6,0,6,1014,0.5,0.99,1.0,0.71
PF05787,PF08411,0,1,0,0,1,1025,0.0,1.0,0,0,1,0,0,1,1025,0.0,1.0,0,0
PF08016,PF02010,19,10,6,13,4,1003,0.6,0.98,0.32,0.43,10,6,13,4,1003,0.6,0.98,0.32,0.43
PF14056,PF00519,0,2,0,0,2,1024,0.0,1.0,0,0,2,0,0,2,1024,0.0,1.0,0,0
PF11605,PF16988,3,2,2,1,0,1023,1.0,1.0,0.67,0.82,2,2,1,0,1023,1.0,1.0,0.67,0.82
PF07691,PF10162,9,6,1,8,5,1012,0.17,0.99,0.11,0.13,6,1,8,5,1012,0.17,0.99,0.11,0.13
PF06424,PF08163,2,3,0,2,3,1021,0.0,1.0,0.0,-0.0,3,0,2,3,1021,0.0,1.0,0.0,-0.0
PF13581,PF02329,0,1,0,0,1,1025,0.0,1.0,0,0,1,0,0,1,1025,0.0,1.0,0,0
PF09507,PF14621,9,1,0,9,1,1016,0.0,0.99,0.0,-0.0,1,0,9,1,1016,0.0,0.99,0.0,-0.0
PF15105,PF03050,1,0,0,1,0,1025,0,1.0,0.0,0,0,0,1,0,1025,0,1.0,0.0,0
PF11933,PF03521,3,4,2,1,2,1021,0.5,1.0,0.67,0.58,4,2,1,2,1021,0.5,1.0,0.67,0.58
PF00254,PF13174,37,10,7,30,3,986,0.7,0.97,0.19,0.35,10,7,30,3,986,0.7,0.97,0.19,0.35
PF08015,PF13266,0,0,0,0,0,1026,0,1.0,0,0,0,0,0,0,1026,0,1.0,0,0
PF02357,PF12656,5,5,0,5,5,1016,0.0,0.99,0.0,-0.0,5,0,5,5,1016,0.0,0.99,0.0,-0.0
PF04666,PF05191,5,8,2,3,6,1015,0.25,0.99,0.4,0.31,8,2,3,6,1015,0.25,0.99,0.4,0.31
PF03100,PF02531,3,1,0,3,1,1022,0.0,1.0,0.0,-0.0,1,0,3,1,1022,0.0,1.0,0.0,-0.0
PF10239,PF10507,6,4,1,5,3,1017,0.25,0.99,0.17,0.2,4,1,5,3,1017,0.25,0.99,0.17,0.2
PF06382,PF02101,3,1,0,3,1,1022,0.0,1.0,0.0,-0.0,1,0,3,1,1022,0.0,1.0,0.0,-0.0
PF17135,PF01268,5,5,2,3,3,1018,0.4,0.99,0.4,0.4,5,2,3,3,1018,0.4,0.99,0.4,0.4
PF02102,PF14866,2,0,0,2,0,1024,0,1.0,0.0,0,0,0,2,0,1024,0,1.0,0.0,0
PF07804,PF08404,0,1,0,0,1,1025,0.0,1.0,0,0,1,0,0,1,1025,0.0,1.0,0,0
PF01648,PF01974,14,10,3,11,7,1005,0.3,0.98,0.21,0.24,10,3,11,7,1005,0.3,0.98,0.21,0.24
PF02106,PF15302,1,0,0,1,0,1025,0,1.0,0.0,0,0,0,1,0,1025,0,1.0,0.0,0
PF12873,PF14251,0,2,0,0,2,1024,0.0,1.0,0,0,2,0,0,2,1024,0.0,1.0,0,0
PF05508,PF16944,0,3,0,0,3,1023,0.0,1.0,0,0,3,0,0,3,1023,0.0,1.0,0,0
PF07960,PF05962,0,1,0,0,1,1025,0.0,1.0,0,0,1,0,0,1,1025,0.0,1.0,0,0
PF13878,PF13880,2,1,1,1,0,1024,1.0,1.0,0.5,0.71,1,1,1,0,1024,1.0,1.0,0.5,0.71
PF02895,PF08707,2,0,0,2,0,1024,0,1.0,0.0,0,0,0,2,0,1024,0,1.0,0.0,0
PF02973,PF11697,1,0,0,1,0,1025,0,1.0,0.0,0,0,0,1,0,1025,0,1.0,0.0,0
PF07250,PF09118,4,3,3,1,0,1022,1.0,1.0,0.75,0.87,3,3,1,0,1022,1.0,1.0,0.75,0.87
PF14577,PF14576,0,0,0,0,0,1026,0,1.0,0,0,0,0,0,0,1026,0,1.0,0,0
PF09396,PF09272,2,3,1,1,2,1022,0.33,1.0,0.5,0.41,3,1,1,2,1022,0.33,1.0,0.5,0.41
PF10797,PF12897,1,2,1,0,1,1024,0.5,1.0,1.0,0.71,2,1,0,1,1024,0.5,1.0,1.0,0.71
PF05636,PF07499,0,2,0,0,2,1024,0.0,1.0,0,0,2,0,0,2,1024,0.0,1.0,0,0
PF00322,PF02394,2,2,0,2,2,1022,0.0,1.0,0.0,-0.0,2,0,2,2,1022,0.0,1.0,0.0,-0.0
PF14935,PF10244,1,1,0,1,1,1024,0.0,1.0,0.0,-0.0,1,0,1,1,1024,0.0,1.0,0.0,-0.0
PF16690,PF15390,2,0,0,2,0,1024,0,1.0,0.0,0,0,0,2,0,1024,0,1.0,0.0,0
PF03615,PF15280,3,2,0,3,2,1021,0.0,1.0,0.0,-0.0,2,0,3,2,1021,0.0,1.0,0.0,-0.0
PF14654,PF05647,0,0,0,0,0,1026,0,1.0,0,0,0,0,0,0,1026,0,1.0,0,0
PF13586,PF08737,0,5,0,0,5,1021,0.0,1.0,0,0,5,0,0,5,1021,0.0,1.0,0,0
PF00401,PF16886,3,8,2,1,6,1017,0.25,0.99,0.67,0.41,8,2,1,6,1017,0.25,0.99,0.67,0.41
PF10179,PF06414,1,4,0,1,4,1021,0.0,1.0,0.0,-0.0,4,0,1,4,1021,0.0,1.0,0.0,-0.0
PF10807,PF11231,0,0,0,0,0,1026,0,1.0,0,0,0,0,0,0,1026,0,1.0,0,0
PF12170,PF03525,0,1,0,0,1,1025,0.0,1.0,0,0,1,0,0,1,1025,0.0,1.0,0,0
PF08881,PF11807,7,8,3,4,5,1014,0.38,0.99,0.43,0.4,8,3,4,5,1014,0.38,0.99,0.43,0.4
PF08639,PF02116,1,3,0,1,3,1022,0.0,1.0,0.0,-0.0,3,0,1,3,1022,0.0,1.0,0.0,-0.0
PF05130,PF06621,1,2,0,1,2,1023,0.0,1.0,0.0,-0.0,2,0,1,2,1023,0.0,1.0,0.0,-0.0
PF15734,PF10500,3,4,0,3,4,1019,0.0,0.99,0.0,-0.0,4,0,3,4,1019,0.0,0.99,0.0,-0.0
PF04678,PF08265,9,13,2,7,11,1006,0.15,0.98,0.22,0.18,13,2,7,11,1006,0.15,0.98,0.22,0.18
PF14830,PF12143,1,2,1,0,1,1024,0.5,1.0,1.0,0.71,2,1,0,1,1024,0.5,1.0,1.0,0.71
PF07347,PF11029,2,2,0,2,2,1022,0.0,1.0,0.0,-0.0,2,0,2,2,1022,0.0,1.0,0.0,-0.0
PF02278,PF02884,0,0,0,0,0,1026,0,1.0,0,0,0,0,0,0,1026,0,1.0,0,0
PF05638,PF00796,1,1,0,1,1,1024,0.0,1.0,0.0,-0.0,1,0,1,1,1024,0.0,1.0,0.0,-0.0
PF13329,PF16910,5,10,1,4,9,1012,0.1,0.99,0.2,0.14,10,1,4,9,1012,0.1,0.99,0.2,0.14
PF14769,PF00212,3,1,0,3,1,1022,0.0,1.0,0.0,-0.0,1,0,3,1,1022,0.0,1.0,0.0,-0.0
PF04554,PF03466,1,8,0,1,8,1017,0.0,0.99,0.0,-0.0,8,0,1,8,1017,0.0,0.99,0.0,-0.0
PF03828,PF01909,25,16,12,13,4,997,0.75,0.98,0.48,0.59,16,12,13,4,997,0.75,0.98,0.48,0.59
PF00920,PF14027,17,7,3,14,4,1005,0.43,0.98,0.18,0.27,7,3,14,4,1005,0.43,0.98,0.18,0.27
PF11880,PF04932,1,0,0,1,0,1025,0,1.0,0.0,0,0,0,1,0,1025,0,1.0,0.0,0
PF14545,PF04182,0,3,0,0,3,1023,0.0,1.0,0,0,3,0,0,3,1023,0.0,1.0,0,0
PF17201,PF01000,0,5,0,0,5,1021,0.0,1.0,0,0,5,0,0,5,1021,0.0,1.0,0,0
PF13118,PF11995,1,1,1,0,0,1025,1.0,1.0,1.0,1.0,1,1,0,0,1025,1.0,1.0,1.0,1.0
PF03856,PF00473,5,1,1,4,0,1021,1.0,1.0,0.2,0.45,1,1,4,0,1021,1.0,1.0,0.2,0.45
PF11028,PF15627,1,1,0,1,1,1024,0.0,1.0,0.0,-0.0,1,0,1,1,1024,0.0,1.0,0.0,-0.0
PF04961,PF02971,3,3,3,0,0,1023,1.0,1.0,1.0,1.0,3,3,0,0,1023,1.0,1.0,1.0,1.0
PF03711,PF01276,2,2,2,0,0,1024,1.0,1.0,1.0,1.0,2,2,0,0,1024,1.0,1.0,1.0,1.0
PF09822,PF14764,3,2,1,2,1,1022,0.5,1.0,0.33,0.41,2,1,2,1,1022,0.5,1.0,0.33,0.41
PF15539,PF09332,0,3,0,0,3,1023,0.0,1.0,0,0,3,0,0,3,1023,0.0,1.0,0,0
PF02841,PF02263,5,9,5,0,4,1017,0.56,1.0,1.0,0.74,9,5,0,4,1017,0.56,1.0,1.0,0.74
PF15051,PF06702,1,7,1,0,6,1019,0.14,0.99,1.0,0.38,7,1,0,6,1019,0.14,0.99,1.0,0.38
PF11187,PF15318,1,0,0,1,0,1025,0,1.0,0.0,0,0,0,1,0,1025,0,1.0,0.0,0
PF05247,PF15859,2,0,0,2,0,1024,0,1.0,0.0,0,0,0,2,0,1024,0,1.0,0.0,0
PF17014,PF04355,0,2,0,0,2,1024,0.0,1.0,0,0,2,0,0,2,1024,0.0,1.0,0,0
PF04699,PF03152,8,13,3,5,10,1008,0.23,0.99,0.38,0.29,13,3,5,10,1008,0.23,0.99,0.38,0.29
PF11958,PF16871,1,0,0,1,0,1025,0,1.0,0.0,0,0,0,1,0,1025,0,1.0,0.0,0
PF16122,PF00318,9,17,6,3,11,1006,0.35,0.99,0.67,0.48,17,6,3,11,1006,0.35,0.99,0.67,0.48
PF15759,PF15918,0,0,0,0,0,1026,0,1.0,0,0,0,0,0,0,1026,0,1.0,0,0
PF05766,PF07022,0,2,0,0,2,1024,0.0,1.0,0,0,2,0,0,2,1024,0.0,1.0,0,0
PF00071,PF00255,107,11,9,98,2,917,0.82,0.9,0.08,0.24,11,9,98,2,917,0.82,0.9,0.08,0.24
PF00448,PF02978,17,14,13,4,1,1008,0.93,1.0,0.76,0.84,14,13,4,1,1008,0.93,1.0,0.76,0.84
PF03789,PF12731,1,1,1,0,0,1025,1.0,1.0,1.0,1.0,1,1,0,0,1025,1.0,1.0,1.0,1.0
PF10639,PF09415,6,3,0,6,3,1017,0.0,0.99,0.0,-0.0,3,0,6,3,1017,0.0,0.99,0.0,-0.0
PF11198,PF04001,0,0,0,0,0,1026,0,1.0,0,0,0,0,0,0,1026,0,1.0,0,0
PF14529,PF12009,42,7,4,38,3,981,0.57,0.96,0.1,0.22,7,4,38,3,981,0.57,0.96,0.1,0.22
PF09753,PF09341,6,5,1,5,4,1016,0.2,0.99,0.17,0.18,5,1,5,4,1016,0.2,0.99,0.17,0.18
PF16209,PF16212,23,22,21,2,1,1002,0.95,1.0,0.91,0.93,22,21,2,1,1002,0.95,1.0,0.91,0.93
PF08458,PF05703,4,4,4,0,0,1022,1.0,1.0,1.0,1.0,4,4,0,0,1022,1.0,1.0,1.0,1.0
PF09839,PF14573,0,0,0,0,0,1026,0,1.0,0,0,0,0,0,0,1026,0,1.0,0,0
PF06918,PF16034,1,0,0,1,0,1025,0,1.0,0.0,0,0,0,1,0,1025,0,1.0,0.0,0
PF14893,PF16297,4,1,1,3,0,1022,1.0,1.0,0.25,0.5,1,1,3,0,1022,1.0,1.0,0.25,0.5
PF16259,PF17188,0,0,0,0,0,1026,0,1.0,0,0,0,0,0,0,1026,0,1.0,0,0
PF16286,PF11764,0,3,0,0,3,1023,0.0,1.0,0,0,3,0,0,3,1023,0.0,1.0,0,0
PF10588,PF00384,8,9,6,2,3,1015,0.67,1.0,0.75,0.7,9,6,2,3,1015,0.67,1.0,0.75,0.7
PF16494,PF03733,4,2,1,3,1,1021,0.5,1.0,0.25,0.35,2,1,3,1,1021,0.5,1.0,0.25,0.35
PF13236,PF15044,5,2,2,3,0,1021,1.0,1.0,0.4,0.63,2,2,3,0,1021,1.0,1.0,0.4,0.63
PF03310,PF13861,1,1,0,1,1,1024,0.0,1.0,0.0,-0.0,1,0,1,1,1024,0.0,1.0,0.0,-0.0
PF04731,PF10525,3,1,0,3,1,1022,0.0,1.0,0.0,-0.0,1,0,3,1,1022,0.0,1.0,0.0,-0.0
PF02194,PF08628,11,8,8,3,0,1015,1.0,1.0,0.73,0.85,8,8,3,0,1015,1.0,1.0,0.73,0.85
PF02491,PF12327,1,0,0,1,0,1025,0,1.0,0.0,0,0,0,1,0,1025,0,1.0,0.0,0
PF11020,PF14959,0,0,0,0,0,1026,0,1.0,0,0,0,0,0,0,1026,0,1.0,0,0
PF11895,PF00141,2,21,2,0,19,1005,0.1,0.98,1.0,0.31,21,2,0,19,1005,0.1,0.98,1.0,0.31
PF12583,PF12580,4,6,4,0,2,1020,0.67,1.0,1.0,0.82,6,4,0,2,1020,0.67,1.0,1.0,0.82
PF02754,PF02589,3,2,2,1,0,1023,1.0,1.0,0.67,0.82,2,2,1,0,1023,1.0,1.0,0.67,0.82
PF03663,PF03595,10,9,2,8,7,1009,0.22,0.99,0.2,0.2,9,2,8,7,1009,0.22,0.99,0.2,0.2
PF13435,PF10567,0,0,0,0,0,1026,0,1.0,0,0,0,0,0,0,1026,0,1.0,0,0
PF11092,PF15482,0,0,0,0,0,1026,0,1.0,0,0,0,0,0,0,1026,0,1.0,0,0
PF13462,PF01097,4,3,1,3,2,1020,0.33,1.0,0.25,0.29,3,1,3,2,1020,0.33,1.0,0.25,0.29
PF02786,PF00988,32,9,8,24,1,993,0.89,0.98,0.25,0.46,9,8,24,1,993,0.89,0.98,0.25,0.46
PF16014,PF04632,0,1,0,0,1,1025,0.0,1.0,0,0,1,0,0,1,1025,0.0,1.0,0,0
PF14903,PF10554,0,0,0,0,0,1026,0,1.0,0,0,0,0,0,0,1026,0,1.0,0,0
PF09793,PF00159,7,0,0,7,0,1019,0,0.99,0.0,0,0,0,7,0,1019,0,0.99,0.0,0
PF04879,PF01568,4,4,3,1,1,1021,0.75,1.0,0.75,0.75,4,3,1,1,1021,0.75,1.0,0.75,0.75
PF10261,PF02560,2,4,0,2,4,1020,0.0,0.99,0.0,-0.0,4,0,2,4,1020,0.0,0.99,0.0,-0.0
PF06730,PF15991,3,0,0,3,0,1023,0,1.0,0.0,0,0,0,3,0,1023,0,1.0,0.0,0
PF01156,PF00797,9,9,2,7,7,1010,0.22,0.99,0.22,0.22,9,2,7,7,1010,0.22,0.99,0.22,0.22
PF11584,PF15809,0,0,0,0,0,1026,0,1.0,0,0,0,0,0,0,1026,0,1.0,0,0
PF04780,PF04781,2,1,1,1,0,1024,1.0,1.0,0.5,0.71,1,1,1,0,1024,1.0,1.0,0.5,0.71
PF01415,PF15252,1,0,0,1,0,1025,0,1.0,0.0,0,0,0,1,0,1025,0,1.0,0.0,0
PF05687,PF01373,3,5,2,1,3,1020,0.4,1.0,0.67,0.51,5,2,1,3,1020,0.4,1.0,0.67,0.51
PF13960,PF13963,4,6,1,3,5,1017,0.17,0.99,0.25,0.2,6,1,3,5,1017,0.17,0.99,0.25,0.2
PF00300,PF01591,37,9,9,28,0,989,1.0,0.97,0.24,0.49,9,9,28,0,989,1.0,0.97,0.24,0.49
PF07575,PF14778,8,2,1,7,1,1017,0.5,0.99,0.12,0.25,2,1,7,1,1017,0.5,0.99,0.12,0.25
PF03846,PF06910,2,1,0,2,1,1023,0.0,1.0,0.0,-0.0,1,0,2,1,1023,0.0,1.0,0.0,-0.0
PF12620,PF11568,1,0,0,1,0,1025,0,1.0,0.0,0,0,0,1,0,1025,0,1.0,0.0,0
PF07167,PF13722,2,1,0,2,1,1023,0.0,1.0,0.0,-0.0,1,0,2,1,1023,0.0,1.0,0.0,-0.0
PF15686,PF15289,5,0,0,5,0,1021,0,1.0,0.0,0,0,0,5,0,1021,0,1.0,0.0,0
PF15061,PF09690,1,0,0,1,0,1025,0,1.0,0.0,0,0,0,1,0,1025,0,1.0,0.0,0
PF00606,PF13721,2,2,0,2,2,1022,0.0,1.0,0.0,-0.0,2,0,2,2,1022,0.0,1.0,0.0,-0.0
PF08658,PF13892,7,7,0,7,7,1012,0.0,0.99,0.0,-0.01,7,0,7,7,1012,0.0,0.99,0.0,-0.01
PF12309,PF04981,2,4,0,2,4,1020,0.0,0.99,0.0,-0.0,4,0,2,4,1020,0.0,0.99,0.0,-0.0
PF11548,PF14948,4,2,2,2,0,1022,1.0,1.0,0.5,0.71,2,2,2,0,1022,1.0,1.0,0.5,0.71
PF02393,PF02427,0,1,0,0,1,1025,0.0,1.0,0,0,1,0,0,1,1025,0.0,1.0,0,0
PF01266,PF16901,40,9,6,34,3,983,0.67,0.96,0.15,0.31,9,6,34,3,983,0.67,0.96,0.15,0.31
PF07730,PF09239,3,1,0,3,1,1022,0.0,1.0,0.0,-0.0,1,0,3,1,1022,0.0,1.0,0.0,-0.0
PF00838,PF04628,14,8,2,12,6,1006,0.25,0.98,0.14,0.18,8,2,12,6,1006,0.25,0.98,0.14,0.18
PF03550,PF10798,1,2,0,1,2,1023,0.0,1.0,0.0,-0.0,2,0,1,2,1023,0.0,1.0,0.0,-0.0
PF02407,PF14113,3,0,0,3,0,1023,0,1.0,0.0,0,0,0,3,0,1023,0,1.0,0.0,0
PF01152,PF00537,6,0,0,6,0,1020,0,0.99,0.0,0,0,0,6,0,1020,0,0.99,0.0,0
PF00552,PF02022,3,3,3,0,0,1023,1.0,1.0,1.0,1.0,3,3,0,0,1023,1.0,1.0,1.0,1.0
PF13144,PF12446,1,0,0,1,0,1025,0,1.0,0.0,0,0,0,1,0,1025,0,1.0,0.0,0
PF06875,PF14653,0,0,0,0,0,1026,0,1.0,0,0,0,0,0,0,1026,0,1.0,0,0
PF16879,PF08295,8,9,7,1,2,1016,0.78,1.0,0.88,0.82,9,7,1,2,1016,0.78,1.0,0.88,0.82
PF07729,PF00392,9,11,9,0,2,1015,0.82,1.0,1.0,0.9,11,9,0,2,1015,0.82,1.0,1.0,0.9
PF15960,PF16716,0,1,0,0,1,1025,0.0,1.0,0,0,1,0,0,1,1025,0.0,1.0,0,0
PF00865,PF15467,3,0,0,3,0,1023,0,1.0,0.0,0,0,0,3,0,1023,0,1.0,0.0,0
PF01503,PF01502,7,5,4,3,1,1018,0.8,1.0,0.57,0.67,5,4,3,1,1018,0.8,1.0,0.57,0.67
PF05874,PF03601,2,0,0,2,0,1024,0,1.0,0.0,0,0,0,2,0,1024,0,1.0,0.0,0
PF15940,PF02881,0,15,0,0,15,1011,0.0,0.99,0,0,15,0,0,15,1011,0.0,0.99,0,0
PF07024,PF11026,0,0,0,0,0,1026,0,1.0,0,0,0,0,0,0,1026,0,1.0,0,0
PF10749,PF04917,0,1,0,0,1,1025,0.0,1.0,0,0,1,0,0,1,1025,0.0,1.0,0,0
PF00795,PF01177,29,4,4,25,0,997,1.0,0.98,0.14,0.37,4,4,25,0,997,1.0,0.98,0.14,0.37
PF04956,PF06744,5,0,0,5,0,1021,0,1.0,0.0,0,0,0,5,0,1021,0,1.0,0.0,0
PF07408,PF04999,1,2,1,0,1,1024,0.5,1.0,1.0,0.71,2,1,0,1,1024,0.5,1.0,1.0,0.71
PF14024,PF17017,0,0,0,0,0,1026,0,1.0,0,0,0,0,0,0,1026,0,1.0,0,0
PF12721,PF09034,3,2,1,2,1,1022,0.5,1.0,0.33,0.41,2,1,2,1,1022,0.5,1.0,0.33,0.41
PF03330,PF01357,9,9,4,5,5,1012,0.44,0.99,0.44,0.44,9,4,5,5,1012,0.44,0.99,0.44,0.44
PF08492,PF13174,4,10,2,2,8,1014,0.2,0.99,0.5,0.31,10,2,2,8,1014,0.2,0.99,0.5,0.31
PF04657,PF08497,4,0,0,4,0,1022,0,1.0,0.0,0,0,0,4,0,1022,0,1.0,0.0,0
PF08071,PF16121,6,7,5,1,2,1018,0.71,1.0,0.83,0.77,7,5,1,2,1018,0.71,1.0,0.83,0.77
PF05594,PF03958,0,4,0,0,4,1022,0.0,1.0,0,0,4,0,0,4,1022,0.0,1.0,0,0
PF01434,PF09336,27,10,3,24,7,992,0.3,0.97,0.11,0.17,10,3,24,7,992,0.3,0.97,0.11,0.17
PF15773,PF15744,4,0,0,4,0,1022,0,1.0,0.0,0,0,0,4,0,1022,0,1.0,0.0,0
PF13364,PF13363,8,7,7,1,0,1018,1.0,1.0,0.88,0.93,7,7,1,0,1018,1.0,1.0,0.88,0.93
PF06644,PF06127,7,2,0,7,2,1017,0.0,0.99,0.0,-0.0,2,0,7,2,1017,0.0,0.99,0.0,-0.0
PF15730,PF10951,2,0,0,2,0,1024,0,1.0,0.0,0,0,0,2,0,1024,0,1.0,0.0,0
PF08356,PF08355,4,4,4,0,0,1022,1.0,1.0,1.0,1.0,4,4,0,0,1022,1.0,1.0,1.0,1.0
PF06737,PF02557,0,1,0,0,1,1025,0.0,1.0,0,0,1,0,0,1,1025,0.0,1.0,0,0
PF06365,PF15045,3,0,0,3,0,1023,0,1.0,0.0,0,0,0,3,0,1023,0,1.0,0.0,0
PF05399,PF15333,0,1,0,0,1,1025,0.0,1.0,0,0,1,0,0,1,1025,0.0,1.0,0,0
PF10277,PF00252,13,19,5,8,14,999,0.26,0.98,0.38,0.31,19,5,8,14,999,0.26,0.98,0.38,0.31
PF06032,PF05378,7,11,6,1,5,1014,0.55,0.99,0.86,0.68,11,6,1,5,1014,0.55,0.99,0.86,0.68
PF14908,PF13020,2,3,0,2,3,1021,0.0,1.0,0.0,-0.0,3,0,2,3,1021,0.0,1.0,0.0,-0.0
PF03122,PF05643,0,0,0,0,0,1026,0,1.0,0,0,0,0,0,0,1026,0,1.0,0,0
PF04432,PF04422,1,1,1,0,0,1025,1.0,1.0,1.0,1.0,1,1,0,0,1025,1.0,1.0,1.0,1.0
PF09785,PF08156,6,19,2,4,17,1003,0.11,0.98,0.33,0.18,19,2,4,17,1003,0.11,0.98,0.33,0.18
PF16957,PF01312,1,2,0,1,2,1023,0.0,1.0,0.0,-0.0,2,0,1,2,1023,0.0,1.0,0.0,-0.0
PF14248,PF08093,0,1,0,0,1,1025,0.0,1.0,0,0,1,0,0,1,1025,0.0,1.0,0,0
PF10154,PF05529,2,7,0,2,7,1017,0.0,0.99,0.0,-0.0,7,0,2,7,1017,0.0,0.99,0.0,-0.0
PF12903,PF15681,0,2,0,0,2,1024,0.0,1.0,0,0,2,0,0,2,1024,0.0,1.0,0,0
PF00644,PF12174,27,3,2,25,1,998,0.67,0.97,0.07,0.22,3,2,25,1,998,0.67,0.97,0.07,0.22
PF08399,PF08473,8,3,2,6,1,1017,0.67,0.99,0.25,0.41,3,2,6,1,1017,0.67,0.99,0.25,0.41
PF09772,PF15390,3,0,0,3,0,1023,0,1.0,0.0,0,0,0,3,0,1023,0,1.0,0.0,0
PF15180,PF17062,0,0,0,0,0,1026,0,1.0,0,0,0,0,0,0,1026,0,1.0,0,0
PF00176,PF08797,66,7,5,61,2,958,0.71,0.94,0.08,0.22,7,5,61,2,958,0.71,0.94,0.08,0.22
PF15503,PF15062,1,0,0,1,0,1025,0,1.0,0.0,0,0,0,1,0,1025,0,1.0,0.0,0
PF15146,PF15395,1,0,0,1,0,1025,0,1.0,0.0,0,0,0,1,0,1025,0,1.0,0.0,0
PF17144,PF14204,8,10,7,1,3,1015,0.7,1.0,0.88,0.78,10,7,1,3,1015,0.7,1.0,0.88,0.78
PF02135,PF08214,12,12,9,3,3,1011,0.75,0.99,0.75,0.75,12,9,3,3,1011,0.75,0.99,0.75,0.75
PF11603,PF04428,0,2,0,0,2,1024,0.0,1.0,0,0,2,0,0,2,1024,0.0,1.0,0,0
PF15724,PF06875,1,0,0,1,0,1025,0,1.0,0.0,0,0,0,1,0,1025,0,1.0,0.0,0
PF14876,PF17219,1,0,0,1,0,1025,0,1.0,0.0,0,0,0,1,0,1025,0,1.0,0.0,0
PF10343,PF01509,12,15,5,7,10,1004,0.33,0.98,0.42,0.36,15,5,7,10,1004,0.33,0.98,0.42,0.36
PF14823,PF13241,7,5,5,2,0,1019,1.0,1.0,0.71,0.84,5,5,2,0,1019,1.0,1.0,0.71,0.84
PF07477,PF07488,4,4,4,0,0,1022,1.0,1.0,1.0,1.0,4,4,0,0,1022,1.0,1.0,1.0,1.0
PF01614,PF16416,6,0,0,6,0,1020,0,0.99,0.0,0,0,0,6,0,1020,0,0.99,0.0,0
PF05722,PF12731,1,1,1,0,0,1025,1.0,1.0,1.0,1.0,1,1,0,0,1025,1.0,1.0,1.0,1.0
PF08630,PF12927,2,0,0,2,0,1024,0,1.0,0.0,0,0,0,2,0,1024,0,1.0,0.0,0
PF02117,PF01387,1,0,0,1,0,1025,0,1.0,0.0,0,0,0,1,0,1025,0,1.0,0.0,0
PF08789,PF11515,0,4,0,0,4,1022,0.0,1.0,0,0,4,0,0,4,1022,0.0,1.0,0,0
PF00178,PF11620,21,1,1,20,0,1005,1.0,0.98,0.05,0.22,1,1,20,0,1005,1.0,0.98,0.05,0.22
PF03402,PF00143,3,1,0,3,1,1022,0.0,1.0,0.0,-0.0,1,0,3,1,1022,0.0,1.0,0.0,-0.0
PF03024,PF07995,5,7,3,2,4,1017,0.43,0.99,0.6,0.5,7,3,2,4,1017,0.43,0.99,0.6,0.5
PF13657,PF02399,0,1,0,0,1,1025,0.0,1.0,0,0,1,0,0,1,1025,0.0,1.0,0,0
PF15095,PF06773,0,0,0,0,0,1026,0,1.0,0,0,0,0,0,0,1026,0,1.0,0,0
PF02936,PF06417,7,6,2,5,4,1015,0.33,0.99,0.29,0.3,6,2,5,4,1015,0.33,0.99,0.29,0.3
PF14996,PF15161,0,0,0,0,0,1026,0,1.0,0,0,0,0,0,0,1026,0,1.0,0,0
PF07162,PF01757,10,15,2,8,13,1003,0.13,0.98,0.2,0.15,15,2,8,13,1003,0.13,0.98,0.2,0.15
PF12759,PF16590,0,0,0,0,0,1026,0,1.0,0,0,0,0,0,0,1026,0,1.0,0,0
PF02657,PF00358,2,5,0,2,5,1019,0.0,0.99,0.0,-0.0,5,0,2,5,1019,0.0,0.99,0.0,-0.0
PF05572,PF11380,8,2,0,8,2,1016,0.0,0.99,0.0,-0.0,2,0,8,2,1016,0.0,0.99,0.0,-0.0
PF04506,PF14953,9,2,1,8,1,1016,0.5,0.99,0.11,0.23,2,1,8,1,1016,0.5,0.99,0.11,0.23
PF01067,PF00648,24,32,22,2,10,992,0.69,0.99,0.92,0.79,32,22,2,10,992,0.69,0.99,0.92,0.79
PF12861,PF15189,5,2,0,5,2,1019,0.0,0.99,0.0,-0.0,2,0,5,2,1019,0.0,0.99,0.0,-0.0
PF06817,PF13655,3,2,0,3,2,1021,0.0,1.0,0.0,-0.0,2,0,3,2,1021,0.0,1.0,0.0,-0.0
PF12483,PF01980,3,2,0,3,2,1021,0.0,1.0,0.0,-0.0,2,0,3,2,1021,0.0,1.0,0.0,-0.0
PF14856,PF03427,6,2,1,5,1,1019,0.5,0.99,0.17,0.29,2,1,5,1,1019,0.5,0.99,0.17,0.29
PF05334,PF04087,3,0,0,3,0,1023,0,1.0,0.0,0,0,0,3,0,1023,0,1.0,0.0,0
PF07500,PF08711,8,16,8,0,8,1010,0.5,0.99,1.0,0.7,16,8,0,8,1010,0.5,0.99,1.0,0.7
PF02377,PF12316,2,3,2,0,1,1023,0.67,1.0,1.0,0.82,3,2,0,1,1023,0.67,1.0,1.0,0.82
PF01933,PF11264,4,2,0,4,2,1020,0.0,0.99,0.0,-0.0,2,0,4,2,1020,0.0,0.99,0.0,-0.0
PF12440,PF01454,2,9,2,0,7,1017,0.22,0.99,1.0,0.47,9,2,0,7,1017,0.22,0.99,1.0,0.47
PF02176,PF16673,13,0,0,13,0,1013,0,0.99,0.0,0,0,0,13,0,1013,0,0.99,0.0,0
PF11259,PF08708,0,0,0,0,0,1026,0,1.0,0,0,0,0,0,0,1026,0,1.0,0,0
PF13749,PF11614,1,2,0,1,2,1023,0.0,1.0,0.0,-0.0,2,0,1,2,1023,0.0,1.0,0.0,-0.0
PF10580,PF06614,1,1,1,0,0,1025,1.0,1.0,1.0,1.0,1,1,0,0,1025,1.0,1.0,1.0,1.0
PF16891,PF04152,6,8,3,3,5,1015,0.38,0.99,0.5,0.43,8,3,3,5,1015,0.38,0.99,0.5,0.43
PF11785,PF11786,5,5,5,0,0,1021,1.0,1.0,1.0,1.0,5,5,0,0,1021,1.0,1.0,1.0,1.0
PF12859,PF09743,1,2,1,0,1,1024,0.5,1.0,1.0,0.71,2,1,0,1,1024,0.5,1.0,1.0,0.71
PF02844,PF02843,8,8,8,0,0,1018,1.0,1.0,1.0,1.0,8,8,0,0,1018,1.0,1.0,1.0,1.0
PF11942,PF03439,4,9,4,0,5,1017,0.44,1.0,1.0,0.67,9,4,0,5,1017,0.44,1.0,1.0,0.67
PF00398,PF09813,9,2,1,8,1,1016,0.5,0.99,0.11,0.23,2,1,8,1,1016,0.5,0.99,0.11,0.23
PF10329,PF05704,3,4,1,2,3,1020,0.25,1.0,0.33,0.29,4,1,2,3,1020,0.25,1.0,0.33,0.29
PF01710,PF01022,0,3,0,0,3,1023,0.0,1.0,0,0,3,0,0,3,1023,0.0,1.0,0,0
PF13732,PF12399,3,3,2,1,1,1022,0.67,1.0,0.67,0.67,3,2,1,1,1022,0.67,1.0,0.67,0.67
PF00131,PF14967,1,1,0,1,1,1024,0.0,1.0,0.0,-0.0,1,0,1,1,1024,0.0,1.0,0.0,-0.0
PF11740,PF08291,0,0,0,0,0,1026,0,1.0,0,0,0,0,0,0,1026,0,1.0,0,0
PF04134,PF06232,5,0,0,5,0,1021,0,1.0,0.0,0,0,0,5,0,1021,0,1.0,0.0,0
PF04901,PF12020,3,0,0,3,0,1023,0,1.0,0.0,0,0,0,3,0,1023,0,1.0,0.0,0
PF10410,PF01807,2,2,2,0,0,1024,1.0,1.0,1.0,1.0,2,2,0,0,1024,1.0,1.0,1.0,1.0
PF10158,PF06907,5,1,0,5,1,1020,0.0,0.99,0.0,-0.0,1,0,5,1,1020,0.0,0.99,0.0,-0.0
PF14361,PF02070,1,1,0,1,1,1024,0.0,1.0,0.0,-0.0,1,0,1,1,1024,0.0,1.0,0.0,-0.0
PF02535,PF04592,41,2,2,39,0,985,1.0,0.96,0.05,0.22,2,2,39,0,985,1.0,0.96,0.05,0.22
PF05432,PF07343,3,0,0,3,0,1023,0,1.0,0.0,0,0,0,3,0,1023,0,1.0,0.0,0
PF15055,PF14986,0,0,0,0,0,1026,0,1.0,0,0,0,0,0,0,1026,0,1.0,0,0
PF04607,PF13328,5,9,4,1,5,1016,0.44,0.99,0.8,0.59,9,4,1,5,1016,0.44,0.99,0.8,0.59
PF11408,PF09382,2,14,2,0,12,1012,0.14,0.99,1.0,0.38,14,2,0,12,1012,0.14,0.99,1.0,0.38
PF08825,PF16420,5,5,0,5,5,1016,0.0,0.99,0.0,-0.0,5,0,5,5,1016,0.0,0.99,0.0,-0.0
PF08450,PF07350,14,1,1,13,0,1012,1.0,0.99,0.07,0.27,1,1,13,0,1012,1.0,0.99,0.07,0.27
PF15045,PF10104,0,4,0,0,4,1022,0.0,1.0,0,0,4,0,0,4,1022,0.0,1.0,0,0
PF13101,PF17164,0,0,0,0,0,1026,0,1.0,0,0,0,0,0,0,1026,0,1.0,0,0
PF03822,PF12605,4,4,1,3,3,1019,0.25,0.99,0.25,0.25,4,1,3,3,1019,0.25,0.99,0.25,0.25
PF08803,PF10460,0,0,0,0,0,1026,0,1.0,0,0,0,0,0,0,1026,0,1.0,0,0
PF03556,PF01160,12,3,0,12,3,1011,0.0,0.99,0.0,-0.01,3,0,12,3,1011,0.0,0.99,0.0,-0.01
PF10305,PF10359,1,1,1,0,0,1025,1.0,1.0,1.0,1.0,1,1,0,0,1025,1.0,1.0,1.0,1.0
PF14290,PF03745,0,0,0,0,0,1026,0,1.0,0,0,0,0,0,0,1026,0,1.0,0,0
PF04121,PF10226,6,2,1,5,1,1019,0.5,0.99,0.17,0.29,2,1,5,1,1019,0.5,0.99,0.17,0.29
PF13614,PF10407,14,0,0,14,0,1012,0,0.99,0.0,0,0,0,14,0,1012,0,0.99,0.0,0
PF08787,PF06108,3,5,1,2,4,1019,0.2,0.99,0.33,0.26,5,1,2,4,1019,0.2,0.99,0.33,0.26
PF07714,PF00069,129,256,94,35,162,735,0.37,0.81,0.73,0.42,256,94,35,162,735,0.37,0.81,0.73,0.42
PF05347,PF04281,20,3,3,17,0,1006,1.0,0.98,0.15,0.38,3,3,17,0,1006,1.0,0.98,0.15,0.38
PF13995,PF10279,0,0,0,0,0,1026,0,1.0,0,0,0,0,0,0,1026,0,1.0,0,0
PF03874,PF05676,8,2,1,7,1,1017,0.5,0.99,0.12,0.25,2,1,7,1,1017,0.5,0.99,0.12,0.25
PF10399,PF14163,1,1,1,0,0,1025,1.0,1.0,1.0,1.0,1,1,0,0,1025,1.0,1.0,1.0,1.0
PF08849,PF12805,0,0,0,0,0,1026,0,1.0,0,0,0,0,0,0,1026,0,1.0,0,0
PF03104,PF00136,17,17,16,1,1,1008,0.94,1.0,0.94,0.94,17,16,1,1,1008,0.94,1.0,0.94,0.94
PF14349,PF11593,2,1,0,2,1,1023,0.0,1.0,0.0,-0.0,1,0,2,1,1023,0.0,1.0,0.0,-0.0
PF05292,PF06244,5,4,1,4,3,1018,0.25,0.99,0.2,0.22,4,1,4,3,1018,0.25,0.99,0.2,0.22
PF02843,PF02844,8,8,8,0,0,1018,1.0,1.0,1.0,1.0,8,8,0,0,1018,1.0,1.0,1.0,1.0
PF14638,PF14636,4,5,4,0,1,1021,0.8,1.0,1.0,0.89,5,4,0,1,1021,0.8,1.0,1.0,0.89
PF05552,PF04586,1,0,0,1,0,1025,0,1.0,0.0,0,0,0,1,0,1025,0,1.0,0.0,0
PF15760,PF04691,0,3,0,0,3,1023,0.0,1.0,0,0,3,0,0,3,1023,0.0,1.0,0,0
PF05994,PF07159,7,3,2,5,1,1018,0.67,0.99,0.29,0.43,3,2,5,1,1018,0.67,0.99,0.29,0.43
PF13934,PF10699,4,1,0,4,1,1021,0.0,1.0,0.0,-0.0,1,0,4,1,1021,0.0,1.0,0.0,-0.0
PF13952,PF13960,2,4,2,0,2,1022,0.5,1.0,1.0,0.71,4,2,0,2,1022,0.5,1.0,1.0,0.71
PF07991,PF01450,5,5,5,0,0,1021,1.0,1.0,1.0,1.0,5,5,0,0,1021,1.0,1.0,1.0,1.0
PF02845,PF01735,15,11,5,10,6,1005,0.45,0.98,0.33,0.38,11,5,10,6,1005,0.45,0.98,0.33,0.38
PF14159,PF03350,0,0,0,0,0,1026,0,1.0,0,0,0,0,0,0,1026,0,1.0,0,0
PF13713,PF16696,3,0,0,3,0,1023,0,1.0,0.0,0,0,0,3,0,1023,0,1.0,0.0,0
PF03740,PF04539,3,7,3,0,4,1019,0.43,1.0,1.0,0.65,7,3,0,4,1019,0.43,1.0,1.0,0.65
PF17119,PF06883,1,4,1,0,3,1022,0.25,1.0,1.0,0.5,4,1,0,3,1022,0.25,1.0,1.0,0.5
PF01390,PF02983,17,1,1,16,0,1009,1.0,0.98,0.06,0.24,1,1,16,0,1009,1.0,0.98,0.06,0.24
PF00116,PF02790,9,8,7,2,1,1016,0.88,1.0,0.78,0.82,8,7,2,1,1016,0.88,1.0,0.78,0.82
PF12340,PF12359,5,5,5,0,0,1021,1.0,1.0,1.0,1.0,5,5,0,0,1021,1.0,1.0,1.0,1.0
PF10287,PF10290,1,1,1,0,0,1025,1.0,1.0,1.0,1.0,1,1,0,0,1025,1.0,1.0,1.0,1.0
PF03226,PF05362,12,14,4,8,10,1004,0.29,0.98,0.33,0.3,14,4,8,10,1004,0.29,0.98,0.33,0.3
PF04889,PF13954,9,4,1,8,3,1014,0.25,0.99,0.11,0.16,4,1,8,3,1014,0.25,0.99,0.11,0.16
PF00297,PF01012,15,12,5,10,7,1004,0.42,0.98,0.33,0.36,12,5,10,7,1004,0.42,0.98,0.33,0.36
PF08221,PF10644,5,7,0,5,7,1014,0.0,0.99,0.0,-0.01,7,0,5,7,1014,0.0,0.99,0.0,-0.01
PF06791,PF14706,0,1,0,0,1,1025,0.0,1.0,0,0,1,0,0,1,1025,0.0,1.0,0,0
PF08170,PF06978,3,4,3,0,1,1022,0.75,1.0,1.0,0.87,4,3,0,1,1022,0.75,1.0,1.0,0.87
PF08632,PF16051,1,0,0,1,0,1025,0,1.0,0.0,0,0,0,1,0,1025,0,1.0,0.0,0
PF04624,PF10856,1,0,0,1,0,1025,0,1.0,0.0,0,0,0,1,0,1025,0,1.0,0.0,0
PF05666,PF14659,0,2,0,0,2,1024,0.0,1.0,0,0,2,0,0,2,1024,0.0,1.0,0,0
PF16165,PF08150,4,3,2,2,1,1021,0.67,1.0,0.5,0.58,3,2,2,1,1021,0.67,1.0,0.5,0.58
PF11900,PF12313,1,2,1,0,1,1024,0.5,1.0,1.0,0.71,2,1,0,1,1024,0.5,1.0,1.0,0.71
PF06742,PF06863,1,0,0,1,0,1025,0,1.0,0.0,0,0,0,1,0,1025,0,1.0,0.0,0
PF07748,PF09261,17,18,16,1,2,1007,0.89,1.0,0.94,0.91,18,16,1,2,1007,0.89,1.0,0.94,0.91
PF06553,PF15171,4,1,0,4,1,1021,0.0,1.0,0.0,-0.0,1,0,4,1,1021,0.0,1.0,0.0,-0.0
PF15277,PF09763,13,11,11,2,0,1013,1.0,1.0,0.85,0.92,11,11,2,0,1013,1.0,1.0,0.85,0.92
PF02064,PF15811,8,2,0,8,2,1016,0.0,0.99,0.0,-0.0,2,0,8,2,1016,0.0,0.99,0.0,-0.0
PF05938,PF04520,4,0,0,4,0,1022,0,1.0,0.0,0,0,0,4,0,1022,0,1.0,0.0,0
PF01210,PF07479,13,15,13,0,2,1011,0.87,1.0,1.0,0.93,15,13,0,2,1011,0.87,1.0,1.0,0.93
PF15795,PF00214,0,0,0,0,0,1026,0,1.0,0,0,0,0,0,0,1026,0,1.0,0,0
PF03190,PF07539,6,5,0,6,5,1015,0.0,0.99,0.0,-0.01,5,0,6,5,1015,0.0,0.99,0.0,-0.01
PF06472,PF01061,11,35,6,5,29,986,0.17,0.97,0.55,0.29,35,6,5,29,986,0.17,0.97,0.55,0.29
PF08284,PF00077,16,9,3,13,6,1004,0.33,0.98,0.19,0.24,9,3,13,6,1004,0.33,0.98,0.19,0.24
PF15228,PF06592,1,0,0,1,0,1025,0,1.0,0.0,0,0,0,1,0,1025,0,1.0,0.0,0
PF00819,PF09990,1,0,0,1,0,1025,0,1.0,0.0,0,0,0,1,0,1025,0,1.0,0.0,0
PF11435,PF13247,0,0,0,0,0,1026,0,1.0,0,0,0,0,0,0,1026,0,1.0,0,0
PF01403,PF08337,14,14,8,6,6,1006,0.57,0.99,0.57,0.57,14,8,6,6,1006,0.57,0.99,0.57,0.57
PF04958,PF07642,1,0,0,1,0,1025,0,1.0,0.0,0,0,0,1,0,1025,0,1.0,0.0,0
PF05185,PF11531,13,1,1,12,0,1013,1.0,0.99,0.08,0.28,1,1,12,0,1013,1.0,0.99,0.08,0.28
PF02445,PF03458,2,0,0,2,0,1024,0,1.0,0.0,0,0,0,2,0,1024,0,1.0,0.0,0
PF07074,PF14290,5,0,0,5,0,1021,0,1.0,0.0,0,0,0,5,0,1021,0,1.0,0.0,0
PF09349,PF02394,5,2,0,5,2,1019,0.0,0.99,0.0,-0.0,2,0,5,2,1019,0.0,0.99,0.0,-0.0
PF08713,PF04691,0,3,0,0,3,1023,0.0,1.0,0,0,3,0,0,3,1023,0.0,1.0,0,0
PF00633,PF10576,3,2,1,2,1,1022,0.5,1.0,0.33,0.41,2,1,2,1,1022,0.5,1.0,0.33,0.41
PF10421,PF01909,2,16,1,1,15,1009,0.06,0.98,0.5,0.17,16,1,1,15,1009,0.06,0.98,0.5,0.17
PF06268,PF06229,6,4,1,5,3,1017,0.25,0.99,0.17,0.2,4,1,5,3,1017,0.25,0.99,0.17,0.2
PF09328,PF05023,2,5,2,0,3,1021,0.4,1.0,1.0,0.63,5,2,0,3,1021,0.4,1.0,1.0,0.63
PF15039,PF08002,0,0,0,0,0,1026,0,1.0,0,0,0,0,0,0,1026,0,1.0,0,0
PF01645,PF04898,6,6,6,0,0,1020,1.0,1.0,1.0,1.0,6,6,0,0,1020,1.0,1.0,1.0,1.0
PF17018,PF11210,0,1,0,0,1,1025,0.0,1.0,0,0,1,0,0,1,1025,0.0,1.0,0,0
PF02308,PF07392,0,3,0,0,3,1023,0.0,1.0,0,0,3,0,0,3,1023,0.0,1.0,0,0
PF03085,PF15067,0,4,0,0,4,1022,0.0,1.0,0,0,4,0,0,4,1022,0.0,1.0,0,0
PF15685,PF10856,2,0,0,2,0,1024,0,1.0,0.0,0,0,0,2,0,1024,0,1.0,0.0,0
PF05918,PF15808,3,2,0,3,2,1021,0.0,1.0,0.0,-0.0,2,0,3,2,1021,0.0,1.0,0.0,-0.0
PF08496,PF10108,2,1,1,1,0,1024,1.0,1.0,0.5,0.71,1,1,1,0,1024,1.0,1.0,0.5,0.71
PF04018,PF11811,0,0,0,0,0,1026,0,1.0,0,0,0,0,0,0,1026,0,1.0,0,0
PF12811,PF11211,0,0,0,0,0,1026,0,1.0,0,0,0,0,0,0,1026,0,1.0,0,0
PF04341,PF01458,0,2,0,0,2,1024,0.0,1.0,0,0,2,0,0,2,1024,0.0,1.0,0,0
PF03016,PF09258,24,11,9,15,2,1000,0.82,0.98,0.38,0.55,11,9,15,2,1000,0.82,0.98,0.38,0.55
PF08520,PF07382,1,3,1,0,2,1023,0.33,1.0,1.0,0.58,3,1,0,2,1023,0.33,1.0,1.0,0.58
PF16760,PF08323,1,4,1,0,3,1022,0.25,1.0,1.0,0.5,4,1,0,3,1022,0.25,1.0,1.0,0.5
PF17182,PF14418,0,0,0,0,0,1026,0,1.0,0,0,0,0,0,0,1026,0,1.0,0,0
PF06089,PF02604,4,0,0,4,0,1022,0,1.0,0.0,0,0,0,4,0,1022,0,1.0,0.0,0
PF09754,PF06127,2,2,1,1,1,1023,0.5,1.0,0.5,0.5,2,1,1,1,1023,0.5,1.0,0.5,0.5
PF04990,PF04992,1,3,1,0,2,1023,0.33,1.0,1.0,0.58,3,1,0,2,1023,0.33,1.0,1.0,0.58
PF15198,PF13737,0,0,0,0,0,1026,0,1.0,0,0,0,0,0,0,1026,0,1.0,0,0
PF15778,PF12516,0,0,0,0,0,1026,0,1.0,0,0,0,0,0,0,1026,0,1.0,0,0
PF00326,PF02897,28,10,9,19,1,997,0.9,0.98,0.32,0.53,10,9,19,1,997,0.9,0.98,0.32,0.53
PF09170,PF08784,0,9,0,0,9,1017,0.0,0.99,0,0,9,0,0,9,1017,0.0,0.99,0,0
PF03641,PF00436,6,12,2,4,10,1010,0.17,0.99,0.33,0.23,12,2,4,10,1010,0.17,0.99,0.33,0.23
PF13559,PF15460,1,1,0,1,1,1024,0.0,1.0,0.0,-0.0,1,0,1,1,1024,0.0,1.0,0.0,-0.0
PF01566,PF07984,16,3,1,15,2,1008,0.33,0.98,0.06,0.14,3,1,15,2,1008,0.33,0.98,0.06,0.14
PF16984,PF06585,1,6,1,0,5,1020,0.17,1.0,1.0,0.41,6,1,0,5,1020,0.17,1.0,1.0,0.41
PF05622,PF04388,11,2,1,10,1,1014,0.5,0.99,0.09,0.21,2,1,10,1,1014,0.5,0.99,0.09,0.21
PF10917,PF07411,1,0,0,1,0,1025,0,1.0,0.0,0,0,0,1,0,1025,0,1.0,0.0,0
PF08188,PF09707,1,0,0,1,0,1025,0,1.0,0.0,0,0,0,1,0,1025,0,1.0,0.0,0
PF06589,PF16979,0,9,0,0,9,1017,0.0,0.99,0,0,9,0,0,9,1017,0.0,0.99,0,0
PF03147,PF02912,9,2,2,7,0,1017,1.0,0.99,0.22,0.47,2,2,7,0,1017,1.0,0.99,0.22,0.47
PF13635,PF13390,0,0,0,0,0,1026,0,1.0,0,0,0,0,0,0,1026,0,1.0,0,0
PF15807,PF15046,0,2,0,0,2,1024,0.0,1.0,0,0,2,0,0,2,1024,0.0,1.0,0,0
PF05509,PF05513,1,1,1,0,0,1025,1.0,1.0,1.0,1.0,1,1,0,0,1025,1.0,1.0,1.0,1.0
PF05026,PF15916,4,0,0,4,0,1022,0,1.0,0.0,0,0,0,4,0,1022,0,1.0,0.0,0
PF00821,PF08925,1,4,0,1,4,1021,0.0,1.0,0.0,-0.0,4,0,1,4,1021,0.0,1.0,0.0,-0.0
PF10405,PF10403,9,9,9,0,0,1017,1.0,1.0,1.0,1.0,9,9,0,0,1017,1.0,1.0,1.0,1.0
PF00769,PF09766,2,5,1,1,4,1020,0.2,1.0,0.5,0.31,5,1,1,4,1020,0.2,1.0,0.5,0.31
PF07659,PF11272,0,0,0,0,0,1026,0,1.0,0,0,0,0,0,0,1026,0,1.0,0,0
PF10418,PF02898,1,4,1,0,3,1022,0.25,1.0,1.0,0.5,4,1,0,3,1022,0.25,1.0,1.0,0.5
PF12600,PF15073,0,1,0,0,1,1025,0.0,1.0,0,0,1,0,0,1,1025,0.0,1.0,0,0
PF06172,PF01774,2,5,0,2,5,1019,0.0,0.99,0.0,-0.0,5,0,2,5,1019,0.0,0.99,0.0,-0.0
PF04390,PF10458,4,4,1,3,3,1019,0.25,0.99,0.25,0.25,4,1,3,3,1019,0.25,0.99,0.25,0.25
PF00046,PF12403,70,1,1,69,0,956,1.0,0.93,0.01,0.12,1,1,69,0,956,1.0,0.93,0.01,0.12
PF01420,PF11751,2,0,0,2,0,1024,0,1.0,0.0,0,0,0,2,0,1024,0,1.0,0.0,0
PF07830,PF04471,2,1,0,2,1,1023,0.0,1.0,0.0,-0.0,1,0,2,1,1023,0.0,1.0,0.0,-0.0
PF15824,PF11863,0,1,0,0,1,1025,0.0,1.0,0,0,1,0,0,1,1025,0.0,1.0,0,0
PF11619,PF07710,0,1,0,0,1,1025,0.0,1.0,0,0,1,0,0,1,1025,0.0,1.0,0,0
PF08950,PF17049,0,1,0,0,1,1025,0.0,1.0,0,0,1,0,0,1,1025,0.0,1.0,0,0
PF01287,PF11937,11,8,2,9,6,1009,0.25,0.99,0.18,0.21,8,2,9,6,1009,0.25,0.99,0.18,0.21
PF09969,PF15107,0,1,0,0,1,1025,0.0,1.0,0,0,1,0,0,1,1025,0.0,1.0,0,0
PF03870,PF03331,5,1,0,5,1,1020,0.0,0.99,0.0,-0.0,1,0,5,1,1020,0.0,0.99,0.0,-0.0
PF00696,PF00171,25,71,14,11,57,944,0.2,0.93,0.56,0.31,71,14,11,57,944,0.2,0.93,0.56,0.31
PF11573,PF02403,2,13,1,1,12,1012,0.08,0.99,0.5,0.19,13,1,1,12,1012,0.08,0.99,0.5,0.19
PF16908,PF12624,12,19,11,1,8,1006,0.58,0.99,0.92,0.72,19,11,1,8,1006,0.58,0.99,0.92,0.72
PF04794,PF00796,0,1,0,0,1,1025,0.0,1.0,0,0,1,0,0,1,1025,0.0,1.0,0,0
PF10232,PF07406,6,3,0,6,3,1017,0.0,0.99,0.0,-0.0,3,0,6,3,1017,0.0,0.99,0.0,-0.0
PF00653,PF00382,16,15,5,11,10,1000,0.33,0.98,0.31,0.31,15,5,11,10,1000,0.33,0.98,0.31,0.31
PF07978,PF09766,8,5,0,8,5,1013,0.0,0.99,0.0,-0.01,5,0,8,5,1013,0.0,0.99,0.0,-0.01
PF12464,PF14602,10,12,6,4,6,1010,0.5,0.99,0.6,0.54,12,6,4,6,1010,0.5,0.99,0.6,0.54
PF07492,PF01204,8,17,8,0,9,1009,0.47,0.99,1.0,0.68,17,8,0,9,1009,0.47,0.99,1.0,0.68
PF08743,PF10253,6,1,0,6,1,1019,0.0,0.99,0.0,-0.0,1,0,6,1,1019,0.0,0.99,0.0,-0.0
PF01477,PF02010,20,10,7,13,3,1003,0.7,0.98,0.35,0.49,10,7,13,3,1003,0.7,0.98,0.35,0.49
PF04428,PF16967,2,0,0,2,0,1024,0,1.0,0.0,0,0,0,2,0,1024,0,1.0,0.0,0
PF00834,PF00197,12,0,0,12,0,1014,0,0.99,0.0,0,0,0,12,0,1014,0,0.99,0.0,0
PF00212,PF14769,1,3,0,1,3,1022,0.0,1.0,0.0,-0.0,3,0,1,3,1022,0.0,1.0,0.0,-0.0
PF09335,PF01789,18,4,2,16,2,1006,0.5,0.98,0.11,0.23,4,2,16,2,1006,0.5,0.98,0.11,0.23
PF02244,PF00246,11,30,11,0,19,996,0.37,0.98,1.0,0.6,30,11,0,19,996,0.37,0.98,1.0,0.6
PF05871,PF08704,10,5,1,9,4,1012,0.2,0.99,0.1,0.14,5,1,9,4,1012,0.2,0.99,0.1,0.14
PF05773,PF08572,23,4,2,21,2,1001,0.5,0.98,0.09,0.2,4,2,21,2,1001,0.5,0.98,0.09,0.2
PF01419,PF12044,8,3,0,8,3,1015,0.0,0.99,0.0,-0.0,3,0,8,3,1015,0.0,0.99,0.0,-0.0
PF15324,PF07260,3,1,0,3,1,1022,0.0,1.0,0.0,-0.0,1,0,3,1,1022,0.0,1.0,0.0,-0.0
PF06537,PF00857,0,22,0,0,22,1004,0.0,0.98,0,0,22,0,0,22,1004,0.0,0.98,0,0
PF00161,PF00652,6,26,3,3,23,997,0.12,0.97,0.5,0.23,26,3,3,23,997,0.12,0.97,0.5,0.23
PF03906,PF08278,0,2,0,0,2,1024,0.0,1.0,0,0,2,0,0,2,1024,0.0,1.0,0,0
PF15989,PF15325,0,0,0,0,0,1026,0,1.0,0,0,0,0,0,0,1026,0,1.0,0,0
PF01643,PF12590,1,1,1,0,0,1025,1.0,1.0,1.0,1.0,1,1,0,0,1025,1.0,1.0,1.0,1.0
PF13411,PF07739,3,1,1,2,0,1023,1.0,1.0,0.33,0.58,1,1,2,0,1023,1.0,1.0,0.33,0.58
PF05704,PF10329,4,3,1,3,2,1020,0.33,1.0,0.25,0.29,3,1,3,2,1020,0.33,1.0,0.25,0.29
PF02174,PF08174,7,6,1,6,5,1014,0.17,0.99,0.14,0.15,6,1,6,5,1014,0.17,0.99,0.14,0.15
PF00631,PF08833,16,2,0,16,2,1008,0.0,0.98,0.0,-0.01,2,0,16,2,1008,0.0,0.98,0.0,-0.01
PF03214,PF06219,4,2,0,4,2,1020,0.0,0.99,0.0,-0.0,2,0,4,2,1020,0.0,0.99,0.0,-0.0
PF01217,PF09786,29,6,1,28,5,992,0.17,0.97,0.03,0.06,6,1,28,5,992,0.17,0.97,0.03,0.06
PF01590,PF00233,24,16,10,14,6,996,0.62,0.98,0.42,0.5,16,10,14,6,996,0.62,0.98,0.42,0.5
PF03738,PF11965,0,2,0,0,2,1024,0.0,1.0,0,0,2,0,0,2,1024,0.0,1.0,0,0
PF08266,PF08758,3,1,1,2,0,1023,1.0,1.0,0.33,0.58,1,1,2,0,1023,1.0,1.0,0.33,0.58
PF00626,PF04810,34,22,19,15,3,989,0.86,0.98,0.56,0.69,22,19,15,3,989,0.86,0.98,0.56,0.69
PF14596,PF12162,2,2,2,0,0,1024,1.0,1.0,1.0,1.0,2,2,0,0,1024,1.0,1.0,1.0,1.0
PF04725,PF05479,2,1,1,1,0,1024,1.0,1.0,0.5,0.71,1,1,1,0,1024,1.0,1.0,0.5,0.71
PF01355,PF09826,1,0,0,1,0,1025,0,1.0,0.0,0,0,0,1,0,1025,0,1.0,0.0,0
PF06366,PF08997,0,1,0,0,1,1025,0.0,1.0,0,0,1,0,0,1,1025,0.0,1.0,0,0
PF08636,PF11623,2,1,0,2,1,1023,0.0,1.0,0.0,-0.0,1,0,2,1,1023,0.0,1.0,0.0,-0.0
PF08434,PF15300,5,0,0,5,0,1021,0,1.0,0.0,0,0,0,5,0,1021,0,1.0,0.0,0
PF10546,PF00970,0,23,0,0,23,1003,0.0,0.98,0,0,23,0,0,23,1003,0.0,0.98,0,0
PF02799,PF01233,9,9,8,1,1,1016,0.89,1.0,0.89,0.89,9,8,1,1,1016,0.89,1.0,0.89,0.89
PF11179,PF03525,0,1,0,0,1,1025,0.0,1.0,0,0,1,0,0,1,1025,0.0,1.0,0,0
PF15482,PF08795,0,0,0,0,0,1026,0,1.0,0,0,0,0,0,0,1026,0,1.0,0,0
PF12142,PF12143,2,2,2,0,0,1024,1.0,1.0,1.0,1.0,2,2,0,0,1024,1.0,1.0,1.0,1.0
PF14360,PF09246,8,1,1,7,0,1018,1.0,0.99,0.12,0.35,1,1,7,0,1018,1.0,0.99,0.12,0.35
PF10500,PF09216,4,0,0,4,0,1022,0,1.0,0.0,0,0,0,4,0,1022,0,1.0,0.0,0
PF10065,PF08498,0,5,0,0,5,1021,0.0,1.0,0,0,5,0,0,5,1021,0.0,1.0,0,0
PF02146,PF04574,32,3,3,29,0,994,1.0,0.97,0.09,0.3,3,3,29,0,994,1.0,0.97,0.09,0.3
PF04107,PF00468,1,3,0,1,3,1022,0.0,1.0,0.0,-0.0,3,0,1,3,1022,0.0,1.0,0.0,-0.0
PF00048,PF13841,6,1,0,6,1,1019,0.0,0.99,0.0,-0.0,1,0,6,1,1019,0.0,0.99,0.0,-0.0
PF12225,PF15608,2,0,0,2,0,1024,0,1.0,0.0,0,0,0,2,0,1024,0,1.0,0.0,0
PF04627,PF08367,8,2,0,8,2,1016,0.0,0.99,0.0,-0.0,2,0,8,2,1016,0.0,0.99,0.0,-0.0
PF04410,PF03045,18,4,3,15,1,1007,0.75,0.98,0.17,0.35,4,3,15,1,1007,0.75,0.98,0.17,0.35
PF09184,PF09302,4,6,1,3,5,1017,0.17,0.99,0.25,0.2,6,1,3,5,1017,0.17,0.99,0.25,0.2
PF14858,PF10650,0,0,0,0,0,1026,0,1.0,0,0,0,0,0,0,1026,0,1.0,0,0
PF08172,PF15908,6,2,0,6,2,1018,0.0,0.99,0.0,-0.0,2,0,6,2,1018,0.0,0.99,0.0,-0.0
PF00006,PF00128,33,25,7,26,18,975,0.28,0.96,0.21,0.22,25,7,26,18,975,0.28,0.96,0.21,0.22
PF09379,PF09380,26,21,19,7,2,998,0.9,0.99,0.73,0.81,21,19,7,2,998,0.9,0.99,0.73,0.81
PF11316,PF08707,0,0,0,0,0,1026,0,1.0,0,0,0,0,0,0,1026,0,1.0,0,0
PF06039,PF05564,1,0,0,1,0,1025,0,1.0,0.0,0,0,0,1,0,1025,0,1.0,0.0,0
PF14693,PF01386,1,1,1,0,0,1025,1.0,1.0,1.0,1.0,1,1,0,0,1025,1.0,1.0,1.0,1.0
PF14107,PF11291,0,0,0,0,0,1026,0,1.0,0,0,0,0,0,0,1026,0,1.0,0,0
PF05935,PF11316,3,0,0,3,0,1023,0,1.0,0.0,0,0,0,3,0,1023,0,1.0,0.0,0
PF06140,PF05308,5,2,0,5,2,1019,0.0,0.99,0.0,-0.0,2,0,5,2,1019,0.0,0.99,0.0,-0.0
PF05679,PF02434,8,16,4,4,12,1006,0.25,0.98,0.5,0.35,16,4,4,12,1006,0.25,0.98,0.5,0.35
PF05401,PF03428,2,0,0,2,0,1024,0,1.0,0.0,0,0,0,2,0,1024,0,1.0,0.0,0
PF11875,PF14308,4,5,0,4,5,1017,0.0,0.99,0.0,-0.0,5,0,4,5,1017,0.0,0.99,0.0,-0.0
PF01139,PF05434,3,2,0,3,2,1021,0.0,1.0,0.0,-0.0,2,0,3,2,1021,0.0,1.0,0.0,-0.0
PF06933,PF07610,0,0,0,0,0,1026,0,1.0,0,0,0,0,0,0,1026,0,1.0,0,0
PF14792,PF10391,7,5,5,2,0,1019,1.0,1.0,0.71,0.84,5,5,2,0,1019,1.0,1.0,0.71,0.84
PF16380,PF04994,0,0,0,0,0,1026,0,1.0,0,0,0,0,0,0,1026,0,1.0,0,0
PF08975,PF12158,0,0,0,0,0,1026,0,1.0,0,0,0,0,0,0,1026,0,1.0,0,0
PF06058,PF15996,7,4,0,7,4,1015,0.0,0.99,0.0,-0.01,4,0,7,4,1015,0.0,0.99,0.0,-0.01
PF11261,PF07001,3,2,0,3,2,1021,0.0,1.0,0.0,-0.0,2,0,3,2,1021,0.0,1.0,0.0,-0.0
PF12736,PF05640,3,1,0,3,1,1022,0.0,1.0,0.0,-0.0,1,0,3,1,1022,0.0,1.0,0.0,-0.0
PF09756,PF04367,3,1,0,3,1,1022,0.0,1.0,0.0,-0.0,1,0,3,1,1022,0.0,1.0,0.0,-0.0
PF06530,PF05947,1,0,0,1,0,1025,0,1.0,0.0,0,0,0,1,0,1025,0,1.0,0.0,0
PF01814,PF04405,10,0,0,10,0,1016,0,0.99,0.0,0,0,0,10,0,1016,0,0.99,0.0,0
PF12764,PF13876,1,0,0,1,0,1025,0,1.0,0.0,0,0,0,1,0,1025,0,1.0,0.0,0
PF15729,PF02601,1,0,0,1,0,1025,0,1.0,0.0,0,0,0,1,0,1025,0,1.0,0.0,0
PF13936,PF11427,3,6,2,1,4,1019,0.33,1.0,0.67,0.47,6,2,1,4,1019,0.33,1.0,0.67,0.47
PF10242,PF06951,5,4,1,4,3,1018,0.25,0.99,0.2,0.22,4,1,4,3,1018,0.25,0.99,0.2,0.22
PF11924,PF07411,1,0,0,1,0,1025,0,1.0,0.0,0,0,0,1,0,1025,0,1.0,0.0,0
PF15715,PF15109,3,0,0,3,0,1023,0,1.0,0.0,0,0,0,3,0,1023,0,1.0,0.0,0
PF02813,PF14216,3,1,0,3,1,1022,0.0,1.0,0.0,-0.0,1,0,3,1,1022,0.0,1.0,0.0,-0.0
PF13768,PF08487,25,16,11,14,5,996,0.69,0.98,0.44,0.54,16,11,14,5,996,0.69,0.98,0.44,0.54
PF00688,PF04709,6,1,0,6,1,1019,0.0,0.99,0.0,-0.0,1,0,6,1,1019,0.0,0.99,0.0,-0.0
PF06560,PF06295,2,0,0,2,0,1024,0,1.0,0.0,0,0,0,2,0,1024,0,1.0,0.0,0
PF04177,PF15377,6,1,1,5,0,1020,1.0,1.0,0.17,0.41,1,1,5,0,1020,1.0,1.0,0.17,0.41
PF04387,PF01370,13,30,4,9,26,987,0.13,0.97,0.31,0.19,30,4,9,26,987,0.13,0.97,0.31,0.19
PF15122,PF06210,0,0,0,0,0,1026,0,1.0,0,0,0,0,0,0,1026,0,1.0,0,0
PF09740,PF15292,0,0,0,0,0,1026,0,1.0,0,0,0,0,0,0,1026,0,1.0,0,0
PF01540,PF00201,0,40,0,0,40,986,0.0,0.96,0,0,40,0,0,40,986,0.0,0.96,0,0
PF11604,PF11019,0,0,0,0,0,1026,0,1.0,0,0,0,0,0,0,1026,0,1.0,0,0
PF01353,PF15377,1,1,0,1,1,1024,0.0,1.0,0.0,-0.0,1,0,1,1,1024,0.0,1.0,0.0,-0.0
PF02970,PF01987,8,6,1,7,5,1013,0.17,0.99,0.12,0.14,6,1,7,5,1013,0.17,0.99,0.12,0.14
PF02892,PF04937,28,18,11,17,7,991,0.61,0.98,0.39,0.48,18,11,17,7,991,0.61,0.98,0.39,0.48
PF11827,PF15518,0,2,0,0,2,1024,0.0,1.0,0,0,2,0,0,2,1024,0.0,1.0,0,0
PF01314,PF15708,1,0,0,1,0,1025,0,1.0,0.0,0,0,0,1,0,1025,0,1.0,0.0,0
PF15840,PF00025,0,46,0,0,46,980,0.0,0.96,0,0,46,0,0,46,980,0.0,0.96,0,0
PF11641,PF12827,0,0,0,0,0,1026,0,1.0,0,0,0,0,0,0,1026,0,1.0,0,0
PF10801,PF02907,0,2,0,0,2,1024,0.0,1.0,0,0,2,0,0,2,1024,0.0,1.0,0,0
PF01637,PF17008,0,0,0,0,0,1026,0,1.0,0,0,0,0,0,0,1026,0,1.0,0,0
PF13947,PF08488,9,1,1,8,0,1017,1.0,0.99,0.11,0.33,1,1,8,0,1017,1.0,0.99,0.11,0.33
PF16696,PF11464,0,10,0,0,10,1016,0.0,0.99,0,0,10,0,0,10,1016,0.0,0.99,0,0
PF15936,PF14138,2,3,0,2,3,1021,0.0,1.0,0.0,-0.0,3,0,2,3,1021,0.0,1.0,0.0,-0.0
PF06614,PF10580,1,1,1,0,0,1025,1.0,1.0,1.0,1.0,1,1,0,0,1025,1.0,1.0,1.0,1.0
PF08691,PF06681,0,0,0,0,0,1026,0,1.0,0,0,0,0,0,0,1026,0,1.0,0,0
PF08002,PF14251,0,2,0,0,2,1024,0.0,1.0,0,0,2,0,0,2,1024,0.0,1.0,0,0
PF00714,PF15559,1,1,0,1,1,1024,0.0,1.0,0.0,-0.0,1,0,1,1,1024,0.0,1.0,0.0,-0.0
PF09239,PF07730,1,3,0,1,3,1022,0.0,1.0,0.0,-0.0,3,0,1,3,1022,0.0,1.0,0.0,-0.0
PF06202,PF14701,3,2,2,1,0,1023,1.0,1.0,0.67,0.82,2,2,1,0,1023,1.0,1.0,0.67,0.82
PF16183,PF12423,9,5,5,4,0,1017,1.0,1.0,0.56,0.74,5,5,4,0,1017,1.0,1.0,0.56,0.74
PF07954,PF05448,1,2,0,1,2,1023,0.0,1.0,0.0,-0.0,2,0,1,2,1023,0.0,1.0,0.0,-0.0
PF02465,PF08497,2,0,0,2,0,1024,0,1.0,0.0,0,0,0,2,0,1024,0,1.0,0.0,0
PF06466,PF17105,2,1,0,2,1,1023,0.0,1.0,0.0,-0.0,1,0,2,1,1023,0.0,1.0,0.0,-0.0
PF03297,PF00876,5,12,2,3,10,1011,0.17,0.99,0.4,0.25,12,2,3,10,1011,0.17,0.99,0.4,0.25
PF09280,PF09055,8,0,0,8,0,1018,0,0.99,0.0,0,0,0,8,0,1018,0,0.99,0.0,0
PF11635,PF09737,2,0,0,2,0,1024,0,1.0,0.0,0,0,0,2,0,1024,0,1.0,0.0,0
PF07944,PF07173,10,9,2,8,7,1009,0.22,0.99,0.2,0.2,9,2,8,7,1009,0.22,0.99,0.2,0.2
PF13566,PF08886,2,0,0,2,0,1024,0,1.0,0.0,0,0,0,2,0,1024,0,1.0,0.0,0
PF01977,PF12973,3,2,0,3,2,1021,0.0,1.0,0.0,-0.0,2,0,3,2,1021,0.0,1.0,0.0,-0.0
PF12203,PF09757,0,1,0,0,1,1025,0.0,1.0,0,0,1,0,0,1,1025,0.0,1.0,0,0
PF12790,PF05836,0,1,0,0,1,1025,0.0,1.0,0,0,1,0,0,1,1025,0.0,1.0,0,0
PF09931,PF09444,0,1,0,0,1,1025,0.0,1.0,0,0,1,0,0,1,1025,0.0,1.0,0,0
PF02472,PF06586,3,1,0,3,1,1022,0.0,1.0,0.0,-0.0,1,0,3,1,1022,0.0,1.0,0.0,-0.0
PF09420,PF16954,3,2,0,3,2,1021,0.0,1.0,0.0,-0.0,2,0,3,2,1021,0.0,1.0,0.0,-0.0
PF05357,PF11954,0,1,0,0,1,1025,0.0,1.0,0,0,1,0,0,1,1025,0.0,1.0,0,0
PF06902,PF03428,0,0,0,0,0,1026,0,1.0,0,0,0,0,0,0,1026,0,1.0,0,0
PF12659,PF12461,1,0,0,1,0,1025,0,1.0,0.0,0,0,0,1,0,1025,0,1.0,0.0,0
PF07114,PF10244,4,1,0,4,1,1021,0.0,1.0,0.0,-0.0,1,0,4,1,1021,0.0,1.0,0.0,-0.0
PF13618,PF08848,0,0,0,0,0,1026,0,1.0,0,0,0,0,0,0,1026,0,1.0,0,0
PF02686,PF10181,5,1,0,5,1,1020,0.0,0.99,0.0,-0.0,1,0,5,1,1020,0.0,0.99,0.0,-0.0
PF11371,PF07259,0,1,0,0,1,1025,0.0,1.0,0,0,1,0,0,1,1025,0.0,1.0,0,0
PF03611,PF02302,3,2,2,1,0,1023,1.0,1.0,0.67,0.82,2,2,1,0,1023,1.0,1.0,0.67,0.82
PF16868,PF12477,0,0,0,0,0,1026,0,1.0,0,0,0,0,0,0,1026,0,1.0,0,0
PF00730,PF00633,24,3,1,23,2,1000,0.33,0.98,0.04,0.11,3,1,23,2,1000,0.33,0.98,0.04,0.11
PF03126,PF02201,3,18,2,1,16,1007,0.11,0.98,0.67,0.27,18,2,1,16,1007,0.11,0.98,0.67,0.27
PF12631,PF10396,6,10,6,0,4,1016,0.6,1.0,1.0,0.77,10,6,0,4,1016,0.6,1.0,1.0,0.77
PF14763,PF14761,0,2,0,0,2,1024,0.0,1.0,0,0,2,0,0,2,1024,0.0,1.0,0,0
PF03631,PF17206,0,0,0,0,0,1026,0,1.0,0,0,0,0,0,0,1026,0,1.0,0,0
PF00341,PF14554,8,0,0,8,0,1018,0,0.99,0.0,0,0,0,8,0,1018,0,0.99,0.0,0
PF10692,PF00560,0,30,0,0,30,996,0.0,0.97,0,0,30,0,0,30,996,0.0,0.97,0,0
PF05964,PF05965,7,7,6,1,1,1018,0.86,1.0,0.86,0.86,7,6,1,1,1018,0.86,1.0,0.86,0.86
PF14323,PF08483,1,0,0,1,0,1025,0,1.0,0.0,0,0,0,1,0,1025,0,1.0,0.0,0
PF00455,PF07476,3,0,0,3,0,1023,0,1.0,0.0,0,0,0,3,0,1023,0,1.0,0.0,0
PF02557,PF06724,1,0,0,1,0,1025,0,1.0,0.0,0,0,0,1,0,1025,0,1.0,0.0,0
PF08344,PF00710,4,8,0,4,8,1014,0.0,0.99,0.0,-0.01,8,0,4,8,1014,0.0,0.99,0.0,-0.01
PF09699,PF15834,0,0,0,0,0,1026,0,1.0,0,0,0,0,0,0,1026,0,1.0,0,0
PF04671,PF13753,1,0,0,1,0,1025,0,1.0,0.0,0,0,0,1,0,1025,0,1.0,0.0,0
PF03547,PF00610,12,25,4,8,21,993,0.16,0.97,0.33,0.22,25,4,8,21,993,0.16,0.97,0.33,0.22
PF01741,PF17032,1,0,0,1,0,1025,0,1.0,0.0,0,0,0,1,0,1025,0,1.0,0.0,0
PF01667,PF04667,11,5,2,9,3,1012,0.4,0.99,0.18,0.26,5,2,9,3,1012,0.4,0.99,0.18,0.26
PF08730,PF15825,0,0,0,0,0,1026,0,1.0,0,0,0,0,0,0,1026,0,1.0,0,0
PF07096,PF04110,4,4,1,3,3,1019,0.25,0.99,0.25,0.25,4,1,3,3,1019,0.25,0.99,0.25,0.25
PF14784,PF06239,1,2,0,1,2,1023,0.0,1.0,0.0,-0.0,2,0,1,2,1023,0.0,1.0,0.0,-0.0
PF07703,PF00207,3,5,3,0,2,1021,0.6,1.0,1.0,0.77,5,3,0,2,1021,0.6,1.0,1.0,0.77
PF00497,PF10613,15,24,9,6,15,996,0.38,0.98,0.6,0.46,24,9,6,15,996,0.38,0.98,0.6,0.46
PF16931,PF10279,0,0,0,0,0,1026,0,1.0,0,0,0,0,0,0,1026,0,1.0,0,0
PF07803,PF00822,1,7,0,1,7,1018,0.0,0.99,0.0,-0.0,7,0,1,7,1018,0.0,0.99,0.0,-0.0
PF13336,PF02550,5,5,3,2,2,1019,0.6,1.0,0.6,0.6,5,3,2,2,1019,0.6,1.0,0.6,0.6
PF05038,PF11304,1,0,0,1,0,1025,0,1.0,0.0,0,0,0,1,0,1025,0,1.0,0.0,0
PF02652,PF06826,4,1,0,4,1,1021,0.0,1.0,0.0,-0.0,1,0,4,1,1021,0.0,1.0,0.0,-0.0
PF05927,PF07294,0,0,0,0,0,1026,0,1.0,0,0,0,0,0,0,1026,0,1.0,0,0
PF08542,PF14629,12,5,2,10,3,1011,0.4,0.99,0.17,0.25,5,2,10,3,1011,0.4,0.99,0.17,0.25
PF02562,PF17020,0,0,0,0,0,1026,0,1.0,0,0,0,0,0,0,1026,0,1.0,0,0
PF03037,PF12840,2,0,0,2,0,1024,0,1.0,0.0,0,0,0,2,0,1024,0,1.0,0.0,0
PF16423,PF16422,1,1,1,0,0,1025,1.0,1.0,1.0,1.0,1,1,0,0,1025,1.0,1.0,1.0,1.0
PF02728,PF02727,7,7,5,2,2,1017,0.71,1.0,0.71,0.71,7,5,2,2,1017,0.71,1.0,0.71,0.71
PF15234,PF15851,1,0,0,1,0,1025,0,1.0,0.0,0,0,0,1,0,1025,0,1.0,0.0,0
PF03443,PF02015,20,3,3,17,0,1006,1.0,0.98,0.15,0.38,3,3,17,0,1006,1.0,0.98,0.15,0.38
PF04325,PF00524,1,1,0,1,1,1024,0.0,1.0,0.0,-0.0,1,0,1,1,1024,0.0,1.0,0.0,-0.0
PF01226,PF15245,4,1,0,4,1,1021,0.0,1.0,0.0,-0.0,1,0,4,1,1021,0.0,1.0,0.0,-0.0
PF02687,PF12704,8,1,1,7,0,1018,1.0,0.99,0.12,0.35,1,1,7,0,1018,1.0,0.99,0.12,0.35
PF10787,PF15826,0,3,0,0,3,1023,0.0,1.0,0,0,3,0,0,3,1023,0.0,1.0,0,0
PF00265,PF07189,8,5,1,7,4,1014,0.2,0.99,0.12,0.15,5,1,7,4,1014,0.2,0.99,0.12,0.15
PF11555,PF07815,3,4,1,2,3,1020,0.25,1.0,0.33,0.29,4,1,2,3,1020,0.25,1.0,0.33,0.29
PF13257,PF15934,3,0,0,3,0,1023,0,1.0,0.0,0,0,0,3,0,1023,0,1.0,0.0,0
PF08409,PF09295,4,1,0,4,1,1021,0.0,1.0,0.0,-0.0,1,0,4,1,1021,0.0,1.0,0.0,-0.0
PF00641,PF08604,25,2,2,23,0,1001,1.0,0.98,0.08,0.28,2,2,23,0,1001,1.0,0.98,0.08,0.28
PF16770,PF12258,8,1,0,8,1,1017,0.0,0.99,0.0,-0.0,1,0,8,1,1017,0.0,0.99,0.0,-0.0
PF04427,PF13664,18,3,0,18,3,1005,0.0,0.98,0.0,-0.01,3,0,18,3,1005,0.0,0.98,0.0,-0.01
PF04222,PF17206,0,0,0,0,0,1026,0,1.0,0,0,0,0,0,0,1026,0,1.0,0,0
PF05352,PF16838,0,0,0,0,0,1026,0,1.0,0,0,0,0,0,0,1026,0,1.0,0,0
PF05454,PF10383,3,2,1,2,1,1022,0.5,1.0,0.33,0.41,2,1,2,1,1022,0.5,1.0,0.33,0.41
PF04650,PF13876,1,0,0,1,0,1025,0,1.0,0.0,0,0,0,1,0,1025,0,1.0,0.0,0
PF07294,PF11210,0,1,0,0,1,1025,0.0,1.0,0,0,1,0,0,1,1025,0.0,1.0,0,0
PF04037,PF04910,1,7,0,1,7,1018,0.0,0.99,0.0,-0.0,7,0,1,7,1018,0.0,0.99,0.0,-0.0
PF02704,PF05498,3,3,0,3,3,1020,0.0,0.99,0.0,-0.0,3,0,3,3,1020,0.0,0.99,0.0,-0.0
PF02066,PF06892,0,0,0,0,0,1026,0,1.0,0,0,0,0,0,0,1026,0,1.0,0,0
PF10590,PF10615,5,4,1,4,3,1018,0.25,0.99,0.2,0.22,4,1,4,3,1018,0.25,0.99,0.2,0.22
PF07741,PF08271,5,8,2,3,6,1015,0.25,0.99,0.4,0.31,8,2,3,6,1015,0.25,0.99,0.4,0.31
PF14845,PF02838,16,5,2,14,3,1007,0.4,0.98,0.12,0.22,5,2,14,3,1007,0.4,0.98,0.12,0.22
PF07987,PF09278,1,1,0,1,1,1024,0.0,1.0,0.0,-0.0,1,0,1,1,1024,0.0,1.0,0.0,-0.0
PF03851,PF10361,11,0,0,11,0,1015,0,0.99,0.0,0,0,0,11,0,1015,0,0.99,0.0,0
PF00446,PF00159,3,0,0,3,0,1023,0,1.0,0.0,0,0,0,3,0,1023,0,1.0,0.0,0
PF02698,PF10224,3,1,0,3,1,1022,0.0,1.0,0.0,-0.0,1,0,3,1,1022,0.0,1.0,0.0,-0.0
PF11722,PF05206,8,8,6,2,2,1016,0.75,1.0,0.75,0.75,8,6,2,2,1016,0.75,1.0,0.75,0.75
PF01835,PF07677,3,6,3,0,3,1020,0.5,1.0,1.0,0.71,6,3,0,3,1020,0.5,1.0,1.0,0.71
PF11926,PF00684,2,0,0,2,0,1024,0,1.0,0.0,0,0,0,2,0,1024,0,1.0,0.0,0
PF13448,PF05894,0,0,0,0,0,1026,0,1.0,0,0,0,0,0,0,1026,0,1.0,0,0
PF14923,PF02187,0,7,0,0,7,1019,0.0,0.99,0,0,7,0,0,7,1019,0.0,0.99,0,0
PF00717,PF04667,16,5,2,14,3,1007,0.4,0.98,0.12,0.22,5,2,14,3,1007,0.4,0.98,0.12,0.22
PF07530,PF16012,2,6,1,1,5,1019,0.17,0.99,0.5,0.29,6,1,1,5,1019,0.17,0.99,0.5,0.29
PF06897,PF15281,0,1,0,0,1,1025,0.0,1.0,0,0,1,0,0,1,1025,0.0,1.0,0,0
PF16574,PF16830,1,0,0,1,0,1025,0,1.0,0.0,0,0,0,1,0,1025,0,1.0,0.0,0
PF02128,PF07504,1,0,0,1,0,1025,0,1.0,0.0,0,0,0,1,0,1025,0,1.0,0.0,0
PF14778,PF05719,2,4,1,1,3,1021,0.25,1.0,0.5,0.35,4,1,1,3,1021,0.25,1.0,0.5,0.35
PF05002,PF09032,10,0,0,10,0,1016,0,0.99,0.0,0,0,0,10,0,1016,0,0.99,0.0,0
PF01915,PF00933,14,18,14,0,4,1008,0.78,1.0,1.0,0.88,18,14,0,4,1008,0.78,1.0,1.0,0.88
PF07732,PF07731,27,29,25,2,4,995,0.86,0.99,0.93,0.89,29,25,2,4,995,0.86,0.99,0.93,0.89
PF04433,PF08558,13,6,0,13,6,1007,0.0,0.98,0.0,-0.01,6,0,13,6,1007,0.0,0.98,0.0,-0.01
PF02391,PF05176,5,2,1,4,1,1020,0.5,1.0,0.2,0.31,2,1,4,1,1020,0.5,1.0,0.2,0.31
PF11360,PF08653,1,3,1,0,2,1023,0.33,1.0,1.0,0.58,3,1,0,2,1023,0.33,1.0,1.0,0.58
PF09738,PF02374,1,9,0,1,9,1016,0.0,0.99,0.0,-0.0,9,0,1,9,1016,0.0,0.99,0.0,-0.0
PF09353,PF06376,1,1,0,1,1,1024,0.0,1.0,0.0,-0.0,1,0,1,1,1024,0.0,1.0,0.0,-0.0
PF00472,PF03462,22,15,15,7,0,1004,1.0,0.99,0.68,0.82,15,15,7,0,1004,1.0,0.99,0.68,0.82
PF06050,PF09989,0,0,0,0,0,1026,0,1.0,0,0,0,0,0,0,1026,0,1.0,0,0
PF11938,PF02221,11,7,1,10,6,1009,0.14,0.98,0.09,0.11,7,1,10,6,1009,0.14,0.98,0.09,0.11
PF06467,PF12012,1,8,1,0,7,1018,0.12,0.99,1.0,0.35,8,1,0,7,1018,0.12,0.99,1.0,0.35
PF12996,PF11750,0,0,0,0,0,1026,0,1.0,0,0,0,0,0,0,1026,0,1.0,0,0
PF02617,PF02207,6,9,3,3,6,1014,0.33,0.99,0.5,0.4,9,3,3,6,1014,0.33,0.99,0.5,0.4
PF03934,PF02501,4,3,3,1,0,1022,1.0,1.0,0.75,0.87,3,3,1,0,1022,1.0,1.0,0.75,0.87
PF11914,PF11970,0,1,0,0,1,1025,0.0,1.0,0,0,1,0,0,1,1025,0.0,1.0,0,0
PF08744,PF03525,0,1,0,0,1,1025,0.0,1.0,0,0,1,0,0,1,1025,0.0,1.0,0,0
PF05649,PF01431,22,22,19,3,3,1001,0.86,0.99,0.86,0.86,22,19,3,3,1001,0.86,0.99,0.86,0.86
PF08725,PF07965,5,3,2,3,1,1020,0.67,1.0,0.4,0.51,3,2,3,1,1020,0.67,1.0,0.4,0.51
PF11304,PF08479,0,0,0,0,0,1026,0,1.0,0,0,0,0,0,0,1026,0,1.0,0,0
PF06001,PF08214,8,12,8,0,4,1014,0.67,1.0,1.0,0.81,12,8,0,4,1014,0.67,1.0,1.0,0.81
PF02138,PF06469,30,1,1,29,0,996,1.0,0.97,0.03,0.18,1,1,29,0,996,1.0,0.97,0.03,0.18
PF04557,PF04558,7,8,7,0,1,1018,0.88,1.0,1.0,0.93,8,7,0,1,1018,0.88,1.0,1.0,0.93
PF03244,PF06890,1,0,0,1,0,1025,0,1.0,0.0,0,0,0,1,0,1025,0,1.0,0.0,0
PF10030,PF02413,0,1,0,0,1,1025,0.0,1.0,0,0,1,0,0,1,1025,0.0,1.0,0,0
PF09291,PF10570,0,0,0,0,0,1026,0,1.0,0,0,0,0,0,0,1026,0,1.0,0,0
PF06595,PF03155,0,14,0,0,14,1012,0.0,0.99,0,0,14,0,0,14,1012,0.0,0.99,0,0
PF14686,PF06045,7,1,1,6,0,1019,1.0,0.99,0.14,0.38,1,1,6,0,1019,1.0,0.99,0.14,0.38
PF00817,PF11798,14,2,2,12,0,1012,1.0,0.99,0.14,0.38,2,2,12,0,1012,1.0,0.99,0.14,0.38
PF00445,PF04603,14,4,1,13,3,1009,0.25,0.98,0.07,0.13,4,1,13,3,1009,0.25,0.98,0.07,0.13
PF03864,PF02924,1,0,0,1,0,1025,0,1.0,0.0,0,0,0,1,0,1025,0,1.0,0.0,0
PF12717,PF15246,14,1,0,14,1,1011,0.0,0.99,0.0,-0.0,1,0,14,1,1011,0.0,0.99,0.0,-0.0
PF15343,PF15776,0,2,0,0,2,1024,0.0,1.0,0,0,2,0,0,2,1024,0.0,1.0,0,0
PF01008,PF00293,18,48,10,8,38,970,0.21,0.96,0.56,0.32,48,10,8,38,970,0.21,0.96,0.56,0.32
PF11999,PF16716,0,1,0,0,1,1025,0.0,1.0,0,0,1,0,0,1,1025,0.0,1.0,0,0
PF02122,PF07705,1,0,0,1,0,1025,0,1.0,0.0,0,0,0,1,0,1025,0,1.0,0.0,0
PF02405,PF09383,2,1,1,1,0,1024,1.0,1.0,0.5,0.71,1,1,1,0,1024,1.0,1.0,0.5,0.71
PF08206,PF08529,0,3,0,0,3,1023,0.0,1.0,0,0,3,0,0,3,1023,0.0,1.0,0,0
PF00575,PF09371,24,0,0,24,0,1002,0,0.98,0.0,0,0,0,24,0,1002,0,0.98,0.0,0
PF10608,PF10600,0,1,0,0,1,1025,0.0,1.0,0,0,1,0,0,1,1025,0.0,1.0,0,0
PF06248,PF11989,5,1,1,4,0,1021,1.0,1.0,0.2,0.45,1,1,4,0,1021,1.0,1.0,0.2,0.45
PF05956,PF05937,1,1,1,0,0,1025,1.0,1.0,1.0,1.0,1,1,0,0,1025,1.0,1.0,1.0,1.0
PF04182,PF10264,3,0,0,3,0,1023,0,1.0,0.0,0,0,0,3,0,1023,0,1.0,0.0,0
PF10946,PF16108,0,0,0,0,0,1026,0,1.0,0,0,0,0,0,0,1026,0,1.0,0,0
PF02504,PF14983,1,1,0,1,1,1024,0.0,1.0,0.0,-0.0,1,0,1,1,1024,0.0,1.0,0.0,-0.0
PF15769,PF09108,1,0,0,1,0,1025,0,1.0,0.0,0,0,0,1,0,1025,0,1.0,0.0,0
PF04085,PF05065,2,1,0,2,1,1023,0.0,1.0,0.0,-0.0,1,0,2,1,1023,0.0,1.0,0.0,-0.0
PF09987,PF10690,0,0,0,0,0,1026,0,1.0,0,0,0,0,0,0,1026,0,1.0,0,0
PF03203,PF15713,0,0,0,0,0,1026,0,1.0,0,0,0,0,0,0,1026,0,1.0,0,0
PF00582,PF12202,19,7,3,16,4,1003,0.43,0.98,0.16,0.25,7,3,16,4,1003,0.43,0.98,0.16,0.25
PF09983,PF09664,1,1,1,0,0,1025,1.0,1.0,1.0,1.0,1,1,0,0,1025,1.0,1.0,1.0,1.0
PF11876,PF07495,0,1,0,0,1,1025,0.0,1.0,0,0,1,0,0,1,1025,0.0,1.0,0,0
PF07717,PF04408,41,47,40,1,7,978,0.85,0.99,0.98,0.91,47,40,1,7,978,0.85,0.99,0.98,0.91
PF16922,PF00525,2,0,0,2,0,1024,0,1.0,0.0,0,0,0,2,0,1024,0,1.0,0.0,0
PF03861,PF08093,1,1,0,1,1,1024,0.0,1.0,0.0,-0.0,1,0,1,1,1024,0.0,1.0,0.0,-0.0
PF15481,PF02200,1,1,0,1,1,1024,0.0,1.0,0.0,-0.0,1,0,1,1,1024,0.0,1.0,0.0,-0.0
PF06934,PF10566,0,0,0,0,0,1026,0,1.0,0,0,0,0,0,0,1026,0,1.0,0,0
PF03082,PF12767,1,3,0,1,3,1022,0.0,1.0,0.0,-0.0,3,0,1,3,1022,0.0,1.0,0.0,-0.0
PF04385,PF03302,1,2,0,1,2,1023,0.0,1.0,0.0,-0.0,2,0,1,2,1023,0.0,1.0,0.0,-0.0
PF01761,PF00275,10,11,7,3,4,1012,0.64,0.99,0.7,0.66,11,7,3,4,1012,0.64,0.99,0.7,0.66
PF02581,PF02110,5,4,4,1,0,1021,1.0,1.0,0.8,0.89,4,4,1,0,1021,1.0,1.0,0.8,0.89
PF01774,PF02284,5,1,0,5,1,1020,0.0,0.99,0.0,-0.0,1,0,5,1,1020,0.0,0.99,0.0,-0.0
PF01299,PF04145,11,14,6,5,8,1007,0.43,0.99,0.55,0.48,14,6,5,8,1007,0.43,0.99,0.55,0.48
PF00545,PF09056,1,3,1,0,2,1023,0.33,1.0,1.0,0.58,3,1,0,2,1023,0.33,1.0,1.0,0.58
PF06346,PF06345,2,4,2,0,2,1022,0.5,1.0,1.0,0.71,4,2,0,2,1022,0.5,1.0,1.0,0.71
PF04819,PF01896,3,9,1,2,8,1015,0.11,0.99,0.33,0.19,9,1,2,8,1015,0.11,0.99,0.33,0.19
PF01424,PF11952,28,1,1,27,0,998,1.0,0.97,0.04,0.19,1,1,27,0,998,1.0,0.97,0.04,0.19
PF13406,PF07409,1,0,0,1,0,1025,0,1.0,0.0,0,0,0,1,0,1025,0,1.0,0.0,0
PF00121,PF02672,8,2,2,6,0,1018,1.0,0.99,0.25,0.5,2,2,6,0,1018,1.0,0.99,0.25,0.5
PF00185,PF02729,14,14,14,0,0,1012,1.0,1.0,1.0,1.0,14,14,0,0,1012,1.0,1.0,1.0,1.0
PF13442,PF04736,4,2,0,4,2,1020,0.0,0.99,0.0,-0.0,2,0,4,2,1020,0.0,0.99,0.0,-0.0
PF05197,PF14798,4,1,0,4,1,1021,0.0,1.0,0.0,-0.0,1,0,4,1,1021,0.0,1.0,0.0,-0.0
PF12020,PF04901,0,3,0,0,3,1023,0.0,1.0,0,0,3,0,0,3,1023,0.0,1.0,0,0
PF05118,PF05279,4,1,1,3,0,1022,1.0,1.0,0.25,0.5,1,1,3,0,1022,1.0,1.0,0.25,0.5
PF04463,PF06403,1,0,0,1,0,1025,0,1.0,0.0,0,0,0,1,0,1025,0,1.0,0.0,0
PF06020,PF15343,0,0,0,0,0,1026,0,1.0,0,0,0,0,0,0,1026,0,1.0,0,0
PF16029,PF11029,3,2,1,2,1,1022,0.5,1.0,0.33,0.41,2,1,2,1,1022,0.5,1.0,0.33,0.41
PF07527,PF12533,2,2,1,1,1,1023,0.5,1.0,0.5,0.5,2,1,1,1,1023,0.5,1.0,0.5,0.5
PF14672,PF15172,1,0,0,1,0,1025,0,1.0,0.0,0,0,0,1,0,1025,0,1.0,0.0,0
PF00810,PF02284,9,1,1,8,0,1017,1.0,0.99,0.11,0.33,1,1,8,0,1017,1.0,0.99,0.11,0.33
PF02796,PF01969,5,0,0,5,0,1021,0,1.0,0.0,0,0,0,5,0,1021,0,1.0,0.0,0
PF15067,PF12527,4,0,0,4,0,1022,0,1.0,0.0,0,0,0,4,0,1022,0,1.0,0.0,0
PF07936,PF14866,1,0,0,1,0,1025,0,1.0,0.0,0,0,0,1,0,1025,0,1.0,0.0,0
PF10557,PF00888,16,25,16,0,9,1001,0.64,0.99,1.0,0.8,25,16,0,9,1001,0.64,0.99,1.0,0.8
PF14487,PF10118,0,2,0,0,2,1024,0.0,1.0,0,0,2,0,0,2,1024,0.0,1.0,0,0
PF07295,PF09676,0,0,0,0,0,1026,0,1.0,0,0,0,0,0,0,1026,0,1.0,0,0
PF06047,PF07222,5,2,0,5,2,1019,0.0,0.99,0.0,-0.0,2,0,5,2,1019,0.0,0.99,0.0,-0.0
PF13705,PF06547,3,2,0,3,2,1021,0.0,1.0,0.0,-0.0,2,0,3,2,1021,0.0,1.0,0.0,-0.0
PF06991,PF08209,3,8,0,3,8,1015,0.0,0.99,0.0,-0.0,8,0,3,8,1015,0.0,0.99,0.0,-0.0
PF12744,PF16577,0,0,0,0,0,1026,0,1.0,0,0,0,0,0,0,1026,0,1.0,0,0
PF00636,PF14622,10,10,6,4,4,1012,0.6,0.99,0.6,0.6,10,6,4,4,1012,0.6,0.99,0.6,0.6
PF04488,PF04572,17,3,3,14,0,1009,1.0,0.99,0.18,0.42,3,3,14,0,1009,1.0,0.99,0.18,0.42
PF08880,PF08879,6,3,3,3,0,1020,1.0,1.0,0.5,0.71,3,3,3,0,1020,1.0,1.0,0.5,0.71
PF04845,PF15388,5,1,0,5,1,1020,0.0,0.99,0.0,-0.0,1,0,5,1,1020,0.0,0.99,0.0,-0.0
PF00726,PF06679,1,0,0,1,0,1025,0,1.0,0.0,0,0,0,1,0,1025,0,1.0,0.0,0
PF07454,PF04562,0,0,0,0,0,1026,0,1.0,0,0,0,0,0,0,1026,0,1.0,0,0
PF03984,PF07085,0,4,0,0,4,1022,0.0,1.0,0,0,4,0,0,4,1022,0.0,1.0,0,0
PF08103,PF13632,0,8,0,0,8,1018,0.0,0.99,0,0,8,0,0,8,1018,0.0,0.99,0,0
PF09463,PF10446,0,0,0,0,0,1026,0,1.0,0,0,0,0,0,0,1026,0,1.0,0,0
PF15038,PF08034,0,0,0,0,0,1026,0,1.0,0,0,0,0,0,0,1026,0,1.0,0,0
PF03245,PF15380,2,0,0,2,0,1024,0,1.0,0.0,0,0,0,2,0,1024,0,1.0,0.0,0
PF08912,PF06918,6,1,0,6,1,1019,0.0,0.99,0.0,-0.0,1,0,6,1,1019,0.0,0.99,0.0,-0.0
PF04461,PF05783,0,5,0,0,5,1021,0.0,1.0,0,0,5,0,0,5,1021,0.0,1.0,0,0
PF00137,PF07687,22,9,2,20,7,997,0.22,0.97,0.09,0.13,9,2,20,7,997,0.22,0.97,0.09,0.13
PF04736,PF11029,2,2,0,2,2,1022,0.0,1.0,0.0,-0.0,2,0,2,2,1022,0.0,1.0,0.0,-0.0
PF15518,PF04196,2,2,2,0,0,1024,1.0,1.0,1.0,1.0,2,2,0,0,1024,1.0,1.0,1.0,1.0
PF03968,PF05853,3,1,0,3,1,1022,0.0,1.0,0.0,-0.0,1,0,3,1,1022,0.0,1.0,0.0,-0.0
PF09770,PF03993,2,1,0,2,1,1023,0.0,1.0,0.0,-0.0,1,0,2,1,1023,0.0,1.0,0.0,-0.0
PF13967,PF02714,12,12,11,1,1,1013,0.92,1.0,0.92,0.92,12,11,1,1,1013,0.92,1.0,0.92,0.92
PF08343,PF10554,2,0,0,2,0,1024,0,1.0,0.0,0,0,0,2,0,1024,0,1.0,0.0,0
PF05204,PF07157,2,0,0,2,0,1024,0,1.0,0.0,0,0,0,2,0,1024,0,1.0,0.0,0
PF05794,PF09138,10,8,1,9,7,1009,0.12,0.98,0.1,0.1,8,1,9,7,1009,0.12,0.98,0.1,0.1
PF09757,PF08997,1,1,0,1,1,1024,0.0,1.0,0.0,-0.0,1,0,1,1,1024,0.0,1.0,0.0,-0.0
PF06868,PF03379,0,2,0,0,2,1024,0.0,1.0,0,0,2,0,0,2,1024,0.0,1.0,0,0
PF12228,PF03241,0,0,0,0,0,1026,0,1.0,0,0,0,0,0,0,1026,0,1.0,0,0
PF15832,PF15876,2,0,0,2,0,1024,0,1.0,0.0,0,0,0,2,0,1024,0,1.0,0.0,0
PF13783,PF00827,0,17,0,0,17,1009,0.0,0.98,0,0,17,0,0,17,1009,0.0,0.98,0,0
PF03358,PF06244,11,4,1,10,3,1012,0.25,0.99,0.09,0.15,4,1,10,3,1012,0.25,0.99,0.09,0.15
PF04279,PF13145,0,4,0,0,4,1022,0.0,1.0,0,0,4,0,0,4,1022,0.0,1.0,0,0
PF15463,PF17206,1,0,0,1,0,1025,0,1.0,0.0,0,0,0,1,0,1025,0,1.0,0.0,0
PF15794,PF01387,4,0,0,4,0,1022,0,1.0,0.0,0,0,0,4,0,1022,0,1.0,0.0,0
PF05720,PF07944,1,10,0,1,10,1015,0.0,0.99,0.0,-0.0,10,0,1,10,1015,0.0,0.99,0.0,-0.0
PF03254,PF02309,3,14,1,2,13,1010,0.07,0.99,0.33,0.15,14,1,2,13,1010,0.07,0.99,0.33,0.15
PF01242,PF02566,3,5,1,2,4,1019,0.2,0.99,0.33,0.26,5,1,2,4,1019,0.2,0.99,0.33,0.26
PF02017,PF12278,8,0,0,8,0,1018,0,0.99,0.0,0,0,0,8,0,1018,0,0.99,0.0,0
PF00713,PF03812,0,2,0,0,2,1024,0.0,1.0,0,0,2,0,0,2,1024,0.0,1.0,0,0
PF15876,PF15832,0,2,0,0,2,1024,0.0,1.0,0,0,2,0,0,2,1024,0.0,1.0,0,0
PF10514,PF15085,2,0,0,2,0,1024,0,1.0,0.0,0,0,0,2,0,1024,0,1.0,0.0,0
PF00323,PF02740,1,2,0,1,2,1023,0.0,1.0,0.0,-0.0,2,0,1,2,1023,0.0,1.0,0.0,-0.0
PF17049,PF15856,1,0,0,1,0,1025,0,1.0,0.0,0,0,0,1,0,1025,0,1.0,0.0,0
PF02543,PF12241,1,1,0,1,1,1024,0.0,1.0,0.0,-0.0,1,0,1,1,1024,0.0,1.0,0.0,-0.0
PF03196,PF11860,0,0,0,0,0,1026,0,1.0,0,0,0,0,0,0,1026,0,1.0,0,0
PF06376,PF04520,1,0,0,1,0,1025,0,1.0,0.0,0,0,0,1,0,1025,0,1.0,0.0,0
PF06151,PF08395,2,13,2,0,11,1013,0.15,0.99,1.0,0.39,13,2,0,11,1013,0.15,0.99,1.0,0.39
PF03726,PF16097,2,0,0,2,0,1024,0,1.0,0.0,0,0,0,2,0,1024,0,1.0,0.0,0
PF03880,PF03461,3,2,0,3,2,1021,0.0,1.0,0.0,-0.0,2,0,3,2,1021,0.0,1.0,0.0,-0.0
PF04646,PF06830,2,0,0,2,0,1024,0,1.0,0.0,0,0,0,2,0,1024,0,1.0,0.0,0
PF01335,PF13820,6,4,2,4,2,1018,0.5,0.99,0.33,0.41,4,2,4,2,1018,0.5,0.99,0.33,0.41
PF15870,PF13423,6,16,1,5,15,1005,0.06,0.98,0.17,0.09,16,1,5,15,1005,0.06,0.98,0.17,0.09
PF02430,PF02915,1,1,0,1,1,1024,0.0,1.0,0.0,-0.0,1,0,1,1,1024,0.0,1.0,0.0,-0.0
PF07516,PF01043,1,1,1,0,0,1025,1.0,1.0,1.0,1.0,1,1,0,0,1025,1.0,1.0,1.0,1.0
PF06789,PF14251,1,2,0,1,2,1023,0.0,1.0,0.0,-0.0,2,0,1,2,1023,0.0,1.0,0.0,-0.0
PF05741,PF07939,9,0,0,9,0,1017,0,0.99,0.0,0,0,0,9,0,1017,0,0.99,0.0,0
PF01256,PF01652,8,22,2,6,20,998,0.09,0.97,0.25,0.14,22,2,6,20,998,0.09,0.97,0.25,0.14
PF07462,PF12946,1,3,1,0,2,1023,0.33,1.0,1.0,0.58,3,1,0,2,1023,0.33,1.0,1.0,0.58
PF07815,PF09431,4,5,0,4,5,1017,0.0,0.99,0.0,-0.0,5,0,4,5,1017,0.0,0.99,0.0,-0.0
PF00932,PF16208,2,2,0,2,2,1022,0.0,1.0,0.0,-0.0,2,0,2,2,1022,0.0,1.0,0.0,-0.0
PF08712,PF01106,5,8,5,0,3,1018,0.62,1.0,1.0,0.79,8,5,0,3,1018,0.62,1.0,1.0,0.79
PF07723,PF08268,7,8,2,5,6,1013,0.25,0.99,0.29,0.26,8,2,5,6,1013,0.25,0.99,0.29,0.26
PF15488,PF00054,0,17,0,0,17,1009,0.0,0.98,0,0,17,0,0,17,1009,0.0,0.98,0,0
PF03328,PF06172,7,2,0,7,2,1017,0.0,0.99,0.0,-0.0,2,0,7,2,1017,0.0,0.99,0.0,-0.0
PF08483,PF05857,0,0,0,0,0,1026,0,1.0,0,0,0,0,0,0,1026,0,1.0,0,0
PF02078,PF10581,1,0,0,1,0,1025,0,1.0,0.0,0,0,0,1,0,1025,0,1.0,0.0,0
PF05811,PF10195,2,1,0,2,1,1023,0.0,1.0,0.0,-0.0,1,0,2,1,1023,0.0,1.0,0.0,-0.0
PF01274,PF00463,9,6,2,7,4,1013,0.33,0.99,0.22,0.27,6,2,7,4,1013,0.33,0.99,0.22,0.27
PF05742,PF05719,3,4,1,2,3,1020,0.25,1.0,0.33,0.29,4,1,2,3,1020,0.25,1.0,0.33,0.29
PF00572,PF01192,12,4,0,12,4,1010,0.0,0.98,0.0,-0.01,4,0,12,4,1010,0.0,0.98,0.0,-0.01
PF13871,PF14418,3,0,0,3,0,1023,0,1.0,0.0,0,0,0,3,0,1023,0,1.0,0.0,0
PF03964,PF03050,1,0,0,1,0,1025,0,1.0,0.0,0,0,0,1,0,1025,0,1.0,0.0,0
PF04900,PF04729,12,7,3,9,4,1010,0.43,0.99,0.25,0.32,7,3,9,4,1010,0.43,0.99,0.25,0.32
PF10330,PF06420,1,1,0,1,1,1024,0.0,1.0,0.0,-0.0,1,0,1,1,1024,0.0,1.0,0.0,-0.0
PF01076,PF10979,1,0,0,1,0,1025,0,1.0,0.0,0,0,0,1,0,1025,0,1.0,0.0,0
PF15434,PF03745,0,0,0,0,0,1026,0,1.0,0,0,0,0,0,0,1026,0,1.0,0,0
PF10409,PF14671,13,4,1,12,3,1010,0.25,0.99,0.08,0.13,4,1,12,3,1010,0.25,0.99,0.08,0.13
PF00007,PF00219,6,4,1,5,3,1017,0.25,0.99,0.17,0.2,4,1,5,3,1017,0.25,0.99,0.17,0.2
PF15363,PF15082,0,0,0,0,0,1026,0,1.0,0,0,0,0,0,0,1026,0,1.0,0,0
PF13375,PF15483,0,1,0,0,1,1025,0.0,1.0,0,0,1,0,0,1,1025,0.0,1.0,0,0
PF06672,PF06832,0,0,0,0,0,1026,0,1.0,0,0,0,0,0,0,1026,0,1.0,0,0
PF09962,PF09428,2,1,0,2,1,1023,0.0,1.0,0.0,-0.0,1,0,2,1,1023,0.0,1.0,0.0,-0.0
PF09350,PF12572,3,9,0,3,9,1014,0.0,0.99,0.0,-0.01,9,0,3,9,1014,0.0,0.99,0.0,-0.01
PF14819,PF14690,1,0,0,1,0,1025,0,1.0,0.0,0,0,0,1,0,1025,0,1.0,0.0,0
PF16747,PF15137,0,1,0,0,1,1025,0.0,1.0,0,0,1,0,0,1,1025,0.0,1.0,0,0
PF04405,PF04363,0,0,0,0,0,1026,0,1.0,0,0,0,0,0,0,1026,0,1.0,0,0
PF06760,PF14786,2,1,1,1,0,1024,1.0,1.0,0.5,0.71,1,1,1,0,1024,1.0,1.0,0.5,0.71
PF12740,PF04414,5,1,1,4,0,1021,1.0,1.0,0.2,0.45,1,1,4,0,1021,1.0,1.0,0.2,0.45
PF11549,PF17108,0,0,0,0,0,1026,0,1.0,0,0,0,0,0,0,1026,0,1.0,0,0
PF12490,PF08159,2,6,1,1,5,1019,0.17,0.99,0.5,0.29,6,1,1,5,1019,0.17,0.99,0.5,0.29
PF06046,PF08312,7,8,1,6,7,1012,0.12,0.99,0.14,0.13,8,1,6,7,1012,0.12,0.99,0.14,0.13
PF01467,PF01121,23,6,4,19,2,1001,0.67,0.98,0.17,0.33,6,4,19,2,1001,0.67,0.98,0.17,0.33
PF08599,PF14348,0,2,0,0,2,1024,0.0,1.0,0,0,2,0,0,2,1024,0.0,1.0,0,0
PF10524,PF00859,4,2,2,2,0,1022,1.0,1.0,0.5,0.71,2,2,2,0,1022,1.0,1.0,0.5,0.71
PF07359,PF10974,1,0,0,1,0,1025,0,1.0,0.0,0,0,0,1,0,1025,0,1.0,0.0,0
PF04592,PF07561,2,2,2,0,0,1024,1.0,1.0,1.0,1.0,2,2,0,0,1024,1.0,1.0,1.0,1.0
PF07400,PF15211,1,0,0,1,0,1025,0,1.0,0.0,0,0,0,1,0,1025,0,1.0,0.0,0
PF00057,PF16472,45,4,4,41,0,981,1.0,0.96,0.09,0.29,4,4,41,0,981,1.0,0.96,0.09,0.29
PF13018,PF05658,1,1,1,0,0,1025,1.0,1.0,1.0,1.0,1,1,0,0,1025,1.0,1.0,1.0,1.0
PF10473,PF12795,2,4,0,2,4,1020,0.0,0.99,0.0,-0.0,4,0,2,4,1020,0.0,0.99,0.0,-0.0
PF12261,PF00582,0,19,0,0,19,1007,0.0,0.98,0,0,19,0,0,19,1007,0.0,0.98,0,0
PF14771,PF15057,0,11,0,0,11,1015,0.0,0.99,0,0,11,0,0,11,1015,0.0,0.99,0,0
PF08402,PF08352,2,2,1,1,1,1023,0.5,1.0,0.5,0.5,2,1,1,1,1023,0.5,1.0,0.5,0.5
PF11567,PF03934,0,4,0,0,4,1022,0.0,1.0,0,0,4,0,0,4,1022,0.0,1.0,0,0
PF12678,PF12861,11,5,0,11,5,1010,0.0,0.98,0.0,-0.01,5,0,11,5,1010,0.0,0.98,0.0,-0.01
PF09759,PF14764,8,2,0,8,2,1016,0.0,0.99,0.0,-0.0,2,0,8,2,1016,0.0,0.99,0.0,-0.0
PF00200,PF08516,13,9,9,4,0,1013,1.0,1.0,0.69,0.83,9,9,4,0,1013,1.0,1.0,0.69,0.83
PF08418,PF12213,4,3,1,3,2,1020,0.33,1.0,0.25,0.29,3,1,3,2,1020,0.33,1.0,0.25,0.29
PF11698,PF10155,7,6,1,6,5,1014,0.17,0.99,0.14,0.15,6,1,6,5,1014,0.17,0.99,0.14,0.15
PF13341,PF03089,1,2,1,0,1,1024,0.5,1.0,1.0,0.71,2,1,0,1,1024,0.5,1.0,1.0,0.71
PF08952,PF16726,2,1,0,2,1,1023,0.0,1.0,0.0,-0.0,1,0,2,1,1023,0.0,1.0,0.0,-0.0
PF08693,PF17056,1,1,0,1,1,1024,0.0,1.0,0.0,-0.0,1,0,1,1,1024,0.0,1.0,0.0,-0.0
PF07976,PF06314,8,4,3,5,1,1017,0.75,0.99,0.38,0.53,4,3,5,1,1017,0.75,0.99,0.38,0.53
PF09826,PF07409,0,0,0,0,0,1026,0,1.0,0,0,0,0,0,0,1026,0,1.0,0,0
PF00872,PF01610,3,1,0,3,1,1022,0.0,1.0,0.0,-0.0,1,0,3,1,1022,0.0,1.0,0.0,-0.0
PF02965,PF02607,2,2,2,0,0,1024,1.0,1.0,1.0,1.0,2,2,0,0,1024,1.0,1.0,1.0,1.0
PF03336,PF04014,0,0,0,0,0,1026,0,1.0,0,0,0,0,0,0,1026,0,1.0,0,0
PF05254,PF09748,3,10,1,2,9,1014,0.1,0.99,0.33,0.18,10,1,2,9,1014,0.1,0.99,0.33,0.18
PF15822,PF05299,0,0,0,0,0,1026,0,1.0,0,0,0,0,0,0,1026,0,1.0,0,0
PF12053,PF09045,2,0,0,2,0,1024,0,1.0,0.0,0,0,0,2,0,1024,0,1.0,0.0,0
PF14106,PF11002,0,0,0,0,0,1026,0,1.0,0,0,0,0,0,0,1026,0,1.0,0,0
PF03370,PF15247,6,3,1,5,2,1018,0.33,0.99,0.17,0.23,3,1,5,2,1018,0.33,0.99,0.17,0.23
PF00291,PF00290,38,7,6,32,1,987,0.86,0.97,0.16,0.36,7,6,32,1,987,0.86,0.97,0.16,0.36
PF15245,PF11623,1,1,0,1,1,1024,0.0,1.0,0.0,-0.0,1,0,1,1,1024,0.0,1.0,0.0,-0.0
PF15430,PF02098,7,1,0,7,1,1018,0.0,0.99,0.0,-0.0,1,0,7,1,1018,0.0,0.99,0.0,-0.0
PF00055,PF06008,20,4,4,16,0,1006,1.0,0.98,0.2,0.44,4,4,16,0,1006,1.0,0.98,0.2,0.44
PF02008,PF16866,11,1,1,10,0,1015,1.0,0.99,0.09,0.3,1,1,10,0,1015,1.0,0.99,0.09,0.3
PF11701,PF12770,1,8,1,0,7,1018,0.12,0.99,1.0,0.35,8,1,0,7,1018,0.12,0.99,1.0,0.35
PF10110,PF03925,1,0,0,1,0,1025,0,1.0,0.0,0,0,0,1,0,1025,0,1.0,0.0,0
PF14467,PF08299,0,2,0,0,2,1024,0.0,1.0,0,0,2,0,0,2,1024,0.0,1.0,0,0
PF05285,PF08158,7,6,4,3,2,1017,0.67,1.0,0.57,0.61,6,4,3,2,1017,0.67,1.0,0.57,0.61
PF15041,PF15119,0,2,0,0,2,1024,0.0,1.0,0,0,2,0,0,2,1024,0.0,1.0,0,0
PF06103,PF09986,0,0,0,0,0,1026,0,1.0,0,0,0,0,0,0,1026,0,1.0,0,0
PF09643,PF09281,0,2,0,0,2,1024,0.0,1.0,0,0,2,0,0,2,1024,0.0,1.0,0,0
PF07207,PF15186,3,0,0,3,0,1023,0,1.0,0.0,0,0,0,3,0,1023,0,1.0,0.0,0
PF05191,PF11789,8,3,0,8,3,1015,0.0,0.99,0.0,-0.0,3,0,8,3,1015,0.0,0.99,0.0,-0.0
PF14519,PF03379,0,2,0,0,2,1024,0.0,1.0,0,0,2,0,0,2,1024,0.0,1.0,0,0
PF07406,PF15038,3,0,0,3,0,1023,0,1.0,0.0,0,0,0,3,0,1023,0,1.0,0.0,0
PF04851,PF11648,24,6,4,20,2,1000,0.67,0.98,0.17,0.33,6,4,20,2,1000,0.67,0.98,0.17,0.33
PF10583,PF06994,2,1,1,1,0,1024,1.0,1.0,0.5,0.71,1,1,1,0,1024,1.0,1.0,0.5,0.71
PF05014,PF06581,3,1,0,3,1,1022,0.0,1.0,0.0,-0.0,1,0,3,1,1022,0.0,1.0,0.0,-0.0
PF17184,PF04179,2,1,1,1,0,1024,1.0,1.0,0.5,0.71,1,1,1,0,1024,1.0,1.0,0.5,0.71
PF07881,PF02952,1,1,1,0,0,1025,1.0,1.0,1.0,1.0,1,1,0,0,1025,1.0,1.0,1.0,1.0
PF17164,PF17206,0,0,0,0,0,1026,0,1.0,0,0,0,0,0,0,1026,0,1.0,0,0
PF02498,PF05272,0,0,0,0,0,1026,0,1.0,0,0,0,0,0,0,1026,0,1.0,0,0
PF02696,PF04960,8,3,1,7,2,1016,0.33,0.99,0.12,0.2,3,1,7,2,1016,0.33,0.99,0.12,0.2
PF04384,PF02072,1,2,0,1,2,1023,0.0,1.0,0.0,-0.0,2,0,1,2,1023,0.0,1.0,0.0,-0.0
PF12848,PF03649,15,1,0,15,1,1010,0.0,0.98,0.0,-0.0,1,0,15,1,1010,0.0,0.98,0.0,-0.0
PF15171,PF06351,1,0,0,1,0,1025,0,1.0,0.0,0,0,0,1,0,1025,0,1.0,0.0,0
PF08310,PF04122,1,0,0,1,0,1025,0,1.0,0.0,0,0,0,1,0,1025,0,1.0,0.0,0
PF05534,PF02329,0,1,0,0,1,1025,0.0,1.0,0,0,1,0,0,1,1025,0.0,1.0,0,0
PF15101,PF03050,1,0,0,1,0,1025,0,1.0,0.0,0,0,0,1,0,1025,0,1.0,0.0,0
PF12346,PF00319,0,9,0,0,9,1017,0.0,0.99,0,0,9,0,0,9,1017,0.0,0.99,0,0
PF09585,PF14290,1,0,0,1,0,1025,0,1.0,0.0,0,0,0,1,0,1025,0,1.0,0.0,0
PF16180,PF16181,1,3,1,0,2,1023,0.33,1.0,1.0,0.58,3,1,0,2,1023,0.33,1.0,1.0,0.58
PF00015,PF02203,6,3,3,3,0,1020,1.0,1.0,0.5,0.71,3,3,3,0,1020,1.0,1.0,0.5,0.71
PF00963,PF15705,4,3,0,4,3,1019,0.0,0.99,0.0,-0.0,3,0,4,3,1019,0.0,0.99,0.0,-0.0
PF03724,PF09149,0,3,0,0,3,1023,0.0,1.0,0,0,3,0,0,3,1023,0.0,1.0,0,0
PF00790,PF12210,27,5,4,23,1,998,0.8,0.98,0.15,0.34,5,4,23,1,998,0.8,0.98,0.15,0.34
PF01329,PF01097,11,3,1,10,2,1013,0.33,0.99,0.09,0.17,3,1,10,2,1013,0.33,0.99,0.09,0.17
PF00715,PF10422,1,0,0,1,0,1025,0,1.0,0.0,0,0,0,1,0,1025,0,1.0,0.0,0
PF01716,PF05039,2,1,0,2,1,1023,0.0,1.0,0.0,-0.0,1,0,2,1,1023,0.0,1.0,0.0,-0.0
PF15671,PF04232,2,0,0,2,0,1024,0,1.0,0.0,0,0,0,2,0,1024,0,1.0,0.0,0
PF05548,PF15045,1,0,0,1,0,1025,0,1.0,0.0,0,0,0,1,0,1025,0,1.0,0.0,0
PF15338,PF00721,0,0,0,0,0,1026,0,1.0,0,0,0,0,0,0,1026,0,1.0,0,0
PF06835,PF03968,1,3,1,0,2,1023,0.33,1.0,1.0,0.58,3,1,0,2,1023,0.33,1.0,1.0,0.58
PF13333,PF01514,1,2,0,1,2,1023,0.0,1.0,0.0,-0.0,2,0,1,2,1023,0.0,1.0,0.0,-0.0
PF06298,PF01091,1,0,0,1,0,1025,0,1.0,0.0,0,0,0,1,0,1025,0,1.0,0.0,0
PF14952,PF12372,2,2,0,2,2,1022,0.0,1.0,0.0,-0.0,2,0,2,2,1022,0.0,1.0,0.0,-0.0
PF01358,PF03618,0,0,0,0,0,1026,0,1.0,0,0,0,0,0,0,1026,0,1.0,0,0
PF06592,PF02951,0,2,0,0,2,1024,0.0,1.0,0,0,2,0,0,2,1024,0.0,1.0,0,0
PF12230,PF09750,7,15,1,6,14,1005,0.07,0.98,0.14,0.09,15,1,6,14,1005,0.07,0.98,0.14,0.09
PF09794,PF02732,6,12,3,3,9,1011,0.25,0.99,0.5,0.35,12,3,3,9,1011,0.25,0.99,0.5,0.35
PF02824,PF16897,16,2,2,14,0,1010,1.0,0.99,0.12,0.35,2,2,14,0,1010,1.0,0.99,0.12,0.35
PF08622,PF17187,2,2,2,0,0,1024,1.0,1.0,1.0,1.0,2,2,0,0,1024,1.0,1.0,1.0,1.0
PF10407,PF15082,0,0,0,0,0,1026,0,1.0,0,0,0,0,0,0,1026,0,1.0,0,0
PF04068,PF00037,15,5,5,10,0,1011,1.0,0.99,0.33,0.57,5,5,10,0,1011,1.0,0.99,0.33,0.57
PF03734,PF08924,4,0,0,4,0,1022,0,1.0,0.0,0,0,0,4,0,1022,0,1.0,0.0,0
PF05932,PF05939,1,0,0,1,0,1025,0,1.0,0.0,0,0,0,1,0,1025,0,1.0,0.0,0
PF05677,PF12898,0,0,0,0,0,1026,0,1.0,0,0,0,0,0,0,1026,0,1.0,0,0
PF00282,PF05637,28,11,4,24,7,991,0.36,0.97,0.14,0.21,11,4,24,7,991,0.36,0.97,0.14,0.21
PF07683,PF02492,6,14,5,1,9,1011,0.36,0.99,0.83,0.54,14,5,1,9,1011,0.36,0.99,0.83,0.54
PF03888,PF17188,0,0,0,0,0,1026,0,1.0,0,0,0,0,0,0,1026,0,1.0,0,0
PF11699,PF15622,2,0,0,2,0,1024,0,1.0,0.0,0,0,0,2,0,1024,0,1.0,0.0,0
PF02076,PF08618,4,1,0,4,1,1021,0.0,1.0,0.0,-0.0,1,0,4,1,1021,0.0,1.0,0.0,-0.0
PF15108,PF01943,0,0,0,0,0,1026,0,1.0,0,0,0,0,0,0,1026,0,1.0,0,0
PF03629,PF06206,3,1,0,3,1,1022,0.0,1.0,0.0,-0.0,1,0,3,1,1022,0.0,1.0,0.0,-0.0
PF15753,PF00669,2,1,0,2,1,1023,0.0,1.0,0.0,-0.0,1,0,2,1,1023,0.0,1.0,0.0,-0.0
PF12246,PF12247,3,3,3,0,0,1023,1.0,1.0,1.0,1.0,3,3,0,0,1023,1.0,1.0,1.0,1.0
PF04765,PF03195,8,4,1,7,3,1015,0.25,0.99,0.12,0.17,4,1,7,3,1015,0.25,0.99,0.12,0.17
PF14722,PF16043,3,1,0,3,1,1022,0.0,1.0,0.0,-0.0,1,0,3,1,1022,0.0,1.0,0.0,-0.0
PF12360,PF04812,1,1,0,1,1,1024,0.0,1.0,0.0,-0.0,1,0,1,1,1024,0.0,1.0,0.0,-0.0
PF08580,PF04988,2,1,0,2,1,1023,0.0,1.0,0.0,-0.0,1,0,2,1,1023,0.0,1.0,0.0,-0.0
PF15008,PF05497,0,2,0,0,2,1024,0.0,1.0,0,0,2,0,0,2,1024,0.0,1.0,0,0
PF08578,PF15862,3,1,0,3,1,1022,0.0,1.0,0.0,-0.0,1,0,3,1,1022,0.0,1.0,0.0,-0.0
PF01795,PF02381,8,2,2,6,0,1018,1.0,0.99,0.25,0.5,2,2,6,0,1018,1.0,0.99,0.25,0.5
PF10471,PF02044,4,1,0,4,1,1021,0.0,1.0,0.0,-0.0,1,0,4,1,1021,0.0,1.0,0.0,-0.0
PF07171,PF07364,2,2,2,0,0,1024,1.0,1.0,1.0,1.0,2,2,0,0,1024,1.0,1.0,1.0,1.0
PF05755,PF15786,2,0,0,2,0,1024,0,1.0,0.0,0,0,0,2,0,1024,0,1.0,0.0,0
PF00507,PF00499,2,3,1,1,2,1022,0.33,1.0,0.5,0.41,3,1,1,2,1022,0.33,1.0,0.5,0.41
PF11766,PF15427,2,0,0,2,0,1024,0,1.0,0.0,0,0,0,2,0,1024,0,1.0,0.0,0
PF13538,PF02689,3,3,2,1,1,1022,0.67,1.0,0.67,0.67,3,2,1,1,1022,0.67,1.0,0.67,0.67
PF16958,PF11931,0,4,0,0,4,1022,0.0,1.0,0,0,4,0,0,4,1022,0.0,1.0,0,0
PF01719,PF10694,1,1,0,1,1,1024,0.0,1.0,0.0,-0.0,1,0,1,1,1024,0.0,1.0,0.0,-0.0
PF00862,PF13439,6,7,1,5,6,1014,0.14,0.99,0.17,0.15,7,1,5,6,1014,0.14,0.99,0.17,0.15
PF01028,PF14370,4,3,3,1,0,1022,1.0,1.0,0.75,0.87,3,3,1,0,1022,1.0,1.0,0.75,0.87
PF07974,PF02333,28,3,1,27,2,996,0.33,0.97,0.04,0.1,3,1,27,2,996,0.33,0.97,0.04,0.1
PF01766,PF04099,0,11,0,0,11,1015,0.0,0.99,0,0,11,0,0,11,1015,0.0,0.99,0,0
PF02508,PF03831,1,0,0,1,0,1025,0,1.0,0.0,0,0,0,1,0,1025,0,1.0,0.0,0
PF04194,PF07929,9,3,1,8,2,1015,0.33,0.99,0.11,0.19,3,1,8,2,1015,0.33,0.99,0.11,0.19
PF00566,PF00581,65,43,22,43,21,940,0.51,0.94,0.34,0.38,43,22,43,21,940,0.51,0.94,0.34,0.38
PF04355,PF02565,2,2,2,0,0,1024,1.0,1.0,1.0,1.0,2,2,0,0,1024,1.0,1.0,1.0,1.0
PF09056,PF06369,3,3,0,3,3,1020,0.0,0.99,0.0,-0.0,3,0,3,3,1020,0.0,0.99,0.0,-0.0
PF10451,PF02938,3,2,0,3,2,1021,0.0,1.0,0.0,-0.0,2,0,3,2,1021,0.0,1.0,0.0,-0.0
PF00229,PF03523,4,1,0,4,1,1021,0.0,1.0,0.0,-0.0,1,0,4,1,1021,0.0,1.0,0.0,-0.0
PF04062,PF07219,9,1,0,9,1,1016,0.0,0.99,0.0,-0.0,1,0,9,1,1016,0.0,0.99,0.0,-0.0
PF08106,PF06684,2,0,0,2,0,1024,0,1.0,0.0,0,0,0,2,0,1024,0,1.0,0.0,0
PF10062,PF11790,0,7,0,0,7,1019,0.0,0.99,0,0,7,0,0,7,1019,0.0,0.99,0,0
PF01595,PF00654,7,27,2,5,25,994,0.07,0.97,0.29,0.13,27,2,5,25,994,0.07,0.97,0.29,0.13
PF00411,PF00329,11,6,2,9,4,1011,0.33,0.99,0.18,0.24,6,2,9,4,1011,0.33,0.99,0.18,0.24
PF14727,PF14728,2,2,2,0,0,1024,1.0,1.0,1.0,1.0,2,2,0,0,1024,1.0,1.0,1.0,1.0
PF02177,PF10515,2,2,2,0,0,1024,1.0,1.0,1.0,1.0,2,2,0,0,1024,1.0,1.0,1.0,1.0
PF14384,PF02633,0,1,0,0,1,1025,0.0,1.0,0,0,1,0,0,1,1025,0.0,1.0,0,0
PF00381,PF12477,1,0,0,1,0,1025,0,1.0,0.0,0,0,0,1,0,1025,0,1.0,0.0,0
PF13204,PF12904,0,0,0,0,0,1026,0,1.0,0,0,0,0,0,0,1026,0,1.0,0,0
PF06331,PF12806,9,2,2,7,0,1017,1.0,0.99,0.22,0.47,2,2,7,0,1017,1.0,0.99,0.22,0.47
PF10846,PF15211,5,0,0,5,0,1021,0,1.0,0.0,0,0,0,5,0,1021,0,1.0,0.0,0
PF03004,PF03017,7,2,1,6,1,1018,0.5,0.99,0.14,0.26,2,1,6,1,1018,0.5,0.99,0.14,0.26
PF06249,PF05899,1,1,1,0,0,1025,1.0,1.0,1.0,1.0,1,1,0,0,1025,1.0,1.0,1.0,1.0
PF10476,PF05177,0,2,0,0,2,1024,0.0,1.0,0,0,2,0,0,2,1024,0.0,1.0,0,0
PF14338,PF11332,0,0,0,0,0,1026,0,1.0,0,0,0,0,0,0,1026,0,1.0,0,0
PF00962,PF08451,15,2,2,13,0,1011,1.0,0.99,0.13,0.36,2,2,13,0,1011,1.0,0.99,0.13,0.36
PF15217,PF15212,0,0,0,0,0,1026,0,1.0,0,0,0,0,0,0,1026,0,1.0,0,0
PF10737,PF15107,0,1,0,0,1,1025,0.0,1.0,0,0,1,0,0,1,1025,0.0,1.0,0,0
PF16661,PF10996,15,20,14,1,6,1005,0.7,0.99,0.93,0.81,20,14,1,6,1005,0.7,0.99,0.93,0.81
PF00294,PF04227,32,4,4,28,0,994,1.0,0.97,0.12,0.35,4,4,28,0,994,1.0,0.97,0.12,0.35
PF13943,PF10063,3,1,0,3,1,1022,0.0,1.0,0.0,-0.0,1,0,3,1,1022,0.0,1.0,0.0,-0.0
PF16047,PF08023,1,1,0,1,1,1024,0.0,1.0,0.0,-0.0,1,0,1,1,1024,0.0,1.0,0.0,-0.0
PF02638,PF13406,1,1,0,1,1,1024,0.0,1.0,0.0,-0.0,1,0,1,1,1024,0.0,1.0,0.0,-0.0
PF04455,PF16653,2,8,1,1,7,1017,0.12,0.99,0.5,0.25,8,1,1,7,1017,0.12,0.99,0.5,0.25
PF15000,PF04892,3,0,0,3,0,1023,0,1.0,0.0,0,0,0,3,0,1023,0,1.0,0.0,0
PF07030,PF09481,0,0,0,0,0,1026,0,1.0,0,0,0,0,0,0,1026,0,1.0,0,0
PF09907,PF07769,0,0,0,0,0,1026,0,1.0,0,0,0,0,0,0,1026,0,1.0,0,0
PF12148,PF16843,3,0,0,3,0,1023,0,1.0,0.0,0,0,0,3,0,1023,0,1.0,0.0,0
PF01798,PF08156,18,19,14,4,5,1003,0.74,0.99,0.78,0.75,19,14,4,5,1003,0.74,0.99,0.78,0.75
PF08772,PF15017,3,0,0,3,0,1023,0,1.0,0.0,0,0,0,3,0,1023,0,1.0,0.0,0
PF13815,PF07926,3,4,0,3,4,1019,0.0,0.99,0.0,-0.0,4,0,3,4,1019,0.0,0.99,0.0,-0.0
PF04137,PF00197,5,0,0,5,0,1021,0,1.0,0.0,0,0,0,5,0,1021,0,1.0,0.0,0
PF00618,PF00617,27,36,24,3,12,987,0.67,0.99,0.89,0.76,36,24,3,12,987,0.67,0.99,0.89,0.76
PF15803,PF15805,0,0,0,0,0,1026,0,1.0,0,0,0,0,0,0,1026,0,1.0,0,0
PF09458,PF14200,10,3,0,10,3,1013,0.0,0.99,0.0,-0.01,3,0,10,3,1013,0.0,0.99,0.0,-0.01
PF13827,PF12946,0,3,0,0,3,1023,0.0,1.0,0,0,3,0,0,3,1023,0.0,1.0,0,0
PF10507,PF10239,4,6,1,3,5,1017,0.17,0.99,0.25,0.2,6,1,3,5,1017,0.17,0.99,0.25,0.2
PF04414,PF10340,1,1,1,0,0,1025,1.0,1.0,1.0,1.0,1,1,0,0,1025,1.0,1.0,1.0,1.0
PF05832,PF04667,5,5,0,5,5,1016,0.0,0.99,0.0,-0.0,5,0,5,5,1016,0.0,0.99,0.0,-0.0
PF07584,PF01208,0,7,0,0,7,1019,0.0,0.99,0,0,7,0,0,7,1019,0.0,0.99,0,0
PF05050,PF13532,9,30,3,6,27,990,0.1,0.97,0.33,0.17,30,3,6,27,990,0.1,0.97,0.33,0.17
PF15994,PF15995,0,0,0,0,0,1026,0,1.0,0,0,0,0,0,0,1026,0,1.0,0,0
PF00751,PF08828,9,1,1,8,0,1017,1.0,0.99,0.11,0.33,1,1,8,0,1017,1.0,0.99,0.11,0.33
PF09065,PF02788,0,2,0,0,2,1024,0.0,1.0,0,0,2,0,0,2,1024,0.0,1.0,0,0
PF03676,PF02312,3,1,0,3,1,1022,0.0,1.0,0.0,-0.0,1,0,3,1,1022,0.0,1.0,0.0,-0.0
PF01529,PF00710,45,8,3,42,5,976,0.38,0.95,0.07,0.14,8,3,42,5,976,0.38,0.95,0.07,0.14
PF08270,PF13610,0,1,0,0,1,1025,0.0,1.0,0,0,1,0,0,1,1025,0.0,1.0,0,0
PF15131,PF09699,0,0,0,0,0,1026,0,1.0,0,0,0,0,0,0,1026,0,1.0,0,0
PF11767,PF03864,4,1,0,4,1,1021,0.0,1.0,0.0,-0.0,1,0,4,1,1021,0.0,1.0,0.0,-0.0
PF09366,PF07939,2,0,0,2,0,1024,0,1.0,0.0,0,0,0,2,0,1024,0,1.0,0.0,0
PF00123,PF16680,3,3,0,3,3,1020,0.0,0.99,0.0,-0.0,3,0,3,3,1020,0.0,0.99,0.0,-0.0
PF08567,PF03909,4,10,4,0,6,1016,0.4,0.99,1.0,0.63,10,4,0,6,1016,0.4,0.99,1.0,0.63
PF11838,PF01433,20,24,18,2,6,1000,0.75,0.99,0.9,0.82,24,18,2,6,1000,0.75,0.99,0.9,0.82
PF16876,PF08235,2,4,2,0,2,1022,0.5,1.0,1.0,0.71,4,2,0,2,1022,0.5,1.0,1.0,0.71
PF04453,PF07499,2,2,0,2,2,1022,0.0,1.0,0.0,-0.0,2,0,2,2,1022,0.0,1.0,0.0,-0.0
PF08886,PF14842,0,0,0,0,0,1026,0,1.0,0,0,0,0,0,0,1026,0,1.0,0,0
PF11860,PF13421,0,0,0,0,0,1026,0,1.0,0,0,0,0,0,0,1026,0,1.0,0,0
PF09229,PF08327,11,9,9,2,0,1015,1.0,1.0,0.82,0.9,9,9,2,0,1015,1.0,1.0,0.82,0.9
PF15164,PF02543,0,1,0,0,1,1025,0.0,1.0,0,0,1,0,0,1,1025,0.0,1.0,0,0
PF05136,PF01312,4,2,0,4,2,1020,0.0,0.99,0.0,-0.0,2,0,4,2,1020,0.0,0.99,0.0,-0.0
PF11970,PF02112,1,3,0,1,3,1022,0.0,1.0,0.0,-0.0,3,0,1,3,1022,0.0,1.0,0.0,-0.0
PF15076,PF15107,0,1,0,0,1,1025,0.0,1.0,0,0,1,0,0,1,1025,0.0,1.0,0,0
PF04324,PF13806,5,8,4,1,4,1017,0.5,1.0,0.8,0.63,8,4,1,4,1017,0.5,1.0,0.8,0.63
PF16512,PF01846,2,13,2,0,11,1013,0.15,0.99,1.0,0.39,13,2,0,11,1013,0.15,0.99,1.0,0.39
PF10496,PF05334,3,3,0,3,3,1020,0.0,0.99,0.0,-0.0,3,0,3,3,1020,0.0,0.99,0.0,-0.0
PF05459,PF12240,1,1,0,1,1,1024,0.0,1.0,0.0,-0.0,1,0,1,1,1024,0.0,1.0,0.0,-0.0
PF02820,PF17208,19,1,1,18,0,1007,1.0,0.98,0.05,0.23,1,1,18,0,1007,1.0,0.98,0.05,0.23
PF03812,PF10523,2,5,0,2,5,1019,0.0,0.99,0.0,-0.0,5,0,2,5,1019,0.0,0.99,0.0,-0.0
PF15710,PF16829,0,0,0,0,0,1026,0,1.0,0,0,0,0,0,0,1026,0,1.0,0,0
PF08107,PF15576,1,0,0,1,0,1025,0,1.0,0.0,0,0,0,1,0,1025,0,1.0,0.0,0
PF12019,PF08724,2,1,0,2,1,1023,0.0,1.0,0.0,-0.0,1,0,2,1,1023,0.0,1.0,0.0,-0.0
PF05209,PF07499,6,2,0,6,2,1018,0.0,0.99,0.0,-0.0,2,0,6,2,1018,0.0,0.99,0.0,-0.0
PF13645,PF15102,0,1,0,0,1,1025,0.0,1.0,0,0,1,0,0,1,1025,0.0,1.0,0,0
PF12739,PF08626,6,9,1,5,8,1012,0.11,0.99,0.17,0.13,9,1,5,8,1012,0.11,0.99,0.17,0.13
PF12693,PF00813,4,1,1,3,0,1022,1.0,1.0,0.25,0.5,1,1,3,0,1022,1.0,1.0,0.25,0.5
PF04382,PF05902,3,3,3,0,0,1023,1.0,1.0,1.0,1.0,3,3,0,0,1023,1.0,1.0,1.0,1.0
PF13613,PF12596,5,2,1,4,1,1020,0.5,1.0,0.2,0.31,2,1,4,1,1020,0.5,1.0,0.2,0.31
PF12706,PF13691,22,6,6,16,0,1004,1.0,0.98,0.27,0.52,6,6,16,0,1004,1.0,0.98,0.27,0.52
PF09163,PF13247,0,0,0,0,0,1026,0,1.0,0,0,0,0,0,0,1026,0,1.0,0,0
PF01924,PF02119,1,1,0,1,1,1024,0.0,1.0,0.0,-0.0,1,0,1,1,1024,0.0,1.0,0.0,-0.0
PF03030,PF01559,6,0,0,6,0,1020,0,0.99,0.0,0,0,0,6,0,1020,0,0.99,0.0,0
PF07850,PF05450,5,9,1,4,8,1013,0.11,0.99,0.2,0.14,9,1,4,8,1013,0.11,0.99,0.2,0.14
PF04849,PF12448,0,0,0,0,0,1026,0,1.0,0,0,0,0,0,0,1026,0,1.0,0,0
PF00957,PF13774,18,13,11,7,2,1006,0.85,0.99,0.61,0.71,13,11,7,2,1006,0.85,0.99,0.61,0.71
PF08753,PF02951,1,2,0,1,2,1023,0.0,1.0,0.0,-0.0,2,0,1,2,1023,0.0,1.0,0.0,-0.0
PF03749,PF03601,2,0,0,2,0,1024,0,1.0,0.0,0,0,0,2,0,1024,0,1.0,0.0,0
PF15120,PF15829,1,0,0,1,0,1025,0,1.0,0.0,0,0,0,1,0,1025,0,1.0,0.0,0
PF02162,PF03827,1,3,1,0,2,1023,0.33,1.0,1.0,0.58,3,1,0,2,1023,0.33,1.0,1.0,0.58
PF14239,PF03742,0,1,0,0,1,1025,0.0,1.0,0,0,1,0,0,1,1025,0.0,1.0,0,0
PF08393,PF12780,35,31,28,7,3,988,0.9,0.99,0.8,0.85,31,28,7,3,988,0.9,0.99,0.8,0.85
PF02950,PF03379,1,2,0,1,2,1023,0.0,1.0,0.0,-0.0,2,0,1,2,1023,0.0,1.0,0.0,-0.0
PF09339,PF01022,10,3,1,9,2,1014,0.33,0.99,0.1,0.18,3,1,9,2,1014,0.33,0.99,0.1,0.18
PF16174,PF09598,0,1,0,0,1,1025,0.0,1.0,0,0,1,0,0,1,1025,0.0,1.0,0,0
PF05280,PF12241,5,1,0,5,1,1020,0.0,0.99,0.0,-0.0,1,0,5,1,1020,0.0,0.99,0.0,-0.0
PF14052,PF10995,0,0,0,0,0,1026,0,1.0,0,0,0,0,0,0,1026,0,1.0,0,0
PF08894,PF05509,0,1,0,0,1,1025,0.0,1.0,0,0,1,0,0,1,1025,0.0,1.0,0,0
PF02035,PF08847,1,0,0,1,0,1025,0,1.0,0.0,0,0,0,1,0,1025,0,1.0,0.0,0
PF15834,PF08411,0,1,0,0,1,1025,0.0,1.0,0,0,1,0,0,1,1025,0.0,1.0,0,0
PF06743,PF08368,1,1,1,0,0,1025,1.0,1.0,1.0,1.0,1,1,0,0,1025,1.0,1.0,1.0,1.0
PF09351,PF11595,3,1,1,2,0,1023,1.0,1.0,0.33,0.58,1,1,2,0,1023,1.0,1.0,0.33,0.58
PF01551,PF01476,8,27,4,4,23,995,0.15,0.97,0.5,0.26,27,4,4,23,995,0.15,0.97,0.5,0.26
PF12973,PF09056,2,3,2,0,1,1023,0.67,1.0,1.0,0.82,3,2,0,1,1023,0.67,1.0,1.0,0.82
PF02123,PF09227,1,0,0,1,0,1025,0,1.0,0.0,0,0,0,1,0,1025,0,1.0,0.0,0
PF03770,PF01513,16,11,4,12,7,1003,0.36,0.98,0.25,0.29,11,4,12,7,1003,0.36,0.98,0.25,0.29
PF17009,PF11068,0,0,0,0,0,1026,0,1.0,0,0,0,0,0,0,1026,0,1.0,0,0
PF06181,PF12628,0,0,0,0,0,1026,0,1.0,0,0,0,0,0,0,1026,0,1.0,0,0
PF04556,PF07496,1,5,0,1,5,1020,0.0,0.99,0.0,-0.0,5,0,1,5,1020,0.0,0.99,0.0,-0.0
PF03313,PF03315,2,2,2,0,0,1024,1.0,1.0,1.0,1.0,2,2,0,0,1024,1.0,1.0,1.0,1.0
PF10816,PF00932,0,2,0,0,2,1024,0.0,1.0,0,0,2,0,0,2,1024,0.0,1.0,0,0
PF03023,PF08343,7,2,1,6,1,1018,0.5,0.99,0.14,0.26,2,1,6,1,1018,0.5,0.99,0.14,0.26
PF05962,PF14539,1,0,0,1,0,1025,0,1.0,0.0,0,0,0,1,0,1025,0,1.0,0.0,0
PF16092,PF01493,2,6,2,0,4,1020,0.33,1.0,1.0,0.58,6,2,0,4,1020,0.33,1.0,1.0,0.58
PF09444,PF09967,1,1,0,1,1,1024,0.0,1.0,0.0,-0.0,1,0,1,1,1024,0.0,1.0,0.0,-0.0
PF04015,PF05930,0,0,0,0,0,1026,0,1.0,0,0,0,0,0,0,1026,0,1.0,0,0
PF11341,PF13367,1,1,1,0,0,1025,1.0,1.0,1.0,1.0,1,1,0,0,1025,1.0,1.0,1.0,1.0
PF17172,PF10568,6,8,1,5,7,1013,0.12,0.99,0.17,0.14,8,1,5,7,1013,0.12,0.99,0.17,0.14
PF00643,PF03915,40,4,1,39,3,983,0.25,0.96,0.03,0.07,4,1,39,3,983,0.25,0.96,0.03,0.07
PF13867,PF04422,1,1,0,1,1,1024,0.0,1.0,0.0,-0.0,1,0,1,1,1024,0.0,1.0,0.0,-0.0
PF04013,PF07805,0,0,0,0,0,1026,0,1.0,0,0,0,0,0,0,1026,0,1.0,0,0
PF04800,PF07896,7,3,0,7,3,1016,0.0,0.99,0.0,-0.0,3,0,7,3,1016,0.0,0.99,0.0,-0.0
PF09519,PF00001,1,97,0,1,97,928,0.0,0.9,0.0,-0.01,97,0,1,97,928,0.0,0.9,0.0,-0.01
PF00732,PF05199,32,34,30,2,4,990,0.88,0.99,0.94,0.91,34,30,2,4,990,0.88,0.99,0.94,0.91
PF01532,PF02225,24,23,11,13,12,990,0.48,0.98,0.46,0.46,23,11,13,12,990,0.48,0.98,0.46,0.46
PF15861,PF13643,2,0,0,2,0,1024,0,1.0,0.0,0,0,0,2,0,1024,0,1.0,0.0,0
PF01400,PF05821,35,3,2,33,1,990,0.67,0.97,0.06,0.19,3,2,33,1,990,0.67,0.97,0.06,0.19
PF09294,PF07140,1,0,0,1,0,1025,0,1.0,0.0,0,0,0,1,0,1025,0,1.0,0.0,0
PF16016,PF02893,8,25,7,1,18,1000,0.28,0.98,0.88,0.49,25,7,1,18,1000,0.28,0.98,0.88,0.49
PF09362,PF11790,7,7,1,6,6,1013,0.14,0.99,0.14,0.14,7,1,6,6,1013,0.14,0.99,0.14,0.14
PF08598,PF15346,2,2,0,2,2,1022,0.0,1.0,0.0,-0.0,2,0,2,2,1022,0.0,1.0,0.0,-0.0
PF01144,PF02886,8,6,1,7,5,1013,0.17,0.99,0.12,0.14,6,1,7,5,1013,0.17,0.99,0.12,0.14
PF10228,PF10283,4,11,1,3,10,1012,0.09,0.99,0.25,0.15,11,1,3,10,1012,0.09,0.99,0.25,0.15
PF16193,PF12002,11,11,11,0,0,1015,1.0,1.0,1.0,1.0,11,11,0,0,1015,1.0,1.0,1.0,1.0
PF03658,PF05934,0,4,0,0,4,1022,0.0,1.0,0,0,4,0,0,4,1022,0.0,1.0,0,0
PF12527,PF10361,0,0,0,0,0,1026,0,1.0,0,0,0,0,0,0,1026,0,1.0,0,0
PF10216,PF16836,0,1,0,0,1,1025,0.0,1.0,0,0,1,0,0,1,1025,0.0,1.0,0,0
PF07882,PF02952,1,1,1,0,0,1025,1.0,1.0,1.0,1.0,1,1,0,0,1025,1.0,1.0,1.0,1.0
PF15149,PF15395,0,0,0,0,0,1026,0,1.0,0,0,0,0,0,0,1026,0,1.0,0,0
PF09314,PF07310,0,1,0,0,1,1025,0.0,1.0,0,0,1,0,0,1,1025,0.0,1.0,0,0
PF17221,PF13183,1,3,0,1,3,1022,0.0,1.0,0.0,-0.0,3,0,1,3,1022,0.0,1.0,0.0,-0.0
PF02797,PF00195,8,9,8,0,1,1017,0.89,1.0,1.0,0.94,9,8,0,1,1017,0.89,1.0,1.0,0.94
PF06554,PF13548,3,1,1,2,0,1023,1.0,1.0,0.33,0.58,1,1,2,0,1023,1.0,1.0,0.33,0.58
PF11960,PF08557,4,5,2,2,3,1019,0.4,1.0,0.5,0.44,5,2,2,3,1019,0.4,1.0,0.5,0.44
PF06258,PF15699,2,1,0,2,1,1023,0.0,1.0,0.0,-0.0,1,0,2,1,1023,0.0,1.0,0.0,-0.0
PF15736,PF04865,2,0,0,2,0,1024,0,1.0,0.0,0,0,0,2,0,1024,0,1.0,0.0,0
PF03249,PF06140,0,5,0,0,5,1021,0.0,1.0,0,0,5,0,0,5,1021,0.0,1.0,0,0
PF12838,PF10371,9,1,1,8,0,1017,1.0,0.99,0.11,0.33,1,1,8,0,1017,1.0,0.99,0.11,0.33
PF07992,PF01180,48,14,5,43,9,969,0.36,0.95,0.1,0.17,14,5,43,9,969,0.36,0.95,0.1,0.17
PF12372,PF14952,2,2,0,2,2,1022,0.0,1.0,0.0,-0.0,2,0,2,2,1022,0.0,1.0,0.0,-0.0
PF13716,PF01661,17,24,6,11,18,991,0.25,0.97,0.35,0.28,24,6,11,18,991,0.25,0.97,0.35,0.28
PF04883,PF13942,0,0,0,0,0,1026,0,1.0,0,0,0,0,0,0,1026,0,1.0,0,0
PF01765,PF12483,5,3,0,5,3,1018,0.0,0.99,0.0,-0.0,3,0,5,3,1018,0.0,0.99,0.0,-0.0
PF05172,PF07051,4,1,0,4,1,1021,0.0,1.0,0.0,-0.0,1,0,4,1,1021,0.0,1.0,0.0,-0.0
PF07022,PF06934,2,0,0,2,0,1024,0,1.0,0.0,0,0,0,2,0,1024,0,1.0,0.0,0
PF00721,PF09704,0,1,0,0,1,1025,0.0,1.0,0,0,1,0,0,1,1025,0.0,1.0,0,0
PF05986,PF01421,8,21,5,3,16,1002,0.24,0.98,0.62,0.38,21,5,3,16,1002,0.24,0.98,0.62,0.38
PF17064,PF02448,4,0,0,4,0,1022,0,1.0,0.0,0,0,0,4,0,1022,0,1.0,0.0,0
PF02296,PF09066,5,4,2,3,2,1019,0.5,1.0,0.4,0.44,4,2,3,2,1019,0.5,1.0,0.4,0.44
PF05450,PF06880,9,2,0,9,2,1015,0.0,0.99,0.0,-0.0,2,0,9,2,1015,0.0,0.99,0.0,-0.0
PF13464,PF04375,2,1,0,2,1,1023,0.0,1.0,0.0,-0.0,1,0,2,1,1023,0.0,1.0,0.0,-0.0
PF01906,PF08738,4,0,0,4,0,1022,0,1.0,0.0,0,0,0,4,0,1022,0,1.0,0.0,0
PF12708,PF06964,8,8,5,3,3,1015,0.62,0.99,0.62,0.62,8,5,3,3,1015,0.62,0.99,0.62,0.62
PF17030,PF11794,0,0,0,0,0,1026,0,1.0,0,0,0,0,0,0,1026,0,1.0,0,0
PF12414,PF08081,1,0,0,1,0,1025,0,1.0,0.0,0,0,0,1,0,1025,0,1.0,0.0,0
PF13332,PF04232,0,0,0,0,0,1026,0,1.0,0,0,0,0,0,0,1026,0,1.0,0,0
PF16334,PF17168,1,1,1,0,0,1025,1.0,1.0,1.0,1.0,1,1,0,0,1025,1.0,1.0,1.0,1.0
PF08997,PF09757,1,1,0,1,1,1024,0.0,1.0,0.0,-0.0,1,0,1,1,1024,0.0,1.0,0.0,-0.0
PF17004,PF13174,3,10,2,1,8,1015,0.2,0.99,0.67,0.36,10,2,1,8,1015,0.2,0.99,0.67,0.36
PF06899,PF14340,1,2,0,1,2,1023,0.0,1.0,0.0,-0.0,2,0,1,2,1023,0.0,1.0,0.0,-0.0
PF16776,PF16726,1,1,1,0,0,1025,1.0,1.0,1.0,1.0,1,1,0,0,1025,1.0,1.0,1.0,1.0
PF11780,PF16510,0,2,0,0,2,1024,0.0,1.0,0,0,2,0,0,2,1024,0.0,1.0,0,0
PF02477,PF07434,0,0,0,0,0,1026,0,1.0,0,0,0,0,0,0,1026,0,1.0,0,0
PF02784,PF00278,7,8,7,0,1,1018,0.88,1.0,1.0,0.93,8,7,0,1,1018,0.88,1.0,1.0,0.93
PF04065,PF00649,4,2,1,3,1,1021,0.5,1.0,0.25,0.35,2,1,3,1,1021,0.5,1.0,0.25,0.35
PF15133,PF17076,2,1,0,2,1,1023,0.0,1.0,0.0,-0.0,1,0,2,1,1023,0.0,1.0,0.0,-0.0
PF00109,PF02801,33,33,32,1,1,992,0.97,1.0,0.97,0.97,33,32,1,1,992,0.97,1.0,0.97,0.97
PF12885,PF12886,4,4,4,0,0,1022,1.0,1.0,1.0,1.0,4,4,0,0,1022,1.0,1.0,1.0,1.0
PF02925,PF13639,1,74,0,1,74,951,0.0,0.93,0.0,-0.01,74,0,1,74,951,0.0,0.93,0.0,-0.01
PF10587,PF00736,12,18,12,0,6,1008,0.67,0.99,1.0,0.81,18,12,0,6,1008,0.67,0.99,1.0,0.81
PF14610,PF11282,2,0,0,2,0,1024,0,1.0,0.0,0,0,0,2,0,1024,0,1.0,0.0,0
PF02401,PF07298,4,1,0,4,1,1021,0.0,1.0,0.0,-0.0,1,0,4,1,1021,0.0,1.0,0.0,-0.0
PF02033,PF07939,10,0,0,10,0,1016,0,0.99,0.0,0,0,0,10,0,1016,0,0.99,0.0,0
PF15132,PF08945,0,0,0,0,0,1026,0,1.0,0,0,0,0,0,0,1026,0,1.0,0,0
PF05535,PF06729,0,2,0,0,2,1024,0.0,1.0,0,0,2,0,0,2,1024,0.0,1.0,0,0
PF00230,PF04535,26,1,1,25,0,1000,1.0,0.98,0.04,0.19,1,1,25,0,1000,1.0,0.98,0.04,0.19
PF07642,PF04958,0,1,0,0,1,1025,0.0,1.0,0,0,1,0,0,1,1025,0.0,1.0,0,0
PF08329,PF03427,2,2,2,0,0,1024,1.0,1.0,1.0,1.0,2,2,0,0,1024,1.0,1.0,1.0,1.0
PF02205,PF12828,27,2,1,26,1,998,0.5,0.97,0.04,0.13,2,1,26,1,998,0.5,0.97,0.04,0.13
PF16448,PF12191,1,0,0,1,0,1025,0,1.0,0.0,0,0,0,1,0,1025,0,1.0,0.0,0
PF17148,PF15082,0,0,0,0,0,1026,0,1.0,0,0,0,0,0,0,1026,0,1.0,0,0
PF10487,PF12530,4,2,0,4,2,1020,0.0,0.99,0.0,-0.0,2,0,4,2,1020,0.0,0.99,0.0,-0.0
PF03449,PF01272,11,11,11,0,0,1015,1.0,1.0,1.0,1.0,11,11,0,0,1015,1.0,1.0,1.0,1.0
PF14629,PF08740,5,11,1,4,10,1011,0.09,0.99,0.2,0.13,11,1,4,10,1011,0.09,0.99,0.2,0.13
PF09612,PF14866,0,0,0,0,0,1026,0,1.0,0,0,0,0,0,0,1026,0,1.0,0,0
PF00363,PF07139,1,3,0,1,3,1022,0.0,1.0,0.0,-0.0,3,0,1,3,1022,0.0,1.0,0.0,-0.0
PF17016,PF12355,0,1,0,0,1,1025,0.0,1.0,0,0,1,0,0,1,1025,0.0,1.0,0,0
PF08686,PF15913,7,8,2,5,6,1013,0.25,0.99,0.29,0.26,8,2,5,6,1013,0.25,0.99,0.29,0.26
PF15251,PF09805,0,7,0,0,7,1019,0.0,0.99,0,0,7,0,0,7,1019,0.0,0.99,0,0
PF10304,PF12765,1,6,0,1,6,1019,0.0,0.99,0.0,-0.0,6,0,1,6,1019,0.0,0.99,0.0,-0.0
PF10664,PF17062,1,0,0,1,0,1025,0,1.0,0.0,0,0,0,1,0,1025,0,1.0,0.0,0
PF06136,PF03759,5,7,1,4,6,1015,0.14,0.99,0.2,0.16,7,1,4,6,1015,0.14,0.99,0.2,0.16
PF13547,PF06403,0,0,0,0,0,1026,0,1.0,0,0,0,0,0,0,1026,0,1.0,0,0
PF05613,PF16834,0,1,0,0,1,1025,0.0,1.0,0,0,1,0,0,1,1025,0.0,1.0,0,0
PF08323,PF00862,4,6,1,3,5,1017,0.17,0.99,0.25,0.2,6,1,3,5,1017,0.17,0.99,0.25,0.2
PF13016,PF04788,2,1,0,2,1,1023,0.0,1.0,0.0,-0.0,1,0,2,1,1023,0.0,1.0,0.0,-0.0
PF14377,PF16727,7,2,2,5,0,1019,1.0,1.0,0.29,0.53,2,2,5,0,1019,1.0,1.0,0.29,0.53
PF07270,PF06115,0,0,0,0,0,1026,0,1.0,0,0,0,0,0,0,1026,0,1.0,0,0
PF06165,PF17167,1,1,1,0,0,1025,1.0,1.0,1.0,1.0,1,1,0,0,1025,1.0,1.0,1.0,1.0
PF01789,PF07896,4,3,1,3,2,1020,0.33,1.0,0.25,0.29,3,1,3,2,1020,0.33,1.0,0.25,0.29
PF02635,PF10279,0,0,0,0,0,1026,0,1.0,0,0,0,0,0,0,1026,0,1.0,0,0
PF09040,PF12515,2,3,0,2,3,1021,0.0,1.0,0.0,-0.0,3,0,2,3,1021,0.0,1.0,0.0,-0.0
PF03427,PF08329,2,2,2,0,0,1024,1.0,1.0,1.0,1.0,2,2,0,0,1024,1.0,1.0,1.0,1.0
PF13478,PF04290,2,2,2,0,0,1024,1.0,1.0,1.0,1.0,2,2,0,0,1024,1.0,1.0,1.0,1.0
PF16744,PF13864,1,7,0,1,7,1018,0.0,0.99,0.0,-0.0,7,0,1,7,1018,0.0,0.99,0.0,-0.0
PF13701,PF08813,0,0,0,0,0,1026,0,1.0,0,0,0,0,0,0,1026,0,1.0,0,0
PF16818,PF09832,2,0,0,2,0,1024,0,1.0,0.0,0,0,0,2,0,1024,0,1.0,0.0,0
PF04510,PF08124,0,0,0,0,0,1026,0,1.0,0,0,0,0,0,0,1026,0,1.0,0,0
PF16899,PF02984,8,27,2,6,25,993,0.07,0.97,0.25,0.12,27,2,6,25,993,0.07,0.97,0.25,0.12
PF04568,PF00833,2,7,0,2,7,1017,0.0,0.99,0.0,-0.0,7,0,2,7,1017,0.0,0.99,0.0,-0.0
PF02237,PF09825,2,4,2,0,2,1022,0.5,1.0,1.0,0.71,4,2,0,2,1022,0.5,1.0,1.0,0.71
PF01232,PF08125,2,3,2,0,1,1023,0.67,1.0,1.0,0.82,3,2,0,1,1023,0.67,1.0,1.0,0.82
PF01394,PF09268,4,3,2,2,1,1021,0.67,1.0,0.5,0.58,3,2,2,1,1021,0.67,1.0,0.5,0.58
PF13449,PF05014,3,3,1,2,2,1021,0.33,1.0,0.33,0.33,3,1,2,2,1021,0.33,1.0,0.33,0.33
PF09090,PF09088,9,9,9,0,0,1017,1.0,1.0,1.0,1.0,9,9,0,0,1017,1.0,1.0,1.0,1.0
PF08574,PF15247,2,3,0,2,3,1021,0.0,1.0,0.0,-0.0,3,0,2,3,1021,0.0,1.0,0.0,-0.0
PF16972,PF11069,2,1,0,2,1,1023,0.0,1.0,0.0,-0.0,1,0,2,1,1023,0.0,1.0,0.0,-0.0
PF14355,PF11363,0,0,0,0,0,1026,0,1.0,0,0,0,0,0,0,1026,0,1.0,0,0
PF09175,PF06448,2,4,1,1,3,1021,0.25,1.0,0.5,0.35,4,1,1,3,1021,0.25,1.0,0.5,0.35
PF11336,PF09648,0,0,0,0,0,1026,0,1.0,0,0,0,0,0,0,1026,0,1.0,0,0
PF01414,PF07657,12,6,6,6,0,1014,1.0,0.99,0.5,0.71,6,6,6,0,1014,1.0,0.99,0.5,0.71
PF06068,PF04979,10,14,3,7,11,1005,0.21,0.98,0.3,0.24,14,3,7,11,1005,0.21,0.98,0.3,0.24
PF09006,PF08391,0,1,0,0,1,1025,0.0,1.0,0,0,1,0,0,1,1025,0.0,1.0,0,0
PF04233,PF06074,1,0,0,1,0,1025,0,1.0,0.0,0,0,0,1,0,1025,0,1.0,0.0,0
PF03564,PF07245,27,2,2,25,0,999,1.0,0.98,0.07,0.27,2,2,25,0,999,1.0,0.98,0.07,0.27
PF02466,PF01192,14,4,1,13,3,1009,0.25,0.98,0.07,0.13,4,1,13,3,1009,0.25,0.98,0.07,0.13
PF02656,PF03124,19,6,3,16,3,1004,0.5,0.98,0.16,0.27,6,3,16,3,1004,0.5,0.98,0.16,0.27
PF06583,PF13882,0,2,0,0,2,1024,0.0,1.0,0,0,2,0,0,2,1024,0.0,1.0,0,0
PF12753,PF08310,0,1,0,0,1,1025,0.0,1.0,0,0,1,0,0,1,1025,0.0,1.0,0,0
PF15359,PF05039,0,1,0,0,1,1025,0.0,1.0,0,0,1,0,0,1,1025,0.0,1.0,0,0
PF13313,PF13482,0,0,0,0,0,1026,0,1.0,0,0,0,0,0,0,1026,0,1.0,0,0
PF16510,PF12388,2,0,0,2,0,1024,0,1.0,0.0,0,0,0,2,0,1024,0,1.0,0.0,0
PF06512,PF11933,3,3,3,0,0,1023,1.0,1.0,1.0,1.0,3,3,0,0,1023,1.0,1.0,1.0,1.0
PF12879,PF12887,0,0,0,0,0,1026,0,1.0,0,0,0,0,0,0,1026,0,1.0,0,0
PF02785,PF00289,24,22,22,2,0,1002,1.0,1.0,0.92,0.96,22,22,2,0,1002,1.0,1.0,0.92,0.96
PF16978,PF05422,8,1,0,8,1,1017,0.0,0.99,0.0,-0.0,1,0,8,1,1017,0.0,0.99,0.0,-0.0
PF14705,PF09419,5,6,0,5,6,1015,0.0,0.99,0.0,-0.01,6,0,5,6,1015,0.0,0.99,0.0,-0.01
PF03929,PF02975,2,3,1,1,2,1022,0.33,1.0,0.5,0.41,3,1,1,2,1022,0.33,1.0,0.5,0.41
PF00707,PF03479,4,3,0,4,3,1019,0.0,0.99,0.0,-0.0,3,0,4,3,1019,0.0,0.99,0.0,-0.0
PF05841,PF13810,2,2,0,2,2,1022,0.0,1.0,0.0,-0.0,2,0,2,2,1022,0.0,1.0,0.0,-0.0
PF02492,PF07683,14,6,5,9,1,1011,0.83,0.99,0.36,0.54,6,5,9,1,1011,0.83,0.99,0.36,0.54
PF00005,PF06422,126,9,9,117,0,900,1.0,0.89,0.07,0.25,9,9,117,0,900,1.0,0.89,0.07,0.25
PF10512,PF10444,0,3,0,0,3,1023,0.0,1.0,0,0,3,0,0,3,1023,0.0,1.0,0,0
PF16217,PF13722,0,1,0,0,1,1025,0.0,1.0,0,0,1,0,0,1,1025,0.0,1.0,0,0
PF06516,PF06108,3,5,0,3,5,1018,0.0,0.99,0.0,-0.0,5,0,3,5,1018,0.0,0.99,0.0,-0.0
PF05824,PF06875,1,0,0,1,0,1025,0,1.0,0.0,0,0,0,1,0,1025,0,1.0,0.0,0
PF05294,PF08093,1,1,1,0,0,1025,1.0,1.0,1.0,1.0,1,1,0,0,1025,1.0,1.0,1.0,1.0
PF10273,PF07052,3,5,0,3,5,1018,0.0,0.99,0.0,-0.0,5,0,3,5,1018,0.0,0.99,0.0,-0.0
PF05621,PF10563,0,0,0,0,0,1026,0,1.0,0,0,0,0,0,0,1026,0,1.0,0,0
PF14435,PF07954,0,1,0,0,1,1025,0.0,1.0,0,0,1,0,0,1,1025,0.0,1.0,0,0
PF00447,PF01985,20,4,3,17,1,1005,0.75,0.98,0.15,0.33,4,3,17,1,1005,0.75,0.98,0.15,0.33
PF13298,PF04090,5,1,0,5,1,1020,0.0,0.99,0.0,-0.0,1,0,5,1,1020,0.0,0.99,0.0,-0.0
PF00444,PF10244,5,1,0,5,1,1020,0.0,0.99,0.0,-0.0,1,0,5,1,1020,0.0,0.99,0.0,-0.0
PF03281,PF07693,11,6,1,10,5,1010,0.17,0.99,0.09,0.12,6,1,10,5,1010,0.17,0.99,0.09,0.12
PF06292,PF10540,10,5,3,7,2,1014,0.6,0.99,0.3,0.42,5,3,7,2,1014,0.6,0.99,0.3,0.42
PF09079,PF16725,4,0,0,4,0,1022,0,1.0,0.0,0,0,0,4,0,1022,0,1.0,0.0,0
PF11789,PF05191,3,8,0,3,8,1015,0.0,0.99,0.0,-0.0,8,0,3,8,1015,0.0,0.99,0.0,-0.0
PF12900,PF12716,1,0,0,1,0,1025,0,1.0,0.0,0,0,0,1,0,1025,0,1.0,0.0,0
PF13340,PF09684,2,0,0,2,0,1024,0,1.0,0.0,0,0,0,2,0,1024,0,1.0,0.0,0
PF06200,PF09425,7,4,4,3,0,1019,1.0,1.0,0.57,0.75,4,4,3,0,1019,1.0,1.0,0.57,0.75
PF02397,PF02719,0,1,0,0,1,1025,0.0,1.0,0,0,1,0,0,1,1025,0.0,1.0,0,0
PF11362,PF15398,2,1,0,2,1,1023,0.0,1.0,0.0,-0.0,1,0,2,1,1023,0.0,1.0,0.0,-0.0
PF00612,PF10580,50,1,1,49,0,976,1.0,0.95,0.02,0.14,1,1,49,0,976,1.0,0.95,0.02,0.14
PF13918,PF13091,4,13,2,2,11,1011,0.15,0.99,0.5,0.27,13,2,2,11,1011,0.15,0.99,0.5,0.27
PF08036,PF15041,1,0,0,1,0,1025,0,1.0,0.0,0,0,0,1,0,1025,0,1.0,0.0,0
PF12931,PF12932,8,5,4,4,1,1017,0.8,1.0,0.5,0.63,5,4,4,1,1017,0.8,1.0,0.5,0.63
PF10430,PF02019,2,3,1,1,2,1022,0.33,1.0,0.5,0.41,3,1,1,2,1022,0.33,1.0,0.5,0.41
PF03472,PF09614,1,0,0,1,0,1025,0,1.0,0.0,0,0,0,1,0,1025,0,1.0,0.0,0
PF06640,PF07988,0,2,0,0,2,1024,0.0,1.0,0,0,2,0,0,2,1024,0.0,1.0,0,0
PF08365,PF00049,0,3,0,0,3,1023,0.0,1.0,0,0,3,0,0,3,1023,0.0,1.0,0,0
PF11443,PF03059,0,4,0,0,4,1022,0.0,1.0,0,0,4,0,0,4,1022,0.0,1.0,0,0
PF01672,PF02259,0,26,0,0,26,1000,0.0,0.97,0,0,26,0,0,26,1000,0.0,0.97,0,0
PF14342,PF05547,4,1,0,4,1,1021,0.0,1.0,0.0,-0.0,1,0,4,1,1021,0.0,1.0,0.0,-0.0
PF10058,PF10217,5,3,0,5,3,1018,0.0,0.99,0.0,-0.0,3,0,5,3,1018,0.0,0.99,0.0,-0.0
PF09996,PF15055,0,0,0,0,0,1026,0,1.0,0,0,0,0,0,0,1026,0,1.0,0,0
PF08362,PF07157,1,0,0,1,0,1025,0,1.0,0.0,0,0,0,1,0,1025,0,1.0,0.0,0
PF01810,PF06756,6,1,0,6,1,1019,0.0,0.99,0.0,-0.0,1,0,6,1,1019,0.0,0.99,0.0,-0.0
PF15622,PF11699,0,2,0,0,2,1024,0.0,1.0,0,0,2,0,0,2,1024,0.0,1.0,0,0
PF11237,PF06412,0,1,0,0,1,1025,0.0,1.0,0,0,1,0,0,1,1025,0.0,1.0,0,0
PF07802,PF06907,1,1,0,1,1,1024,0.0,1.0,0.0,-0.0,1,0,1,1,1024,0.0,1.0,0.0,-0.0
PF01179,PF02728,16,7,7,9,0,1010,1.0,0.99,0.44,0.66,7,7,9,0,1010,1.0,0.99,0.44,0.66
PF11527,PF10501,4,2,0,4,2,1020,0.0,0.99,0.0,-0.0,2,0,4,2,1020,0.0,0.99,0.0,-0.0
PF03965,PF05024,1,4,0,1,4,1021,0.0,1.0,0.0,-0.0,4,0,1,4,1021,0.0,1.0,0.0,-0.0
PF11154,PF15826,1,3,0,1,3,1022,0.0,1.0,0.0,-0.0,3,0,1,3,1022,0.0,1.0,0.0,-0.0
PF07821,PF16028,3,3,1,2,2,1021,0.33,1.0,0.33,0.33,3,1,2,2,1021,0.33,1.0,0.33,0.33
PF05116,PF08472,9,1,1,8,0,1017,1.0,0.99,0.11,0.33,1,1,8,0,1017,1.0,0.99,0.11,0.33
PF13764,PF16399,3,10,0,3,10,1013,0.0,0.99,0.0,-0.01,10,0,3,10,1013,0.0,0.99,0.0,-0.01
PF00462,PF06936,30,3,3,27,0,996,1.0,0.97,0.1,0.31,3,3,27,0,996,1.0,0.97,0.1,0.31
PF10252,PF01632,1,2,0,1,2,1023,0.0,1.0,0.0,-0.0,2,0,1,2,1023,0.0,1.0,0.0,-0.0
PF06984,PF09793,9,7,1,8,6,1011,0.14,0.99,0.11,0.12,7,1,8,6,1011,0.14,0.99,0.11,0.12
PF02446,PF08536,1,2,0,1,2,1023,0.0,1.0,0.0,-0.0,2,0,1,2,1023,0.0,1.0,0.0,-0.0
PF09764,PF03727,6,11,1,5,10,1010,0.09,0.99,0.17,0.12,11,1,5,10,1010,0.09,0.99,0.17,0.12
PF04111,PF15285,9,2,1,8,1,1016,0.5,0.99,0.11,0.23,2,1,8,1,1016,0.5,0.99,0.11,0.23
PF12605,PF08332,4,4,1,3,3,1019,0.25,0.99,0.25,0.25,4,1,3,3,1019,0.25,0.99,0.25,0.25
PF01202,PF01761,9,10,8,1,2,1015,0.8,1.0,0.89,0.84,10,8,1,2,1015,0.8,1.0,0.89,0.84
PF03901,PF10245,22,5,1,21,4,1000,0.2,0.98,0.05,0.09,5,1,21,4,1000,0.2,0.98,0.05,0.09
PF14925,PF13995,1,0,0,1,0,1025,0,1.0,0.0,0,0,0,1,0,1025,0,1.0,0.0,0
PF07339,PF02934,0,9,0,0,9,1017,0.0,0.99,0,0,9,0,0,9,1017,0.0,0.99,0,0
PF08944,PF16621,0,0,0,0,0,1026,0,1.0,0,0,0,0,0,0,1026,0,1.0,0,0
PF02721,PF16900,6,13,5,1,8,1012,0.38,0.99,0.83,0.56,13,5,1,8,1012,0.38,0.99,0.83,0.56
PF00496,PF12911,11,3,2,9,1,1014,0.67,0.99,0.18,0.34,3,2,9,1,1014,0.67,0.99,0.18,0.34
PF11648,PF08061,6,0,0,6,0,1020,0,0.99,0.0,0,0,0,6,0,1020,0,0.99,0.0,0
PF10003,PF07584,0,0,0,0,0,1026,0,1.0,0,0,0,0,0,0,1026,0,1.0,0,0
PF07888,PF04388,3,2,0,3,2,1021,0.0,1.0,0.0,-0.0,2,0,3,2,1021,0.0,1.0,0.0,-0.0
PF03972,PF14027,3,7,1,2,6,1017,0.14,0.99,0.33,0.21,7,1,2,6,1017,0.14,0.99,0.33,0.21
PF06342,PF14799,1,2,0,1,2,1023,0.0,1.0,0.0,-0.0,2,0,1,2,1023,0.0,1.0,0.0,-0.0
PF05591,PF05943,0,0,0,0,0,1026,0,1.0,0,0,0,0,0,0,1026,0,1.0,0,0
PF06229,PF14941,4,0,0,4,0,1022,0,1.0,0.0,0,0,0,4,0,1022,0,1.0,0.0,0
PF17079,PF04966,1,1,0,1,1,1024,0.0,1.0,0.0,-0.0,1,0,1,1,1024,0.0,1.0,0.0,-0.0
PF12165,PF12269,1,4,0,1,4,1021,0.0,1.0,0.0,-0.0,4,0,1,4,1021,0.0,1.0,0.0,-0.0
PF08815,PF16279,2,2,2,0,0,1024,1.0,1.0,1.0,1.0,2,2,0,0,1024,1.0,1.0,1.0,1.0
PF03475,PF11591,1,0,0,1,0,1025,0,1.0,0.0,0,0,0,1,0,1025,0,1.0,0.0,0
PF05109,PF03729,1,0,0,1,0,1025,0,1.0,0.0,0,0,0,1,0,1025,0,1.0,0.0,0
PF03694,PF07281,5,2,1,4,1,1020,0.5,1.0,0.2,0.31,2,1,4,1,1020,0.5,1.0,0.2,0.31
PF13638,PF17215,9,4,3,6,1,1016,0.75,0.99,0.33,0.5,4,3,6,1,1016,0.75,0.99,0.33,0.5
PF15547,PF11402,0,0,0,0,0,1026,0,1.0,0,0,0,0,0,0,1026,0,1.0,0,0
PF11081,PF04355,1,2,0,1,2,1023,0.0,1.0,0.0,-0.0,2,0,1,2,1023,0.0,1.0,0.0,-0.0
PF15091,PF15556,1,1,0,1,1,1024,0.0,1.0,0.0,-0.0,1,0,1,1,1024,0.0,1.0,0.0,-0.0
PF05783,PF14612,5,5,1,4,4,1017,0.2,0.99,0.2,0.2,5,1,4,4,1017,0.2,0.99,0.2,0.2
PF12224,PF16091,3,0,0,3,0,1023,0,1.0,0.0,0,0,0,3,0,1023,0,1.0,0.0,0
PF00388,PF00387,15,13,11,4,2,1009,0.85,0.99,0.73,0.78,13,11,4,2,1009,0.85,0.99,0.73,0.78
PF09488,PF01338,1,1,0,1,1,1024,0.0,1.0,0.0,-0.0,1,0,1,1,1024,0.0,1.0,0.0,-0.0
PF05163,PF09798,0,1,0,0,1,1025,0.0,1.0,0,0,1,0,0,1,1025,0.0,1.0,0,0
PF08325,PF12057,5,2,1,4,1,1020,0.5,1.0,0.2,0.31,2,1,4,1,1020,0.5,1.0,0.2,0.31
PF16399,PF15917,10,0,0,10,0,1016,0,0.99,0.0,0,0,0,10,0,1016,0,0.99,0.0,0
PF00465,PF00171,14,71,10,4,61,951,0.14,0.94,0.71,0.3,71,10,4,61,951,0.14,0.94,0.71,0.3
PF04892,PF09216,0,0,0,0,0,1026,0,1.0,0,0,0,0,0,0,1026,0,1.0,0,0
PF16141,PF01033,0,7,0,0,7,1019,0.0,0.99,0,0,7,0,0,7,1019,0.0,0.99,0,0
PF07137,PF13097,2,2,1,1,1,1023,0.5,1.0,0.5,0.5,2,1,1,1,1023,0.5,1.0,0.5,0.5
PF01968,PF05378,11,11,11,0,0,1015,1.0,1.0,1.0,1.0,11,11,0,0,1015,1.0,1.0,1.0,1.0
PF07297,PF03912,5,1,0,5,1,1020,0.0,0.99,0.0,-0.0,1,0,5,1,1020,0.0,0.99,0.0,-0.0
PF05473,PF12453,2,2,0,2,2,1022,0.0,1.0,0.0,-0.0,2,0,2,2,1022,0.0,1.0,0.0,-0.0
PF08368,PF06743,1,1,1,0,0,1025,1.0,1.0,1.0,1.0,1,1,0,0,1025,1.0,1.0,1.0,1.0
PF09980,PF15114,0,0,0,0,0,1026,0,1.0,0,0,0,0,0,0,1026,0,1.0,0,0
PF03733,PF01699,2,29,2,0,27,997,0.07,0.97,1.0,0.26,29,2,0,27,997,0.07,0.97,1.0,0.26
PF00690,PF16209,34,23,5,29,18,974,0.22,0.95,0.15,0.16,23,5,29,18,974,0.22,0.95,0.15,0.16
PF13689,PF12019,0,2,0,0,2,1024,0.0,1.0,0,0,2,0,0,2,1024,0.0,1.0,0,0
PF14551,PF00493,29,39,29,0,10,987,0.74,0.99,1.0,0.86,39,29,0,10,987,0.74,0.99,1.0,0.86
PF04181,PF08733,4,1,0,4,1,1021,0.0,1.0,0.0,-0.0,1,0,4,1,1021,0.0,1.0,0.0,-0.0
PF01783,PF08583,8,9,1,7,8,1010,0.11,0.99,0.12,0.11,9,1,7,8,1010,0.11,0.99,0.12,0.11
PF00328,PF00201,30,40,11,19,29,967,0.28,0.95,0.37,0.29,40,11,19,29,967,0.28,0.95,0.37,0.29
PF08846,PF08850,0,0,0,0,0,1026,0,1.0,0,0,0,0,0,0,1026,0,1.0,0,0
PF06094,PF02330,8,2,1,7,1,1017,0.5,0.99,0.12,0.25,2,1,7,1,1017,0.5,0.99,0.12,0.25
PF00223,PF00421,6,7,2,4,5,1015,0.29,0.99,0.33,0.3,7,2,4,5,1015,0.29,0.99,0.33,0.3
PF10673,PF08247,0,0,0,0,0,1026,0,1.0,0,0,0,0,0,0,1026,0,1.0,0,0
PF11326,PF01987,3,6,0,3,6,1017,0.0,0.99,0.0,-0.0,6,0,3,6,1017,0.0,0.99,0.0,-0.0
PF16276,PF14186,0,1,0,0,1,1025,0.0,1.0,0,0,1,0,0,1,1025,0.0,1.0,0,0
PF17008,PF11162,0,0,0,0,0,1026,0,1.0,0,0,0,0,0,0,1026,0,1.0,0,0
PF10317,PF10319,5,1,0,5,1,1020,0.0,0.99,0.0,-0.0,1,0,5,1,1020,0.0,0.99,0.0,-0.0
PF08364,PF16658,5,0,0,5,0,1021,0,1.0,0.0,0,0,0,5,0,1021,0,1.0,0.0,0
PF04310,PF03389,2,0,0,2,0,1024,0,1.0,0.0,0,0,0,2,0,1024,0,1.0,0.0,0
PF07812,PF08454,0,12,0,0,12,1014,0.0,0.99,0,0,12,0,0,12,1014,0.0,0.99,0,0
PF07535,PF08630,3,2,2,1,0,1023,1.0,1.0,0.67,0.82,2,2,1,0,1023,1.0,1.0,0.67,0.82
PF08117,PF06134,1,1,0,1,1,1024,0.0,1.0,0.0,-0.0,1,0,1,1,1024,0.0,1.0,0.0,-0.0
PF06744,PF01752,0,1,0,0,1,1025,0.0,1.0,0,0,1,0,0,1,1025,0.0,1.0,0,0
PF10649,PF11418,0,0,0,0,0,1026,0,1.0,0,0,0,0,0,0,1026,0,1.0,0,0
PF15466,PF14885,0,1,0,0,1,1025,0.0,1.0,0,0,1,0,0,1,1025,0.0,1.0,0,0
PF16656,PF14008,17,18,15,2,3,1006,0.83,1.0,0.88,0.86,18,15,2,3,1006,0.83,1.0,0.88,0.86
PF11620,PF04621,1,3,1,0,2,1023,0.33,1.0,1.0,0.58,3,1,0,2,1023,0.33,1.0,1.0,0.58
PF03883,PF15849,1,0,0,1,0,1025,0,1.0,0.0,0,0,0,1,0,1025,0,1.0,0.0,0
PF05977,PF07523,5,0,0,5,0,1021,0,1.0,0.0,0,0,0,5,0,1021,0,1.0,0.0,0
PF00083,PF07690,78,143,43,35,100,848,0.3,0.87,0.55,0.34,143,43,35,100,848,0.3,0.87,0.55,0.34
PF13092,PF13225,4,4,0,4,4,1018,0.0,0.99,0.0,-0.0,4,0,4,4,1018,0.0,0.99,0.0,-0.0
PF00780,PF08826,32,2,2,30,0,994,1.0,0.97,0.06,0.25,2,2,30,0,994,1.0,0.97,0.06,0.25
PF12326,PF13334,4,3,1,3,2,1020,0.33,1.0,0.25,0.29,3,1,3,2,1020,0.33,1.0,0.25,0.29
PF13840,PF10000,12,1,1,11,0,1014,1.0,0.99,0.08,0.29,1,1,11,0,1014,1.0,0.99,0.08,0.29
PF02029,PF15388,5,1,1,4,0,1021,1.0,1.0,0.2,0.45,1,1,4,0,1021,1.0,1.0,0.2,0.45
PF14092,PF11249,0,0,0,0,0,1026,0,1.0,0,0,0,0,0,0,1026,0,1.0,0,0
PF02155,PF02161,4,2,2,2,0,1022,1.0,1.0,0.5,0.71,2,2,2,0,1022,1.0,1.0,0.5,0.71
PF06049,PF09049,1,0,0,1,0,1025,0,1.0,0.0,0,0,0,1,0,1025,0,1.0,0.0,0
PF04925,PF04795,6,4,1,5,3,1017,0.25,0.99,0.17,0.2,4,1,5,3,1017,0.25,0.99,0.17,0.2
PF04545,PF04539,10,7,7,3,0,1016,1.0,1.0,0.7,0.84,7,7,3,0,1016,1.0,1.0,0.7,0.84
PF02349,PF00261,0,11,0,0,11,1015,0.0,0.99,0,0,11,0,0,11,1015,0.0,0.99,0,0
PF08729,PF12480,3,1,0,3,1,1022,0.0,1.0,0.0,-0.0,1,0,3,1,1022,0.0,1.0,0.0,-0.0
PF09829,PF08411,0,1,0,0,1,1025,0.0,1.0,0,0,1,0,0,1,1025,0.0,1.0,0,0
PF08508,PF06485,1,1,0,1,1,1024,0.0,1.0,0.0,-0.0,1,0,1,1,1024,0.0,1.0,0.0,-0.0
PF11016,PF06695,0,0,0,0,0,1026,0,1.0,0,0,0,0,0,0,1026,0,1.0,0,0
PF14362,PF01752,0,1,0,0,1,1025,0.0,1.0,0,0,1,0,0,1,1025,0.0,1.0,0,0
PF02519,PF04535,6,1,1,5,0,1020,1.0,1.0,0.17,0.41,1,1,5,0,1020,1.0,1.0,0.17,0.41
PF02077,PF09778,3,0,0,3,0,1023,0,1.0,0.0,0,0,0,3,0,1023,0,1.0,0.0,0
PF07498,PF07497,6,3,3,3,0,1020,1.0,1.0,0.5,0.71,3,3,3,0,1020,1.0,1.0,0.5,0.71
PF16952,PF12437,2,1,1,1,0,1024,1.0,1.0,0.5,0.71,1,1,1,0,1024,1.0,1.0,0.5,0.71
PF08298,PF14841,0,0,0,0,0,1026,0,1.0,0,0,0,0,0,0,1026,0,1.0,0,0
PF03818,PF00622,0,48,0,0,48,978,0.0,0.95,0,0,48,0,0,48,978,0.0,0.95,0,0
PF01834,PF08605,3,1,0,3,1,1022,0.0,1.0,0.0,-0.0,1,0,3,1,1022,0.0,1.0,0.0,-0.0
PF13864,PF04004,7,8,1,6,7,1012,0.12,0.99,0.14,0.13,8,1,6,7,1012,0.12,0.99,0.14,0.13
PF12014,PF10442,0,0,0,0,0,1026,0,1.0,0,0,0,0,0,0,1026,0,1.0,0,0
PF02671,PF08295,12,9,8,4,1,1013,0.89,1.0,0.67,0.77,9,8,4,1,1013,0.89,1.0,0.67,0.77
PF02367,PF06832,3,0,0,3,0,1023,0,1.0,0.0,0,0,0,3,0,1023,0,1.0,0.0,0
PF03092,PF04859,13,2,0,13,2,1011,0.0,0.99,0.0,-0.01,2,0,13,2,1011,0.0,0.99,0.0,-0.01
PF05223,PF14344,1,1,0,1,1,1024,0.0,1.0,0.0,-0.0,1,0,1,1,1024,0.0,1.0,0.0,-0.0
PF01234,PF05497,2,2,1,1,1,1023,0.5,1.0,0.5,0.5,2,1,1,1,1023,0.5,1.0,0.5,0.5
PF00742,PF03447,7,11,7,0,4,1015,0.64,1.0,1.0,0.8,11,7,0,4,1015,0.64,1.0,1.0,0.8
PF14220,PF09327,1,0,0,1,0,1025,0,1.0,0.0,0,0,0,1,0,1025,0,1.0,0.0,0
PF00010,PF08447,67,20,11,56,9,950,0.55,0.94,0.16,0.28,20,11,56,9,950,0.55,0.94,0.16,0.28
PF16608,PF12938,3,2,0,3,2,1021,0.0,1.0,0.0,-0.0,2,0,3,2,1021,0.0,1.0,0.0,-0.0
PF03949,PF00390,9,14,7,2,7,1010,0.5,0.99,0.78,0.62,14,7,2,7,1010,0.5,0.99,0.78,0.62
PF14690,PF02211,0,1,0,0,1,1025,0.0,1.0,0,0,1,0,0,1,1025,0.0,1.0,0,0
PF01764,PF04577,38,11,6,32,5,983,0.55,0.96,0.16,0.28,11,6,32,5,983,0.55,0.96,0.16,0.28
PF07819,PF12612,5,10,3,2,7,1014,0.3,0.99,0.6,0.42,10,3,2,7,1014,0.3,0.99,0.6,0.42
PF03502,PF03772,0,1,0,0,1,1025,0.0,1.0,0,0,1,0,0,1,1025,0.0,1.0,0,0
PF03690,PF00048,5,6,1,4,5,1016,0.17,0.99,0.2,0.18,6,1,4,5,1016,0.17,0.99,0.2,0.18
PF11623,PF11282,1,0,0,1,0,1025,0,1.0,0.0,0,0,0,1,0,1025,0,1.0,0.0,0
PF01094,PF00211,38,43,22,16,21,967,0.51,0.96,0.58,0.53,43,22,16,21,967,0.51,0.96,0.58,0.53
PF04247,PF08274,0,0,0,0,0,1026,0,1.0,0,0,0,0,0,0,1026,0,1.0,0,0
PF01581,PF08257,4,1,1,3,0,1022,1.0,1.0,0.25,0.5,1,1,3,0,1022,1.0,1.0,0.25,0.5
PF03702,PF12006,6,5,2,4,3,1017,0.4,0.99,0.33,0.36,5,2,4,3,1017,0.4,0.99,0.33,0.36
PF04421,PF14996,3,0,0,3,0,1023,0,1.0,0.0,0,0,0,3,0,1023,0,1.0,0.0,0
PF07243,PF03428,1,0,0,1,0,1025,0,1.0,0.0,0,0,0,1,0,1025,0,1.0,0.0,0
PF00961,PF14528,3,0,0,3,0,1023,0,1.0,0.0,0,0,0,3,0,1023,0,1.0,0.0,0
PF08347,PF13775,0,3,0,0,3,1023,0.0,1.0,0,0,3,0,0,3,1023,0.0,1.0,0,0
PF01328,PF09949,8,5,0,8,5,1013,0.0,0.99,0.0,-0.01,5,0,8,5,1013,0.0,0.99,0.0,-0.01
PF01258,PF12465,4,4,1,3,3,1019,0.25,0.99,0.25,0.25,4,1,3,3,1019,0.25,0.99,0.25,0.25
PF14921,PF12470,0,2,0,0,2,1024,0.0,1.0,0,0,2,0,0,2,1024,0.0,1.0,0,0
PF00390,PF03949,14,9,7,7,2,1010,0.78,0.99,0.5,0.62,9,7,7,2,1010,0.78,0.99,0.5,0.62
PF05733,PF02087,0,0,0,0,0,1026,0,1.0,0,0,0,0,0,0,1026,0,1.0,0,0
PF09270,PF09271,3,3,3,0,0,1023,1.0,1.0,1.0,1.0,3,3,0,0,1023,1.0,1.0,1.0,1.0
PF05182,PF10309,10,5,1,9,4,1012,0.2,0.99,0.1,0.14,5,1,9,4,1012,0.2,0.99,0.1,0.14
PF05104,PF12297,1,1,0,1,1,1024,0.0,1.0,0.0,-0.0,1,0,1,1,1024,0.0,1.0,0.0,-0.0
PF13417,PF02798,34,26,11,23,15,977,0.42,0.96,0.32,0.35,26,11,23,15,977,0.42,0.96,0.32,0.35
PF00011,PF00525,14,0,0,14,0,1012,0,0.99,0.0,0,0,0,14,0,1012,0,0.99,0.0,0
PF02633,PF13322,1,0,0,1,0,1025,0,1.0,0.0,0,0,0,1,0,1025,0,1.0,0.0,0
PF00697,PF00218,2,1,1,1,0,1024,1.0,1.0,0.5,0.71,1,1,1,0,1024,1.0,1.0,0.5,0.71
PF02533,PF15171,3,1,0,3,1,1022,0.0,1.0,0.0,-0.0,1,0,3,1,1022,0.0,1.0,0.0,-0.0
PF14541,PF14543,18,18,15,3,3,1005,0.83,0.99,0.83,0.83,18,15,3,3,1005,0.83,0.99,0.83,0.83
PF07348,PF16033,0,1,0,0,1,1025,0.0,1.0,0,0,1,0,0,1,1025,0.0,1.0,0,0
PF03612,PF03829,2,2,2,0,0,1024,1.0,1.0,1.0,1.0,2,2,0,0,1024,1.0,1.0,1.0,1.0
PF09533,PF15212,0,0,0,0,0,1026,0,1.0,0,0,0,0,0,0,1026,0,1.0,0,0
PF06252,PF02080,0,4,0,0,4,1022,0.0,1.0,0,0,4,0,0,4,1022,0.0,1.0,0,0
PF15238,PF15374,0,0,0,0,0,1026,0,1.0,0,0,0,0,0,0,1026,0,1.0,0,0
PF09430,PF08315,7,7,0,7,7,1012,0.0,0.99,0.0,-0.01,7,0,7,7,1012,0.0,0.99,0.0,-0.01
PF04307,PF14985,1,1,0,1,1,1024,0.0,1.0,0.0,-0.0,1,0,1,1,1024,0.0,1.0,0.0,-0.0
PF11788,PF15916,10,0,0,10,0,1016,0,0.99,0.0,0,0,0,10,0,1016,0,0.99,0.0,0
PF12430,PF12537,6,6,6,0,0,1020,1.0,1.0,1.0,1.0,6,6,0,0,1020,1.0,1.0,1.0,1.0
PF15292,PF15090,0,1,0,0,1,1025,0.0,1.0,0,0,1,0,0,1,1025,0.0,1.0,0,0
PF14124,PF04848,0,2,0,0,2,1024,0.0,1.0,0,0,2,0,0,2,1024,0.0,1.0,0,0
PF06542,PF06581,2,1,0,2,1,1023,0.0,1.0,0.0,-0.0,1,0,2,1,1023,0.0,1.0,0.0,-0.0
PF15188,PF15556,0,1,0,0,1,1025,0.0,1.0,0,0,1,0,0,1,1025,0.0,1.0,0,0
PF06377,PF08738,1,0,0,1,0,1025,0,1.0,0.0,0,0,0,1,0,1025,0,1.0,0.0,0
PF15068,PF16590,2,0,0,2,0,1024,0,1.0,0.0,0,0,0,2,0,1024,0,1.0,0.0,0
PF02433,PF12139,2,0,0,2,0,1024,0,1.0,0.0,0,0,0,2,0,1024,0,1.0,0.0,0
PF04472,PF03065,1,1,0,1,1,1024,0.0,1.0,0.0,-0.0,1,0,1,1,1024,0.0,1.0,0.0,-0.0
PF00942,PF02927,1,1,1,0,0,1025,1.0,1.0,1.0,1.0,1,1,0,0,1025,1.0,1.0,1.0,1.0
PF12824,PF07856,4,6,1,3,5,1017,0.17,0.99,0.25,0.2,6,1,3,5,1017,0.17,0.99,0.25,0.2
PF14517,PF08535,0,1,0,0,1,1025,0.0,1.0,0,0,1,0,0,1,1025,0.0,1.0,0,0
PF15141,PF15212,0,0,0,0,0,1026,0,1.0,0,0,0,0,0,0,1026,0,1.0,0,0
PF02361,PF06695,2,0,0,2,0,1024,0,1.0,0.0,0,0,0,2,0,1024,0,1.0,0.0,0
PF09288,PF10520,1,3,0,1,3,1022,0.0,1.0,0.0,-0.0,3,0,1,3,1022,0.0,1.0,0.0,-0.0
PF10613,PF00497,24,15,9,15,6,996,0.6,0.98,0.38,0.46,15,9,15,6,996,0.6,0.98,0.38,0.46
PF15921,PF12180,0,1,0,0,1,1025,0.0,1.0,0,0,1,0,0,1,1025,0.0,1.0,0,0
PF16326,PF01032,1,2,0,1,2,1023,0.0,1.0,0.0,-0.0,2,0,1,2,1023,0.0,1.0,0.0,-0.0
PF14989,PF10195,0,1,0,0,1,1025,0.0,1.0,0,0,1,0,0,1,1025,0.0,1.0,0,0
PF06702,PF15051,7,1,1,6,0,1019,1.0,0.99,0.14,0.38,1,1,6,0,1019,1.0,0.99,0.14,0.38
PF07364,PF07171,2,2,2,0,0,1024,1.0,1.0,1.0,1.0,2,2,0,0,1024,1.0,1.0,1.0,1.0
PF10559,PF00344,9,12,9,0,3,1014,0.75,1.0,1.0,0.86,12,9,0,3,1014,0.75,1.0,1.0,0.86
PF13628,PF05707,0,0,0,0,0,1026,0,1.0,0,0,0,0,0,0,1026,0,1.0,0,0
PF04788,PF03195,1,4,0,1,4,1021,0.0,1.0,0.0,-0.0,4,0,1,4,1021,0.0,1.0,0.0,-0.0
PF12869,PF04122,1,0,0,1,0,1025,0,1.0,0.0,0,0,0,1,0,1025,0,1.0,0.0,0
PF09173,PF16658,1,0,0,1,0,1025,0,1.0,0.0,0,0,0,1,0,1025,0,1.0,0.0,0
PF15464,PF17049,0,1,0,0,1,1025,0.0,1.0,0,0,1,0,0,1,1025,0.0,1.0,0,0
PF08264,PF00133,32,36,27,5,9,985,0.75,0.99,0.84,0.79,36,27,5,9,985,0.75,0.99,0.84,0.79
PF13985,PF12431,2,1,1,1,0,1024,1.0,1.0,0.5,0.71,1,1,1,0,1024,1.0,1.0,0.5,0.71
PF15866,PF15248,4,1,0,4,1,1021,0.0,1.0,0.0,-0.0,1,0,4,1,1021,0.0,1.0,0.0,-0.0
PF10328,PF10323,13,8,4,9,4,1009,0.5,0.99,0.31,0.39,8,4,9,4,1009,0.5,0.99,0.31,0.39
PF08660,PF06925,7,2,0,7,2,1017,0.0,0.99,0.0,-0.0,2,0,7,2,1017,0.0,0.99,0.0,-0.0
PF01397,PF03936,7,11,7,0,4,1015,0.64,1.0,1.0,0.8,11,7,0,4,1015,0.64,1.0,1.0,0.8
PF14289,PF05421,1,1,1,0,0,1025,1.0,1.0,1.0,1.0,1,1,0,0,1025,1.0,1.0,1.0,1.0
PF15798,PF15089,2,0,0,2,0,1024,0,1.0,0.0,0,0,0,2,0,1024,0,1.0,0.0,0
PF17186,PF07143,1,1,1,0,0,1025,1.0,1.0,1.0,1.0,1,1,0,0,1025,1.0,1.0,1.0,1.0
PF16855,PF04101,0,9,0,0,9,1017,0.0,0.99,0,0,9,0,0,9,1017,0.0,0.99,0,0
PF01090,PF02285,11,0,0,11,0,1015,0,0.99,0.0,0,0,0,11,0,1015,0,0.99,0.0,0
PF00004,PF12037,131,2,2,129,0,895,1.0,0.87,0.02,0.12,2,2,129,0,895,1.0,0.87,0.02,0.12
PF12539,PF06887,4,0,0,4,0,1022,0,1.0,0.0,0,0,0,4,0,1022,0,1.0,0.0,0
PF14121,PF02820,0,19,0,0,19,1007,0.0,0.98,0,0,19,0,0,19,1007,0.0,0.98,0,0
PF08345,PF03428,2,0,0,2,0,1024,0,1.0,0.0,0,0,0,2,0,1024,0,1.0,0.0,0
PF08246,PF00112,17,38,16,1,22,987,0.42,0.98,0.94,0.62,38,16,1,22,987,0.42,0.98,0.94,0.62
PF10565,PF04069,0,5,0,0,5,1021,0.0,1.0,0,0,5,0,0,5,1021,0.0,1.0,0,0
PF07337,PF10988,0,0,0,0,0,1026,0,1.0,0,0,0,0,0,0,1026,0,1.0,0,0
PF09106,PF09107,1,1,1,0,0,1025,1.0,1.0,1.0,1.0,1,1,0,0,1025,1.0,1.0,1.0,1.0
PF08939,PF10161,4,3,0,4,3,1019,0.0,0.99,0.0,-0.0,3,0,4,3,1019,0.0,0.99,0.0,-0.0
PF04072,PF13673,9,13,4,5,9,1008,0.31,0.99,0.44,0.36,13,4,5,9,1008,0.31,0.99,0.44,0.36
PF02916,PF11604,1,0,0,1,0,1025,0,1.0,0.0,0,0,0,1,0,1025,0,1.0,0.0,0
PF02800,PF00044,14,13,10,4,3,1009,0.77,0.99,0.71,0.74,13,10,4,3,1009,0.77,0.99,0.71,0.74
PF00425,PF04715,10,9,8,2,1,1015,0.89,1.0,0.8,0.84,9,8,2,1,1015,0.89,1.0,0.8,0.84
PF14490,PF15128,0,1,0,0,1,1025,0.0,1.0,0,0,1,0,0,1,1025,0.0,1.0,0,0
PF15315,PF05135,0,0,0,0,0,1026,0,1.0,0,0,0,0,0,0,1026,0,1.0,0,0
PF00867,PF12247,27,3,3,24,0,999,1.0,0.98,0.11,0.33,3,3,24,0,999,1.0,0.98,0.11,0.33
PF00163,PF00900,8,8,0,8,8,1010,0.0,0.98,0.0,-0.01,8,0,8,8,1010,0.0,0.98,0.0,-0.01
PF07402,PF13471,0,3,0,0,3,1023,0.0,1.0,0,0,3,0,0,3,1023,0.0,1.0,0,0
PF12932,PF12931,5,8,4,1,4,1017,0.5,1.0,0.8,0.63,8,4,1,4,1017,0.5,1.0,0.8,0.63
PF02256,PF02906,3,9,3,0,6,1017,0.33,0.99,1.0,0.58,9,3,0,6,1017,0.33,0.99,1.0,0.58
PF04612,PF11612,3,3,2,1,1,1022,0.67,1.0,0.67,0.67,3,2,1,1,1022,0.67,1.0,0.67,0.67
PF13395,PF13635,0,0,0,0,0,1026,0,1.0,0,0,0,0,0,0,1026,0,1.0,0,0
PF07953,PF15394,4,2,1,3,1,1021,0.5,1.0,0.25,0.35,2,1,3,1,1021,0.5,1.0,0.25,0.35
PF06469,PF14844,1,18,1,0,17,1008,0.06,0.98,1.0,0.23,18,1,0,17,1008,0.06,0.98,1.0,0.23
PF10378,PF12178,1,2,0,1,2,1023,0.0,1.0,0.0,-0.0,2,0,1,2,1023,0.0,1.0,0.0,-0.0
PF13361,PF00580,12,9,8,4,1,1013,0.89,1.0,0.67,0.77,9,8,4,1,1013,0.89,1.0,0.67,0.77
PF10629,PF05782,0,1,0,0,1,1025,0.0,1.0,0,0,1,0,0,1,1025,0.0,1.0,0,0
PF00752,PF12246,21,3,3,18,0,1005,1.0,0.98,0.14,0.37,3,3,18,0,1005,1.0,0.98,0.14,0.37
PF16058,PF08674,3,0,0,3,0,1023,0,1.0,0.0,0,0,0,3,0,1023,0,1.0,0.0,0
PF08525,PF16824,0,0,0,0,0,1026,0,1.0,0,0,0,0,0,0,1026,0,1.0,0,0
PF08488,PF14380,1,5,1,0,4,1021,0.2,1.0,1.0,0.45,5,1,0,4,1021,0.2,1.0,1.0,0.45
PF06056,PF03553,1,1,0,1,1,1024,0.0,1.0,0.0,-0.0,1,0,1,1,1024,0.0,1.0,0.0,-0.0
PF12465,PF10584,4,20,2,2,18,1004,0.1,0.98,0.5,0.22,20,2,2,18,1004,0.1,0.98,0.5,0.22
PF01825,PF02793,20,11,6,14,5,1001,0.55,0.98,0.3,0.4,11,6,14,5,1001,0.55,0.98,0.3,0.4
PF03439,PF11942,9,4,4,5,0,1017,1.0,1.0,0.44,0.67,4,4,5,0,1017,1.0,1.0,0.44,0.67
PF13683,PF08298,3,0,0,3,0,1023,0,1.0,0.0,0,0,0,3,0,1023,0,1.0,0.0,0
PF04363,PF03869,0,0,0,0,0,1026,0,1.0,0,0,0,0,0,0,1026,0,1.0,0,0
PF00056,PF02866,17,12,12,5,0,1009,1.0,1.0,0.71,0.84,12,12,5,0,1009,1.0,1.0,0.71,0.84
PF03866,PF13089,0,0,0,0,0,1026,0,1.0,0,0,0,0,0,0,1026,0,1.0,0,0
PF03235,PF13810,1,2,0,1,2,1023,0.0,1.0,0.0,-0.0,2,0,1,2,1023,0.0,1.0,0.0,-0.0
PF16060,PF03703,1,0,0,1,0,1025,0,1.0,0.0,0,0,0,1,0,1025,0,1.0,0.0,0
PF13280,PF09012,0,1,0,0,1,1025,0.0,1.0,0,0,1,0,0,1,1025,0.0,1.0,0,0
PF08502,PF02436,5,4,1,4,3,1018,0.25,0.99,0.2,0.22,4,1,4,3,1018,0.25,0.99,0.2,0.22
PF07222,PF15093,2,0,0,2,0,1024,0,1.0,0.0,0,0,0,2,0,1024,0,1.0,0.0,0
PF01311,PF01752,2,1,0,2,1,1023,0.0,1.0,0.0,-0.0,1,0,2,1,1023,0.0,1.0,0.0,-0.0
PF03653,PF00986,0,7,0,0,7,1019,0.0,0.99,0,0,7,0,0,7,1019,0.0,0.99,0,0
PF05344,PF01529,0,45,0,0,45,981,0.0,0.96,0,0,45,0,0,45,981,0.0,0.96,0,0
PF11946,PF00114,0,1,0,0,1,1025,0.0,1.0,0,0,1,0,0,1,1025,0.0,1.0,0,0
PF02113,PF02277,1,1,0,1,1,1024,0.0,1.0,0.0,-0.0,1,0,1,1,1024,0.0,1.0,0.0,-0.0
PF10354,PF03147,3,9,0,3,9,1014,0.0,0.99,0.0,-0.01,9,0,3,9,1014,0.0,0.99,0.0,-0.01
PF11109,PF05857,0,0,0,0,0,1026,0,1.0,0,0,0,0,0,0,1026,0,1.0,0,0
PF08848,PF05448,0,2,0,0,2,1024,0.0,1.0,0,0,2,0,0,2,1024,0.0,1.0,0,0
PF05564,PF11317,0,0,0,0,0,1026,0,1.0,0,0,0,0,0,0,1026,0,1.0,0,0
PF04479,PF12296,16,3,3,13,0,1010,1.0,0.99,0.19,0.43,3,3,13,0,1010,1.0,0.99,0.19,0.43
PF02060,PF15370,3,3,0,3,3,1020,0.0,0.99,0.0,-0.0,3,0,3,3,1020,0.0,0.99,0.0,-0.0
PF05300,PF16954,2,2,0,2,2,1022,0.0,1.0,0.0,-0.0,2,0,2,2,1022,0.0,1.0,0.0,-0.0
PF03587,PF05915,2,0,0,2,0,1024,0,1.0,0.0,0,0,0,2,0,1024,0,1.0,0.0,0
PF14648,PF14647,1,1,1,0,0,1025,1.0,1.0,1.0,1.0,1,1,0,0,1025,1.0,1.0,1.0,1.0
PF16682,PF16685,3,2,2,1,0,1023,1.0,1.0,0.67,0.82,2,2,1,0,1023,1.0,1.0,0.67,0.82
PF01081,PF07582,2,0,0,2,0,1024,0,1.0,0.0,0,0,0,2,0,1024,0,1.0,0.0,0
PF04987,PF01663,10,24,6,4,18,998,0.25,0.98,0.6,0.38,24,6,4,18,998,0.25,0.98,0.6,0.38
PF08358,PF03498,0,1,0,0,1,1025,0.0,1.0,0,0,1,0,0,1,1025,0.0,1.0,0,0
PF01593,PF02353,34,10,6,28,4,988,0.6,0.97,0.18,0.31,10,6,28,4,988,0.6,0.97,0.18,0.31
PF05100,PF06805,0,0,0,0,0,1026,0,1.0,0,0,0,0,0,0,1026,0,1.0,0,0
PF00187,PF00967,11,3,3,8,0,1015,1.0,0.99,0.27,0.52,3,3,8,0,1015,1.0,0.99,0.27,0.52
PF15669,PF06989,0,0,0,0,0,1026,0,1.0,0,0,0,0,0,0,1026,0,1.0,0,0
PF05397,PF15624,6,1,1,5,0,1020,1.0,1.0,0.17,0.41,1,1,5,0,1020,1.0,1.0,0.17,0.41
PF01423,PF05907,48,6,5,43,1,977,0.83,0.96,0.1,0.29,6,5,43,1,977,0.83,0.96,0.1,0.29
PF09234,PF03268,1,0,0,1,0,1025,0,1.0,0.0,0,0,0,1,0,1025,0,1.0,0.0,0
PF05295,PF10285,0,0,0,0,0,1026,0,1.0,0,0,0,0,0,0,1026,0,1.0,0,0
PF00536,PF07647,44,29,21,23,8,974,0.72,0.97,0.48,0.57,29,21,23,8,974,0.72,0.97,0.48,0.57
PF13230,PF02683,4,5,0,4,5,1017,0.0,0.99,0.0,-0.0,5,0,4,5,1017,0.0,0.99,0.0,-0.0
PF15499,PF15255,0,0,0,0,0,1026,0,1.0,0,0,0,0,0,0,1026,0,1.0,0,0
PF08546,PF02558,14,18,14,0,4,1008,0.78,1.0,1.0,0.88,18,14,0,4,1008,0.78,1.0,1.0,0.88
PF16944,PF05508,3,0,0,3,0,1023,0,1.0,0.0,0,0,0,3,0,1023,0,1.0,0.0,0
PF08647,PF10375,5,0,0,5,0,1021,0,1.0,0.0,0,0,0,5,0,1021,0,1.0,0.0,0
PF04202,PF16469,0,0,0,0,0,1026,0,1.0,0,0,0,0,0,0,1026,0,1.0,0,0
PF07762,PF04859,8,2,0,8,2,1016,0.0,0.99,0.0,-0.0,2,0,8,2,1016,0.0,0.99,0.0,-0.0
PF07778,PF16061,3,2,0,3,2,1021,0.0,1.0,0.0,-0.0,2,0,3,2,1021,0.0,1.0,0.0,-0.0
PF09951,PF08453,0,1,0,0,1,1025,0.0,1.0,0,0,1,0,0,1,1025,0.0,1.0,0,0
PF00529,PF04984,3,0,0,3,0,1023,0,1.0,0.0,0,0,0,3,0,1023,0,1.0,0.0,0
PF04199,PF11807,13,8,3,10,5,1008,0.38,0.99,0.23,0.29,8,3,10,5,1008,0.38,0.99,0.23,0.29
PF11759,PF15480,0,0,0,0,0,1026,0,1.0,0,0,0,0,0,0,1026,0,1.0,0,0
PF06691,PF11130,1,0,0,1,0,1025,0,1.0,0.0,0,0,0,1,0,1025,0,1.0,0.0,0
PF13953,PF13954,7,4,4,3,0,1019,1.0,1.0,0.57,0.75,4,4,3,0,1019,1.0,1.0,0.57,0.75
PF14224,PF15984,0,0,0,0,0,1026,0,1.0,0,0,0,0,0,0,1026,0,1.0,0,0
PF15667,PF03244,0,1,0,0,1,1025,0.0,1.0,0,0,1,0,0,1,1025,0.0,1.0,0,0
PF11540,PF04494,1,9,0,1,9,1016,0.0,0.99,0.0,-0.0,9,0,1,9,1016,0.0,0.99,0.0,-0.0
PF16500,PF13825,2,0,0,2,0,1024,0,1.0,0.0,0,0,0,2,0,1024,0,1.0,0.0,0
PF10722,PF04222,0,0,0,0,0,1026,0,1.0,0,0,0,0,0,0,1026,0,1.0,0,0
PF08976,PF13833,1,36,1,0,35,990,0.03,0.97,1.0,0.16,36,1,0,35,990,0.03,0.97,1.0,0.16
PF08903,PF05138,0,1,0,0,1,1025,0.0,1.0,0,0,1,0,0,1,1025,0.0,1.0,0,0
PF02679,PF10703,3,1,1,2,0,1023,1.0,1.0,0.33,0.58,1,1,2,0,1023,1.0,1.0,0.33,0.58
PF15691,PF15741,0,1,0,0,1,1025,0.0,1.0,0,0,1,0,0,1,1025,0.0,1.0,0,0
PF13576,PF08744,1,0,0,1,0,1025,0,1.0,0.0,0,0,0,1,0,1025,0,1.0,0.0,0
PF04952,PF01114,3,2,0,3,2,1021,0.0,1.0,0.0,-0.0,2,0,3,2,1021,0.0,1.0,0.0,-0.0
PF01392,PF01534,15,6,3,12,3,1008,0.5,0.99,0.2,0.31,6,3,12,3,1008,0.5,0.99,0.2,0.31
PF03039,PF15556,1,1,0,1,1,1024,0.0,1.0,0.0,-0.0,1,0,1,1,1024,0.0,1.0,0.0,-0.0
PF07904,PF06989,3,0,0,3,0,1023,0,1.0,0.0,0,0,0,3,0,1023,0,1.0,0.0,0
PF03403,PF07470,13,12,3,10,9,1004,0.25,0.98,0.23,0.23,12,3,10,9,1004,0.25,0.98,0.23,0.23
PF01756,PF14749,13,15,10,3,5,1008,0.67,0.99,0.77,0.71,15,10,3,5,1008,0.67,0.99,0.77,0.71
PF03496,PF09372,2,0,0,2,0,1024,0,1.0,0.0,0,0,0,2,0,1024,0,1.0,0.0,0
PF02305,PF11751,2,0,0,2,0,1024,0,1.0,0.0,0,0,0,2,0,1024,0,1.0,0.0,0
PF15625,PF16056,0,1,0,0,1,1025,0.0,1.0,0,0,1,0,0,1,1025,0.0,1.0,0,0
PF15449,PF15302,1,0,0,1,0,1025,0,1.0,0.0,0,0,0,1,0,1025,0,1.0,0.0,0
PF08252,PF06508,0,3,0,0,3,1023,0.0,1.0,0,0,3,0,0,3,1023,0.0,1.0,0,0
PF02701,PF09816,7,4,0,7,4,1015,0.0,0.99,0.0,-0.01,4,0,7,4,1015,0.0,0.99,0.0,-0.01
PF03524,PF10618,8,0,0,8,0,1018,0,0.99,0.0,0,0,0,8,0,1018,0,0.99,0.0,0
PF03242,PF03386,2,0,0,2,0,1024,0,1.0,0.0,0,0,0,2,0,1024,0,1.0,0.0,0
PF01483,PF16470,12,7,7,5,0,1014,1.0,1.0,0.58,0.76,7,7,5,0,1014,1.0,1.0,0.58,0.76
PF15808,PF16700,2,1,0,2,1,1023,0.0,1.0,0.0,-0.0,1,0,2,1,1023,0.0,1.0,0.0,-0.0
PF13103,PF03749,3,2,0,3,2,1021,0.0,1.0,0.0,-0.0,2,0,3,2,1021,0.0,1.0,0.0,-0.0
PF07959,PF10509,3,8,1,2,7,1016,0.12,0.99,0.33,0.2,8,1,2,7,1016,0.12,0.99,0.33,0.2
PF05443,PF11862,1,1,0,1,1,1024,0.0,1.0,0.0,-0.0,1,0,1,1,1024,0.0,1.0,0.0,-0.0
PF03101,PF04434,18,14,8,10,6,1002,0.57,0.98,0.44,0.5,14,8,10,6,1002,0.57,0.98,0.44,0.5
PF05675,PF01118,0,6,0,0,6,1020,0.0,0.99,0,0,6,0,0,6,1020,0.0,0.99,0,0
PF14847,PF16533,3,0,0,3,0,1023,0,1.0,0.0,0,0,0,3,0,1023,0,1.0,0.0,0
PF01781,PF08269,6,0,0,6,0,1020,0,0.99,0.0,0,0,0,6,0,1020,0,0.99,0.0,0
PF04336,PF12854,1,35,0,1,35,990,0.0,0.96,0.0,-0.01,35,0,1,35,990,0.0,0.96,0.0,-0.01
PF09038,PF15997,0,0,0,0,0,1026,0,1.0,0,0,0,0,0,0,1026,0,1.0,0,0
PF04533,PF04311,0,0,0,0,0,1026,0,1.0,0,0,0,0,0,0,1026,0,1.0,0,0
PF06461,PF08074,8,8,8,0,0,1018,1.0,1.0,1.0,1.0,8,8,0,0,1018,1.0,1.0,1.0,1.0
PF15918,PF15759,0,0,0,0,0,1026,0,1.0,0,0,0,0,0,0,1026,0,1.0,0,0
PF04947,PF07882,1,1,0,1,1,1024,0.0,1.0,0.0,-0.0,1,0,1,1,1024,0.0,1.0,0.0,-0.0
PF02753,PF11614,5,2,0,5,2,1019,0.0,0.99,0.0,-0.0,2,0,5,2,1019,0.0,0.99,0.0,-0.0
PF09138,PF08228,8,1,0,8,1,1017,0.0,0.99,0.0,-0.0,1,0,8,1,1017,0.0,0.99,0.0,-0.0
PF07859,PF06350,46,7,7,39,0,980,1.0,0.96,0.15,0.38,7,7,39,0,980,1.0,0.96,0.15,0.38
PF08397,PF12026,8,0,0,8,0,1018,0,0.99,0.0,0,0,0,8,0,1018,0,0.99,0.0,0
PF08561,PF04716,5,10,0,5,10,1011,0.0,0.99,0.0,-0.01,10,0,5,10,1011,0.0,0.99,0.0,-0.01
PF03953,PF12327,33,0,0,33,0,993,0,0.97,0.0,0,0,0,33,0,993,0,0.97,0.0,0
PF06484,PF05593,3,4,1,2,3,1020,0.25,1.0,0.33,0.29,4,1,2,3,1020,0.25,1.0,0.33,0.29
PF10438,PF09087,1,1,1,0,0,1025,1.0,1.0,1.0,1.0,1,1,0,0,1025,1.0,1.0,1.0,1.0
PF03988,PF00865,0,3,0,0,3,1023,0.0,1.0,0,0,3,0,0,3,1023,0.0,1.0,0,0
PF10036,PF15374,7,0,0,7,0,1019,0,0.99,0.0,0,0,0,7,0,1019,0,0.99,0.0,0
PF00491,PF13023,10,7,4,6,3,1013,0.57,0.99,0.4,0.47,7,4,6,3,1013,0.57,0.99,0.4,0.47
PF08646,PF16900,17,13,12,5,1,1008,0.92,0.99,0.71,0.8,13,12,5,1,1008,0.92,0.99,0.71,0.8
PF15160,PF05418,0,1,0,0,1,1025,0.0,1.0,0,0,1,0,0,1,1025,0.0,1.0,0,0
PF04499,PF04109,8,4,1,7,3,1015,0.25,0.99,0.12,0.17,4,1,7,3,1015,0.25,0.99,0.12,0.17
PF01534,PF01392,6,15,3,3,12,1008,0.2,0.99,0.5,0.31,15,3,3,12,1008,0.2,0.99,0.5,0.31
PF03782,PF00094,15,27,13,2,14,997,0.48,0.98,0.87,0.64,27,13,2,14,997,0.48,0.98,0.87,0.64
PF16124,PF09382,20,14,13,7,1,1005,0.93,0.99,0.65,0.77,14,13,7,1,1005,0.93,0.99,0.65,0.77
PF10436,PF09239,16,1,0,16,1,1009,0.0,0.98,0.0,-0.0,1,0,16,1,1009,0.0,0.98,0.0,-0.0
PF15010,PF01705,0,5,0,0,5,1021,0.0,1.0,0,0,5,0,0,5,1021,0.0,1.0,0,0
PF03253,PF03285,2,1,0,2,1,1023,0.0,1.0,0.0,-0.0,1,0,2,1,1023,0.0,1.0,0.0,-0.0
PF02982,PF07464,5,1,0,5,1,1020,0.0,0.99,0.0,-0.0,1,0,5,1,1020,0.0,0.99,0.0,-0.0
PF10000,PF13840,1,12,1,0,11,1014,0.08,0.99,1.0,0.29,12,1,0,11,1014,0.08,0.99,1.0,0.29
PF10333,PF09428,0,1,0,0,1,1025,0.0,1.0,0,0,1,0,0,1,1025,0.0,1.0,0,0
PF12578,PF00814,5,16,1,4,15,1006,0.06,0.98,0.2,0.1,16,1,4,15,1006,0.06,0.98,0.2,0.1
PF01849,PF01279,12,1,0,12,1,1013,0.0,0.99,0.0,-0.0,1,0,12,1,1013,0.0,0.99,0.0,-0.0
PF05795,PF13206,2,0,0,2,0,1024,0,1.0,0.0,0,0,0,2,0,1024,0,1.0,0.0,0
PF02330,PF06749,2,2,0,2,2,1022,0.0,1.0,0.0,-0.0,2,0,2,2,1022,0.0,1.0,0.0,-0.0
PF16192,PF02366,9,8,8,1,0,1017,1.0,1.0,0.89,0.94,8,8,1,0,1017,1.0,1.0,0.89,0.94
PF08995,PF11934,0,3,0,0,3,1023,0.0,1.0,0,0,3,0,0,3,1023,0.0,1.0,0,0
PF04724,PF07816,4,0,0,4,0,1022,0,1.0,0.0,0,0,0,4,0,1022,0,1.0,0.0,0
PF15633,PF15482,0,0,0,0,0,1026,0,1.0,0,0,0,0,0,0,1026,0,1.0,0,0
PF00772,PF13662,3,3,1,2,2,1021,0.33,1.0,0.33,0.33,3,1,2,2,1021,0.33,1.0,0.33,0.33
PF08180,PF04835,0,0,0,0,0,1026,0,1.0,0,0,0,0,0,0,1026,0,1.0,0,0
PF04796,PF15097,0,0,0,0,0,1026,0,1.0,0,0,0,0,0,0,1026,0,1.0,0,0
PF08373,PF08368,8,1,1,7,0,1018,1.0,0.99,0.12,0.35,1,1,7,0,1018,1.0,0.99,0.12,0.35
PF10067,PF08058,0,1,0,0,1,1025,0.0,1.0,0,0,1,0,0,1,1025,0.0,1.0,0,0
PF00514,PF16689,35,1,1,34,0,991,1.0,0.97,0.03,0.17,1,1,34,0,991,1.0,0.97,0.03,0.17
PF09014,PF10511,0,0,0,0,0,1026,0,1.0,0,0,0,0,0,0,1026,0,1.0,0,0
PF00484,PF04178,12,11,6,6,5,1009,0.55,0.99,0.5,0.52,11,6,6,5,1009,0.55,0.99,0.5,0.52
PF01071,PF02843,8,8,8,0,0,1018,1.0,1.0,1.0,1.0,8,8,0,0,1018,1.0,1.0,1.0,1.0
PF11116,PF05202,1,1,0,1,1,1024,0.0,1.0,0.0,-0.0,1,0,1,1,1024,0.0,1.0,0.0,-0.0
PF13959,PF16124,17,20,7,10,13,996,0.35,0.98,0.41,0.37,20,7,10,13,996,0.35,0.98,0.41,0.37
PF13291,PF06780,3,0,0,3,0,1023,0,1.0,0.0,0,0,0,3,0,1023,0,1.0,0.0,0
PF04351,PF11741,0,0,0,0,0,1026,0,1.0,0,0,0,0,0,0,1026,0,1.0,0,0
PF14838,PF14837,2,2,2,0,0,1024,1.0,1.0,1.0,1.0,2,2,0,0,1024,1.0,1.0,1.0,1.0
PF03485,PF05746,9,18,7,2,11,1006,0.39,0.99,0.78,0.54,18,7,2,11,1006,0.39,0.99,0.78,0.54
PF14732,PF16191,6,1,0,6,1,1019,0.0,0.99,0.0,-0.0,1,0,6,1,1019,0.0,0.99,0.0,-0.0
PF15255,PF05041,0,2,0,0,2,1024,0.0,1.0,0,0,2,0,0,2,1024,0.0,1.0,0,0
PF06682,PF14941,6,0,0,6,0,1020,0,0.99,0.0,0,0,0,6,0,1020,0,0.99,0.0,0
PF11921,PF10428,0,1,0,0,1,1025,0.0,1.0,0,0,1,0,0,1,1025,0.0,1.0,0,0
PF06119,PF03782,13,15,11,2,4,1009,0.73,0.99,0.85,0.78,15,11,2,4,1009,0.73,0.99,0.85,0.78
PF04106,PF08561,9,5,0,9,5,1012,0.0,0.99,0.0,-0.01,5,0,9,5,1012,0.0,0.99,0.0,-0.01
PF05478,PF06473,1,0,0,1,0,1025,0,1.0,0.0,0,0,0,1,0,1025,0,1.0,0.0,0
PF05117,PF02217,0,1,0,0,1,1025,0.0,1.0,0,0,1,0,0,1,1025,0.0,1.0,0,0
PF05035,PF00356,3,9,1,2,8,1015,0.11,0.99,0.33,0.19,9,1,2,8,1015,0.11,0.99,0.33,0.19
PF01557,PF09298,26,13,13,13,0,1000,1.0,0.99,0.5,0.7,13,13,13,0,1000,1.0,0.99,0.5,0.7
PF13178,PF10580,2,1,0,2,1,1023,0.0,1.0,0.0,-0.0,1,0,2,1,1023,0.0,1.0,0.0,-0.0
PF00295,PF12708,19,8,3,16,5,1002,0.38,0.98,0.16,0.23,8,3,16,5,1002,0.38,0.98,0.16,0.23
PF10397,PF08328,7,2,0,7,2,1017,0.0,0.99,0.0,-0.0,2,0,7,2,1017,0.0,0.99,0.0,-0.0
PF00338,PF10259,12,6,2,10,4,1010,0.33,0.99,0.17,0.23,6,2,10,4,1010,0.33,0.99,0.17,0.23
PF11251,PF16968,0,1,0,0,1,1025,0.0,1.0,0,0,1,0,0,1,1025,0.0,1.0,0,0
PF03460,PF01077,6,6,6,0,0,1020,1.0,1.0,1.0,1.0,6,6,0,0,1020,1.0,1.0,1.0,1.0
PF09997,PF11057,0,0,0,0,0,1026,0,1.0,0,0,0,0,0,0,1026,0,1.0,0,0
PF07786,PF16401,3,2,1,2,1,1022,0.5,1.0,0.33,0.41,2,1,2,1,1022,0.5,1.0,0.33,0.41
PF06980,PF01514,0,2,0,0,2,1024,0.0,1.0,0,0,2,0,0,2,1024,0.0,1.0,0,0
PF01682,PF09067,7,2,0,7,2,1017,0.0,0.99,0.0,-0.0,2,0,7,2,1017,0.0,0.99,0.0,-0.0
PF03671,PF14825,5,5,1,4,4,1017,0.2,0.99,0.2,0.2,5,1,4,4,1017,0.2,0.99,0.2,0.2
PF02375,PF02928,14,6,6,8,0,1012,1.0,0.99,0.43,0.65,6,6,8,0,1012,1.0,0.99,0.43,0.65
PF14910,PF14911,2,1,1,1,0,1024,1.0,1.0,0.5,0.71,1,1,1,0,1024,1.0,1.0,0.5,0.71
PF08328,PF14698,2,5,0,2,5,1019,0.0,0.99,0.0,-0.0,5,0,2,5,1019,0.0,0.99,0.0,-0.0
PF10260,PF01599,1,5,0,1,5,1020,0.0,0.99,0.0,-0.0,5,0,1,5,1020,0.0,0.99,0.0,-0.0
PF05522,PF15343,0,0,0,0,0,1026,0,1.0,0,0,0,0,0,0,1026,0,1.0,0,0
PF13996,PF08926,0,1,0,0,1,1025,0.0,1.0,0,0,1,0,0,1,1025,0.0,1.0,0,0
PF05019,PF05180,7,6,3,4,3,1016,0.5,0.99,0.43,0.46,6,3,4,3,1016,0.5,0.99,0.43,0.46
PF04916,PF08661,5,6,1,4,5,1016,0.17,0.99,0.2,0.18,6,1,4,5,1016,0.17,0.99,0.2,0.18
PF15301,PF03285,2,1,0,2,1,1023,0.0,1.0,0.0,-0.0,1,0,2,1,1023,0.0,1.0,0.0,-0.0
PF04098,PF08081,9,0,0,9,0,1017,0,0.99,0.0,0,0,0,9,0,1017,0,0.99,0.0,0
PF15427,PF15709,0,0,0,0,0,1026,0,1.0,0,0,0,0,0,0,1026,0,1.0,0,0
PF04361,PF09731,0,5,0,0,5,1021,0.0,1.0,0,0,5,0,0,5,1021,0.0,1.0,0,0
PF05203,PF15624,4,1,0,4,1,1021,0.0,1.0,0.0,-0.0,1,0,4,1,1021,0.0,1.0,0.0,-0.0
PF16038,PF04901,2,3,0,2,3,1021,0.0,1.0,0.0,-0.0,3,0,2,3,1021,0.0,1.0,0.0,-0.0
PF01658,PF07994,2,9,2,0,7,1017,0.22,0.99,1.0,0.47,9,2,0,7,1017,0.22,0.99,1.0,0.47
PF01225,PF02875,4,9,4,0,5,1017,0.44,1.0,1.0,0.67,9,4,0,5,1017,0.44,1.0,1.0,0.67
PF11556,PF12361,1,1,1,0,0,1025,1.0,1.0,1.0,1.0,1,1,0,0,1025,1.0,1.0,1.0,1.0
PF07458,PF15120,0,1,0,0,1,1025,0.0,1.0,0,0,1,0,0,1,1025,0.0,1.0,0,0
PF12519,PF16871,6,0,0,6,0,1020,0,0.99,0.0,0,0,0,6,0,1020,0,0.99,0.0,0
PF00763,PF01268,12,5,5,7,0,1014,1.0,0.99,0.42,0.64,5,5,7,0,1014,1.0,0.99,0.42,0.64
PF17220,PF03914,0,12,0,0,12,1014,0.0,0.99,0,0,12,0,0,12,1014,0.0,0.99,0,0
PF01796,PF12106,1,0,0,1,0,1025,0,1.0,0.0,0,0,0,1,0,1025,0,1.0,0.0,0
PF16797,PF12063,1,5,1,0,4,1021,0.2,1.0,1.0,0.45,5,1,0,4,1021,0.2,1.0,1.0,0.45
PF04296,PF14690,0,0,0,0,0,1026,0,1.0,0,0,0,0,0,0,1026,0,1.0,0,0
PF16880,PF12761,7,6,2,5,4,1015,0.33,0.99,0.29,0.3,6,2,5,4,1015,0.33,0.99,0.29,0.3
PF00622,PF13765,48,17,12,36,5,973,0.71,0.96,0.25,0.41,17,12,36,5,973,0.71,0.96,0.25,0.41
PF09837,PF04138,0,2,0,0,2,1024,0.0,1.0,0,0,2,0,0,2,1024,0.0,1.0,0,0
PF15152,PF15107,2,1,0,2,1,1023,0.0,1.0,0.0,-0.0,1,0,2,1,1023,0.0,1.0,0.0,-0.0
PF08601,PF12498,2,1,1,1,0,1024,1.0,1.0,0.5,0.71,1,1,1,0,1024,1.0,1.0,0.5,0.71
PF06028,PF06718,2,1,1,1,0,1024,1.0,1.0,0.5,0.71,1,1,1,0,1024,1.0,1.0,0.5,0.71
PF09104,PF09103,2,4,2,0,2,1022,0.5,1.0,1.0,0.71,4,2,0,2,1022,0.5,1.0,1.0,0.71
PF06003,PF04144,4,7,1,3,6,1016,0.14,0.99,0.25,0.18,7,1,3,6,1016,0.14,0.99,0.25,0.18
PF06559,PF15175,1,0,0,1,0,1025,0,1.0,0.0,0,0,0,1,0,1025,0,1.0,0.0,0
PF16763,PF11260,0,0,0,0,0,1026,0,1.0,0,0,0,0,0,0,1026,0,1.0,0,0
PF02817,PF00198,8,12,7,1,5,1013,0.58,0.99,0.88,0.71,12,7,1,5,1013,0.58,0.99,0.88,0.71
PF01250,PF10276,10,2,1,9,1,1015,0.5,0.99,0.1,0.22,2,1,9,1,1015,0.5,0.99,0.1,0.22
PF12999,PF13015,11,9,8,3,1,1014,0.89,1.0,0.73,0.8,9,8,3,1,1014,0.89,1.0,0.73,0.8
PF13013,PF13094,0,0,0,0,0,1026,0,1.0,0,0,0,0,0,0,1026,0,1.0,0,0
PF00072,PF03924,32,5,5,27,0,994,1.0,0.97,0.16,0.39,5,5,27,0,994,1.0,0.97,0.16,0.39
PF15652,PF15756,0,0,0,0,0,1026,0,1.0,0,0,0,0,0,0,1026,0,1.0,0,0
PF03239,PF13741,3,0,0,3,0,1023,0,1.0,0.0,0,0,0,3,0,1023,0,1.0,0.0,0
PF12640,PF17043,0,0,0,0,0,1026,0,1.0,0,0,0,0,0,0,1026,0,1.0,0,0
PF04642,PF15553,1,0,0,1,0,1025,0,1.0,0.0,0,0,0,1,0,1025,0,1.0,0.0,0
PF05321,PF00550,0,29,0,0,29,997,0.0,0.97,0,0,29,0,0,29,997,0.0,0.97,0,0
PF05067,PF06651,0,0,0,0,0,1026,0,1.0,0,0,0,0,0,0,1026,0,1.0,0,0
PF04417,PF05100,2,0,0,2,0,1024,0,1.0,0.0,0,0,0,2,0,1024,0,1.0,0.0,0
PF02020,PF04613,16,7,1,15,6,1004,0.14,0.98,0.06,0.09,7,1,15,6,1004,0.14,0.98,0.06,0.09
PF02318,PF04698,6,1,1,5,0,1020,1.0,1.0,0.17,0.41,1,1,5,0,1020,1.0,1.0,0.17,0.41
PF07472,PF17025,0,0,0,0,0,1026,0,1.0,0,0,0,0,0,0,1026,0,1.0,0,0
PF06337,PF14836,9,7,4,5,3,1014,0.57,0.99,0.44,0.5,7,4,5,3,1014,0.57,0.99,0.44,0.5
PF01381,PF08523,7,4,4,3,0,1019,1.0,1.0,0.57,0.75,4,4,3,0,1019,1.0,1.0,0.57,0.75
PF09790,PF15247,6,3,1,5,2,1018,0.33,0.99,0.17,0.23,3,1,5,2,1018,0.33,0.99,0.17,0.23
PF03181,PF03514,1,8,0,1,8,1017,0.0,0.99,0.0,-0.0,8,0,1,8,1017,0.0,0.99,0.0,-0.0
PF10246,PF15013,7,1,0,7,1,1018,0.0,0.99,0.0,-0.0,1,0,7,1,1018,0.0,0.99,0.0,-0.0
PF00548,PF02226,4,4,4,0,0,1022,1.0,1.0,1.0,1.0,4,4,0,0,1022,1.0,1.0,1.0,1.0
PF14692,PF12782,0,0,0,0,0,1026,0,1.0,0,0,0,0,0,0,1026,0,1.0,0,0
PF17024,PF08873,0,0,0,0,0,1026,0,1.0,0,0,0,0,0,0,1026,0,1.0,0,0
PF07177,PF12610,9,1,1,8,0,1017,1.0,0.99,0.11,0.33,1,1,8,0,1017,1.0,0.99,0.11,0.33
PF05392,PF07391,1,0,0,1,0,1025,0,1.0,0.0,0,0,0,1,0,1025,0,1.0,0.0,0
PF02201,PF02229,18,6,3,15,3,1005,0.5,0.98,0.17,0.28,6,3,15,3,1005,0.5,0.98,0.17,0.28
PF04321,PF11803,7,0,0,7,0,1019,0,0.99,0.0,0,0,0,7,0,1019,0,0.99,0.0,0
PF12333,PF14959,2,0,0,2,0,1024,0,1.0,0.0,0,0,0,2,0,1024,0,1.0,0.0,0
PF04376,PF04377,6,7,6,0,1,1019,0.86,1.0,1.0,0.93,7,6,0,1,1019,0.86,1.0,1.0,0.93
PF00206,PF10397,21,7,7,14,0,1005,1.0,0.99,0.33,0.57,7,7,14,0,1005,1.0,0.99,0.33,0.57
PF08029,PF01634,3,3,3,0,0,1023,1.0,1.0,1.0,1.0,3,3,0,0,1023,1.0,1.0,1.0,1.0
PF08892,PF08411,2,1,0,2,1,1023,0.0,1.0,0.0,-0.0,1,0,2,1,1023,0.0,1.0,0.0,-0.0
PF15147,PF12510,0,0,0,0,0,1026,0,1.0,0,0,0,0,0,0,1026,0,1.0,0,0
PF00095,PF00086,16,21,7,9,14,996,0.33,0.98,0.44,0.37,21,7,9,14,996,0.33,0.98,0.44,0.37
PF06237,PF07786,1,3,0,1,3,1022,0.0,1.0,0.0,-0.0,3,0,1,3,1022,0.0,1.0,0.0,-0.0
PF17137,PF16338,4,1,1,3,0,1022,1.0,1.0,0.25,0.5,1,1,3,0,1022,1.0,1.0,0.25,0.5
PF16028,PF16657,3,1,1,2,0,1023,1.0,1.0,0.33,0.58,1,1,2,0,1023,1.0,1.0,0.33,0.58
PF16452,PF06805,2,0,0,2,0,1024,0,1.0,0.0,0,0,0,2,0,1024,0,1.0,0.0,0
PF05673,PF10566,0,0,0,0,0,1026,0,1.0,0,0,0,0,0,0,1026,0,1.0,0,0
PF04658,PF10234,5,2,0,5,2,1019,0.0,0.99,0.0,-0.0,2,0,5,2,1019,0.0,0.99,0.0,-0.0
PF05496,PF12002,4,11,3,1,8,1014,0.27,0.99,0.75,0.45,11,3,1,8,1014,0.27,0.99,0.75,0.45
PF03069,PF00265,4,8,0,4,8,1014,0.0,0.99,0.0,-0.01,8,0,4,8,1014,0.0,0.99,0.0,-0.01
PF12235,PF16098,3,0,0,3,0,1023,0,1.0,0.0,0,0,0,3,0,1023,0,1.0,0.0,0
PF01244,PF15868,14,3,1,13,2,1010,0.33,0.99,0.07,0.15,3,1,13,2,1010,0.33,0.99,0.07,0.15
PF03767,PF06404,6,1,0,6,1,1019,0.0,0.99,0.0,-0.0,1,0,6,1,1019,0.0,0.99,0.0,-0.0
PF06671,PF02343,0,2,0,0,2,1024,0.0,1.0,0,0,2,0,0,2,1024,0.0,1.0,0,0
PF10791,PF03389,4,0,0,4,0,1022,0,1.0,0.0,0,0,0,4,0,1022,0,1.0,0.0,0
PF08474,PF01530,1,6,1,0,5,1020,0.17,1.0,1.0,0.41,6,1,0,5,1020,0.17,1.0,1.0,0.41
PF15756,PF15049,0,0,0,0,0,1026,0,1.0,0,0,0,0,0,0,1026,0,1.0,0,0
PF06521,PF11264,0,2,0,0,2,1024,0.0,1.0,0,0,2,0,0,2,1024,0.0,1.0,0,0
PF16573,PF06807,5,4,4,1,0,1021,1.0,1.0,0.8,0.89,4,4,1,0,1021,1.0,1.0,0.8,0.89
PF10218,PF01632,0,2,0,0,2,1024,0.0,1.0,0,0,2,0,0,2,1024,0.0,1.0,0,0
PF05325,PF09154,0,1,0,0,1,1025,0.0,1.0,0,0,1,0,0,1,1025,0.0,1.0,0,0
PF09950,PF04917,0,1,0,0,1,1025,0.0,1.0,0,0,1,0,0,1,1025,0.0,1.0,0,0
PF02115,PF09778,6,0,0,6,0,1020,0,0.99,0.0,0,0,0,6,0,1020,0,0.99,0.0,0
PF10416,PF11581,0,0,0,0,0,1026,0,1.0,0,0,0,0,0,0,1026,0,1.0,0,0
PF11250,PF02234,0,5,0,0,5,1021,0.0,1.0,0,0,5,0,0,5,1021,0.0,1.0,0,0
PF04910,PF15929,7,0,0,7,0,1019,0,0.99,0.0,0,0,0,7,0,1019,0,0.99,0.0,0
PF13988,PF06594,0,0,0,0,0,1026,0,1.0,0,0,0,0,0,0,1026,0,1.0,0,0
PF03915,PF12126,4,2,1,3,1,1021,0.5,1.0,0.25,0.35,2,1,3,1,1021,0.5,1.0,0.25,0.35
PF05716,PF10522,2,3,0,2,3,1021,0.0,1.0,0.0,-0.0,3,0,2,3,1021,0.0,1.0,0.0,-0.0
PF11546,PF08173,0,0,0,0,0,1026,0,1.0,0,0,0,0,0,0,1026,0,1.0,0,0
PF05404,PF02752,2,19,1,1,18,1006,0.05,0.98,0.5,0.16,19,1,1,18,1006,0.05,0.98,0.5,0.16
PF03776,PF02427,6,1,0,6,1,1019,0.0,0.99,0.0,-0.0,1,0,6,1,1019,0.0,0.99,0.0,-0.0
PF05350,PF06382,1,3,0,1,3,1022,0.0,1.0,0.0,-0.0,3,0,1,3,1022,0.0,1.0,0.0,-0.0
PF12061,PF05659,1,1,0,1,1,1024,0.0,1.0,0.0,-0.0,1,0,1,1,1024,0.0,1.0,0.0,-0.0
PF12442,PF11264,2,2,0,2,2,1022,0.0,1.0,0.0,-0.0,2,0,2,2,1022,0.0,1.0,0.0,-0.0
PF02878,PF00408,19,15,15,4,0,1007,1.0,1.0,0.79,0.89,15,15,4,0,1007,1.0,1.0,0.79,0.89
PF14987,PF01330,1,2,0,1,2,1023,0.0,1.0,0.0,-0.0,2,0,1,2,1023,0.0,1.0,0.0,-0.0
PF10492,PF10491,0,1,0,0,1,1025,0.0,1.0,0,0,1,0,0,1,1025,0.0,1.0,0,0
PF01518,PF03422,0,7,0,0,7,1019,0.0,0.99,0,0,7,0,0,7,1019,0.0,0.99,0,0
PF15207,PF06573,1,2,0,1,2,1023,0.0,1.0,0.0,-0.0,2,0,1,2,1023,0.0,1.0,0.0,-0.0
PF00734,PF02013,19,2,2,17,0,1007,1.0,0.98,0.11,0.32,2,2,17,0,1007,1.0,0.98,0.11,0.32
PF11037,PF17022,0,0,0,0,0,1026,0,1.0,0,0,0,0,0,0,1026,0,1.0,0,0
PF01862,PF15796,1,2,0,1,2,1023,0.0,1.0,0.0,-0.0,2,0,1,2,1023,0.0,1.0,0.0,-0.0
PF01896,PF04588,9,8,1,8,7,1010,0.12,0.99,0.11,0.11,8,1,8,7,1010,0.12,0.99,0.11,0.11
PF02604,PF03831,0,0,0,0,0,1026,0,1.0,0,0,0,0,0,0,1026,0,1.0,0,0
PF00815,PF01502,6,5,4,2,1,1019,0.8,1.0,0.67,0.73,5,4,2,1,1019,0.8,1.0,0.67,0.73
PF01749,PF16186,13,13,9,4,4,1009,0.69,0.99,0.69,0.69,13,9,4,4,1009,0.69,0.99,0.69,0.69
PF12157,PF17105,8,1,0,8,1,1017,0.0,0.99,0.0,-0.0,1,0,8,1,1017,0.0,0.99,0.0,-0.0
PF03437,PF14931,2,1,0,2,1,1023,0.0,1.0,0.0,-0.0,1,0,2,1,1023,0.0,1.0,0.0,-0.0
PF16912,PF13823,1,2,1,0,1,1024,0.5,1.0,1.0,0.71,2,1,0,1,1024,0.5,1.0,1.0,0.71
PF04640,PF04032,3,4,0,3,4,1019,0.0,0.99,0.0,-0.0,4,0,3,4,1019,0.0,0.99,0.0,-0.0
PF00704,PF14856,30,6,5,25,1,995,0.83,0.97,0.17,0.37,6,5,25,1,995,0.83,0.97,0.17,0.37
PF00639,PF09445,9,15,2,7,13,1004,0.13,0.98,0.22,0.16,15,2,7,13,1004,0.13,0.98,0.22,0.16
PF16263,PF07338,0,2,0,0,2,1024,0.0,1.0,0,0,2,0,0,2,1024,0.0,1.0,0,0
PF01301,PF13364,20,8,8,12,0,1006,1.0,0.99,0.4,0.63,8,8,12,0,1006,1.0,0.99,0.4,0.63
PF04074,PF09785,0,6,0,0,6,1020,0.0,0.99,0,0,6,0,0,6,1020,0.0,0.99,0,0
PF05693,PF16969,7,5,1,6,4,1015,0.2,0.99,0.14,0.16,5,1,6,4,1015,0.2,0.99,0.14,0.16
PF09443,PF15346,4,2,0,4,2,1020,0.0,0.99,0.0,-0.0,2,0,4,2,1020,0.0,0.99,0.0,-0.0
PF15354,PF05292,0,5,0,0,5,1021,0.0,1.0,0,0,5,0,0,5,1021,0.0,1.0,0,0
PF04133,PF03071,4,6,1,3,5,1017,0.17,0.99,0.25,0.2,6,1,3,5,1017,0.17,0.99,0.25,0.2
PF11741,PF04351,0,0,0,0,0,1026,0,1.0,0,0,0,0,0,0,1026,0,1.0,0,0
PF02343,PF10322,2,0,0,2,0,1024,0,1.0,0.0,0,0,0,2,0,1024,0,1.0,0.0,0
PF08018,PF16048,0,1,0,0,1,1025,0.0,1.0,0,0,1,0,0,1,1025,0.0,1.0,0,0
PF14700,PF00940,4,4,3,1,1,1021,0.75,1.0,0.75,0.75,4,3,1,1,1021,0.75,1.0,0.75,0.75
PF04752,PF05910,5,5,0,5,5,1016,0.0,0.99,0.0,-0.0,5,0,5,5,1016,0.0,0.99,0.0,-0.0
PF16973,PF15143,0,0,0,0,0,1026,0,1.0,0,0,0,0,0,0,1026,0,1.0,0,0
PF13802,PF16863,14,12,9,5,3,1009,0.75,0.99,0.64,0.69,12,9,5,3,1009,0.75,0.99,0.64,0.69
PF04824,PF05029,2,4,0,2,4,1020,0.0,0.99,0.0,-0.0,4,0,2,4,1020,0.0,0.99,0.0,-0.0
PF09169,PF09103,3,4,3,0,1,1022,0.75,1.0,1.0,0.87,4,3,0,1,1022,0.75,1.0,1.0,0.87
PF02046,PF16053,1,10,0,1,10,1015,0.0,0.99,0.0,-0.0,10,0,1,10,1015,0.0,0.99,0.0,-0.0
PF09472,PF14421,1,0,0,1,0,1025,0,1.0,0.0,0,0,0,1,0,1025,0,1.0,0.0,0
PF02662,PF14322,2,0,0,2,0,1024,0,1.0,0.0,0,0,0,2,0,1024,0,1.0,0.0,0
PF13445,PF00097,41,50,21,20,29,956,0.42,0.95,0.51,0.44,50,21,20,29,956,0.42,0.95,0.51,0.44
PF05778,PF05754,2,0,0,2,0,1024,0,1.0,0.0,0,0,0,2,0,1024,0,1.0,0.0,0
PF15208,PF16590,1,0,0,1,0,1025,0,1.0,0.0,0,0,0,1,0,1025,0,1.0,0.0,0
PF01433,PF11838,24,20,18,6,2,1000,0.9,0.99,0.75,0.82,20,18,6,2,1000,0.9,0.99,0.75,0.82
PF07488,PF07477,4,4,4,0,0,1022,1.0,1.0,1.0,1.0,4,4,0,0,1022,1.0,1.0,1.0,1.0
PF04118,PF09743,5,2,0,5,2,1019,0.0,0.99,0.0,-0.0,2,0,5,2,1019,0.0,0.99,0.0,-0.0
PF02773,PF00438,7,9,7,0,2,1017,0.78,1.0,1.0,0.88,9,7,0,2,1017,0.78,1.0,1.0,0.88
PF13907,PF08074,8,8,1,7,7,1011,0.12,0.99,0.12,0.12,8,1,7,7,1011,0.12,0.99,0.12,0.12
PF00941,PF03450,9,9,9,0,0,1017,1.0,1.0,1.0,1.0,9,9,0,0,1017,1.0,1.0,1.0,1.0
PF07742,PF15279,5,2,0,5,2,1019,0.0,0.99,0.0,-0.0,2,0,5,2,1019,0.0,0.99,0.0,-0.0
PF03591,PF14903,0,0,0,0,0,1026,0,1.0,0,0,0,0,0,0,1026,0,1.0,0,0
PF12283,PF05901,0,0,0,0,0,1026,0,1.0,0,0,0,0,0,0,1026,0,1.0,0,0
PF11365,PF04880,6,2,1,5,1,1019,0.5,0.99,0.17,0.29,2,1,5,1,1019,0.5,0.99,0.17,0.29
PF01684,PF16709,0,2,0,0,2,1024,0.0,1.0,0,0,2,0,0,2,1024,0.0,1.0,0,0
PF01087,PF02744,5,4,4,1,0,1021,1.0,1.0,0.8,0.89,4,4,1,0,1021,1.0,1.0,0.8,0.89
PF01113,PF05173,5,4,4,1,0,1021,1.0,1.0,0.8,0.89,4,4,1,0,1021,1.0,1.0,0.8,0.89
PF04664,PF04090,0,1,0,0,1,1025,0.0,1.0,0,0,1,0,0,1,1025,0.0,1.0,0,0
PF04622,PF07444,3,0,0,3,0,1023,0,1.0,0.0,0,0,0,3,0,1023,0,1.0,0.0,0
PF09027,PF06760,2,2,1,1,1,1023,0.5,1.0,0.5,0.5,2,1,1,1,1023,0.5,1.0,0.5,0.5
PF09243,PF02357,12,5,2,10,3,1011,0.4,0.99,0.17,0.25,5,2,10,3,1011,0.4,0.99,0.17,0.25
PF13486,PF10974,0,0,0,0,0,1026,0,1.0,0,0,0,0,0,0,1026,0,1.0,0,0
PF16543,PF01205,7,18,2,5,16,1003,0.11,0.98,0.29,0.17,18,2,5,16,1003,0.11,0.98,0.29,0.17
PF01502,PF01503,5,7,4,1,3,1018,0.57,1.0,0.8,0.67,7,4,1,3,1018,0.57,1.0,0.8,0.67
PF11517,PF04001,0,0,0,0,0,1026,0,1.0,0,0,0,0,0,0,1026,0,1.0,0,0
PF01996,PF11403,0,2,0,0,2,1024,0.0,1.0,0,0,2,0,0,2,1024,0.0,1.0,0,0
PF15082,PF09322,0,0,0,0,0,1026,0,1.0,0,0,0,0,0,0,1026,0,1.0,0,0
PF08850,PF08096,0,2,0,0,2,1024,0.0,1.0,0,0,2,0,0,2,1024,0.0,1.0,0,0
PF06464,PF12047,5,7,3,2,4,1017,0.43,0.99,0.6,0.5,7,3,2,4,1017,0.43,0.99,0.6,0.5
PF01103,PF07244,14,3,3,11,0,1012,1.0,0.99,0.21,0.46,3,3,11,0,1012,1.0,0.99,0.21,0.46
PF15291,PF08308,1,0,0,1,0,1025,0,1.0,0.0,0,0,0,1,0,1025,0,1.0,0.0,0
PF05420,PF06406,1,0,0,1,0,1025,0,1.0,0.0,0,0,0,1,0,1025,0,1.0,0.0,0
PF04245,PF11832,0,0,0,0,0,1026,0,1.0,0,0,0,0,0,0,1026,0,1.0,0,0
PF05006,PF05234,0,1,0,0,1,1025,0.0,1.0,0,0,1,0,0,1,1025,0.0,1.0,0,0
PF07610,PF15082,0,0,0,0,0,1026,0,1.0,0,0,0,0,0,0,1026,0,1.0,0,0
PF13919,PF05066,5,4,3,2,1,1020,0.75,1.0,0.6,0.67,4,3,2,1,1020,0.75,1.0,0.6,0.67
PF02669,PF03814,1,1,1,0,0,1025,1.0,1.0,1.0,1.0,1,1,0,0,1025,1.0,1.0,1.0,1.0
PF11422,PF14607,0,0,0,0,0,1026,0,1.0,0,0,0,0,0,0,1026,0,1.0,0,0
PF08240,PF00107,63,57,47,16,10,953,0.82,0.97,0.75,0.77,57,47,16,10,953,0.82,0.97,0.75,0.77
PF05790,PF09191,2,1,1,1,0,1024,1.0,1.0,0.5,0.71,1,1,1,0,1024,1.0,1.0,0.5,0.71
PF07051,PF12855,1,1,0,1,1,1024,0.0,1.0,0.0,-0.0,1,0,1,1,1024,0.0,1.0,0.0,-0.0
PF17151,PF07004,0,11,0,0,11,1015,0.0,0.99,0,0,11,0,0,11,1015,0.0,0.99,0,0
PF02775,PF02776,13,13,11,2,2,1011,0.85,1.0,0.85,0.84,13,11,2,2,1011,0.85,1.0,0.85,0.84
PF13211,PF15155,0,2,0,0,2,1024,0.0,1.0,0,0,2,0,0,2,1024,0.0,1.0,0,0
PF07304,PF09453,4,8,0,4,8,1014,0.0,0.99,0.0,-0.01,8,0,4,8,1014,0.0,0.99,0.0,-0.01
PF11708,PF09282,5,0,0,5,0,1021,0,1.0,0.0,0,0,0,5,0,1021,0,1.0,0.0,0
PF15700,PF15972,1,2,0,1,2,1023,0.0,1.0,0.0,-0.0,2,0,1,2,1023,0.0,1.0,0.0,-0.0
PF02864,PF02865,4,2,2,2,0,1022,1.0,1.0,0.5,0.71,2,2,2,0,1022,1.0,1.0,0.5,0.71
PF00535,PF00652,43,26,22,21,4,979,0.85,0.98,0.51,0.65,26,22,21,4,979,0.85,0.98,0.51,0.65
PF13746,PF11614,2,2,2,0,0,1024,1.0,1.0,1.0,1.0,2,2,0,0,1024,1.0,1.0,1.0,1.0
PF08770,PF01943,0,0,0,0,0,1026,0,1.0,0,0,0,0,0,0,1026,0,1.0,0,0
PF09781,PF09057,1,2,0,1,2,1023,0.0,1.0,0.0,-0.0,2,0,1,2,1023,0.0,1.0,0.0,-0.0
PF12419,PF10532,0,1,0,0,1,1025,0.0,1.0,0,0,1,0,0,1,1025,0.0,1.0,0,0
PF06579,PF10259,2,6,0,2,6,1018,0.0,0.99,0.0,-0.0,6,0,2,6,1018,0.0,0.99,0.0,-0.0
PF13742,PF11751,0,0,0,0,0,1026,0,1.0,0,0,0,0,0,0,1026,0,1.0,0,0
PF15999,PF05841,0,2,0,0,2,1024,0.0,1.0,0,0,2,0,0,2,1024,0.0,1.0,0,0
PF01984,PF07080,7,3,2,5,1,1018,0.67,0.99,0.29,0.43,3,2,5,1,1018,0.67,0.99,0.29,0.43
PF07353,PF08093,1,1,0,1,1,1024,0.0,1.0,0.0,-0.0,1,0,1,1,1024,0.0,1.0,0.0,-0.0
PF04959,PF04153,6,6,2,4,4,1016,0.33,0.99,0.33,0.33,6,2,4,4,1016,0.33,0.99,0.33,0.33
PF09412,PF00889,8,5,1,7,4,1014,0.2,0.99,0.12,0.15,5,1,7,4,1014,0.2,0.99,0.12,0.15
PF03241,PF11794,0,0,0,0,0,1026,0,1.0,0,0,0,0,0,0,1026,0,1.0,0,0
PF04579,PF15750,2,0,0,2,0,1024,0,1.0,0.0,0,0,0,2,0,1024,0,1.0,0.0,0
PF04178,PF03208,11,6,1,10,5,1010,0.17,0.99,0.09,0.12,6,1,10,5,1010,0.17,0.99,0.09,0.12
PF04631,PF03379,0,2,0,0,2,1024,0.0,1.0,0,0,2,0,0,2,1024,0.0,1.0,0,0
PF05571,PF02792,7,3,0,7,3,1016,0.0,0.99,0.0,-0.0,3,0,7,3,1016,0.0,0.99,0.0,-0.0
PF06957,PF11816,8,9,2,6,7,1011,0.22,0.99,0.25,0.23,9,2,6,7,1011,0.22,0.99,0.25,0.23
PF03882,PF17192,2,2,2,0,0,1024,1.0,1.0,1.0,1.0,2,2,0,0,1024,1.0,1.0,1.0,1.0
PF02073,PF15834,1,0,0,1,0,1025,0,1.0,0.0,0,0,0,1,0,1025,0,1.0,0.0,0
PF12461,PF11975,0,5,0,0,5,1021,0.0,1.0,0,0,5,0,0,5,1021,0.0,1.0,0,0
PF03754,PF07939,1,0,0,1,0,1025,0,1.0,0.0,0,0,0,1,0,1025,0,1.0,0.0,0
PF00945,PF14534,1,1,0,1,1,1024,0.0,1.0,0.0,-0.0,1,0,1,1,1024,0.0,1.0,0.0,-0.0
PF12024,PF17035,4,14,1,3,13,1009,0.07,0.98,0.25,0.13,14,1,3,13,1009,0.07,0.98,0.25,0.13
PF04679,PF01068,13,16,13,0,3,1010,0.81,1.0,1.0,0.9,16,13,0,3,1010,0.81,1.0,1.0,0.9
PF09327,PF12256,0,0,0,0,0,1026,0,1.0,0,0,0,0,0,0,1026,0,1.0,0,0
PF04295,PF08275,4,2,0,4,2,1020,0.0,0.99,0.0,-0.0,2,0,4,2,1020,0.0,0.99,0.0,-0.0
PF13750,PF02413,0,1,0,0,1,1025,0.0,1.0,0,0,1,0,0,1,1025,0.0,1.0,0,0
PF11907,PF13089,0,0,0,0,0,1026,0,1.0,0,0,0,0,0,0,1026,0,1.0,0,0
PF04346,PF03244,2,1,0,2,1,1023,0.0,1.0,0.0,-0.0,1,0,2,1,1023,0.0,1.0,0.0,-0.0
PF11500,PF15456,1,2,0,1,2,1023,0.0,1.0,0.0,-0.0,2,0,1,2,1023,0.0,1.0,0.0,-0.0
PF09440,PF08375,1,6,0,1,6,1019,0.0,0.99,0.0,-0.0,6,0,1,6,1019,0.0,0.99,0.0,-0.0
PF09811,PF07816,4,0,0,4,0,1022,0,1.0,0.0,0,0,0,4,0,1022,0,1.0,0.0,0
PF07178,PF05509,1,1,1,0,0,1025,1.0,1.0,1.0,1.0,1,1,0,0,1025,1.0,1.0,1.0,1.0
PF02269,PF04646,12,2,2,10,0,1014,1.0,0.99,0.17,0.41,2,2,10,0,1014,1.0,0.99,0.17,0.41
PF01882,PF08751,0,1,0,0,1,1025,0.0,1.0,0,0,1,0,0,1,1025,0.0,1.0,0,0
PF11928,PF06221,0,3,0,0,3,1023,0.0,1.0,0,0,3,0,0,3,1023,0.0,1.0,0,0
PF15856,PF14251,0,2,0,0,2,1024,0.0,1.0,0,0,2,0,0,2,1024,0.0,1.0,0,0
PF08086,PF04099,1,11,0,1,11,1014,0.0,0.99,0.0,-0.0,11,0,1,11,1014,0.0,0.99,0.0,-0.0
PF10285,PF10284,0,0,0,0,0,1026,0,1.0,0,0,0,0,0,0,1026,0,1.0,0,0
PF09122,PF11127,0,2,0,0,2,1024,0.0,1.0,0,0,2,0,0,2,1024,0.0,1.0,0,0
PF09191,PF12104,1,1,1,0,0,1025,1.0,1.0,1.0,1.0,1,1,0,0,1025,1.0,1.0,1.0,1.0
PF00677,PF05173,6,4,1,5,3,1017,0.25,0.99,0.17,0.2,4,1,5,3,1017,0.25,0.99,0.17,0.2
PF01379,PF03900,11,13,10,1,3,1012,0.77,1.0,0.91,0.83,13,10,1,3,1012,0.77,1.0,0.91,0.83
PF06288,PF01323,0,7,0,0,7,1019,0.0,0.99,0,0,7,0,0,7,1019,0.0,0.99,0,0
PF00040,PF00039,10,3,1,9,2,1014,0.33,0.99,0.1,0.18,3,1,9,2,1014,0.33,0.99,0.1,0.18
PF08536,PF07011,2,2,0,2,2,1022,0.0,1.0,0.0,-0.0,2,0,2,2,1022,0.0,1.0,0.0,-0.0
PF07777,PF12498,1,1,1,0,0,1025,1.0,1.0,1.0,1.0,1,1,0,0,1025,1.0,1.0,1.0,1.0
PF02222,PF01259,5,4,1,4,3,1018,0.25,0.99,0.2,0.22,4,1,4,3,1018,0.25,0.99,0.2,0.22
PF05235,PF10412,0,0,0,0,0,1026,0,1.0,0,0,0,0,0,0,1026,0,1.0,0,0
PF10775,PF10310,1,1,0,1,1,1024,0.0,1.0,0.0,-0.0,1,0,1,1,1024,0.0,1.0,0.0,-0.0
PF15114,PF15141,0,0,0,0,0,1026,0,1.0,0,0,0,0,0,0,1026,0,1.0,0,0
PF11955,PF02431,5,1,0,5,1,1020,0.0,0.99,0.0,-0.0,1,0,5,1,1020,0.0,0.99,0.0,-0.0
PF06026,PF05915,5,0,0,5,0,1021,0,1.0,0.0,0,0,0,5,0,1021,0,1.0,0.0,0
PF00270,PF16783,129,0,0,129,0,897,0,0.87,0.0,0,0,0,129,0,897,0,0.87,0.0,0
PF03826,PF00157,2,4,0,2,4,1020,0.0,0.99,0.0,-0.0,4,0,2,4,1020,0.0,0.99,0.0,-0.0
PF08737,PF12735,5,1,0,5,1,1020,0.0,0.99,0.0,-0.0,1,0,5,1,1020,0.0,0.99,0.0,-0.0
PF01208,PF05562,7,1,0,7,1,1018,0.0,0.99,0.0,-0.0,1,0,7,1,1018,0.0,0.99,0.0,-0.0
PF12331,PF10999,1,0,0,1,0,1025,0,1.0,0.0,0,0,0,1,0,1025,0,1.0,0.0,0
PF13160,PF10734,0,0,0,0,0,1026,0,1.0,0,0,0,0,0,0,1026,0,1.0,0,0
PF15878,PF05326,0,0,0,0,0,1026,0,1.0,0,0,0,0,0,0,1026,0,1.0,0,0
PF01061,PF06472,35,11,6,29,5,986,0.55,0.97,0.17,0.29,11,6,29,5,986,0.55,0.97,0.17,0.29
PF00182,PF00187,13,11,6,7,5,1008,0.55,0.99,0.46,0.5,11,6,7,5,1008,0.55,0.99,0.46,0.5
PF10245,PF05219,5,3,0,5,3,1018,0.0,0.99,0.0,-0.0,3,0,5,3,1018,0.0,0.99,0.0,-0.0
PF09363,PF09364,2,2,2,0,0,1024,1.0,1.0,1.0,1.0,2,2,0,0,1024,1.0,1.0,1.0,1.0
PF00285,PF08442,11,7,3,8,4,1011,0.43,0.99,0.27,0.34,7,3,8,4,1011,0.43,0.99,0.27,0.34
PF02259,PF02260,26,21,15,11,6,994,0.71,0.98,0.58,0.63,21,15,11,6,994,0.71,0.98,0.58,0.63
PF01541,PF07460,11,2,2,9,0,1015,1.0,0.99,0.18,0.42,2,2,9,0,1015,1.0,0.99,0.18,0.42
PF00362,PF17205,8,3,3,5,0,1018,1.0,1.0,0.38,0.61,3,3,5,0,1018,1.0,1.0,0.38,0.61
PF08227,PF15248,7,1,0,7,1,1018,0.0,0.99,0.0,-0.0,1,0,7,1,1018,0.0,0.99,0.0,-0.0
PF10144,PF04955,0,0,0,0,0,1026,0,1.0,0,0,0,0,0,0,1026,0,1.0,0,0
PF10550,PF15186,1,0,0,1,0,1025,0,1.0,0.0,0,0,0,1,0,1025,0,1.0,0.0,0
PF03444,PF01580,1,2,0,1,2,1023,0.0,1.0,0.0,-0.0,2,0,1,2,1023,0.0,1.0,0.0,-0.0
PF00650,PF03765,38,17,17,21,0,988,1.0,0.98,0.45,0.66,17,17,21,0,988,1.0,0.98,0.45,0.66
PF08278,PF13612,2,1,0,2,1,1023,0.0,1.0,0.0,-0.0,1,0,2,1,1023,0.0,1.0,0.0,-0.0
PF16076,PF14829,12,2,1,11,1,1013,0.5,0.99,0.08,0.2,2,1,11,1,1013,0.5,0.99,0.08,0.2
PF11870,PF02589,0,2,0,0,2,1024,0.0,1.0,0,0,2,0,0,2,1024,0.0,1.0,0,0
PF13388,PF12240,0,1,0,0,1,1025,0.0,1.0,0,0,1,0,0,1,1025,0.0,1.0,0,0
PF00855,PF10513,20,16,7,13,9,997,0.44,0.98,0.35,0.38,16,7,13,9,997,0.44,0.98,0.35,0.38
PF16586,PF07409,0,0,0,0,0,1026,0,1.0,0,0,0,0,0,0,1026,0,1.0,0,0
PF12922,PF12717,8,14,8,0,6,1012,0.57,0.99,1.0,0.75,14,8,0,6,1012,0.57,0.99,1.0,0.75
PF10251,PF14931,4,1,0,4,1,1021,0.0,1.0,0.0,-0.0,1,0,4,1,1021,0.0,1.0,0.0,-0.0
PF14474,PF04988,2,1,0,2,1,1023,0.0,1.0,0.0,-0.0,1,0,2,1,1023,0.0,1.0,0.0,-0.0
PF14861,PF17223,1,0,0,1,0,1025,0,1.0,0.0,0,0,0,1,0,1025,0,1.0,0.0,0
PF07957,PF02277,0,1,0,0,1,1025,0.0,1.0,0,0,1,0,0,1,1025,0.0,1.0,0,0
PF10488,PF10472,1,0,0,1,0,1025,0,1.0,0.0,0,0,0,1,0,1025,0,1.0,0.0,0
PF00263,PF17084,7,0,0,7,0,1019,0,0.99,0.0,0,0,0,7,0,1019,0,0.99,0.0,0
PF00658,PF11532,6,0,0,6,0,1020,0,0.99,0.0,0,0,0,6,0,1020,0,0.99,0.0,0
PF11997,PF14573,0,0,0,0,0,1026,0,1.0,0,0,0,0,0,0,1026,0,1.0,0,0
PF09801,PF05512,5,1,0,5,1,1020,0.0,0.99,0.0,-0.0,1,0,5,1,1020,0.0,0.99,0.0,-0.0
PF15664,PF15119,0,2,0,0,2,1024,0.0,1.0,0,0,2,0,0,2,1024,0.0,1.0,0,0
PF06889,PF11751,0,0,0,0,0,1026,0,1.0,0,0,0,0,0,0,1026,0,1.0,0,0
PF05760,PF10488,0,1,0,0,1,1025,0.0,1.0,0,0,1,0,0,1,1025,0.0,1.0,0,0
PF08650,PF16799,5,2,2,3,0,1021,1.0,1.0,0.4,0.63,2,2,3,0,1021,1.0,1.0,0.4,0.63
PF02001,PF13739,0,0,0,0,0,1026,0,1.0,0,0,0,0,0,0,1026,0,1.0,0,0
PF17017,PF05939,0,0,0,0,0,1026,0,1.0,0,0,0,0,0,0,1026,0,1.0,0,0
PF05448,PF03745,2,0,0,2,0,1024,0,1.0,0.0,0,0,0,2,0,1024,0,1.0,0.0,0
PF16059,PF07001,1,2,1,0,1,1024,0.5,1.0,1.0,0.71,2,1,0,1,1024,0.5,1.0,1.0,0.71
PF14957,PF00568,3,15,3,0,12,1011,0.2,0.99,1.0,0.44,15,3,0,12,1011,0.2,0.99,1.0,0.44
PF10623,PF04076,0,0,0,0,0,1026,0,1.0,0,0,0,0,0,0,1026,0,1.0,0,0
PF02897,PF00930,10,9,2,8,7,1009,0.22,0.99,0.2,0.2,9,2,8,7,1009,0.22,0.99,0.2,0.2
PF08391,PF03954,1,0,0,1,0,1025,0,1.0,0.0,0,0,0,1,0,1025,0,1.0,0.0,0
PF05152,PF11130,0,0,0,0,0,1026,0,1.0,0,0,0,0,0,0,1026,0,1.0,0,0
PF14837,PF14838,2,2,2,0,0,1024,1.0,1.0,1.0,1.0,2,2,0,0,1024,1.0,1.0,1.0,1.0
PF13882,PF06583,2,0,0,2,0,1024,0,1.0,0.0,0,0,0,2,0,1024,0,1.0,0.0,0
PF07787,PF10252,6,1,1,5,0,1020,1.0,1.0,0.17,0.41,1,1,5,0,1020,1.0,1.0,0.17,0.41
PF01136,PF01706,1,0,0,1,0,1025,0,1.0,0.0,0,0,0,1,0,1025,0,1.0,0.0,0
PF10960,PF13948,0,2,0,0,2,1024,0.0,1.0,0,0,2,0,0,2,1024,0.0,1.0,0,0
PF03544,PF05874,2,2,0,2,2,1022,0.0,1.0,0.0,-0.0,2,0,2,2,1022,0.0,1.0,0.0,-0.0
PF04689,PF15486,3,0,0,3,0,1023,0,1.0,0.0,0,0,0,3,0,1023,0,1.0,0.0,0
PF11231,PF17028,0,0,0,0,0,1026,0,1.0,0,0,0,0,0,0,1026,0,1.0,0,0
PF02234,PF08209,5,8,0,5,8,1013,0.0,0.99,0.0,-0.01,8,0,5,8,1013,0.0,0.99,0.0,-0.01
PF06211,PF13096,3,1,0,3,1,1022,0.0,1.0,0.0,-0.0,1,0,3,1,1022,0.0,1.0,0.0,-0.0
PF02823,PF02560,7,4,2,5,2,1017,0.5,0.99,0.29,0.37,4,2,5,2,1017,0.5,0.99,0.29,0.37
PF10170,PF08669,1,19,0,1,19,1006,0.0,0.98,0.0,-0.0,19,0,1,19,1006,0.0,0.98,0.0,-0.0
PF04702,PF15675,0,0,0,0,0,1026,0,1.0,0,0,0,0,0,0,1026,0,1.0,0,0
PF08385,PF08393,18,35,18,0,17,991,0.51,0.98,1.0,0.71,35,18,0,17,991,0.51,0.98,1.0,0.71
PF11764,PF11616,3,0,0,3,0,1023,0,1.0,0.0,0,0,0,3,0,1023,0,1.0,0.0,0
PF08171,PF14465,2,0,0,2,0,1024,0,1.0,0.0,0,0,0,2,0,1024,0,1.0,0.0,0
PF10073,PF04612,0,3,0,0,3,1023,0.0,1.0,0,0,3,0,0,3,1023,0.0,1.0,0,0
PF08920,PF05672,3,5,0,3,5,1018,0.0,0.99,0.0,-0.0,5,0,3,5,1018,0.0,0.99,0.0,-0.0
PF01270,PF05448,1,2,0,1,2,1023,0.0,1.0,0.0,-0.0,2,0,1,2,1023,0.0,1.0,0.0,-0.0
PF10508,PF16689,4,1,0,4,1,1021,0.0,1.0,0.0,-0.0,1,0,4,1,1021,0.0,1.0,0.0,-0.0
PF08945,PF15175,0,0,0,0,0,1026,0,1.0,0,0,0,0,0,0,1026,0,1.0,0,0
PF01391,PF01410,45,4,4,41,0,981,1.0,0.96,0.09,0.29,4,4,41,0,981,1.0,0.96,0.09,0.29
PF15699,PF02427,1,1,0,1,1,1024,0.0,1.0,0.0,-0.0,1,0,1,1,1024,0.0,1.0,0.0,-0.0
PF05195,PF15801,10,8,2,8,6,1010,0.25,0.99,0.2,0.22,8,2,8,6,1010,0.25,0.99,0.2,0.22
PF00908,PF02397,3,0,0,3,0,1023,0,1.0,0.0,0,0,0,3,0,1023,0,1.0,0.0,0
PF13088,PF07896,2,3,0,2,3,1021,0.0,1.0,0.0,-0.0,3,0,2,3,1021,0.0,1.0,0.0,-0.0
PF04032,PF04640,4,3,0,4,3,1019,0.0,0.99,0.0,-0.0,3,0,4,3,1019,0.0,0.99,0.0,-0.0
PF02063,PF02399,0,1,0,0,1,1025,0.0,1.0,0,0,1,0,0,1,1025,0.0,1.0,0,0
PF00141,PF11895,21,2,2,19,0,1005,1.0,0.98,0.1,0.31,2,2,19,0,1005,1.0,0.98,0.1,0.31
PF06552,PF03842,3,1,0,3,1,1022,0.0,1.0,0.0,-0.0,1,0,3,1,1022,0.0,1.0,0.0,-0.0
PF06187,PF08846,0,0,0,0,0,1026,0,1.0,0,0,0,0,0,0,1026,0,1.0,0,0
PF11936,PF16553,6,1,0,6,1,1019,0.0,0.99,0.0,-0.0,1,0,6,1,1019,0.0,0.99,0.0,-0.0
PF00881,PF00902,7,4,1,6,3,1016,0.25,0.99,0.14,0.18,4,1,6,3,1016,0.25,0.99,0.14,0.18
PF05378,PF02538,11,8,8,3,0,1015,1.0,1.0,0.73,0.85,8,8,3,0,1015,1.0,1.0,0.73,0.85
PF14347,PF15186,0,0,0,0,0,1026,0,1.0,0,0,0,0,0,0,1026,0,1.0,0,0
PF12436,PF14533,9,6,6,3,0,1017,1.0,1.0,0.67,0.82,6,6,3,0,1017,1.0,1.0,0.67,0.82
PF15356,PF11057,0,0,0,0,0,1026,0,1.0,0,0,0,0,0,0,1026,0,1.0,0,0
PF08831,PF09307,5,5,5,0,0,1021,1.0,1.0,1.0,1.0,5,5,0,0,1021,1.0,1.0,1.0,1.0
PF04766,PF02809,0,18,0,0,18,1008,0.0,0.98,0,0,18,0,0,18,1008,0.0,0.98,0,0
PF04784,PF14389,11,2,1,10,1,1014,0.5,0.99,0.09,0.21,2,1,10,1,1014,0.5,0.99,0.09,0.21
PF08291,PF05962,0,1,0,0,1,1025,0.0,1.0,0,0,1,0,0,1,1025,0.0,1.0,0,0
PF02517,PF09335,9,18,1,8,17,1000,0.06,0.98,0.11,0.07,18,1,8,17,1000,0.06,0.98,0.11,0.07
PF03426,PF02770,0,46,0,0,46,980,0.0,0.96,0,0,46,0,0,46,980,0.0,0.96,0,0
PF15325,PF06876,0,1,0,0,1,1025,0.0,1.0,0,0,1,0,0,1,1025,0.0,1.0,0,0
PF12772,PF09067,0,2,0,0,2,1024,0.0,1.0,0,0,2,0,0,2,1024,0.0,1.0,0,0
PF10371,PF01558,1,3,1,0,2,1023,0.33,1.0,1.0,0.58,3,1,0,2,1023,0.33,1.0,1.0,0.58
PF16187,PF08367,12,2,1,11,1,1013,0.5,0.99,0.08,0.2,2,1,11,1,1013,0.5,0.99,0.08,0.2
PF15119,PF14866,2,0,0,2,0,1024,0,1.0,0.0,0,0,0,2,0,1024,0,1.0,0.0,0
PF00175,PF00970,41,23,22,19,1,984,0.96,0.98,0.54,0.71,23,22,19,1,984,0.96,0.98,0.54,0.71
PF03660,PF08400,3,0,0,3,0,1023,0,1.0,0.0,0,0,0,3,0,1023,0,1.0,0.0,0
PF14716,PF10391,6,5,4,2,1,1019,0.8,1.0,0.67,0.73,5,4,2,1,1019,0.8,1.0,0.67,0.73
PF01820,PF07478,1,5,1,0,4,1021,0.2,1.0,1.0,0.45,5,1,0,4,1021,0.2,1.0,1.0,0.45
PF05558,PF15125,2,0,0,2,0,1024,0,1.0,0.0,0,0,0,2,0,1024,0,1.0,0.0,0
PF04588,PF01896,8,9,1,7,8,1010,0.11,0.99,0.12,0.11,9,1,7,8,1010,0.11,0.99,0.12,0.11
PF13844,PF13414,13,30,11,2,19,994,0.37,0.98,0.85,0.55,30,11,2,19,994,0.37,0.98,0.85,0.55
PF15219,PF03243,1,4,1,0,3,1022,0.25,1.0,1.0,0.5,4,1,0,3,1022,0.25,1.0,1.0,0.5
PF05517,PF03607,6,10,2,4,8,1012,0.2,0.99,0.33,0.25,10,2,4,8,1012,0.2,0.99,0.33,0.25
PF00108,PF02803,24,23,22,2,1,1001,0.96,1.0,0.92,0.93,23,22,2,1,1001,0.96,1.0,0.92,0.93
PF16470,PF01483,7,12,7,0,5,1014,0.58,1.0,1.0,0.76,12,7,0,5,1014,0.58,1.0,1.0,0.76
PF01569,PF04769,28,3,0,28,3,995,0.0,0.97,0.0,-0.01,3,0,28,3,995,0.0,0.97,0.0,-0.01
PF14602,PF12464,12,10,6,6,4,1010,0.6,0.99,0.5,0.54,10,6,6,4,1010,0.6,0.99,0.5,0.54
PF04170,PF05939,0,0,0,0,0,1026,0,1.0,0,0,0,0,0,0,1026,0,1.0,0,0
PF01588,PF16714,23,3,3,20,0,1003,1.0,0.98,0.13,0.36,3,3,20,0,1003,1.0,0.98,0.13,0.36
PF02116,PF10180,3,7,0,3,7,1016,0.0,0.99,0.0,-0.0,7,0,3,7,1016,0.0,0.99,0.0,-0.0
PF15883,PF07240,0,0,0,0,0,1026,0,1.0,0,0,0,0,0,0,1026,0,1.0,0,0
PF14950,PF14951,0,1,0,0,1,1025,0.0,1.0,0,0,1,0,0,1,1025,0.0,1.0,0,0
PF09755,PF04139,4,9,0,4,9,1013,0.0,0.99,0.0,-0.01,9,0,4,9,1013,0.0,0.99,0.0,-0.01
PF02025,PF14862,1,2,0,1,2,1023,0.0,1.0,0.0,-0.0,2,0,1,2,1023,0.0,1.0,0.0,-0.0
PF12171,PF08648,26,4,2,24,2,998,0.5,0.97,0.08,0.19,4,2,24,2,998,0.5,0.97,0.08,0.19
PF00996,PF08295,18,9,5,13,4,1004,0.56,0.98,0.28,0.39,9,5,13,4,1004,0.56,0.98,0.28,0.39
PF05086,PF05109,0,1,0,0,1,1025,0.0,1.0,0,0,1,0,0,1,1025,0.0,1.0,0,0
PF08776,PF05210,5,2,0,5,2,1019,0.0,0.99,0.0,-0.0,2,0,5,2,1019,0.0,0.99,0.0,-0.0
PF05915,PF04716,0,10,0,0,10,1016,0.0,0.99,0,0,10,0,0,10,1016,0.0,0.99,0,0
PF07811,PF03470,0,1,0,0,1,1025,0.0,1.0,0,0,1,0,0,1,1025,0.0,1.0,0,0
PF16872,PF02108,0,0,0,0,0,1026,0,1.0,0,0,0,0,0,0,1026,0,1.0,0,0
PF05664,PF01735,5,11,3,2,8,1013,0.27,0.99,0.6,0.4,11,3,2,8,1013,0.27,0.99,0.6,0.4
PF02475,PF02676,11,3,2,9,1,1014,0.67,0.99,0.18,0.34,3,2,9,1,1014,0.67,0.99,0.18,0.34
PF09361,PF16967,0,0,0,0,0,1026,0,1.0,0,0,0,0,0,0,1026,0,1.0,0,0
PF04756,PF05434,4,2,0,4,2,1020,0.0,0.99,0.0,-0.0,2,0,4,2,1020,0.0,0.99,0.0,-0.0
PF10320,PF06784,11,5,1,10,4,1011,0.2,0.99,0.09,0.13,5,1,10,4,1011,0.2,0.99,0.09,0.13
PF08327,PF09229,9,11,9,0,2,1015,0.82,1.0,1.0,0.9,11,9,0,2,1015,0.82,1.0,1.0,0.9
PF13696,PF08783,2,1,1,1,0,1024,1.0,1.0,0.5,0.71,1,1,1,0,1024,1.0,1.0,0.5,0.71
PF07914,PF16088,7,0,0,7,0,1019,0,0.99,0.0,0,0,0,7,0,1019,0,0.99,0.0,0
PF05020,PF05021,5,6,5,0,1,1020,0.83,1.0,1.0,0.91,6,5,0,1,1020,0.83,1.0,1.0,0.91
PF00366,PF16205,15,8,8,7,0,1011,1.0,0.99,0.53,0.73,8,8,7,0,1011,1.0,0.99,0.53,0.73
PF05479,PF00321,1,1,0,1,1,1024,0.0,1.0,0.0,-0.0,1,0,1,1,1024,0.0,1.0,0.0,-0.0
PF04822,PF04423,1,4,0,1,4,1021,0.0,1.0,0.0,-0.0,4,0,1,4,1021,0.0,1.0,0.0,-0.0
PF07739,PF13096,1,1,0,1,1,1024,0.0,1.0,0.0,-0.0,1,0,1,1,1024,0.0,1.0,0.0,-0.0
PF04145,PF12406,14,1,1,13,0,1012,1.0,0.99,0.07,0.27,1,1,13,0,1012,1.0,0.99,0.07,0.27
PF05526,PF06868,0,0,0,0,0,1026,0,1.0,0,0,0,0,0,0,1026,0,1.0,0,0
PF15254,PF03306,1,3,0,1,3,1022,0.0,1.0,0.0,-0.0,3,0,1,3,1022,0.0,1.0,0.0,-0.0
PF08259,PF11751,0,0,0,0,0,1026,0,1.0,0,0,0,0,0,0,1026,0,1.0,0,0
PF03927,PF09092,0,0,0,0,0,1026,0,1.0,0,0,0,0,0,0,1026,0,1.0,0,0
PF00728,PF14845,25,16,16,9,0,1001,1.0,0.99,0.64,0.8,16,16,9,0,1001,1.0,0.99,0.64,0.8
PF00474,PF01545,26,31,11,15,20,980,0.35,0.97,0.42,0.37,31,11,15,20,980,0.35,0.97,0.42,0.37
PF01031,PF00350,26,44,23,3,21,979,0.52,0.98,0.88,0.67,44,23,3,21,979,0.52,0.98,0.88,0.67
PF03208,PF00430,6,5,0,6,5,1015,0.0,0.99,0.0,-0.01,5,0,6,5,1015,0.0,0.99,0.0,-0.01
PF12394,PF05057,1,16,1,0,15,1010,0.06,0.99,1.0,0.25,16,1,0,15,1010,0.06,0.99,1.0,0.25
PF08674,PF00135,0,51,0,0,51,975,0.0,0.95,0,0,51,0,0,51,975,0.0,0.95,0,0
PF04648,PF05436,2,2,2,0,0,1024,1.0,1.0,1.0,1.0,2,2,0,0,1024,1.0,1.0,1.0,1.0
PF06271,PF15305,1,3,0,1,3,1022,0.0,1.0,0.0,-0.0,3,0,1,3,1022,0.0,1.0,0.0,-0.0
PF16900,PF08646,13,17,12,1,5,1008,0.71,0.99,0.92,0.8,17,12,1,5,1008,0.71,0.99,0.92,0.8
PF02437,PF15223,2,0,0,2,0,1024,0,1.0,0.0,0,0,0,2,0,1024,0,1.0,0.0,0
PF12047,PF02008,7,11,2,5,9,1010,0.18,0.99,0.29,0.22,11,2,5,9,1010,0.18,0.99,0.29,0.22
PF11886,PF04548,1,16,1,0,15,1010,0.06,0.99,1.0,0.25,16,1,0,15,1010,0.06,0.99,1.0,0.25
PF00067,PF00667,119,21,11,108,10,897,0.52,0.88,0.09,0.18,21,11,108,10,897,0.52,0.88,0.09,0.18
PF06405,PF09585,1,1,0,1,1,1024,0.0,1.0,0.0,-0.0,1,0,1,1,1024,0.0,1.0,0.0,-0.0
PF05431,PF11975,1,5,0,1,5,1020,0.0,0.99,0.0,-0.0,5,0,1,5,1020,0.0,0.99,0.0,-0.0
PF00407,PF03032,5,5,1,4,4,1017,0.2,0.99,0.2,0.2,5,1,4,4,1017,0.2,0.99,0.2,0.2
PF10338,PF10471,0,4,0,0,4,1022,0.0,1.0,0,0,4,0,0,4,1022,0.0,1.0,0,0
PF03090,PF11751,0,0,0,0,0,1026,0,1.0,0,0,0,0,0,0,1026,0,1.0,0,0
PF12156,PF09040,1,2,0,1,2,1023,0.0,1.0,0.0,-0.0,2,0,1,2,1023,0.0,1.0,0.0,-0.0
PF16739,PF13625,6,4,1,5,3,1017,0.25,0.99,0.17,0.2,4,1,5,3,1017,0.25,0.99,0.17,0.2
PF01020,PF04758,8,6,1,7,5,1013,0.17,0.99,0.12,0.14,6,1,7,5,1013,0.17,0.99,0.12,0.14
PF04888,PF09688,1,0,0,1,0,1025,0,1.0,0.0,0,0,0,1,0,1025,0,1.0,0.0,0
PF04704,PF15350,1,0,0,1,0,1025,0,1.0,0.0,0,0,0,1,0,1025,0,1.0,0.0,0
PF15476,PF09327,1,0,0,1,0,1025,0,1.0,0.0,0,0,0,1,0,1025,0,1.0,0.0,0
PF12259,PF07530,3,2,1,2,1,1022,0.5,1.0,0.33,0.41,2,1,2,1,1022,0.5,1.0,0.33,0.41
PF07081,PF03576,2,1,0,2,1,1023,0.0,1.0,0.0,-0.0,1,0,2,1,1023,0.0,1.0,0.0,-0.0
PF02422,PF00074,1,1,0,1,1,1024,0.0,1.0,0.0,-0.0,1,0,1,1,1024,0.0,1.0,0.0,-0.0
PF15250,PF15803,0,0,0,0,0,1026,0,1.0,0,0,0,0,0,0,1026,0,1.0,0,0
PF15009,PF14954,3,1,0,3,1,1022,0.0,1.0,0.0,-0.0,1,0,3,1,1022,0.0,1.0,0.0,-0.0
PF02883,PF09066,10,4,2,8,2,1014,0.5,0.99,0.2,0.31,4,2,8,2,1014,0.5,0.99,0.2,0.31
PF05167,PF06890,1,0,0,1,0,1025,0,1.0,0.0,0,0,0,1,0,1025,0,1.0,0.0,0
PF12381,PF08762,1,1,1,0,0,1025,1.0,1.0,1.0,1.0,1,1,0,0,1025,1.0,1.0,1.0,1.0
PF04955,PF06119,0,13,0,0,13,1013,0.0,0.99,0,0,13,0,0,13,1013,0.0,0.99,0,0
PF02108,PF05164,0,0,0,0,0,1026,0,1.0,0,0,0,0,0,0,1026,0,1.0,0,0
PF14497,PF00043,21,33,14,7,19,986,0.42,0.97,0.67,0.52,33,14,7,19,986,0.42,0.97,0.67,0.52
PF06937,PF10856,0,0,0,0,0,1026,0,1.0,0,0,0,0,0,0,1026,0,1.0,0,0
PF14782,PF14781,6,2,2,4,0,1020,1.0,1.0,0.33,0.58,2,2,4,0,1020,1.0,1.0,0.33,0.58
PF02602,PF06172,8,2,0,8,2,1016,0.0,0.99,0.0,-0.0,2,0,8,2,1016,0.0,0.99,0.0,-0.0
PF06144,PF16725,3,0,0,3,0,1023,0,1.0,0.0,0,0,0,3,0,1023,0,1.0,0.0,0
PF11961,PF07540,1,2,0,1,2,1023,0.0,1.0,0.0,-0.0,2,0,1,2,1023,0.0,1.0,0.0,-0.0
PF00757,PF01030,9,9,7,2,2,1015,0.78,1.0,0.78,0.78,9,7,2,2,1015,0.78,1.0,0.78,0.78
PF01101,PF04222,9,0,0,9,0,1017,0,0.99,0.0,0,0,0,9,0,1017,0,0.99,0.0,0
PF04076,PF04451,0,0,0,0,0,1026,0,1.0,0,0,0,0,0,0,1026,0,1.0,0,0
PF14914,PF15304,1,1,0,1,1,1024,0.0,1.0,0.0,-0.0,1,0,1,1,1024,0.0,1.0,0.0,-0.0
PF04218,PF03221,6,26,5,1,21,999,0.19,0.98,0.83,0.39,26,5,1,21,999,0.19,0.98,0.83,0.39
PF04160,PF13471,0,3,0,0,3,1023,0.0,1.0,0,0,3,0,0,3,1023,0.0,1.0,0,0
PF12785,PF16704,0,2,0,0,2,1024,0.0,1.0,0,0,2,0,0,2,1024,0.0,1.0,0,0
PF05284,PF01750,0,0,0,0,0,1026,0,1.0,0,0,0,0,0,0,1026,0,1.0,0,0
PF11577,PF16574,5,1,0,5,1,1020,0.0,0.99,0.0,-0.0,1,0,5,1,1020,0.0,0.99,0.0,-0.0
PF08035,PF16102,0,0,0,0,0,1026,0,1.0,0,0,0,0,0,0,1026,0,1.0,0,0
PF06259,PF13036,0,1,0,0,1,1025,0.0,1.0,0,0,1,0,0,1,1025,0.0,1.0,0,0
PF03134,PF01215,17,5,3,14,2,1007,0.6,0.98,0.18,0.32,5,3,14,2,1007,0.6,0.98,0.18,0.32
PF07059,PF10457,3,7,1,2,6,1017,0.14,0.99,0.33,0.21,7,1,2,6,1017,0.14,0.99,0.33,0.21
PF05830,PF02654,2,1,0,2,1,1023,0.0,1.0,0.0,-0.0,1,0,2,1,1023,0.0,1.0,0.0,-0.0
PF00797,PF12239,9,7,2,7,5,1012,0.29,0.99,0.22,0.25,7,2,7,5,1012,0.29,0.99,0.22,0.25
PF02042,PF04576,6,4,0,6,4,1016,0.0,0.99,0.0,-0.0,4,0,6,4,1016,0.0,0.99,0.0,-0.0
PF06390,PF15708,2,0,0,2,0,1024,0,1.0,0.0,0,0,0,2,0,1024,0,1.0,0.0,0
PF12571,PF15726,0,0,0,0,0,1026,0,1.0,0,0,0,0,0,0,1026,0,1.0,0,0
PF01679,PF04729,6,7,1,5,6,1014,0.14,0.99,0.17,0.15,7,1,5,6,1014,0.14,0.99,0.17,0.15
PF12301,PF00272,0,0,0,0,0,1026,0,1.0,0,0,0,0,0,0,1026,0,1.0,0,0
PF02381,PF17060,2,3,0,2,3,1021,0.0,1.0,0.0,-0.0,3,0,2,3,1021,0.0,1.0,0.0,-0.0
PF12612,PF10350,10,3,0,10,3,1013,0.0,0.99,0.0,-0.01,3,0,10,3,1013,0.0,0.99,0.0,-0.01
PF03117,PF04347,1,1,0,1,1,1024,0.0,1.0,0.0,-0.0,1,0,1,1,1024,0.0,1.0,0.0,-0.0
PF15440,PF07260,2,1,0,2,1,1023,0.0,1.0,0.0,-0.0,1,0,2,1,1023,0.0,1.0,0.0,-0.0
PF09648,PF07435,0,0,0,0,0,1026,0,1.0,0,0,0,0,0,0,1026,0,1.0,0,0
PF13662,PF00772,3,3,1,2,2,1021,0.33,1.0,0.33,0.33,3,1,2,2,1021,0.33,1.0,0.33,0.33
PF08241,PF13847,42,33,16,26,17,967,0.48,0.96,0.38,0.41,33,16,26,17,967,0.48,0.96,0.38,0.41
PF09111,PF09110,7,7,7,0,0,1019,1.0,1.0,1.0,1.0,7,7,0,0,1019,1.0,1.0,1.0,1.0
PF12552,PF14383,2,1,1,1,0,1024,1.0,1.0,0.5,0.71,1,1,1,0,1024,1.0,1.0,0.5,0.71
PF13426,PF08447,22,20,9,13,11,993,0.45,0.98,0.41,0.42,20,9,13,11,993,0.45,0.98,0.41,0.42
PF01456,PF10322,2,0,0,2,0,1024,0,1.0,0.0,0,0,0,2,0,1024,0,1.0,0.0,0
PF09818,PF15482,1,0,0,1,0,1025,0,1.0,0.0,0,0,0,1,0,1025,0,1.0,0.0,0
PF08558,PF07988,6,2,0,6,2,1018,0.0,0.99,0.0,-0.0,2,0,6,2,1018,0.0,0.99,0.0,-0.0
PF12269,PF16737,4,0,0,4,0,1022,0,1.0,0.0,0,0,0,4,0,1022,0,1.0,0.0,0
PF07453,PF07460,1,2,1,0,1,1024,0.5,1.0,1.0,0.71,2,1,0,1,1024,0.5,1.0,1.0,0.71
PF08918,PF02768,3,4,0,3,4,1019,0.0,0.99,0.0,-0.0,4,0,3,4,1019,0.0,0.99,0.0,-0.0
PF08395,PF06151,13,2,2,11,0,1013,1.0,0.99,0.15,0.39,2,2,11,0,1013,1.0,0.99,0.15,0.39
PF01873,PF05508,7,0,0,7,0,1019,0,0.99,0.0,0,0,0,7,0,1019,0,0.99,0.0,0
PF11498,PF04501,3,0,0,3,0,1023,0,1.0,0.0,0,0,0,3,0,1023,0,1.0,0.0,0
PF12767,PF08652,3,5,0,3,5,1018,0.0,0.99,0.0,-0.0,5,0,3,5,1018,0.0,0.99,0.0,-0.0
PF12704,PF08352,1,2,0,1,2,1023,0.0,1.0,0.0,-0.0,2,0,1,2,1023,0.0,1.0,0.0,-0.0
PF06371,PF06367,20,20,20,0,0,1006,1.0,1.0,1.0,1.0,20,20,0,0,1006,1.0,1.0,1.0,1.0
PF15914,PF05715,0,1,0,0,1,1025,0.0,1.0,0,0,1,0,0,1,1025,0.0,1.0,0,0
PF03366,PF08123,6,4,1,5,3,1017,0.25,0.99,0.17,0.2,4,1,5,3,1017,0.25,0.99,0.17,0.2
PF11617,PF16754,0,0,0,0,0,1026,0,1.0,0,0,0,0,0,0,1026,0,1.0,0,0
PF02621,PF05939,0,0,0,0,0,1026,0,1.0,0,0,0,0,0,0,1026,0,1.0,0,0
PF12125,PF16856,2,0,0,2,0,1024,0,1.0,0.0,0,0,0,2,0,1024,0,1.0,0.0,0
PF06087,PF10283,17,11,5,12,6,1003,0.45,0.98,0.29,0.36,11,5,12,6,1003,0.45,0.98,0.29,0.36
PF11051,PF04189,10,9,4,6,5,1011,0.44,0.99,0.4,0.42,9,4,6,5,1011,0.44,0.99,0.4,0.42
PF09683,PF05418,0,1,0,0,1,1025,0.0,1.0,0,0,1,0,0,1,1025,0.0,1.0,0,0
PF17206,PF03592,0,1,0,0,1,1025,0.0,1.0,0,0,1,0,0,1,1025,0.0,1.0,0,0
PF11254,PF02863,1,3,0,1,3,1022,0.0,1.0,0.0,-0.0,3,0,1,3,1022,0.0,1.0,0.0,-0.0
PF06772,PF12224,7,3,1,6,2,1017,0.33,0.99,0.14,0.21,3,1,6,2,1017,0.33,0.99,0.14,0.21
PF03623,PF06760,2,2,1,1,1,1023,0.5,1.0,0.5,0.5,2,1,1,1,1023,0.5,1.0,0.5,0.5
PF01916,PF03345,7,8,0,7,8,1011,0.0,0.99,0.0,-0.01,8,0,7,8,1011,0.0,0.99,0.0,-0.01
PF16134,PF11732,3,2,2,1,0,1023,1.0,1.0,0.67,0.82,2,2,1,0,1023,1.0,1.0,0.67,0.82
PF01213,PF08603,7,6,6,1,0,1019,1.0,1.0,0.86,0.93,6,6,1,0,1019,1.0,1.0,0.86,0.93
PF15749,PF01666,4,0,0,4,0,1022,0,1.0,0.0,0,0,0,4,0,1022,0,1.0,0.0,0
PF10164,PF15071,1,0,0,1,0,1025,0,1.0,0.0,0,0,0,1,0,1025,0,1.0,0.0,0
PF15375,PF10276,5,2,0,5,2,1019,0.0,0.99,0.0,-0.0,2,0,5,2,1019,0.0,0.99,0.0,-0.0
PF04485,PF15212,0,0,0,0,0,1026,0,1.0,0,0,0,0,0,0,1026,0,1.0,0,0
PF04043,PF01095,15,21,9,6,12,999,0.43,0.98,0.6,0.5,21,9,6,12,999,0.43,0.98,0.6,0.5
PF06025,PF06012,6,5,4,2,1,1019,0.8,1.0,0.67,0.73,5,4,2,1,1019,0.8,1.0,0.67,0.73
PF16830,PF16574,0,1,0,0,1,1025,0.0,1.0,0,0,1,0,0,1,1025,0.0,1.0,0,0
PF06041,PF11734,7,1,0,7,1,1018,0.0,0.99,0.0,-0.0,1,0,7,1,1018,0.0,0.99,0.0,-0.0
PF01693,PF00075,16,35,9,7,26,984,0.26,0.97,0.56,0.37,35,9,7,26,984,0.26,0.97,0.56,0.37
PF13793,PF14572,22,18,17,5,1,1003,0.94,0.99,0.77,0.85,18,17,5,1,1003,0.94,0.99,0.77,0.85
PF03807,PF14748,8,4,4,4,0,1018,1.0,1.0,0.5,0.71,4,4,4,0,1018,1.0,1.0,0.5,0.71
PF15909,PF03703,0,0,0,0,0,1026,0,1.0,0,0,0,0,0,0,1026,0,1.0,0,0
PF02109,PF12006,2,5,0,2,5,1019,0.0,0.99,0.0,-0.0,5,0,2,5,1019,0.0,0.99,0.0,-0.0
PF07142,PF09462,0,5,0,0,5,1021,0.0,1.0,0,0,5,0,0,5,1021,0.0,1.0,0,0
PF10533,PF03106,2,11,2,0,9,1015,0.18,0.99,1.0,0.42,11,2,0,9,1015,0.18,0.99,1.0,0.42
PF08784,PF09170,9,0,0,9,0,1017,0,0.99,0.0,0,0,0,9,0,1017,0,0.99,0.0,0
PF00253,PF00124,9,5,1,8,4,1013,0.2,0.99,0.11,0.14,5,1,8,4,1013,0.2,0.99,0.11,0.14
PF07445,PF04489,0,0,0,0,0,1026,0,1.0,0,0,0,0,0,0,1026,0,1.0,0,0
PF02706,PF04085,2,2,0,2,2,1022,0.0,1.0,0.0,-0.0,2,0,2,2,1022,0.0,1.0,0.0,-0.0
PF03489,PF02199,7,3,2,5,1,1018,0.67,0.99,0.29,0.43,3,2,5,1,1018,0.67,0.99,0.29,0.43
PF01303,PF08093,1,1,0,1,1,1024,0.0,1.0,0.0,-0.0,1,0,1,1,1024,0.0,1.0,0.0,-0.0
PF10532,PF00872,1,3,0,1,3,1022,0.0,1.0,0.0,-0.0,3,0,1,3,1022,0.0,1.0,0.0,-0.0
PF10150,PF09371,2,0,0,2,0,1024,0,1.0,0.0,0,0,0,2,0,1024,0,1.0,0.0,0
PF04383,PF10544,1,4,0,1,4,1021,0.0,1.0,0.0,-0.0,4,0,1,4,1021,0.0,1.0,0.0,-0.0
PF09690,PF02977,0,0,0,0,0,1026,0,1.0,0,0,0,0,0,0,1026,0,1.0,0,0
PF01227,PF01512,2,7,1,1,6,1018,0.14,0.99,0.5,0.26,7,1,1,6,1018,0.14,0.99,0.5,0.26
PF03748,PF14882,2,0,0,2,0,1024,0,1.0,0.0,0,0,0,2,0,1024,0,1.0,0.0,0
PF15190,PF01668,0,2,0,0,2,1024,0.0,1.0,0,0,2,0,0,2,1024,0.0,1.0,0,0
PF16498,PF16495,2,2,1,1,1,1023,0.5,1.0,0.5,0.5,2,1,1,1,1023,0.5,1.0,0.5,0.5
PF04248,PF12853,3,2,0,3,2,1021,0.0,1.0,0.0,-0.0,2,0,3,2,1021,0.0,1.0,0.0,-0.0
PF05902,PF04382,3,3,3,0,0,1023,1.0,1.0,1.0,1.0,3,3,0,0,1023,1.0,1.0,1.0,1.0
PF00144,PF03109,24,20,7,17,13,989,0.35,0.97,0.29,0.3,20,7,17,13,989,0.35,0.97,0.29,0.3
PF09733,PF01594,5,2,0,5,2,1019,0.0,0.99,0.0,-0.0,2,0,5,2,1019,0.0,0.99,0.0,-0.0
PF04099,PF07061,11,7,2,9,5,1010,0.29,0.99,0.18,0.22,7,2,9,5,1010,0.29,0.99,0.18,0.22
PF14866,PF15085,0,0,0,0,0,1026,0,1.0,0,0,0,0,0,0,1026,0,1.0,0,0
PF05678,PF07939,5,0,0,5,0,1021,0,1.0,0.0,0,0,0,5,0,1021,0,1.0,0.0,0
PF00551,PF02911,19,11,9,10,2,1005,0.82,0.99,0.47,0.62,11,9,10,2,1005,0.82,0.99,0.47,0.62
PF06780,PF05128,0,0,0,0,0,1026,0,1.0,0,0,0,0,0,0,1026,0,1.0,0,0
PF14639,PF14635,4,5,4,0,1,1021,0.8,1.0,1.0,0.89,5,4,0,1,1021,0.8,1.0,1.0,0.89
PF00787,PF09325,48,14,12,36,2,976,0.86,0.96,0.25,0.45,14,12,36,2,976,0.86,0.96,0.25,0.45
PF07415,PF08020,1,0,0,1,0,1025,0,1.0,0.0,0,0,0,1,0,1025,0,1.0,0.0,0
PF14949,PF12596,2,2,0,2,2,1022,0.0,1.0,0.0,-0.0,2,0,2,2,1022,0.0,1.0,0.0,-0.0
PF07331,PF08334,0,2,0,0,2,1024,0.0,1.0,0,0,2,0,0,2,1024,0.0,1.0,0,0
PF00456,PF13292,9,2,0,9,2,1015,0.0,0.99,0.0,-0.0,2,0,9,2,1015,0.0,0.99,0.0,-0.0
PF02659,PF07376,0,0,0,0,0,1026,0,1.0,0,0,0,0,0,0,1026,0,1.0,0,0
PF09414,PF14948,4,2,1,3,1,1021,0.5,1.0,0.25,0.35,2,1,3,1,1021,0.5,1.0,0.25,0.35
PF10187,PF00473,3,1,0,3,1,1022,0.0,1.0,0.0,-0.0,1,0,3,1,1022,0.0,1.0,0.0,-0.0
PF00216,PF08194,2,0,0,2,0,1024,0,1.0,0.0,0,0,0,2,0,1024,0,1.0,0.0,0
PF11729,PF11561,0,1,0,0,1,1025,0.0,1.0,0,0,1,0,0,1,1025,0.0,1.0,0,0
PF14805,PF04764,2,0,0,2,0,1024,0,1.0,0.0,0,0,0,2,0,1024,0,1.0,0.0,0
PF07710,PF08563,1,1,1,0,0,1025,1.0,1.0,1.0,1.0,1,1,0,0,1025,1.0,1.0,1.0,1.0
PF05680,PF14542,3,2,0,3,2,1021,0.0,1.0,0.0,-0.0,2,0,3,2,1021,0.0,1.0,0.0,-0.0
PF04339,PF15216,0,0,0,0,0,1026,0,1.0,0,0,0,0,0,0,1026,0,1.0,0,0
PF10361,PF12527,0,0,0,0,0,1026,0,1.0,0,0,0,0,0,0,1026,0,1.0,0,0
PF03243,PF01316,4,3,0,4,3,1019,0.0,0.99,0.0,-0.0,3,0,4,3,1019,0.0,0.99,0.0,-0.0
PF13339,PF13864,4,7,1,3,6,1016,0.14,0.99,0.25,0.18,7,1,3,6,1016,0.14,0.99,0.25,0.18
PF08731,PF13810,1,2,0,1,2,1023,0.0,1.0,0.0,-0.0,2,0,1,2,1023,0.0,1.0,0.0,-0.0
PF09252,PF15085,0,0,0,0,0,1026,0,1.0,0,0,0,0,0,0,1026,0,1.0,0,0
PF12878,PF12879,0,0,0,0,0,1026,0,1.0,0,0,0,0,0,0,1026,0,1.0,0,0
PF12420,PF10218,0,0,0,0,0,1026,0,1.0,0,0,0,0,0,0,1026,0,1.0,0,0
PF06756,PF01810,1,6,0,1,6,1019,0.0,0.99,0.0,-0.0,6,0,1,6,1019,0.0,0.99,0.0,-0.0
PF14486,PF12628,0,0,0,0,0,1026,0,1.0,0,0,0,0,0,0,1026,0,1.0,0,0
PF12528,PF15938,0,0,0,0,0,1026,0,1.0,0,0,0,0,0,0,1026,0,1.0,0,0
PF11532,PF15861,0,2,0,0,2,1024,0.0,1.0,0,0,2,0,0,2,1024,0.0,1.0,0,0
PF10033,PF16944,5,3,0,5,3,1018,0.0,0.99,0.0,-0.0,3,0,5,3,1018,0.0,0.99,0.0,-0.0
PF08761,PF01668,0,2,0,0,2,1024,0.0,1.0,0,0,2,0,0,2,1024,0.0,1.0,0,0
PF12232,PF01586,5,5,5,0,0,1021,1.0,1.0,1.0,1.0,5,5,0,0,1021,1.0,1.0,1.0,1.0
PF14292,PF12080,0,0,0,0,0,1026,0,1.0,0,0,0,0,0,0,1026,0,1.0,0,0
PF00251,PF08244,9,7,7,2,0,1017,1.0,1.0,0.78,0.88,7,7,2,0,1017,1.0,1.0,0.78,0.88
PF13331,PF11341,0,1,0,0,1,1025,0.0,1.0,0,0,1,0,0,1,1025,0.0,1.0,0,0
PF06784,PF10320,5,11,1,4,10,1011,0.09,0.99,0.2,0.13,11,1,4,10,1011,0.09,0.99,0.2,0.13
PF12801,PF02074,1,2,0,1,2,1023,0.0,1.0,0.0,-0.0,2,0,1,2,1023,0.0,1.0,0.0,-0.0
PF04529,PF05979,0,2,0,0,2,1024,0.0,1.0,0,0,2,0,0,2,1024,0.0,1.0,0,0
PF09729,PF16944,8,3,0,8,3,1015,0.0,0.99,0.0,-0.0,3,0,8,3,1015,0.0,0.99,0.0,-0.0
PF09972,PF09988,0,0,0,0,0,1026,0,1.0,0,0,0,0,0,0,1026,0,1.0,0,0
PF06741,PF14438,7,6,4,3,2,1017,0.67,1.0,0.57,0.61,6,4,3,2,1017,0.67,1.0,0.57,0.61
PF16045,PF14775,3,4,1,2,3,1020,0.25,1.0,0.33,0.29,4,1,2,3,1020,0.25,1.0,0.33,0.29
PF03717,PF00905,13,16,13,0,3,1010,0.81,1.0,1.0,0.9,16,13,0,3,1010,0.81,1.0,1.0,0.9
PF06799,PF09597,4,2,0,4,2,1020,0.0,0.99,0.0,-0.0,2,0,4,2,1020,0.0,0.99,0.0,-0.0
PF16166,PF05996,0,2,0,0,2,1024,0.0,1.0,0,0,2,0,0,2,1024,0.0,1.0,0,0
PF05298,PF15677,1,2,0,1,2,1023,0.0,1.0,0.0,-0.0,2,0,1,2,1023,0.0,1.0,0.0,-0.0
PF17126,PF13636,2,0,0,2,0,1024,0,1.0,0.0,0,0,0,2,0,1024,0,1.0,0.0,0
PF11738,PF02217,0,1,0,0,1,1025,0.0,1.0,0,0,1,0,0,1,1025,0.0,1.0,0,0
PF12406,PF04145,1,14,1,0,13,1012,0.07,0.99,1.0,0.27,14,1,0,13,1012,0.07,0.99,1.0,0.27
PF00383,PF01872,40,10,7,33,3,983,0.7,0.96,0.17,0.34,10,7,33,3,983,0.7,0.96,0.17,0.34
PF16005,PF00714,1,1,0,1,1,1024,0.0,1.0,0.0,-0.0,1,0,1,1,1024,0.0,1.0,0.0,-0.0
PF05231,PF04917,2,1,0,2,1,1023,0.0,1.0,0.0,-0.0,1,0,2,1,1023,0.0,1.0,0.0,-0.0
PF02729,PF00185,14,14,14,0,0,1012,1.0,1.0,1.0,1.0,14,14,0,0,1012,1.0,1.0,1.0,1.0
PF10142,PF10370,5,1,0,5,1,1020,0.0,0.99,0.0,-0.0,1,0,5,1,1020,0.0,0.99,0.0,-0.0
PF04367,PF07939,1,0,0,1,0,1025,0,1.0,0.0,0,0,0,1,0,1025,0,1.0,0.0,0
PF07966,PF00026,3,43,3,0,40,983,0.07,0.96,1.0,0.26,43,3,0,40,983,0.07,0.96,1.0,0.26
PF09849,PF06681,0,0,0,0,0,1026,0,1.0,0,0,0,0,0,0,1026,0,1.0,0,0
PF01112,PF00755,14,21,6,8,15,997,0.29,0.98,0.43,0.34,21,6,8,15,997,0.29,0.98,0.43,0.34
PF04680,PF12121,0,0,0,0,0,1026,0,1.0,0,0,0,0,0,0,1026,0,1.0,0,0
PF04438,PF14773,19,3,2,17,1,1006,0.67,0.98,0.11,0.26,3,2,17,1,1006,0.67,0.98,0.11,0.26
PF08940,PF03428,0,0,0,0,0,1026,0,1.0,0,0,0,0,0,0,1026,0,1.0,0,0
PF10933,PF08744,0,0,0,0,0,1026,0,1.0,0,0,0,0,0,0,1026,0,1.0,0,0
PF12295,PF11935,1,1,1,0,0,1025,1.0,1.0,1.0,1.0,1,1,0,0,1025,1.0,1.0,1.0,1.0
PF16265,PF13482,0,0,0,0,0,1026,0,1.0,0,0,0,0,0,0,1026,0,1.0,0,0
PF01712,PF04176,3,6,0,3,6,1017,0.0,0.99,0.0,-0.0,6,0,3,6,1017,0.0,0.99,0.0,-0.0
PF01279,PF02044,1,1,0,1,1,1024,0.0,1.0,0.0,-0.0,1,0,1,1,1024,0.0,1.0,0.0,-0.0
PF06297,PF12315,5,6,1,4,5,1016,0.17,0.99,0.2,0.18,6,1,4,5,1016,0.17,0.99,0.2,0.18
PF02615,PF03962,7,4,1,6,3,1016,0.25,0.99,0.14,0.18,4,1,6,3,1016,0.25,0.99,0.14,0.18
PF14920,PF14918,0,0,0,0,0,1026,0,1.0,0,0,0,0,0,0,1026,0,1.0,0,0
PF01472,PF01509,10,15,4,6,11,1005,0.27,0.98,0.4,0.32,15,4,6,11,1005,0.27,0.98,0.4,0.32
PF03146,PF00050,2,20,2,0,18,1006,0.1,0.98,1.0,0.31,20,2,0,18,1006,0.1,0.98,1.0,0.31
PF00440,PF08361,10,0,0,10,0,1016,0,0.99,0.0,0,0,0,10,0,1016,0,0.99,0.0,0
PF14364,PF13724,1,0,0,1,0,1025,0,1.0,0.0,0,0,0,1,0,1025,0,1.0,0.0,0
PF03705,PF08411,1,1,0,1,1,1024,0.0,1.0,0.0,-0.0,1,0,1,1,1024,0.0,1.0,0.0,-0.0
PF03588,PF17078,1,2,0,1,2,1023,0.0,1.0,0.0,-0.0,2,0,1,2,1023,0.0,1.0,0.0,-0.0
PF01779,PF05129,7,8,0,7,8,1011,0.0,0.99,0.0,-0.01,8,0,7,8,1011,0.0,0.99,0.0,-0.01
PF07823,PF08189,5,0,0,5,0,1021,0,1.0,0.0,0,0,0,5,0,1021,0,1.0,0.0,0
PF08214,PF06001,12,8,8,4,0,1014,1.0,1.0,0.67,0.81,8,8,4,0,1014,1.0,1.0,0.67,0.81
PF01407,PF07882,1,1,0,1,1,1024,0.0,1.0,0.0,-0.0,1,0,1,1,1024,0.0,1.0,0.0,-0.0
PF16886,PF07497,8,3,0,8,3,1015,0.0,0.99,0.0,-0.0,3,0,8,3,1015,0.0,0.99,0.0,-0.0
PF06482,PF06121,2,1,1,1,0,1024,1.0,1.0,0.5,0.71,1,1,1,0,1024,1.0,1.0,0.5,0.71
PF14398,PF07902,0,2,0,0,2,1024,0.0,1.0,0,0,2,0,0,2,1024,0.0,1.0,0,0
PF11903,PF02775,1,13,0,1,13,1012,0.0,0.99,0.0,-0.0,13,0,1,13,1012,0.0,0.99,0.0,-0.0
PF09431,PF07815,5,4,0,5,4,1017,0.0,0.99,0.0,-0.0,4,0,5,4,1017,0.0,0.99,0.0,-0.0
PF04691,PF15760,3,0,0,3,0,1023,0,1.0,0.0,0,0,0,3,0,1023,0,1.0,0.0,0
PF00258,PF00667,16,21,12,4,9,1001,0.57,0.99,0.75,0.65,21,12,4,9,1001,0.57,0.99,0.75,0.65
PF17007,PF11751,0,0,0,0,0,1026,0,1.0,0,0,0,0,0,0,1026,0,1.0,0,0
PF07366,PF12006,1,5,0,1,5,1020,0.0,0.99,0.0,-0.0,5,0,1,5,1020,0.0,0.99,0.0,-0.0
PF06463,PF16881,5,7,0,5,7,1014,0.0,0.99,0.0,-0.01,7,0,5,7,1014,0.0,0.99,0.0,-0.01
PF15079,PF06773,0,0,0,0,0,1026,0,1.0,0,0,0,0,0,0,1026,0,1.0,0,0
PF04992,PF04990,3,1,1,2,0,1023,1.0,1.0,0.33,0.58,1,1,2,0,1023,1.0,1.0,0.33,0.58
PF08504,PF15827,1,0,0,1,0,1025,0,1.0,0.0,0,0,0,1,0,1025,0,1.0,0.0,0
PF16720,PF03784,2,1,1,1,0,1024,1.0,1.0,0.5,0.71,1,1,1,0,1024,1.0,1.0,0.5,0.71
PF16355,PF16353,4,3,1,3,2,1020,0.33,1.0,0.25,0.29,3,1,3,2,1020,0.33,1.0,0.25,0.29
PF12090,PF08729,1,3,0,1,3,1022,0.0,1.0,0.0,-0.0,3,0,1,3,1022,0.0,1.0,0.0,-0.0
PF05838,PF09951,0,0,0,0,0,1026,0,1.0,0,0,0,0,0,0,1026,0,1.0,0,0
PF12118,PF08808,0,0,0,0,0,1026,0,1.0,0,0,0,0,0,0,1026,0,1.0,0,0
PF02945,PF03175,3,9,2,1,7,1016,0.22,0.99,0.67,0.38,9,2,1,7,1016,0.22,0.99,0.67,0.38
PF15579,PF09726,0,3,0,0,3,1023,0.0,1.0,0,0,3,0,0,3,1023,0.0,1.0,0,0
PF06391,PF17121,4,2,2,2,0,1022,1.0,1.0,0.5,0.71,2,2,2,0,1022,1.0,1.0,0.5,0.71
PF15320,PF11029,3,2,0,3,2,1021,0.0,1.0,0.0,-0.0,2,0,3,2,1021,0.0,1.0,0.0,-0.0
PF03806,PF04764,1,0,0,1,0,1025,0,1.0,0.0,0,0,0,1,0,1025,0,1.0,0.0,0
PF14348,PF03135,2,5,2,0,3,1021,0.4,1.0,1.0,0.63,5,2,0,3,1021,0.4,1.0,1.0,0.63
PF04754,PF06952,2,0,0,2,0,1024,0,1.0,0.0,0,0,0,2,0,1024,0,1.0,0.0,0
PF01050,PF04613,6,7,1,5,6,1014,0.14,0.99,0.17,0.15,7,1,5,6,1014,0.14,0.99,0.17,0.15
PF11066,PF12513,0,1,0,0,1,1025,0.0,1.0,0,0,1,0,0,1,1025,0.0,1.0,0,0
PF10598,PF08082,6,7,6,0,1,1019,0.86,1.0,1.0,0.93,7,6,0,1,1019,0.86,1.0,1.0,0.93
PF10380,PF09818,1,1,0,1,1,1024,0.0,1.0,0.0,-0.0,1,0,1,1,1024,0.0,1.0,0.0,-0.0
PF03898,PF08795,0,0,0,0,0,1026,0,1.0,0,0,0,0,0,0,1026,0,1.0,0,0
PF00290,PF14821,7,7,0,7,7,1012,0.0,0.99,0.0,-0.01,7,0,7,7,1012,0.0,0.99,0.0,-0.01
PF07464,PF09057,1,2,0,1,2,1023,0.0,1.0,0.0,-0.0,2,0,1,2,1023,0.0,1.0,0.0,-0.0
PF12935,PF08579,0,1,0,0,1,1025,0.0,1.0,0,0,1,0,0,1,1025,0.0,1.0,0,0
PF14933,PF15444,1,0,0,1,0,1025,0,1.0,0.0,0,0,0,1,0,1025,0,1.0,0.0,0
PF08439,PF06719,2,1,0,2,1,1023,0.0,1.0,0.0,-0.0,1,0,2,1,1023,0.0,1.0,0.0,-0.0
PF07801,PF02672,3,2,0,3,2,1021,0.0,1.0,0.0,-0.0,2,0,3,2,1021,0.0,1.0,0.0,-0.0
PF02158,PF07204,1,2,1,0,1,1024,0.5,1.0,1.0,0.71,2,1,0,1,1024,0.5,1.0,1.0,0.71
PF01068,PF04679,16,13,13,3,0,1010,1.0,1.0,0.81,0.9,13,13,3,0,1010,1.0,1.0,0.81,0.9
PF16523,PF15441,1,1,1,0,0,1025,1.0,1.0,1.0,1.0,1,1,0,0,1025,1.0,1.0,1.0,1.0
PF17029,PF13994,0,1,0,0,1,1025,0.0,1.0,0,0,1,0,0,1,1025,0.0,1.0,0,0
PF07793,PF12385,0,0,0,0,0,1026,0,1.0,0,0,0,0,0,0,1026,0,1.0,0,0
PF10839,PF00537,0,0,0,0,0,1026,0,1.0,0,0,0,0,0,0,1026,0,1.0,0,0
PF08612,PF03386,4,0,0,4,0,1022,0,1.0,0.0,0,0,0,4,0,1022,0,1.0,0.0,0
PF02187,PF14923,7,0,0,7,0,1019,0,0.99,0.0,0,0,0,7,0,1019,0,0.99,0.0,0
PF05835,PF05395,3,1,0,3,1,1022,0.0,1.0,0.0,-0.0,1,0,3,1,1022,0.0,1.0,0.0,-0.0
PF03778,PF10285,0,0,0,0,0,1026,0,1.0,0,0,0,0,0,0,1026,0,1.0,0,0
PF14635,PF14639,5,4,4,1,0,1021,1.0,1.0,0.8,0.89,4,4,1,0,1021,1.0,1.0,0.8,0.89
PF08387,PF03478,21,20,10,11,10,995,0.5,0.98,0.48,0.48,20,10,11,10,995,0.5,0.98,0.48,0.48
PF15751,PF02955,0,3,0,0,3,1023,0.0,1.0,0,0,3,0,0,3,1023,0.0,1.0,0,0
PF08790,PF08265,4,13,2,2,11,1011,0.15,0.99,0.5,0.27,13,2,2,11,1011,0.15,0.99,0.5,0.27
PF07062,PF05822,2,4,0,2,4,1020,0.0,0.99,0.0,-0.0,4,0,2,4,1020,0.0,0.99,0.0,-0.0
PF10448,PF15716,0,0,0,0,0,1026,0,1.0,0,0,0,0,0,0,1026,0,1.0,0,0
PF03735,PF05641,4,3,0,4,3,1019,0.0,0.99,0.0,-0.0,3,0,4,3,1019,0.0,0.99,0.0,-0.0
PF12355,PF06583,1,0,0,1,0,1025,0,1.0,0.0,0,0,0,1,0,1025,0,1.0,0.0,0
PF06565,PF00334,7,22,5,2,17,1002,0.23,0.98,0.71,0.4,22,5,2,17,1002,0.23,0.98,0.71,0.4
PF12948,PF14922,0,1,0,0,1,1025,0.0,1.0,0,0,1,0,0,1,1025,0.0,1.0,0,0
PF04562,PF15485,0,0,0,0,0,1026,0,1.0,0,0,0,0,0,0,1026,0,1.0,0,0
PF02590,PF10693,2,0,0,2,0,1024,0,1.0,0.0,0,0,0,2,0,1024,0,1.0,0.0,0
PF04791,PF04859,14,2,1,13,1,1011,0.5,0.99,0.07,0.19,2,1,13,1,1011,0.5,0.99,0.07,0.19
PF15391,PF12628,0,0,0,0,0,1026,0,1.0,0,0,0,0,0,0,1026,0,1.0,0,0
PF02124,PF10570,0,0,0,0,0,1026,0,1.0,0,0,0,0,0,0,1026,0,1.0,0,0
PF07719,PF00515,24,37,14,10,23,979,0.38,0.97,0.58,0.45,37,14,10,23,979,0.38,0.97,0.58,0.45
PF16704,PF10212,2,2,0,2,2,1022,0.0,1.0,0.0,-0.0,2,0,2,2,1022,0.0,1.0,0.0,-0.0
PF07766,PF01985,9,4,2,7,2,1015,0.5,0.99,0.22,0.33,4,2,7,2,1015,0.5,0.99,0.22,0.33
PF14538,PF08232,8,7,0,8,7,1011,0.0,0.99,0.0,-0.01,7,0,8,7,1011,0.0,0.99,0.0,-0.01
PF05890,PF09814,9,7,2,7,5,1012,0.29,0.99,0.22,0.25,7,2,7,5,1012,0.29,0.99,0.22,0.25
PF16006,PF16171,3,0,0,3,0,1023,0,1.0,0.0,0,0,0,3,0,1023,0,1.0,0.0,0
PF15243,PF05039,1,1,0,1,1,1024,0.0,1.0,0.0,-0.0,1,0,1,1,1024,0.0,1.0,0.0,-0.0
PF09238,PF15914,1,0,0,1,0,1025,0,1.0,0.0,0,0,0,1,0,1025,0,1.0,0.0,0
PF00725,PF02737,12,12,12,0,0,1014,1.0,1.0,1.0,1.0,12,12,0,0,1014,1.0,1.0,1.0,1.0
PF11642,PF15685,0,2,0,0,2,1024,0.0,1.0,0,0,2,0,0,2,1024,0.0,1.0,0,0
PF10250,PF09335,16,18,5,11,13,997,0.28,0.98,0.31,0.28,18,5,11,13,997,0.28,0.98,0.31,0.28
PF13607,PF13380,0,2,0,0,2,1024,0.0,1.0,0,0,2,0,0,2,1024,0.0,1.0,0,0
PF06639,PF10566,0,0,0,0,0,1026,0,1.0,0,0,0,0,0,0,1026,0,1.0,0,0
PF02276,PF15220,1,3,0,1,3,1022,0.0,1.0,0.0,-0.0,3,0,1,3,1022,0.0,1.0,0.0,-0.0
PF16182,PF02209,4,10,2,2,8,1014,0.2,0.99,0.5,0.31,10,2,2,8,1014,0.2,0.99,0.5,0.31
PF06844,PF03454,0,7,0,0,7,1019,0.0,0.99,0,0,7,0,0,7,1019,0.0,0.99,0,0
PF12595,PF04114,1,9,0,1,9,1016,0.0,0.99,0.0,-0.0,9,0,1,9,1016,0.0,0.99,0.0,-0.0
PF09028,PF11162,0,0,0,0,0,1026,0,1.0,0,0,0,0,0,0,1026,0,1.0,0,0
PF01277,PF07172,0,0,0,0,0,1026,0,1.0,0,0,0,0,0,0,1026,0,1.0,0,0
PF05476,PF15186,2,0,0,2,0,1024,0,1.0,0.0,0,0,0,2,0,1024,0,1.0,0.0,0
PF03260,PF17206,1,0,0,1,0,1025,0,1.0,0.0,0,0,0,1,0,1025,0,1.0,0.0,0
PF12854,PF13041,35,79,34,1,45,946,0.43,0.96,0.97,0.63,79,34,1,45,946,0.43,0.96,0.97,0.63
PF00770,PF05355,1,4,0,1,4,1021,0.0,1.0,0.0,-0.0,4,0,1,4,1021,0.0,1.0,0.0,-0.0
PF09863,PF08220,0,3,0,0,3,1023,0.0,1.0,0,0,3,0,0,3,1023,0.0,1.0,0,0
PF08203,PF01316,1,3,0,1,3,1022,0.0,1.0,0.0,-0.0,3,0,1,3,1022,0.0,1.0,0.0,-0.0
PF11052,PF15622,2,0,0,2,0,1024,0,1.0,0.0,0,0,0,2,0,1024,0,1.0,0.0,0
PF16096,PF16097,0,0,0,0,0,1026,0,1.0,0,0,0,0,0,0,1026,0,1.0,0,0
PF00904,PF10583,1,2,1,0,1,1024,0.5,1.0,1.0,0.71,2,1,0,1,1024,0.5,1.0,1.0,0.71
PF10825,PF15833,0,1,0,0,1,1025,0.0,1.0,0,0,1,0,0,1,1025,0.0,1.0,0,0
PF08669,PF01571,19,18,16,3,2,1005,0.89,1.0,0.84,0.86,18,16,3,2,1005,0.89,1.0,0.84,0.86
PF00530,PF01186,27,3,3,24,0,999,1.0,0.98,0.11,0.33,3,3,24,0,999,1.0,0.98,0.11,0.33
PF06863,PF06742,0,1,0,0,1,1025,0.0,1.0,0,0,1,0,0,1,1025,0.0,1.0,0,0
PF08956,PF10933,1,0,0,1,0,1025,0,1.0,0.0,0,0,0,1,0,1025,0,1.0,0.0,0
PF14641,PF14632,2,2,2,0,0,1024,1.0,1.0,1.0,1.0,2,2,0,0,1024,1.0,1.0,1.0,1.0
PF12675,PF05001,0,5,0,0,5,1021,0.0,1.0,0,0,5,0,0,5,1021,0.0,1.0,0,0
PF13475,PF03516,2,0,0,2,0,1024,0,1.0,0.0,0,0,0,2,0,1024,0,1.0,0.0,0
PF00827,PF08449,17,17,8,9,9,1000,0.47,0.98,0.47,0.46,17,8,9,9,1000,0.47,0.98,0.47,0.46
PF08498,PF12589,5,5,1,4,4,1017,0.2,0.99,0.2,0.2,5,1,4,4,1017,0.2,0.99,0.2,0.2
PF03011,PF15447,1,1,1,0,0,1025,1.0,1.0,1.0,1.0,1,1,0,0,1025,1.0,1.0,1.0,1.0
PF12751,PF11510,1,2,0,1,2,1023,0.0,1.0,0.0,-0.0,2,0,1,2,1023,0.0,1.0,0.0,-0.0
PF00159,PF00446,0,3,0,0,3,1023,0.0,1.0,0,0,3,0,0,3,1023,0.0,1.0,0,0
PF00451,PF09232,1,1,0,1,1,1024,0.0,1.0,0.0,-0.0,1,0,1,1,1024,0.0,1.0,0.0,-0.0
PF01874,PF03592,1,1,0,1,1,1024,0.0,1.0,0.0,-0.0,1,0,1,1,1024,0.0,1.0,0.0,-0.0
PF00335,PF15320,35,3,2,33,1,990,0.67,0.97,0.06,0.19,3,2,33,1,990,0.67,0.97,0.06,0.19
PF05033,PF11764,13,3,0,13,3,1010,0.0,0.98,0.0,-0.01,3,0,13,3,1010,0.0,0.98,0.0,-0.01
PF04869,PF14932,10,2,0,10,2,1014,0.0,0.99,0.0,-0.0,2,0,10,2,1014,0.0,0.99,0.0,-0.0
PF02171,PF16488,28,15,14,14,1,997,0.93,0.99,0.5,0.68,15,14,14,1,997,0.93,0.99,0.5,0.68
PF03140,PF02519,13,6,4,9,2,1011,0.67,0.99,0.31,0.45,6,4,9,2,1011,0.67,0.99,0.31,0.45
PF03691,PF12843,0,0,0,0,0,1026,0,1.0,0,0,0,0,0,0,1026,0,1.0,0,0
PF16338,PF17137,1,4,1,0,3,1022,0.25,1.0,1.0,0.5,4,1,0,3,1022,0.25,1.0,1.0,0.5
PF15767,PF13270,1,4,0,1,4,1021,0.0,1.0,0.0,-0.0,4,0,1,4,1021,0.0,1.0,0.0,-0.0
PF15230,PF15888,1,0,0,1,0,1025,0,1.0,0.0,0,0,0,1,0,1025,0,1.0,0.0,0
PF16698,PF00200,1,13,1,0,12,1013,0.08,0.99,1.0,0.28,13,1,0,12,1013,0.08,0.99,1.0,0.28
PF02257,PF12031,16,3,2,14,1,1009,0.67,0.99,0.12,0.28,3,2,14,1,1009,0.67,0.99,0.12,0.28
PF07943,PF00768,3,3,3,0,0,1023,1.0,1.0,1.0,1.0,3,3,0,0,1023,1.0,1.0,1.0,1.0
PF07995,PF02012,7,0,0,7,0,1019,0,0.99,0.0,0,0,0,7,0,1019,0,0.99,0.0,0
PF04061,PF14770,4,1,0,4,1,1021,0.0,1.0,0.0,-0.0,1,0,4,1,1021,0.0,1.0,0.0,-0.0
PF07863,PF00141,0,21,0,0,21,1005,0.0,0.98,0,0,21,0,0,21,1005,0.0,0.98,0,0
PF01488,PF08501,10,11,7,3,4,1012,0.64,0.99,0.7,0.66,11,7,3,4,1012,0.64,0.99,0.7,0.66
PF06201,PF15928,10,2,1,9,1,1015,0.5,0.99,0.1,0.22,2,1,9,1,1015,0.5,0.99,0.1,0.22
PF11851,PF15951,1,6,1,0,5,1020,0.17,1.0,1.0,0.41,6,1,0,5,1020,0.17,1.0,1.0,0.41
PF11901,PF12248,12,9,3,9,6,1008,0.33,0.99,0.25,0.28,9,3,9,6,1008,0.33,0.99,0.25,0.28
PF10445,PF15776,1,2,0,1,2,1023,0.0,1.0,0.0,-0.0,2,0,1,2,1023,0.0,1.0,0.0,-0.0
PF07443,PF13892,1,7,0,1,7,1018,0.0,0.99,0.0,-0.0,7,0,1,7,1018,0.0,0.99,0.0,-0.0
PF08250,PF10322,0,0,0,0,0,1026,0,1.0,0,0,0,0,0,0,1026,0,1.0,0,0
PF08099,PF01668,1,2,0,1,2,1023,0.0,1.0,0.0,-0.0,2,0,1,2,1023,0.0,1.0,0.0,-0.0
PF14775,PF13166,4,0,0,4,0,1022,0,1.0,0.0,0,0,0,4,0,1022,0,1.0,0.0,0
PF06243,PF07858,1,0,0,1,0,1025,0,1.0,0.0,0,0,0,1,0,1025,0,1.0,0.0,0
PF12098,PF08885,0,0,0,0,0,1026,0,1.0,0,0,0,0,0,0,1026,0,1.0,0,0
PF02009,PF08027,0,1,0,0,1,1025,0.0,1.0,0,0,1,0,0,1,1025,0.0,1.0,0,0
PF10951,PF05939,0,0,0,0,0,1026,0,1.0,0,0,0,0,0,0,1026,0,1.0,0,0
PF14762,PF14763,0,0,0,0,0,1026,0,1.0,0,0,0,0,0,0,1026,0,1.0,0,0
PF00273,PF09164,0,0,0,0,0,1026,0,1.0,0,0,0,0,0,0,1026,0,1.0,0,0
PF10206,PF02950,4,1,0,4,1,1021,0.0,1.0,0.0,-0.0,1,0,4,1,1021,0.0,1.0,0.0,-0.0
PF14353,PF10380,0,1,0,0,1,1025,0.0,1.0,0,0,1,0,0,1,1025,0.0,1.0,0,0
PF11303,PF12328,0,3,0,0,3,1023,0.0,1.0,0,0,3,0,0,3,1023,0.0,1.0,0,0
PF12166,PF15917,4,0,0,4,0,1022,0,1.0,0.0,0,0,0,4,0,1022,0,1.0,0.0,0
PF11277,PF10479,4,9,1,3,8,1014,0.11,0.99,0.25,0.16,9,1,3,8,1014,0.11,0.99,0.25,0.16
PF14630,PF09079,9,4,1,8,3,1014,0.25,0.99,0.11,0.16,4,1,8,3,1014,0.25,0.99,0.11,0.16
PF08454,PF06459,12,6,6,6,0,1014,1.0,0.99,0.5,0.71,6,6,6,0,1014,1.0,0.99,0.5,0.71
PF16117,PF15823,0,0,0,0,0,1026,0,1.0,0,0,0,0,0,0,1026,0,1.0,0,0
PF12570,PF15208,0,1,0,0,1,1025,0.0,1.0,0,0,1,0,0,1,1025,0.0,1.0,0,0
PF10020,PF09365,0,1,0,0,1,1025,0.0,1.0,0,0,1,0,0,1,1025,0.0,1.0,0,0
PF09986,PF05124,0,0,0,0,0,1026,0,1.0,0,0,0,0,0,0,1026,0,1.0,0,0
PF03089,PF13341,2,1,1,1,0,1024,1.0,1.0,0.5,0.71,1,1,1,0,1024,1.0,1.0,0.5,0.71
PF14457,PF01323,0,7,0,0,7,1019,0.0,0.99,0,0,7,0,0,7,1019,0.0,0.99,0,0
PF06637,PF16043,1,1,0,1,1,1024,0.0,1.0,0.0,-0.0,1,0,1,1,1024,0.0,1.0,0.0,-0.0
PF07130,PF05488,0,0,0,0,0,1026,0,1.0,0,0,0,0,0,0,1026,0,1.0,0,0
PF13691,PF12706,6,22,6,0,16,1004,0.27,0.98,1.0,0.52,22,6,0,16,1004,0.27,0.98,1.0,0.52
PF15203,PF11435,2,0,0,2,0,1024,0,1.0,0.0,0,0,0,2,0,1024,0,1.0,0.0,0
PF05192,PF05190,28,4,2,26,2,996,0.5,0.97,0.07,0.18,4,2,26,2,996,0.5,0.97,0.07,0.18
PF09789,PF15929,3,0,0,3,0,1023,0,1.0,0.0,0,0,0,3,0,1023,0,1.0,0.0,0
PF15216,PF15555,0,1,0,0,1,1025,0.0,1.0,0,0,1,0,0,1,1025,0.0,1.0,0,0
PF15737,PF10407,0,0,0,0,0,1026,0,1.0,0,0,0,0,0,0,1026,0,1.0,0,0
PF11325,PF14877,0,3,0,0,3,1023,0.0,1.0,0,0,3,0,0,3,1023,0.0,1.0,0,0
PF09967,PF11672,1,1,1,0,0,1025,1.0,1.0,1.0,1.0,1,1,0,0,1025,1.0,1.0,1.0,1.0
PF03234,PF08564,4,4,3,1,1,1021,0.75,1.0,0.75,0.75,4,3,1,1,1021,0.75,1.0,0.75,0.75
PF04184,PF16720,3,2,0,3,2,1021,0.0,1.0,0.0,-0.0,2,0,3,2,1021,0.0,1.0,0.0,-0.0
PF05947,PF05943,0,0,0,0,0,1026,0,1.0,0,0,0,0,0,0,1026,0,1.0,0,0
PF06681,PF03238,0,0,0,0,0,1026,0,1.0,0,0,0,0,0,0,1026,0,1.0,0,0
PF02057,PF10285,1,0,0,1,0,1025,0,1.0,0.0,0,0,0,1,0,1025,0,1.0,0.0,0
PF08447,PF11413,20,2,1,19,1,1005,0.5,0.98,0.05,0.15,2,1,19,1,1005,0.5,0.98,0.05,0.15
PF04864,PF04863,2,0,0,2,0,1024,0,1.0,0.0,0,0,0,2,0,1024,0,1.0,0.0,0
PF03059,PF02897,4,10,1,3,9,1013,0.1,0.99,0.25,0.15,10,1,3,9,1013,0.1,0.99,0.25,0.15
PF02971,PF04961,3,3,3,0,0,1023,1.0,1.0,1.0,1.0,3,3,0,0,1023,1.0,1.0,1.0,1.0
PF15130,PF15231,1,0,0,1,0,1025,0,1.0,0.0,0,0,0,1,0,1025,0,1.0,0.0,0
PF02214,PF03520,30,5,4,26,1,995,0.8,0.97,0.13,0.32,5,4,26,1,995,0.8,0.97,0.13,0.32
PF06411,PF04989,0,2,0,0,2,1024,0.0,1.0,0,0,2,0,0,2,1024,0.0,1.0,0,0
PF09034,PF11957,2,2,1,1,1,1023,0.5,1.0,0.5,0.5,2,1,1,1,1023,0.5,1.0,0.5,0.5
PF02184,PF17004,5,3,0,5,3,1018,0.0,0.99,0.0,-0.0,3,0,5,3,1018,0.0,0.99,0.0,-0.0
PF15673,PF08228,1,1,0,1,1,1024,0.0,1.0,0.0,-0.0,1,0,1,1,1024,0.0,1.0,0.0,-0.0
PF12343,PF04892,0,0,0,0,0,1026,0,1.0,0,0,0,0,0,0,1026,0,1.0,0,0
PF06978,PF08170,4,3,3,1,0,1022,1.0,1.0,0.75,0.87,3,3,1,0,1022,1.0,1.0,0.75,0.87
PF00840,PF02013,5,2,1,4,1,1020,0.5,1.0,0.2,0.31,2,1,4,1,1020,0.5,1.0,0.2,0.31
PF03230,PF04964,0,0,0,0,0,1026,0,1.0,0,0,0,0,0,0,1026,0,1.0,0,0
PF08545,PF08392,3,3,1,2,2,1021,0.33,1.0,0.33,0.33,3,1,2,2,1021,0.33,1.0,0.33,0.33
PF09615,PF04931,0,7,0,0,7,1019,0.0,0.99,0,0,7,0,0,7,1019,0.0,0.99,0,0
PF00782,PF14671,57,4,4,53,0,969,1.0,0.95,0.07,0.26,4,4,53,0,969,1.0,0.95,0.07,0.26
PF04412,PF01989,0,0,0,0,0,1026,0,1.0,0,0,0,0,0,0,1026,0,1.0,0,0
PF01075,PF10446,1,0,0,1,0,1025,0,1.0,0.0,0,0,0,1,0,1025,0,1.0,0.0,0
PF01410,PF01391,4,45,4,0,41,981,0.09,0.96,1.0,0.29,45,4,0,41,981,0.09,0.96,1.0,0.29
PF02322,PF13721,2,2,0,2,2,1022,0.0,1.0,0.0,-0.0,2,0,2,2,1022,0.0,1.0,0.0,-0.0
PF12840,PF08093,0,1,0,0,1,1025,0.0,1.0,0,0,1,0,0,1,1025,0.0,1.0,0,0
PF01347,PF09172,13,10,10,3,0,1013,1.0,1.0,0.77,0.88,10,10,3,0,1013,1.0,1.0,0.77,0.88
PF03354,PF06346,0,2,0,0,2,1024,0.0,1.0,0,0,2,0,0,2,1024,0.0,1.0,0,0
PF09289,PF00050,3,20,2,1,18,1005,0.1,0.98,0.67,0.25,20,2,1,18,1005,0.1,0.98,0.67,0.25
PF11233,PF15046,0,2,0,0,2,1024,0.0,1.0,0,0,2,0,0,2,1024,0.0,1.0,0,0
PF12371,PF09596,0,2,0,0,2,1024,0.0,1.0,0,0,2,0,0,2,1024,0.0,1.0,0,0
PF05652,PF06414,10,4,0,10,4,1012,0.0,0.99,0.0,-0.01,4,0,10,4,1012,0.0,0.99,0.0,-0.01
PF00990,PF00563,9,6,4,5,2,1015,0.67,0.99,0.44,0.54,6,4,5,2,1015,0.67,0.99,0.44,0.54
PF05605,PF14571,5,1,1,4,0,1021,1.0,1.0,0.2,0.45,1,1,4,0,1021,1.0,1.0,0.2,0.45
PF02312,PF02525,1,2,0,1,2,1023,0.0,1.0,0.0,-0.0,2,0,1,2,1023,0.0,1.0,0.0,-0.0
PF08068,PF16198,4,9,4,0,5,1017,0.44,1.0,1.0,0.67,9,4,0,5,1017,0.44,1.0,1.0,0.67
PF13241,PF14823,5,7,5,0,2,1019,0.71,1.0,1.0,0.84,7,5,0,2,1019,0.71,1.0,1.0,0.84
PF00076,PF08081,177,0,0,177,0,849,0,0.83,0.0,0,0,0,177,0,849,0,0.83,0.0,0
PF01273,PF02886,4,6,4,0,2,1020,0.67,1.0,1.0,0.82,6,4,0,2,1020,0.67,1.0,1.0,0.82
PF06549,PF02605,0,1,0,0,1,1025,0.0,1.0,0,0,1,0,0,1,1025,0.0,1.0,0,0
PF12185,PF00638,4,28,4,0,24,998,0.14,0.98,1.0,0.37,28,4,0,24,998,0.14,0.98,1.0,0.37
PF11935,PF15917,1,0,0,1,0,1025,0,1.0,0.0,0,0,0,1,0,1025,0,1.0,0.0,0
PF10147,PF10244,3,1,0,3,1,1022,0.0,1.0,0.0,-0.0,1,0,3,1,1022,0.0,1.0,0.0,-0.0
PF15910,PF01279,0,1,0,0,1,1025,0.0,1.0,0,0,1,0,0,1,1025,0.0,1.0,0,0
PF12109,PF09193,1,1,1,0,0,1025,1.0,1.0,1.0,1.0,1,1,0,0,1025,1.0,1.0,1.0,1.0
PF14777,PF14886,2,1,1,1,0,1024,1.0,1.0,0.5,0.71,1,1,1,0,1024,1.0,1.0,0.5,0.71
PF15629,PF15628,1,2,1,0,1,1024,0.5,1.0,1.0,0.71,2,1,0,1,1024,0.5,1.0,1.0,0.71
PF11707,PF16201,2,2,2,0,0,1024,1.0,1.0,1.0,1.0,2,2,0,0,1024,1.0,1.0,1.0,1.0
PF02560,PF09424,4,2,0,4,2,1020,0.0,0.99,0.0,-0.0,2,0,4,2,1020,0.0,0.99,0.0,-0.0
PF01981,PF01451,12,10,2,10,8,1006,0.2,0.98,0.17,0.17,10,2,10,8,1006,0.2,0.98,0.17,0.17
PF15362,PF12278,1,0,0,1,0,1025,0,1.0,0.0,0,0,0,1,0,1025,0,1.0,0.0,0
PF00796,PF15207,1,1,0,1,1,1024,0.0,1.0,0.0,-0.0,1,0,1,1,1024,0.0,1.0,0.0,-0.0
PF08208,PF13094,5,0,0,5,0,1021,0,1.0,0.0,0,0,0,5,0,1021,0,1.0,0.0,0
PF15424,PF14882,0,0,0,0,0,1026,0,1.0,0,0,0,0,0,0,1026,0,1.0,0,0
PF14064,PF03922,0,0,0,0,0,1026,0,1.0,0,0,0,0,0,0,1026,0,1.0,0,0
PF04882,PF06384,6,2,0,6,2,1018,0.0,0.99,0.0,-0.0,2,0,6,2,1018,0.0,0.99,0.0,-0.0
PF12237,PF09445,3,15,0,3,15,1008,0.0,0.98,0.0,-0.01,15,0,3,15,1008,0.0,0.98,0.0,-0.01
PF08285,PF05336,3,2,0,3,2,1021,0.0,1.0,0.0,-0.0,2,0,3,2,1021,0.0,1.0,0.0,-0.0
PF00735,PF04548,16,16,4,12,12,998,0.25,0.98,0.25,0.24,16,4,12,12,998,0.25,0.98,0.25,0.24
PF11378,PF03913,0,0,0,0,0,1026,0,1.0,0,0,0,0,0,0,1026,0,1.0,0,0
PF02531,PF02427,1,1,1,0,0,1025,1.0,1.0,1.0,1.0,1,1,0,0,1025,1.0,1.0,1.0,1.0
PF04502,PF00836,18,7,5,13,2,1006,0.71,0.99,0.28,0.44,7,5,13,2,1006,0.71,0.99,0.28,0.44
PF01127,PF15013,5,1,0,5,1,1020,0.0,0.99,0.0,-0.0,1,0,5,1,1020,0.0,0.99,0.0,-0.0
PF15096,PF15623,0,0,0,0,0,1026,0,1.0,0,0,0,0,0,0,1026,0,1.0,0,0
PF05876,PF07409,3,0,0,3,0,1023,0,1.0,0.0,0,0,0,3,0,1023,0,1.0,0.0,0
PF15906,PF11571,5,2,0,5,2,1019,0.0,0.99,0.0,-0.0,2,0,5,2,1019,0.0,0.99,0.0,-0.0
PF06850,PF07209,0,1,0,0,1,1025,0.0,1.0,0,0,1,0,0,1,1025,0.0,1.0,0,0
PF13195,PF01869,0,9,0,0,9,1017,0.0,0.99,0,0,9,0,0,9,1017,0.0,0.99,0,0
PF01866,PF03981,7,6,1,6,5,1014,0.17,0.99,0.14,0.15,6,1,6,5,1014,0.17,0.99,0.14,0.15
PF04147,PF07975,12,4,1,11,3,1011,0.25,0.99,0.08,0.14,4,1,11,3,1011,0.25,0.99,0.08,0.14
PF02881,PF00448,15,17,14,1,3,1008,0.82,1.0,0.93,0.87,17,14,1,3,1008,0.82,1.0,0.93,0.87
PF04289,PF13897,0,5,0,0,5,1021,0.0,1.0,0,0,5,0,0,5,1021,0.0,1.0,0,0
PF12707,PF12843,0,0,0,0,0,1026,0,1.0,0,0,0,0,0,0,1026,0,1.0,0,0
PF07287,PF14330,6,1,1,5,0,1020,1.0,1.0,0.17,0.41,1,1,5,0,1020,1.0,1.0,0.17,0.41
PF03314,PF02098,3,1,0,3,1,1022,0.0,1.0,0.0,-0.0,1,0,3,1,1022,0.0,1.0,0.0,-0.0
PF08220,PF03829,3,2,2,1,0,1023,1.0,1.0,0.67,0.82,2,2,1,0,1023,1.0,1.0,0.67,0.82
PF00351,PF10369,12,7,3,9,4,1010,0.43,0.99,0.25,0.32,7,3,9,4,1010,0.43,0.99,0.25,0.32
PF06853,PF12147,0,1,0,0,1,1025,0.0,1.0,0,0,1,0,0,1,1025,0.0,1.0,0,0
PF00287,PF06951,8,4,1,7,3,1015,0.25,0.99,0.12,0.17,4,1,7,3,1015,0.25,0.99,0.12,0.17
PF15306,PF07889,3,4,1,2,3,1020,0.25,1.0,0.33,0.29,4,1,2,3,1020,0.25,1.0,0.33,0.29
PF08634,PF16944,5,3,0,5,3,1018,0.0,0.99,0.0,-0.0,3,0,5,3,1018,0.0,0.99,0.0,-0.0
PF00927,PF00868,5,3,3,2,0,1021,1.0,1.0,0.6,0.77,3,3,2,0,1021,1.0,1.0,0.6,0.77
PF03315,PF03313,2,2,2,0,0,1024,1.0,1.0,1.0,1.0,2,2,0,0,1024,1.0,1.0,1.0,1.0
PF14825,PF06541,5,0,0,5,0,1021,0,1.0,0.0,0,0,0,5,0,1021,0,1.0,0.0,0
PF13994,PF17029,1,0,0,1,0,1025,0,1.0,0.0,0,0,0,1,0,1025,0,1.0,0.0,0
PF04898,PF01645,6,6,6,0,0,1020,1.0,1.0,1.0,1.0,6,6,0,0,1020,1.0,1.0,1.0,1.0
PF05600,PF12139,5,0,0,5,0,1021,0,1.0,0.0,0,0,0,5,0,1021,0,1.0,0.0,0
PF00928,PF09786,25,6,2,23,4,997,0.33,0.97,0.08,0.15,6,2,23,4,997,0.33,0.97,0.08,0.15
PF10356,PF10303,0,3,0,0,3,1023,0.0,1.0,0,0,3,0,0,3,1023,0.0,1.0,0,0
PF14747,PF15550,0,2,0,0,2,1024,0.0,1.0,0,0,2,0,0,2,1024,0.0,1.0,0,0
PF06804,PF03412,3,3,2,1,1,1022,0.67,1.0,0.67,0.67,3,2,1,1,1022,0.67,1.0,0.67,0.67
PF00180,PF00255,25,11,5,20,6,995,0.45,0.97,0.2,0.29,11,5,20,6,995,0.45,0.97,0.2,0.29
PF02452,PF16997,1,0,0,1,0,1025,0,1.0,0.0,0,0,0,1,0,1025,0,1.0,0.0,0
PF01520,PF03244,3,1,0,3,1,1022,0.0,1.0,0.0,-0.0,1,0,3,1,1022,0.0,1.0,0.0,-0.0
PF11502,PF15735,2,0,0,2,0,1024,0,1.0,0.0,0,0,0,2,0,1024,0,1.0,0.0,0
PF15721,PF01303,0,1,0,0,1,1025,0.0,1.0,0,0,1,0,0,1,1025,0.0,1.0,0,0
PF04006,PF05693,5,7,1,4,6,1015,0.14,0.99,0.2,0.16,7,1,4,6,1015,0.14,0.99,0.2,0.16
PF03909,PF08567,10,4,4,6,0,1016,1.0,0.99,0.4,0.63,4,4,6,0,1016,1.0,0.99,0.4,0.63
PF09187,PF06890,2,0,0,2,0,1024,0,1.0,0.0,0,0,0,2,0,1024,0,1.0,0.0,0
PF00355,PF01180,24,14,4,20,10,992,0.29,0.97,0.17,0.2,14,4,20,10,992,0.29,0.97,0.17,0.2
PF05712,PF01853,19,18,8,11,10,997,0.44,0.98,0.42,0.42,18,8,11,10,997,0.44,0.98,0.42,0.42
PF08101,PF09441,0,0,0,0,0,1026,0,1.0,0,0,0,0,0,0,1026,0,1.0,0,0
PF01578,PF00421,4,7,1,3,6,1016,0.14,0.99,0.25,0.18,7,1,3,6,1016,0.14,0.99,0.25,0.18
PF16019,PF15279,2,2,0,2,2,1022,0.0,1.0,0.0,-0.0,2,0,2,2,1022,0.0,1.0,0.0,-0.0
PF04719,PF08692,7,0,0,7,0,1019,0,0.99,0.0,0,0,0,7,0,1019,0,0.99,0.0,0
PF00521,PF16898,12,6,5,7,1,1013,0.83,0.99,0.42,0.59,6,5,7,1,1013,0.83,0.99,0.42,0.59
PF16653,PF04455,8,2,1,7,1,1017,0.5,0.99,0.12,0.25,2,1,7,1,1017,0.5,0.99,0.12,0.25
PF05990,PF04632,0,1,0,0,1,1025,0.0,1.0,0,0,1,0,0,1,1025,0.0,1.0,0,0
PF06943,PF04086,2,5,0,2,5,1019,0.0,0.99,0.0,-0.0,5,0,2,5,1019,0.0,0.99,0.0,-0.0
PF01118,PF02774,6,7,4,2,3,1017,0.57,1.0,0.67,0.61,7,4,2,3,1017,0.57,1.0,0.67,0.61
PF09278,PF00376,1,1,1,0,0,1025,1.0,1.0,1.0,1.0,1,1,0,0,1025,1.0,1.0,1.0,1.0
PF14666,PF14663,7,8,7,0,1,1018,0.88,1.0,1.0,0.93,8,7,0,1,1018,0.88,1.0,1.0,0.93
PF12911,PF02951,3,2,0,3,2,1021,0.0,1.0,0.0,-0.0,2,0,3,2,1021,0.0,1.0,0.0,-0.0
PF03920,PF08232,0,7,0,0,7,1019,0.0,0.99,0,0,7,0,0,7,1019,0.0,0.99,0,0
PF12638,PF00537,2,0,0,2,0,1024,0,1.0,0.0,0,0,0,2,0,1024,0,1.0,0.0,0
PF11799,PF00817,12,14,12,0,2,1012,0.86,1.0,1.0,0.92,14,12,0,2,1012,0.86,1.0,1.0,0.92
PF12538,PF06724,0,0,0,0,0,1026,0,1.0,0,0,0,0,0,0,1026,0,1.0,0,0
PF12853,PF03769,2,1,0,2,1,1023,0.0,1.0,0.0,-0.0,1,0,2,1,1023,0.0,1.0,0.0,-0.0
PF09296,PF09297,3,2,2,1,0,1023,1.0,1.0,0.67,0.82,2,2,1,0,1023,1.0,1.0,0.67,0.82
PF16210,PF15234,0,1,0,0,1,1025,0.0,1.0,0,0,1,0,0,1,1025,0.0,1.0,0,0
PF03160,PF07965,18,3,2,16,1,1007,0.67,0.98,0.11,0.27,3,2,16,1,1007,0.67,0.98,0.11,0.27
PF10660,PF09360,0,12,0,0,12,1014,0.0,0.99,0,0,12,0,0,12,1014,0.0,0.99,0,0
PF05071,PF03501,10,5,1,9,4,1012,0.2,0.99,0.1,0.14,5,1,9,4,1012,0.2,0.99,0.1,0.14
PF00203,PF00252,8,19,3,5,16,1002,0.16,0.98,0.38,0.23,19,3,5,16,1002,0.16,0.98,0.38,0.23
PF08023,PF16047,1,1,0,1,1,1024,0.0,1.0,0.0,-0.0,1,0,1,1,1024,0.0,1.0,0.0,-0.0
PF00538,PF14379,17,3,0,17,3,1006,0.0,0.98,0.0,-0.01,3,0,17,3,1006,0.0,0.98,0.0,-0.01
PF02514,PF11965,1,2,1,0,1,1024,0.5,1.0,1.0,0.71,2,1,0,1,1024,0.5,1.0,1.0,0.71
PF02495,PF11731,0,0,0,0,0,1026,0,1.0,0,0,0,0,0,0,1026,0,1.0,0,0
PF11628,PF16680,2,3,1,1,2,1022,0.33,1.0,0.5,0.41,3,1,1,2,1022,0.33,1.0,0.5,0.41
PF11790,PF09362,7,7,1,6,6,1013,0.14,0.99,0.14,0.14,7,1,6,6,1013,0.14,0.99,0.14,0.14
PF06239,PF14784,2,1,0,2,1,1023,0.0,1.0,0.0,-0.0,1,0,2,1,1023,0.0,1.0,0.0,-0.0
PF13861,PF07157,1,0,0,1,0,1025,0,1.0,0.0,0,0,0,1,0,1025,0,1.0,0.0,0
PF11410,PF08668,1,2,0,1,2,1023,0.0,1.0,0.0,-0.0,2,0,1,2,1023,0.0,1.0,0.0,-0.0
PF02935,PF14866,5,0,0,5,0,1021,0,1.0,0.0,0,0,0,5,0,1021,0,1.0,0.0,0
PF15355,PF07505,0,0,0,0,0,1026,0,1.0,0,0,0,0,0,0,1026,0,1.0,0,0
PF03364,PF11303,8,0,0,8,0,1018,0,0.99,0.0,0,0,0,8,0,1018,0,0.99,0.0,0
PF00029,PF03508,4,0,0,4,0,1022,0,1.0,0.0,0,0,0,4,0,1022,0,1.0,0.0,0
PF01158,PF07074,3,5,1,2,4,1019,0.2,0.99,0.33,0.26,5,1,2,4,1019,0.2,0.99,0.33,0.26
PF04413,PF15924,0,5,0,0,5,1021,0.0,1.0,0,0,5,0,0,5,1021,0.0,1.0,0,0
PF00232,PF14498,21,5,4,17,1,1004,0.8,0.98,0.19,0.39,5,4,17,1,1004,0.8,0.98,0.19,0.39
PF16004,PF14492,5,25,3,2,22,999,0.12,0.98,0.6,0.26,25,3,2,22,999,0.12,0.98,0.6,0.26
PF03731,PF02735,12,13,12,0,1,1013,0.92,1.0,1.0,0.96,13,12,0,1,1013,0.92,1.0,1.0,0.96
PF03344,PF09444,0,1,0,0,1,1025,0.0,1.0,0,0,1,0,0,1,1025,0.0,1.0,0,0
PF12796,PF00023,181,79,76,105,3,842,0.96,0.89,0.42,0.6,79,76,105,3,842,0.96,0.89,0.42,0.6
PF10208,PF05529,3,7,1,2,6,1017,0.14,0.99,0.33,0.21,7,1,2,6,1017,0.14,0.99,0.33,0.21
PF15271,PF14841,0,0,0,0,0,1026,0,1.0,0,0,0,0,0,0,1026,0,1.0,0,0
PF02705,PF03407,10,9,2,8,7,1009,0.22,0.99,0.2,0.2,9,2,8,7,1009,0.22,0.99,0.2,0.2
PF07740,PF06446,1,1,0,1,1,1024,0.0,1.0,0.0,-0.0,1,0,1,1,1024,0.0,1.0,0.0,-0.0
PF09262,PF16725,7,0,0,7,0,1019,0,0.99,0.0,0,0,0,7,0,1019,0,0.99,0.0,0
PF00993,PF16196,2,2,2,0,0,1024,1.0,1.0,1.0,1.0,2,2,0,0,1024,1.0,1.0,1.0,1.0
PF05135,PF04860,0,0,0,0,0,1026,0,1.0,0,0,0,0,0,0,1026,0,1.0,0,0
PF06859,PF01207,5,27,3,2,24,997,0.11,0.97,0.6,0.25,27,3,2,24,997,0.11,0.97,0.6,0.25
PF13811,PF08610,0,6,0,0,6,1020,0.0,0.99,0,0,6,0,0,6,1020,0.0,0.99,0,0
PF08080,PF15519,0,7,0,0,7,1019,0.0,0.99,0,0,7,0,0,7,1019,0.0,0.99,0,0
PF05499,PF05129,6,8,0,6,8,1012,0.0,0.99,0.0,-0.01,8,0,6,8,1012,0.0,0.99,0.0,-0.01
PF03017,PF03004,2,7,1,1,6,1018,0.14,0.99,0.5,0.26,7,1,1,6,1018,0.14,0.99,0.5,0.26
PF03442,PF03425,4,2,1,3,1,1021,0.5,1.0,0.25,0.35,2,1,3,1,1021,0.5,1.0,0.25,0.35
PF00856,PF10440,58,3,3,55,0,968,1.0,0.95,0.05,0.22,3,3,55,0,968,1.0,0.95,0.05,0.22
PF11943,PF11965,0,2,0,0,2,1024,0.0,1.0,0,0,2,0,0,2,1024,0.0,1.0,0,0
PF09445,PF12237,15,3,0,15,3,1008,0.0,0.98,0.0,-0.01,3,0,15,3,1008,0.0,0.98,0.0,-0.01
PF11808,PF06078,2,1,1,1,0,1024,1.0,1.0,0.5,0.71,1,1,1,0,1024,1.0,1.0,0.5,0.71
PF05092,PF05787,0,0,0,0,0,1026,0,1.0,0,0,0,0,0,0,1026,0,1.0,0,0
PF13302,PF11807,15,8,4,11,4,1007,0.5,0.99,0.27,0.36,8,4,11,4,1007,0.5,0.99,0.27,0.36
PF07942,PF01217,6,29,4,2,25,995,0.14,0.97,0.67,0.3,29,4,2,25,995,0.14,0.97,0.67,0.3
PF04937,PF14372,18,13,6,12,7,1001,0.46,0.98,0.33,0.38,13,6,12,7,1001,0.46,0.98,0.33,0.38
PF11765,PF15146,1,1,0,1,1,1024,0.0,1.0,0.0,-0.0,1,0,1,1,1024,0.0,1.0,0.0,-0.0
PF05926,PF00364,1,30,0,1,30,995,0.0,0.97,0.0,-0.01,30,0,1,30,995,0.0,0.97,0.0,-0.01
PF16885,PF08763,2,5,2,0,3,1021,0.4,1.0,1.0,0.63,5,2,0,3,1021,0.4,1.0,1.0,0.63
PF00930,PF02897,9,10,2,7,8,1009,0.2,0.99,0.22,0.2,10,2,7,8,1009,0.2,0.99,0.22,0.2
PF01105,PF15011,20,0,0,20,0,1006,0,0.98,0.0,0,0,0,20,0,1006,0,0.98,0.0,0
PF15950,PF11597,0,2,0,0,2,1024,0.0,1.0,0,0,2,0,0,2,1024,0.0,1.0,0,0
PF00965,PF08561,5,5,0,5,5,1016,0.0,0.99,0.0,-0.0,5,0,5,5,1016,0.0,0.99,0.0,-0.0
PF08827,PF05437,0,0,0,0,0,1026,0,1.0,0,0,0,0,0,0,1026,0,1.0,0,0
PF03229,PF17110,1,0,0,1,0,1025,0,1.0,0.0,0,0,0,1,0,1025,0,1.0,0.0,0
PF04538,PF14473,3,0,0,3,0,1023,0,1.0,0.0,0,0,0,3,0,1023,0,1.0,0.0,0
PF15360,PF15550,1,2,0,1,2,1023,0.0,1.0,0.0,-0.0,2,0,1,2,1023,0.0,1.0,0.0,-0.0
PF10446,PF09463,0,0,0,0,0,1026,0,1.0,0,0,0,0,0,0,1026,0,1.0,0,0
PF09320,PF09350,6,3,0,6,3,1017,0.0,0.99,0.0,-0.0,3,0,6,3,1017,0.0,0.99,0.0,-0.0
PF12603,PF15518,2,2,2,0,0,1024,1.0,1.0,1.0,1.0,2,2,0,0,1024,1.0,1.0,1.0,1.0
PF03079,PF05995,8,7,1,7,6,1012,0.14,0.99,0.12,0.13,7,1,7,6,1012,0.14,0.99,0.12,0.13
PF03302,PF09132,2,0,0,2,0,1024,0,1.0,0.0,0,0,0,2,0,1024,0,1.0,0.0,0
PF03784,PF16720,1,2,1,0,1,1024,0.5,1.0,1.0,0.71,2,1,0,1,1024,0.5,1.0,1.0,0.71
PF03881,PF10282,10,6,3,7,3,1013,0.5,0.99,0.3,0.38,6,3,7,3,1013,0.5,0.99,0.3,0.38
PF04962,PF02653,3,4,2,1,2,1021,0.5,1.0,0.67,0.58,4,2,1,2,1021,0.5,1.0,0.67,0.58
PF00758,PF15129,2,0,0,2,0,1024,0,1.0,0.0,0,0,0,2,0,1024,0,1.0,0.0,0
PF08088,PF15676,1,0,0,1,0,1025,0,1.0,0.0,0,0,0,1,0,1025,0,1.0,0.0,0
PF04931,PF10257,7,9,0,7,9,1010,0.0,0.98,0.0,-0.01,9,0,7,9,1010,0.0,0.98,0.0,-0.01
PF00478,PF04739,9,6,0,9,6,1011,0.0,0.99,0.0,-0.01,6,0,9,6,1011,0.0,0.99,0.0,-0.01
PF04858,PF00463,3,6,0,3,6,1017,0.0,0.99,0.0,-0.0,6,0,3,6,1017,0.0,0.99,0.0,-0.0
PF06910,PF15809,1,0,0,1,0,1025,0,1.0,0.0,0,0,0,1,0,1025,0,1.0,0.0,0
PF03261,PF14735,1,3,0,1,3,1022,0.0,1.0,0.0,-0.0,3,0,1,3,1022,0.0,1.0,0.0,-0.0
PF07166,PF05453,0,1,0,0,1,1025,0.0,1.0,0,0,1,0,0,1,1025,0.0,1.0,0,0
PF15275,PF16043,4,1,0,4,1,1021,0.0,1.0,0.0,-0.0,1,0,4,1,1021,0.0,1.0,0.0,-0.0
PF07930,PF11954,0,1,0,0,1,1025,0.0,1.0,0,0,1,0,0,1,1025,0.0,1.0,0,0
PF10350,PF12612,3,10,0,3,10,1013,0.0,0.99,0.0,-0.01,10,0,3,10,1013,0.0,0.99,0.0,-0.01
PF13774,PF00957,13,18,11,2,7,1006,0.61,0.99,0.85,0.71,18,11,2,7,1006,0.61,0.99,0.85,0.71
PF15259,PF15241,0,0,0,0,0,1026,0,1.0,0,0,0,0,0,0,1026,0,1.0,0,0
PF16816,PF03092,0,13,0,0,13,1013,0.0,0.99,0,0,13,0,0,13,1013,0.0,0.99,0,0
PF03871,PF01191,6,5,5,1,0,1020,1.0,1.0,0.83,0.91,5,5,1,0,1020,1.0,1.0,0.83,0.91
PF05170,PF13502,2,1,0,2,1,1023,0.0,1.0,0.0,-0.0,1,0,2,1,1023,0.0,1.0,0.0,-0.0
PF01421,PF01562,21,19,16,5,3,1002,0.84,0.99,0.76,0.8,19,16,5,3,1002,0.84,0.99,0.76,0.8
PF06404,PF06206,1,1,0,1,1,1024,0.0,1.0,0.0,-0.0,1,0,1,1,1024,0.0,1.0,0.0,-0.0
PF02927,PF00942,1,1,1,0,0,1025,1.0,1.0,1.0,1.0,1,1,0,0,1025,1.0,1.0,1.0,1.0
PF08116,PF15844,1,0,0,1,0,1025,0,1.0,0.0,0,0,0,1,0,1025,0,1.0,0.0,0
PF03348,PF05251,9,3,1,8,2,1015,0.33,0.99,0.11,0.19,3,1,8,2,1015,0.33,0.99,0.11,0.19
PF08605,PF01834,1,3,0,1,3,1022,0.0,1.0,0.0,-0.0,3,0,1,3,1022,0.0,1.0,0.0,-0.0
PF00276,PF02733,19,9,4,15,5,1002,0.44,0.98,0.21,0.3,9,4,15,5,1002,0.44,0.98,0.21,0.3
PF01855,PF17147,5,3,3,2,0,1021,1.0,1.0,0.6,0.77,3,3,2,0,1021,1.0,1.0,0.6,0.77
PF11578,PF14612,6,5,2,4,3,1017,0.4,0.99,0.33,0.36,5,2,4,3,1017,0.4,0.99,0.33,0.36
PF10190,PF02284,4,1,0,4,1,1021,0.0,1.0,0.0,-0.0,1,0,4,1,1021,0.0,1.0,0.0,-0.0
PF03630,PF01937,17,12,5,12,7,1002,0.42,0.98,0.29,0.34,12,5,12,7,1002,0.42,0.98,0.29,0.34
PF10300,PF13174,6,10,1,5,9,1011,0.1,0.99,0.17,0.12,10,1,5,9,1011,0.1,0.99,0.17,0.12
PF02121,PF02862,6,7,2,4,5,1015,0.29,0.99,0.33,0.3,7,2,4,5,1015,0.29,0.99,0.33,0.3
PF09715,PF15460,0,1,0,0,1,1025,0.0,1.0,0,0,1,0,0,1,1025,0.0,1.0,0,0
PF14718,PF15075,0,1,0,0,1,1025,0.0,1.0,0,0,1,0,0,1,1025,0.0,1.0,0,0
PF05808,PF12855,0,1,0,0,1,1025,0.0,1.0,0,0,1,0,0,1,1025,0.0,1.0,0,0
PF09637,PF00220,5,1,0,5,1,1020,0.0,0.99,0.0,-0.0,1,0,5,1,1020,0.0,0.99,0.0,-0.0
PF05553,PF02701,3,7,1,2,6,1017,0.14,0.99,0.33,0.21,7,1,2,6,1017,0.14,0.99,0.33,0.21
PF10332,PF07545,0,1,0,0,1,1025,0.0,1.0,0,0,1,0,0,1,1025,0.0,1.0,0,0
PF15279,PF14909,2,3,0,2,3,1021,0.0,1.0,0.0,-0.0,3,0,2,3,1021,0.0,1.0,0.0,-0.0
PF14331,PF07491,0,2,0,0,2,1024,0.0,1.0,0,0,2,0,0,2,1024,0.0,1.0,0,0
PF14901,PF14308,2,5,0,2,5,1019,0.0,0.99,0.0,-0.0,5,0,2,5,1019,0.0,0.99,0.0,-0.0
PF08888,PF15212,0,0,0,0,0,1026,0,1.0,0,0,0,0,0,0,1026,0,1.0,0,0
PF13961,PF13976,10,31,8,2,23,993,0.26,0.98,0.8,0.45,31,8,2,23,993,0.26,0.98,0.8,0.45
PF09532,PF12701,13,9,8,5,1,1012,0.89,0.99,0.62,0.74,9,8,5,1,1012,0.89,0.99,0.62,0.74
PF05114,PF17010,0,0,0,0,0,1026,0,1.0,0,0,0,0,0,0,1026,0,1.0,0,0
PF10965,PF07295,0,0,0,0,0,1026,0,1.0,0,0,0,0,0,0,1026,0,1.0,0,0
PF13239,PF13811,0,0,0,0,0,1026,0,1.0,0,0,0,0,0,0,1026,0,1.0,0,0
PF11791,PF06434,2,2,2,0,0,1024,1.0,1.0,1.0,1.0,2,2,0,0,1024,1.0,1.0,1.0,1.0
PF01623,PF16850,2,1,1,1,0,1024,1.0,1.0,0.5,0.71,1,1,1,0,1024,1.0,1.0,0.5,0.71
PF15078,PF04485,0,0,0,0,0,1026,0,1.0,0,0,0,0,0,0,1026,0,1.0,0,0
PF03741,PF06420,3,1,0,3,1,1022,0.0,1.0,0.0,-0.0,1,0,3,1,1022,0.0,1.0,0.0,-0.0
PF02774,PF01118,7,6,4,3,2,1017,0.67,1.0,0.57,0.61,6,4,3,2,1017,0.67,1.0,0.57,0.61
PF01435,PF16491,21,10,9,12,1,1004,0.9,0.99,0.43,0.62,10,9,12,1,1004,0.9,0.99,0.43,0.62
PF06994,PF10583,1,2,1,0,1,1024,0.5,1.0,1.0,0.71,2,1,0,1,1024,0.5,1.0,1.0,0.71
PF13382,PF03841,2,0,0,2,0,1024,0,1.0,0.0,0,0,0,2,0,1024,0,1.0,0.0,0
PF09991,PF15289,0,0,0,0,0,1026,0,1.0,0,0,0,0,0,0,1026,0,1.0,0,0
PF00207,PF07703,5,3,3,2,0,1021,1.0,1.0,0.6,0.77,3,3,2,0,1021,1.0,1.0,0.6,0.77
PF14041,PF05028,0,11,0,0,11,1015,0.0,0.99,0,0,11,0,0,11,1015,0.0,0.99,0,0
PF14091,PF10220,0,6,0,0,6,1020,0.0,0.99,0,0,6,0,0,6,1020,0.0,0.99,0,0
PF09157,PF09183,4,0,0,4,0,1022,0,1.0,0.0,0,0,0,4,0,1022,0,1.0,0.0,0
PF13244,PF17152,0,1,0,0,1,1025,0.0,1.0,0,0,1,0,0,1,1025,0.0,1.0,0,0
PF01770,PF14778,4,2,1,3,1,1021,0.5,1.0,0.25,0.35,2,1,3,1,1021,0.5,1.0,0.25,0.35
PF08806,PF01667,4,11,1,3,10,1012,0.09,0.99,0.25,0.15,11,1,3,10,1012,0.09,0.99,0.25,0.15
PF00234,PF14159,4,0,0,4,0,1022,0,1.0,0.0,0,0,0,4,0,1022,0,1.0,0.0,0
PF13570,PF13360,4,23,2,2,21,1001,0.09,0.98,0.5,0.2,23,2,2,21,1001,0.09,0.98,0.5,0.2
PF10070,PF01936,0,5,0,0,5,1021,0.0,1.0,0,0,5,0,0,5,1021,0.0,1.0,0,0
PF14232,PF14231,0,1,0,0,1,1025,0.0,1.0,0,0,1,0,0,1,1025,0.0,1.0,0,0
PF05128,PF15086,0,0,0,0,0,1026,0,1.0,0,0,0,0,0,0,1026,0,1.0,0,0
PF08576,PF12046,0,0,0,0,0,1026,0,1.0,0,0,0,0,0,0,1026,0,1.0,0,0
PF14710,PF02613,1,1,1,0,0,1025,1.0,1.0,1.0,1.0,1,1,0,0,1025,1.0,1.0,1.0,1.0
PF05096,PF04107,2,1,0,2,1,1023,0.0,1.0,0.0,-0.0,1,0,2,1,1023,0.0,1.0,0.0,-0.0
PF15472,PF15175,0,0,0,0,0,1026,0,1.0,0,0,0,0,0,0,1026,0,1.0,0,0
PF05579,PF02075,2,4,0,2,4,1020,0.0,0.99,0.0,-0.0,4,0,2,4,1020,0.0,0.99,0.0,-0.0
PF04136,PF04048,9,10,2,7,8,1009,0.2,0.99,0.22,0.2,10,2,7,8,1009,0.2,0.99,0.22,0.2
PF02470,PF07039,2,6,1,1,5,1019,0.17,0.99,0.5,0.29,6,1,1,5,1019,0.17,0.99,0.5,0.29
PF08774,PF13892,5,7,0,5,7,1014,0.0,0.99,0.0,-0.01,7,0,5,7,1014,0.0,0.99,0.0,-0.01
PF09989,PF06050,0,0,0,0,0,1026,0,1.0,0,0,0,0,0,0,1026,0,1.0,0,0
PF00499,PF00507,3,2,1,2,1,1022,0.5,1.0,0.33,0.41,2,1,2,1,1022,0.5,1.0,0.33,0.41
PF03858,PF16954,0,2,0,0,2,1024,0.0,1.0,0,0,2,0,0,2,1024,0.0,1.0,0,0
PF02737,PF00725,12,12,12,0,0,1014,1.0,1.0,1.0,1.0,12,12,0,0,1014,1.0,1.0,1.0,1.0
PF05556,PF14877,1,3,0,1,3,1022,0.0,1.0,0.0,-0.0,3,0,1,3,1022,0.0,1.0,0.0,-0.0
PF10480,PF03306,0,3,0,0,3,1023,0.0,1.0,0,0,3,0,0,3,1023,0.0,1.0,0,0
PF00694,PF00330,15,17,14,1,3,1008,0.82,1.0,0.93,0.87,17,14,1,3,1008,0.82,1.0,0.93,0.87
PF06428,PF15266,2,2,0,2,2,1022,0.0,1.0,0.0,-0.0,2,0,2,2,1022,0.0,1.0,0.0,-0.0
PF13344,PF04577,19,11,3,16,8,999,0.27,0.98,0.16,0.2,11,3,16,8,999,0.27,0.98,0.16,0.2
PF11214,PF05939,0,0,0,0,0,1026,0,1.0,0,0,0,0,0,0,1026,0,1.0,0,0
PF02872,PF16656,9,17,3,6,14,1003,0.18,0.98,0.33,0.23,17,3,6,14,1003,0.18,0.98,0.33,0.23
PF05435,PF08485,3,1,0,3,1,1022,0.0,1.0,0.0,-0.0,1,0,3,1,1022,0.0,1.0,0.0,-0.0
PF14634,PF00025,9,46,4,5,42,975,0.09,0.95,0.44,0.18,46,4,5,42,975,0.09,0.95,0.44,0.18
PF07034,PF14779,3,0,0,3,0,1023,0,1.0,0.0,0,0,0,3,0,1023,0,1.0,0.0,0
PF11124,PF15775,0,0,0,0,0,1026,0,1.0,0,0,0,0,0,0,1026,0,1.0,0,0
PF04776,PF06271,4,1,0,4,1,1021,0.0,1.0,0.0,-0.0,1,0,4,1,1021,0.0,1.0,0.0,-0.0
PF02578,PF01669,2,0,0,2,0,1024,0,1.0,0.0,0,0,0,2,0,1024,0,1.0,0.0,0
PF12946,PF07462,3,1,1,2,0,1023,1.0,1.0,0.33,0.58,1,1,2,0,1023,1.0,1.0,0.33,0.58
PF14977,PF10198,4,1,0,4,1,1021,0.0,1.0,0.0,-0.0,1,0,4,1,1021,0.0,1.0,0.0,-0.0
PF15993,PF03784,0,1,0,0,1,1025,0.0,1.0,0,0,1,0,0,1,1025,0.0,1.0,0,0
PF08297,PF07282,2,0,0,2,0,1024,0,1.0,0.0,0,0,0,2,0,1024,0,1.0,0.0,0
PF01910,PF15744,2,0,0,2,0,1024,0,1.0,0.0,0,0,0,2,0,1024,0,1.0,0.0,0
PF00321,PF06232,1,0,0,1,0,1025,0,1.0,0.0,0,0,0,1,0,1025,0,1.0,0.0,0
PF05199,PF00732,34,32,30,4,2,990,0.94,0.99,0.88,0.91,32,30,4,2,990,0.94,0.99,0.88,0.91
PF15137,PF06890,1,0,0,1,0,1025,0,1.0,0.0,0,0,0,1,0,1025,0,1.0,0.0,0
PF17060,PF08411,3,1,0,3,1,1022,0.0,1.0,0.0,-0.0,1,0,3,1,1022,0.0,1.0,0.0,-0.0
PF03404,PF00174,11,11,11,0,0,1015,1.0,1.0,1.0,1.0,11,11,0,0,1015,1.0,1.0,1.0,1.0
PF13874,PF05064,4,3,0,4,3,1019,0.0,0.99,0.0,-0.0,3,0,4,3,1019,0.0,0.99,0.0,-0.0
PF05168,PF08579,0,1,0,0,1,1025,0.0,1.0,0,0,1,0,0,1,1025,0.0,1.0,0,0
PF16159,PF09354,1,1,1,0,0,1025,1.0,1.0,1.0,1.0,1,1,0,0,1025,1.0,1.0,1.0,1.0
PF16678,PF09409,4,15,3,1,12,1010,0.2,0.99,0.75,0.38,15,3,1,12,1010,0.2,0.99,0.75,0.38
PF08547,PF13460,8,23,7,1,16,1002,0.3,0.98,0.88,0.51,23,7,1,16,1002,0.3,0.98,0.88,0.51
PF15797,PF10104,1,4,0,1,4,1021,0.0,1.0,0.0,-0.0,4,0,1,4,1021,0.0,1.0,0.0,-0.0
PF15099,PF15725,0,0,0,0,0,1026,0,1.0,0,0,0,0,0,0,1026,0,1.0,0,0
PF01283,PF06404,13,1,0,13,1,1012,0.0,0.99,0.0,-0.0,1,0,13,1,1012,0.0,0.99,0.0,-0.0
PF05497,PF14935,2,1,0,2,1,1023,0.0,1.0,0.0,-0.0,1,0,2,1,1023,0.0,1.0,0.0,-0.0
PF15800,PF14554,2,0,0,2,0,1024,0,1.0,0.0,0,0,0,2,0,1024,0,1.0,0.0,0
PF09468,PF07106,2,4,0,2,4,1020,0.0,0.99,0.0,-0.0,4,0,2,4,1020,0.0,0.99,0.0,-0.0
PF10719,PF09269,2,1,0,2,1,1023,0.0,1.0,0.0,-0.0,1,0,2,1,1023,0.0,1.0,0.0,-0.0
PF06911,PF10505,8,6,1,7,5,1013,0.17,0.99,0.12,0.14,6,1,7,5,1013,0.17,0.99,0.12,0.14
PF06995,PF12080,0,0,0,0,0,1026,0,1.0,0,0,0,0,0,0,1026,0,1.0,0,0
PF16766,PF16768,0,0,0,0,0,1026,0,1.0,0,0,0,0,0,0,1026,0,1.0,0,0
PF07298,PF09991,1,0,0,1,0,1025,0,1.0,0.0,0,0,0,1,0,1025,0,1.0,0.0,0
PF12423,PF16183,5,9,5,0,4,1017,0.56,1.0,1.0,0.74,9,5,0,4,1017,0.56,1.0,1.0,0.74
PF02911,PF00551,11,19,9,2,10,1005,0.47,0.99,0.82,0.62,19,9,2,10,1005,0.47,0.99,0.82,0.62
PF03435,PF05222,16,11,7,9,4,1006,0.64,0.99,0.44,0.52,11,7,9,4,1006,0.64,0.99,0.44,0.52
PF01051,PF06403,1,0,0,1,0,1025,0,1.0,0.0,0,0,0,1,0,1025,0,1.0,0.0,0
PF16013,PF16061,2,2,0,2,2,1022,0.0,1.0,0.0,-0.0,2,0,2,2,1022,0.0,1.0,0.0,-0.0
PF16098,PF16097,0,0,0,0,0,1026,0,1.0,0,0,0,0,0,0,1026,0,1.0,0,0
PF09786,PF10574,6,0,0,6,0,1020,0,0.99,0.0,0,0,0,6,0,1020,0,0.99,0.0,0
PF15512,PF14077,0,0,0,0,0,1026,0,1.0,0,0,0,0,0,0,1026,0,1.0,0,0
PF16366,PF16368,6,1,1,5,0,1020,1.0,1.0,0.17,0.41,1,1,5,0,1020,1.0,1.0,0.17,0.41
PF03038,PF17083,0,0,0,0,0,1026,0,1.0,0,0,0,0,0,0,1026,0,1.0,0,0
PF05380,PF05585,22,16,10,12,6,998,0.62,0.98,0.45,0.52,16,10,12,6,998,0.62,0.98,0.45,0.52
PF00578,PF10417,26,19,19,7,0,1000,1.0,0.99,0.73,0.85,19,19,7,0,1000,1.0,0.99,0.73,0.85
PF02263,PF02841,9,5,5,4,0,1017,1.0,1.0,0.56,0.74,5,5,4,0,1017,1.0,1.0,0.56,0.74
PF04515,PF01757,7,15,3,4,12,1007,0.2,0.98,0.43,0.29,15,3,4,12,1007,0.2,0.98,0.43,0.29
PF01193,PF01066,10,22,2,8,20,996,0.09,0.97,0.2,0.12,22,2,8,20,996,0.09,0.97,0.2,0.12
PF03919,PF02940,7,7,2,5,5,1014,0.29,0.99,0.29,0.28,7,2,5,5,1014,0.29,0.99,0.29,0.28
PF07735,PF01827,6,6,0,6,6,1014,0.0,0.99,0.0,-0.01,6,0,6,6,1014,0.0,0.99,0.0,-0.01
PF11752,PF10118,0,2,0,0,2,1024,0.0,1.0,0,0,2,0,0,2,1024,0.0,1.0,0,0
PF05577,PF00232,15,21,7,8,14,997,0.33,0.98,0.47,0.38,21,7,8,14,997,0.33,0.98,0.47,0.38
PF00218,PF00697,1,2,1,0,1,1024,0.5,1.0,1.0,0.71,2,1,0,1,1024,0.5,1.0,1.0,0.71
PF00890,PF02910,21,10,10,11,0,1005,1.0,0.99,0.48,0.69,10,10,11,0,1005,1.0,0.99,0.48,0.69
PF11952,PF13821,1,5,1,0,4,1021,0.2,1.0,1.0,0.45,5,1,0,4,1021,0.2,1.0,1.0,0.45
PF09457,PF11618,3,1,0,3,1,1022,0.0,1.0,0.0,-0.0,1,0,3,1,1022,0.0,1.0,0.0,-0.0
PF07853,PF03922,0,0,0,0,0,1026,0,1.0,0,0,0,0,0,0,1026,0,1.0,0,0
PF08701,PF05128,2,0,0,2,0,1024,0,1.0,0.0,0,0,0,2,0,1024,0,1.0,0.0,0
PF08118,PF14942,3,1,0,3,1,1022,0.0,1.0,0.0,-0.0,1,0,3,1,1022,0.0,1.0,0.0,-0.0
PF00460,PF06429,2,1,1,1,0,1024,1.0,1.0,0.5,0.71,1,1,1,0,1024,1.0,1.0,0.5,0.71
PF08752,PF16381,6,6,6,0,0,1020,1.0,1.0,1.0,1.0,6,6,0,0,1020,1.0,1.0,1.0,1.0
PF05620,PF03943,2,5,1,1,4,1020,0.2,1.0,0.5,0.31,5,1,1,4,1020,0.2,1.0,0.5,0.31
PF09066,PF14796,4,7,2,2,5,1017,0.29,0.99,0.5,0.37,7,2,2,5,1017,0.29,0.99,0.5,0.37
PF10279,PF11751,0,0,0,0,0,1026,0,1.0,0,0,0,0,0,0,1026,0,1.0,0,0
PF09580,PF13828,0,0,0,0,0,1026,0,1.0,0,0,0,0,0,0,1026,0,1.0,0,0
PF00415,PF08005,35,3,3,32,0,991,1.0,0.97,0.09,0.29,3,3,32,0,991,1.0,0.97,0.09,0.29
PF15398,PF15467,1,0,0,1,0,1025,0,1.0,0.0,0,0,0,1,0,1025,0,1.0,0.0,0
PF01367,PF06959,3,0,0,3,0,1023,0,1.0,0.0,0,0,0,3,0,1023,0,1.0,0.0,0
PF01176,PF01907,8,8,3,5,5,1013,0.38,0.99,0.38,0.37,8,3,5,5,1013,0.38,0.99,0.38,0.37
PF10502,PF13911,5,7,1,4,6,1015,0.14,0.99,0.2,0.16,7,1,4,6,1015,0.14,0.99,0.2,0.16
PF00274,PF05617,12,1,0,12,1,1013,0.0,0.99,0.0,-0.0,1,0,12,1,1013,0.0,0.99,0.0,-0.0
PF01863,PF06114,3,0,0,3,0,1023,0,1.0,0.0,0,0,0,3,0,1023,0,1.0,0.0,0
PF14857,PF05308,2,2,0,2,2,1022,0.0,1.0,0.0,-0.0,2,0,2,2,1022,0.0,1.0,0.0,-0.0
PF01027,PF01248,15,29,5,10,24,987,0.17,0.97,0.33,0.22,29,5,10,24,987,0.17,0.97,0.33,0.22
PF01725,PF09297,7,2,0,7,2,1017,0.0,0.99,0.0,-0.0,2,0,7,2,1017,0.0,0.99,0.0,-0.0
PF17128,PF16967,0,0,0,0,0,1026,0,1.0,0,0,0,0,0,0,1026,0,1.0,0,0
PF10591,PF09289,4,3,2,2,1,1021,0.67,1.0,0.5,0.58,3,2,2,1,1021,0.67,1.0,0.5,0.58
PF01330,PF07157,2,0,0,2,0,1024,0,1.0,0.0,0,0,0,2,0,1024,0,1.0,0.0,0
PF07560,PF07707,1,42,0,1,42,983,0.0,0.96,0.0,-0.01,42,0,1,42,983,0.0,0.96,0.0,-0.01
PF00739,PF17014,2,0,0,2,0,1024,0,1.0,0.0,0,0,0,2,0,1024,0,1.0,0.0,0
PF07442,PF10101,0,0,0,0,0,1026,0,1.0,0,0,0,0,0,0,1026,0,1.0,0,0
PF00604,PF08744,1,0,0,1,0,1025,0,1.0,0.0,0,0,0,1,0,1025,0,1.0,0.0,0
PF08692,PF11016,0,0,0,0,0,1026,0,1.0,0,0,0,0,0,0,1026,0,1.0,0,0
PF16657,PF09154,1,1,1,0,0,1025,1.0,1.0,1.0,1.0,1,1,0,0,1025,1.0,1.0,1.0,1.0
PF08257,PF02951,1,2,0,1,2,1023,0.0,1.0,0.0,-0.0,2,0,1,2,1023,0.0,1.0,0.0,-0.0
PF00705,PF02747,8,10,8,0,2,1016,0.8,1.0,1.0,0.89,10,8,0,2,1016,0.8,1.0,1.0,0.89
PF00570,PF09382,21,14,13,8,1,1004,0.93,0.99,0.62,0.75,14,13,8,1,1004,0.93,0.99,0.62,0.75
PF14884,PF14931,1,1,0,1,1,1024,0.0,1.0,0.0,-0.0,1,0,1,1,1024,0.0,1.0,0.0,-0.0
PF03468,PF03801,3,4,0,3,4,1019,0.0,0.99,0.0,-0.0,4,0,3,4,1019,0.0,0.99,0.0,-0.0
PF00646,PF12937,64,68,28,36,40,922,0.41,0.93,0.44,0.38,68,28,36,40,922,0.41,0.93,0.44,0.38
PF01875,PF03842,3,1,0,3,1,1022,0.0,1.0,0.0,-0.0,1,0,3,1,1022,0.0,1.0,0.0,-0.0
PF03237,PF13103,6,3,1,5,2,1018,0.33,0.99,0.17,0.23,3,1,5,2,1018,0.33,0.99,0.17,0.23
PF10157,PF01221,4,18,4,0,14,1008,0.22,0.99,1.0,0.47,18,4,0,14,1008,0.22,0.99,1.0,0.47
PF09917,PF12628,0,0,0,0,0,1026,0,1.0,0,0,0,0,0,0,1026,0,1.0,0,0
PF02977,PF15556,0,1,0,0,1,1025,0.0,1.0,0,0,1,0,0,1,1025,0.0,1.0,0,0
PF03850,PF01015,10,7,1,9,6,1010,0.14,0.99,0.1,0.11,7,1,9,6,1010,0.14,0.99,0.1,0.11
PF04625,PF06890,1,0,0,1,0,1025,0,1.0,0.0,0,0,0,1,0,1025,0,1.0,0.0,0
PF06883,PF10385,4,2,1,3,1,1021,0.5,1.0,0.25,0.35,2,1,3,1,1021,0.5,1.0,0.25,0.35
PF16910,PF12624,10,19,9,1,10,1006,0.47,0.99,0.9,0.65,19,9,1,10,1006,0.47,0.99,0.9,0.65
PF12588,PF02666,2,13,2,0,11,1013,0.15,0.99,1.0,0.39,13,2,0,11,1013,0.15,0.99,1.0,0.39
PF01063,PF12311,15,0,0,15,0,1011,0,0.99,0.0,0,0,0,15,0,1011,0,0.99,0.0,0
PF00380,PF04981,9,4,1,8,3,1014,0.25,0.99,0.11,0.16,4,1,8,3,1014,0.25,0.99,0.11,0.16
PF02416,PF09419,5,6,1,4,5,1016,0.17,0.99,0.2,0.18,6,1,4,5,1016,0.17,0.99,0.2,0.18
PF04567,PF04565,7,14,7,0,7,1012,0.5,0.99,1.0,0.7,14,7,0,7,1012,0.5,0.99,1.0,0.7
PF11651,PF10460,0,0,0,0,0,1026,0,1.0,0,0,0,0,0,0,1026,0,1.0,0,0
PF02310,PF01642,3,1,1,2,0,1023,1.0,1.0,0.33,0.58,1,1,2,0,1023,1.0,1.0,0.33,0.58
PF10734,PF03735,0,4,0,0,4,1022,0.0,1.0,0,0,4,0,0,4,1022,0.0,1.0,0,0
PF15678,PF13836,1,0,0,1,0,1025,0,1.0,0.0,0,0,0,1,0,1025,0,1.0,0.0,0
PF09537,PF15776,0,2,0,0,2,1024,0.0,1.0,0,0,2,0,0,2,1024,0.0,1.0,0,0
PF04676,PF04677,14,12,12,2,0,1012,1.0,1.0,0.86,0.92,12,12,2,0,1012,1.0,1.0,0.86,0.92
PF06903,PF04963,0,2,0,0,2,1024,0.0,1.0,0,0,2,0,0,2,1024,0.0,1.0,0,0
PF06813,PF05978,4,10,1,3,9,1013,0.1,0.99,0.25,0.15,10,1,3,9,1013,0.1,0.99,0.25,0.15
PF03319,PF15046,0,2,0,0,2,1024,0.0,1.0,0,0,2,0,0,2,1024,0.0,1.0,0,0
PF07521,PF11718,15,9,8,7,1,1010,0.89,0.99,0.53,0.69,9,8,7,1,1010,0.89,0.99,0.53,0.69
PF15748,PF11402,0,0,0,0,0,1026,0,1.0,0,0,0,0,0,0,1026,0,1.0,0,0
PF00931,PF07725,60,10,10,50,0,966,1.0,0.95,0.17,0.4,10,10,50,0,966,1.0,0.95,0.17,0.4
PF01073,PF02453,9,10,3,6,7,1010,0.3,0.99,0.33,0.31,10,3,6,7,1010,0.3,0.99,0.33,0.31
PF01528,PF11851,0,1,0,0,1,1025,0.0,1.0,0,0,1,0,0,1,1025,0.0,1.0,0,0
PF15367,PF05857,1,0,0,1,0,1025,0,1.0,0.0,0,0,0,1,0,1025,0,1.0,0.0,0
PF13328,PF04607,9,5,4,5,1,1016,0.8,0.99,0.44,0.59,5,4,5,1,1016,0.8,0.99,0.44,0.59
PF08767,PF03378,5,7,1,4,6,1015,0.14,0.99,0.2,0.16,7,1,4,6,1015,0.14,0.99,0.2,0.16
PF13020,PF14908,3,2,0,3,2,1021,0.0,1.0,0.0,-0.0,2,0,3,2,1021,0.0,1.0,0.0,-0.0
PF00627,PF08585,30,7,4,26,3,993,0.57,0.97,0.13,0.27,7,4,26,3,993,0.57,0.97,0.13,0.27
PF04674,PF04398,2,5,1,1,4,1020,0.2,1.0,0.5,0.31,5,1,1,4,1020,0.2,1.0,0.5,0.31
PF07973,PF01411,19,21,11,8,10,997,0.52,0.98,0.58,0.54,21,11,8,10,997,0.52,0.98,0.58,0.54
PF08996,PF12254,7,5,5,2,0,1019,1.0,1.0,0.71,0.84,5,5,2,0,1019,1.0,1.0,0.71,0.84
PF15670,PF12527,0,0,0,0,0,1026,0,1.0,0,0,0,0,0,0,1026,0,1.0,0,0
PF08651,PF08853,1,0,0,1,0,1025,0,1.0,0.0,0,0,0,1,0,1025,0,1.0,0.0,0
PF07660,PF03241,1,0,0,1,0,1025,0,1.0,0.0,0,0,0,1,0,1025,0,1.0,0.0,0
PF02344,PF01056,3,2,2,1,0,1023,1.0,1.0,0.67,0.82,2,2,1,0,1023,1.0,1.0,0.67,0.82
PF08916,PF08174,3,6,0,3,6,1017,0.0,0.99,0.0,-0.0,6,0,3,6,1017,0.0,0.99,0.0,-0.0
PF11339,PF14344,0,1,0,0,1,1025,0.0,1.0,0,0,1,0,0,1,1025,0.0,1.0,0,0
PF07890,PF15063,4,0,0,4,0,1022,0,1.0,0.0,0,0,0,4,0,1022,0,1.0,0.0,0
PF11971,PF08683,8,5,3,5,2,1016,0.6,0.99,0.38,0.47,5,3,5,2,1016,0.6,0.99,0.38,0.47
PF13519,PF08487,19,16,2,17,14,993,0.12,0.97,0.11,0.1,16,2,17,14,993,0.12,0.97,0.11,0.1
PF17180,PF13696,0,2,0,0,2,1024,0.0,1.0,0,0,2,0,0,2,1024,0.0,1.0,0,0
PF08964,PF03710,1,1,0,1,1,1024,0.0,1.0,0.0,-0.0,1,0,1,1,1024,0.0,1.0,0.0,-0.0
PF04261,PF02690,5,4,2,3,2,1019,0.5,1.0,0.4,0.44,4,2,3,2,1019,0.5,1.0,0.4,0.44
PF01187,PF15133,8,2,1,7,1,1017,0.5,0.99,0.12,0.25,2,1,7,1,1017,0.5,0.99,0.12,0.25
PF09453,PF13925,8,3,0,8,3,1015,0.0,0.99,0.0,-0.0,3,0,8,3,1015,0.0,0.99,0.0,-0.0
PF16311,PF15141,0,0,0,0,0,1026,0,1.0,0,0,0,0,0,0,1026,0,1.0,0,0
PF14291,PF05699,14,42,10,4,32,980,0.24,0.96,0.71,0.4,42,10,4,32,980,0.24,0.96,0.71,0.4
PF07652,PF10927,2,0,0,2,0,1024,0,1.0,0.0,0,0,0,2,0,1024,0,1.0,0.0,0
PF02772,PF02773,9,7,7,2,0,1017,1.0,1.0,0.78,0.88,7,7,2,0,1017,1.0,1.0,0.78,0.88
PF15763,PF01668,0,2,0,0,2,1024,0.0,1.0,0,0,2,0,0,2,1024,0.0,1.0,0,0
PF15303,PF07001,0,2,0,0,2,1024,0.0,1.0,0,0,2,0,0,2,1024,0.0,1.0,0,0
PF12369,PF09193,1,1,1,0,0,1025,1.0,1.0,1.0,1.0,1,1,0,0,1025,1.0,1.0,1.0,1.0
PF16487,PF16488,13,15,10,3,5,1008,0.67,0.99,0.77,0.71,15,10,3,5,1008,0.67,0.99,0.77,0.71
PF09469,PF12516,1,0,0,1,0,1025,0,1.0,0.0,0,0,0,1,0,1025,0,1.0,0.0,0
PF04553,PF13451,0,0,0,0,0,1026,0,1.0,0,0,0,0,0,0,1026,0,1.0,0,0
PF04191,PF03388,3,13,1,2,12,1011,0.08,0.99,0.33,0.16,13,1,2,12,1011,0.08,0.99,0.33,0.16
PF03275,PF05611,0,0,0,0,0,1026,0,1.0,0,0,0,0,0,0,1026,0,1.0,0,0
PF04611,PF03867,2,0,0,2,0,1024,0,1.0,0.0,0,0,0,2,0,1024,0,1.0,0.0,0
PF13667,PF16838,1,0,0,1,0,1025,0,1.0,0.0,0,0,0,1,0,1025,0,1.0,0.0,0
PF09340,PF10248,5,2,0,5,2,1019,0.0,0.99,0.0,-0.0,2,0,5,2,1019,0.0,0.99,0.0,-0.0
PF00958,PF00977,12,7,2,10,5,1009,0.29,0.99,0.17,0.21,7,2,10,5,1009,0.29,0.99,0.17,0.21
PF02380,PF12729,0,1,0,0,1,1025,0.0,1.0,0,0,1,0,0,1,1025,0.0,1.0,0,0
PF02153,PF00800,8,11,4,4,7,1011,0.36,0.99,0.5,0.42,11,4,4,7,1011,0.36,0.99,0.5,0.42
PF01876,PF08347,8,0,0,8,0,1018,0,0.99,0.0,0,0,0,8,0,1018,0,0.99,0.0,0
PF02355,PF07549,3,5,3,0,2,1021,0.6,1.0,1.0,0.77,5,3,0,2,1021,0.6,1.0,1.0,0.77
PF08287,PF05419,3,0,0,3,0,1023,0,1.0,0.0,0,0,0,3,0,1023,0,1.0,0.0,0
PF07411,PF03090,0,0,0,0,0,1026,0,1.0,0,0,0,0,0,0,1026,0,1.0,0,0
PF00266,PF03476,38,6,5,33,1,987,0.83,0.97,0.13,0.32,6,5,33,1,987,0.83,0.97,0.13,0.32
PF13826,PF08656,1,2,0,1,2,1023,0.0,1.0,0.0,-0.0,2,0,1,2,1023,0.0,1.0,0.0,-0.0
PF16870,PF16078,15,6,6,9,0,1011,1.0,0.99,0.4,0.63,6,6,9,0,1011,1.0,0.99,0.4,0.63
PF15379,PF11652,0,0,0,0,0,1026,0,1.0,0,0,0,0,0,0,1026,0,1.0,0,0
PF03447,PF00742,11,7,7,4,0,1015,1.0,1.0,0.64,0.8,7,7,4,0,1015,1.0,1.0,0.64,0.8
PF13350,PF13026,6,0,0,6,0,1020,0,0.99,0.0,0,0,0,6,0,1020,0,0.99,0.0,0
PF00405,PF09439,5,3,2,3,1,1020,0.67,1.0,0.4,0.51,3,2,3,1,1020,0.67,1.0,0.4,0.51
PF13640,PF08336,29,6,5,24,1,996,0.83,0.98,0.17,0.37,6,5,24,1,996,0.83,0.98,0.17,0.37
PF14760,PF01706,1,0,0,1,0,1025,0,1.0,0.0,0,0,0,1,0,1025,0,1.0,0.0,0
PF01522,PF09347,20,8,2,18,6,1000,0.25,0.98,0.1,0.15,8,2,18,6,1000,0.25,0.98,0.1,0.15
PF01336,PF00152,32,34,25,7,9,985,0.74,0.98,0.78,0.75,34,25,7,9,985,0.74,0.98,0.78,0.75
PF12400,PF01779,10,7,0,10,7,1009,0.0,0.98,0.0,-0.01,7,0,10,7,1009,0.0,0.98,0.0,-0.01
PF05226,PF02991,3,12,1,2,11,1012,0.08,0.99,0.33,0.16,12,1,2,11,1012,0.08,0.99,0.33,0.16
PF06708,PF05014,1,3,1,0,2,1023,0.33,1.0,1.0,0.58,3,1,0,2,1023,0.33,1.0,1.0,0.58
PF16040,PF03359,3,7,0,3,7,1016,0.0,0.99,0.0,-0.0,7,0,3,7,1016,0.0,0.99,0.0,-0.0
PF06861,PF06821,1,0,0,1,0,1025,0,1.0,0.0,0,0,0,1,0,1025,0,1.0,0.0,0
PF02957,PF04472,0,1,0,0,1,1025,0.0,1.0,0,0,1,0,0,1,1025,0.0,1.0,0,0
PF01729,PF02749,9,9,9,0,0,1017,1.0,1.0,1.0,1.0,9,9,0,0,1017,1.0,1.0,1.0,1.0
PF03469,PF16034,5,0,0,5,0,1021,0,1.0,0.0,0,0,0,5,0,1021,0,1.0,0.0,0
PF08783,PF13696,1,2,1,0,1,1024,0.5,1.0,1.0,0.71,2,1,0,1,1024,0.5,1.0,1.0,0.71
PF10453,PF09816,6,4,0,6,4,1016,0.0,0.99,0.0,-0.0,4,0,6,4,1016,0.0,0.99,0.0,-0.0
PF13453,PF06666,1,0,0,1,0,1025,0,1.0,0.0,0,0,0,1,0,1025,0,1.0,0.0,0
PF12223,PF04148,1,3,0,1,3,1022,0.0,1.0,0.0,-0.0,3,0,1,3,1022,0.0,1.0,0.0,-0.0
PF06214,PF11162,1,0,0,1,0,1025,0,1.0,0.0,0,0,0,1,0,1025,0,1.0,0.0,0
PF02112,PF11970,3,1,0,3,1,1022,0.0,1.0,0.0,-0.0,1,0,3,1,1022,0.0,1.0,0.0,-0.0
PF12241,PF02277,1,1,0,1,1,1024,0.0,1.0,0.0,-0.0,1,0,1,1,1024,0.0,1.0,0.0,-0.0
PF03036,PF15388,4,1,0,4,1,1021,0.0,1.0,0.0,-0.0,1,0,4,1,1021,0.0,1.0,0.0,-0.0
PF09932,PF14433,0,0,0,0,0,1026,0,1.0,0,0,0,0,0,0,1026,0,1.0,0,0
PF01597,PF06244,13,4,1,12,3,1010,0.25,0.99,0.08,0.13,4,1,12,3,1010,0.25,0.99,0.08,0.13
PF03760,PF04852,2,3,1,1,2,1022,0.33,1.0,0.5,0.41,3,1,1,2,1022,0.33,1.0,0.5,0.41
PF11421,PF07497,4,3,0,4,3,1019,0.0,0.99,0.0,-0.0,3,0,4,3,1019,0.0,0.99,0.0,-0.0
PF00673,PF00281,12,10,9,3,1,1013,0.9,1.0,0.75,0.82,10,9,3,1,1013,0.9,1.0,0.75,0.82
PF03301,PF08127,5,3,1,4,2,1019,0.33,0.99,0.2,0.26,3,1,4,2,1019,0.33,0.99,0.2,0.26
PF03764,PF14492,16,25,13,3,12,998,0.52,0.99,0.81,0.64,25,13,3,12,998,0.52,0.99,0.81,0.64
PF07813,PF07421,0,0,0,0,0,1026,0,1.0,0,0,0,0,0,0,1026,0,1.0,0,0
PF14796,PF09066,7,4,2,5,2,1017,0.5,0.99,0.29,0.37,4,2,5,2,1017,0.5,0.99,0.29,0.37
PF02847,PF02854,14,26,12,2,14,998,0.46,0.98,0.86,0.62,26,12,2,14,998,0.46,0.98,0.86,0.62
PF00605,PF10401,6,6,5,1,1,1019,0.83,1.0,0.83,0.83,6,5,1,1,1019,0.83,1.0,0.83,0.83
PF02167,PF10259,4,6,2,2,4,1018,0.33,0.99,0.5,0.41,6,2,2,4,1018,0.33,0.99,0.5,0.41
PF01784,PF09812,1,1,0,1,1,1024,0.0,1.0,0.0,-0.0,1,0,1,1,1024,0.0,1.0,0.0,-0.0
PF15922,PF13597,0,3,0,0,3,1023,0.0,1.0,0,0,3,0,0,3,1023,0.0,1.0,0,0
PF06956,PF02979,1,1,0,1,1,1024,0.0,1.0,0.0,-0.0,1,0,1,1,1024,0.0,1.0,0.0,-0.0
PF00221,PF12053,7,2,0,7,2,1017,0.0,0.99,0.0,-0.0,2,0,7,2,1017,0.0,0.99,0.0,-0.0
PF12473,PF16183,10,9,6,4,3,1013,0.67,0.99,0.6,0.63,9,6,4,3,1013,0.67,0.99,0.6,0.63
PF04495,PF15279,1,2,0,1,2,1023,0.0,1.0,0.0,-0.0,2,0,1,2,1023,0.0,1.0,0.0,-0.0
PF12236,PF06122,0,0,0,0,0,1026,0,1.0,0,0,0,0,0,0,1026,0,1.0,0,0
PF04258,PF02225,14,23,8,6,15,997,0.35,0.98,0.57,0.44,23,8,6,15,997,0.35,0.98,0.57,0.44
PF00632,PF00658,36,6,3,33,3,987,0.5,0.96,0.08,0.19,6,3,33,3,987,0.5,0.96,0.08,0.19
PF14721,PF16020,3,2,1,2,1,1022,0.5,1.0,0.33,0.41,2,1,2,1,1022,0.5,1.0,0.33,0.41
PF01284,PF07303,18,5,4,14,1,1007,0.8,0.99,0.22,0.42,5,4,14,1,1007,0.8,0.99,0.22,0.42
PF06294,PF16034,5,0,0,5,0,1021,0,1.0,0.0,0,0,0,5,0,1021,0,1.0,0.0,0
PF04834,PF06381,1,1,0,1,1,1024,0.0,1.0,0.0,-0.0,1,0,1,1,1024,0.0,1.0,0.0,-0.0
PF16061,PF04437,2,11,2,0,9,1015,0.18,0.99,1.0,0.42,11,2,0,9,1015,0.18,0.99,1.0,0.42
PF02313,PF07755,1,0,0,1,0,1025,0,1.0,0.0,0,0,0,1,0,1025,0,1.0,0.0,0
PF14433,PF09932,0,0,0,0,0,1026,0,1.0,0,0,0,0,0,0,1026,0,1.0,0,0
PF01293,PF03350,3,0,0,3,0,1023,0,1.0,0.0,0,0,0,3,0,1023,0,1.0,0.0,0
PF15110,PF15849,1,0,0,1,0,1025,0,1.0,0.0,0,0,0,1,0,1025,0,1.0,0.0,0
PF06022,PF07418,0,0,0,0,0,1026,0,1.0,0,0,0,0,0,0,1026,0,1.0,0,0
PF10061,PF12087,0,0,0,0,0,1026,0,1.0,0,0,0,0,0,0,1026,0,1.0,0,0
PF06534,PF06535,0,0,0,0,0,1026,0,1.0,0,0,0,0,0,0,1026,0,1.0,0,0
PF02776,PF02775,13,13,11,2,2,1011,0.85,1.0,0.85,0.84,13,11,2,2,1011,0.85,1.0,0.85,0.84
PF08782,PF15223,2,0,0,2,0,1024,0,1.0,0.0,0,0,0,2,0,1024,0,1.0,0.0,0
PF15046,PF08945,2,0,0,2,0,1024,0,1.0,0.0,0,0,0,2,0,1024,0,1.0,0.0,0
PF12541,PF09365,0,1,0,0,1,1025,0.0,1.0,0,0,1,0,0,1,1025,0.0,1.0,0,0
PF00410,PF09341,11,5,1,10,4,1011,0.2,0.99,0.09,0.13,5,1,10,4,1011,0.2,0.99,0.09,0.13
PF11430,PF10994,0,0,0,0,0,1026,0,1.0,0,0,0,0,0,0,1026,0,1.0,0,0
PF05913,PF03831,1,0,0,1,0,1025,0,1.0,0.0,0,0,0,1,0,1025,0,1.0,0.0,0
PF07681,PF01654,1,3,1,0,2,1023,0.33,1.0,1.0,0.58,3,1,0,2,1023,0.33,1.0,1.0,0.58
PF05375,PF09206,4,3,0,4,3,1019,0.0,0.99,0.0,-0.0,3,0,4,3,1019,0.0,0.99,0.0,-0.0
PF10183,PF09769,2,3,0,2,3,1021,0.0,1.0,0.0,-0.0,3,0,2,3,1021,0.0,1.0,0.0,-0.0
PF08602,PF17062,0,0,0,0,0,1026,0,1.0,0,0,0,0,0,0,1026,0,1.0,0,0
PF01668,PF17010,2,0,0,2,0,1024,0,1.0,0.0,0,0,0,2,0,1024,0,1.0,0.0,0
PF05859,PF12319,4,0,0,4,0,1022,0,1.0,0.0,0,0,0,4,0,1022,0,1.0,0.0,0
PF04899,PF10056,0,0,0,0,0,1026,0,1.0,0,0,0,0,0,0,1026,0,1.0,0,0
PF15135,PF15207,0,1,0,0,1,1025,0.0,1.0,0,0,1,0,0,1,1025,0.0,1.0,0,0
PF14421,PF08762,0,1,0,0,1,1025,0.0,1.0,0,0,1,0,0,1,1025,0.0,1.0,0,0
PF11629,PF14593,2,2,1,1,1,1023,0.5,1.0,0.5,0.5,2,1,1,1,1023,0.5,1.0,0.5,0.5
PF15028,PF03618,0,0,0,0,0,1026,0,1.0,0,0,0,0,0,0,1026,0,1.0,0,0
PF07133,PF15447,1,1,1,0,0,1025,1.0,1.0,1.0,1.0,1,1,0,0,1025,1.0,1.0,1.0,1.0
PF02731,PF10188,8,0,0,8,0,1018,0,0.99,0.0,0,0,0,8,0,1018,0,0.99,0.0,0
PF17081,PF00770,0,1,0,0,1,1025,0.0,1.0,0,0,1,0,0,1,1025,0.0,1.0,0,0
PF02142,PF00185,16,14,6,10,8,1002,0.43,0.98,0.38,0.39,14,6,10,8,1002,0.43,0.98,0.38,0.39
PF02501,PF03934,3,4,3,0,1,1022,0.75,1.0,1.0,0.87,4,3,0,1,1022,0.75,1.0,1.0,0.87
PF10192,PF05826,10,10,2,8,8,1008,0.2,0.98,0.2,0.19,10,2,8,8,1008,0.2,0.98,0.2,0.19
PF00781,PF00609,27,11,11,16,0,999,1.0,0.98,0.41,0.63,11,11,16,0,999,1.0,0.98,0.41,0.63
PF08453,PF01752,1,1,1,0,0,1025,1.0,1.0,1.0,1.0,1,1,0,0,1025,1.0,1.0,1.0,1.0
PF04994,PF05229,0,0,0,0,0,1026,0,1.0,0,0,0,0,0,0,1026,0,1.0,0,0
PF00868,PF00927,3,5,3,0,2,1021,0.6,1.0,1.0,0.77,5,3,0,2,1021,0.6,1.0,1.0,0.77
PF16709,PF16711,2,1,1,1,0,1024,1.0,1.0,0.5,0.71,1,1,1,0,1024,1.0,1.0,0.5,0.71
PF04615,PF01280,12,9,0,12,9,1005,0.0,0.98,0.0,-0.01,9,0,12,9,1005,0.0,0.98,0.0,-0.01
PF02580,PF05817,14,7,3,11,4,1008,0.43,0.99,0.21,0.3,7,3,11,4,1008,0.43,0.99,0.21,0.3
PF01141,PF01140,2,3,2,0,1,1023,0.67,1.0,1.0,0.82,3,2,0,1,1023,0.67,1.0,1.0,0.82
PF13438,PF11798,1,2,1,0,1,1024,0.5,1.0,1.0,0.71,2,1,0,1,1024,0.5,1.0,1.0,0.71
PF14575,PF01404,4,6,4,0,2,1020,0.67,1.0,1.0,0.82,6,4,0,2,1020,0.67,1.0,1.0,0.82
PF16533,PF14847,0,3,0,0,3,1023,0.0,1.0,0,0,3,0,0,3,1023,0.0,1.0,0,0
PF01752,PF08453,1,1,1,0,0,1025,1.0,1.0,1.0,1.0,1,1,0,0,1025,1.0,1.0,1.0,1.0
PF02163,PF15019,5,1,0,5,1,1020,0.0,0.99,0.0,-0.0,1,0,5,1,1020,0.0,0.99,0.0,-0.0
PF00281,PF00673,10,12,9,1,3,1013,0.75,1.0,0.9,0.82,12,9,1,3,1013,0.75,1.0,0.9,0.82
PF16012,PF07530,6,2,1,5,1,1019,0.5,0.99,0.17,0.29,2,1,5,1,1019,0.5,0.99,0.17,0.29
PF07504,PF02128,0,1,0,0,1,1025,0.0,1.0,0,0,1,0,0,1,1025,0.0,1.0,0,0
PF05458,PF15872,3,0,0,3,0,1023,0,1.0,0.0,0,0,0,3,0,1023,0,1.0,0.0,0
PF15125,PF15036,0,2,0,0,2,1024,0.0,1.0,0,0,2,0,0,2,1024,0.0,1.0,0,0
PF17147,PF01558,3,3,3,0,0,1023,1.0,1.0,1.0,1.0,3,3,0,0,1023,1.0,1.0,1.0,1.0
PF08527,PF03068,1,1,1,0,0,1025,1.0,1.0,1.0,1.0,1,1,0,0,1025,1.0,1.0,1.0,1.0
PF10441,PF17034,3,5,0,3,5,1018,0.0,0.99,0.0,-0.0,5,0,3,5,1018,0.0,0.99,0.0,-0.0
PF08969,PF11470,9,6,1,8,5,1012,0.17,0.99,0.11,0.13,6,1,8,5,1012,0.17,0.99,0.11,0.13
PF14357,PF03901,0,22,0,0,22,1004,0.0,0.98,0,0,22,0,0,22,1004,0.0,0.98,0,0
PF04775,PF08840,3,2,2,1,0,1023,1.0,1.0,0.67,0.82,2,2,1,0,1023,1.0,1.0,0.67,0.82
PF07084,PF07956,0,2,0,0,2,1024,0.0,1.0,0,0,2,0,0,2,1024,0.0,1.0,0,0
PF03715,PF04139,5,9,1,4,8,1013,0.11,0.99,0.2,0.14,9,1,4,8,1013,0.11,0.99,0.2,0.14
PF04185,PF03647,9,7,1,8,6,1011,0.14,0.99,0.11,0.12,7,1,8,6,1011,0.14,0.99,0.11,0.12
PF01726,PF16965,1,2,0,1,2,1023,0.0,1.0,0.0,-0.0,2,0,1,2,1023,0.0,1.0,0.0,-0.0
PF10667,PF15207,0,1,0,0,1,1025,0.0,1.0,0,0,1,0,0,1,1025,0.0,1.0,0,0
PF11412,PF08411,3,1,0,3,1,1022,0.0,1.0,0.0,-0.0,1,0,3,1,1022,0.0,1.0,0.0,-0.0
PF08733,PF08624,1,3,0,1,3,1022,0.0,1.0,0.0,-0.0,3,0,1,3,1022,0.0,1.0,0.0,-0.0
PF07562,PF01547,10,12,4,6,8,1008,0.33,0.99,0.4,0.36,12,4,6,8,1008,0.33,0.99,0.4,0.36
PF09739,PF08303,9,2,0,9,2,1015,0.0,0.99,0.0,-0.0,2,0,9,2,1015,0.0,0.99,0.0,-0.0
PF00039,PF00040,3,10,1,2,9,1014,0.1,0.99,0.33,0.18,10,1,2,9,1014,0.1,0.99,0.33,0.18
PF08702,PF12160,3,3,3,0,0,1023,1.0,1.0,1.0,1.0,3,3,0,0,1023,1.0,1.0,1.0,1.0
PF04881,PF11593,1,1,0,1,1,1024,0.0,1.0,0.0,-0.0,1,0,1,1,1024,0.0,1.0,0.0,-0.0
PF11034,PF04355,3,2,0,3,2,1021,0.0,1.0,0.0,-0.0,2,0,3,2,1021,0.0,1.0,0.0,-0.0
PF03959,PF12368,9,2,0,9,2,1015,0.0,0.99,0.0,-0.0,2,0,9,2,1015,0.0,0.99,0.0,-0.0
PF05694,PF08229,2,3,1,1,2,1022,0.33,1.0,0.5,0.41,3,1,1,2,1022,0.33,1.0,0.5,0.41
PF05480,PF02556,1,5,0,1,5,1020,0.0,0.99,0.0,-0.0,5,0,1,5,1020,0.0,0.99,0.0,-0.0
PF15162,PF10994,0,0,0,0,0,1026,0,1.0,0,0,0,0,0,0,1026,0,1.0,0,0
PF15872,PF15703,0,2,0,0,2,1024,0.0,1.0,0,0,2,0,0,2,1024,0.0,1.0,0,0
PF00191,PF08378,17,2,1,16,1,1008,0.5,0.98,0.06,0.17,2,1,16,1,1008,0.5,0.98,0.06,0.17
PF01980,PF04706,2,5,1,1,4,1020,0.2,1.0,0.5,0.31,5,1,1,4,1020,0.2,1.0,0.5,0.31
PF08495,PF04300,0,3,0,0,3,1023,0.0,1.0,0,0,3,0,0,3,1023,0.0,1.0,0,0
PF03891,PF15052,0,1,0,0,1,1025,0.0,1.0,0,0,1,0,0,1,1025,0.0,1.0,0,0
PF00564,PF13240,24,1,1,23,0,1002,1.0,0.98,0.04,0.2,1,1,23,0,1002,1.0,0.98,0.04,0.2
PF03359,PF15279,7,2,0,7,2,1017,0.0,0.99,0.0,-0.0,2,0,7,2,1017,0.0,0.99,0.0,-0.0
PF06427,PF01501,8,28,8,0,20,998,0.29,0.98,1.0,0.53,28,8,0,20,998,0.29,0.98,1.0,0.53
PF00387,PF00388,13,15,11,2,4,1009,0.73,0.99,0.85,0.78,15,11,2,4,1009,0.73,0.99,0.85,0.78
PF02741,PF03729,1,0,0,1,0,1025,0,1.0,0.0,0,0,0,1,0,1025,0,1.0,0.0,0
PF08524,PF01416,3,16,2,1,14,1009,0.12,0.99,0.67,0.28,16,2,1,14,1009,0.12,0.99,0.67,0.28
PF03318,PF01117,0,1,0,0,1,1025,0.0,1.0,0,0,1,0,0,1,1025,0.0,1.0,0,0
PF06113,PF15008,2,0,0,2,0,1024,0,1.0,0.0,0,0,0,2,0,1024,0,1.0,0.0,0
PF07228,PF00654,7,27,2,5,25,994,0.07,0.97,0.29,0.13,27,2,5,25,994,0.07,0.97,0.29,0.13
PF09805,PF07939,7,0,0,7,0,1019,0,0.99,0.0,0,0,0,7,0,1019,0,0.99,0.0,0
PF03935,PF14240,4,4,2,2,2,1020,0.5,1.0,0.5,0.5,4,2,2,2,1020,0.5,1.0,0.5,0.5
PF01278,PF08411,1,1,0,1,1,1024,0.0,1.0,0.0,-0.0,1,0,1,1,1024,0.0,1.0,0.0,-0.0
PF12531,PF06745,0,0,0,0,0,1026,0,1.0,0,0,0,0,0,0,1026,0,1.0,0,0
PF03608,PF03829,2,2,2,0,0,1024,1.0,1.0,1.0,1.0,2,2,0,0,1024,1.0,1.0,1.0,1.0
PF07223,PF12049,0,0,0,0,0,1026,0,1.0,0,0,0,0,0,0,1026,0,1.0,0,0
PF14478,PF01122,2,5,2,0,3,1021,0.4,1.0,1.0,0.63,5,2,0,3,1021,0.4,1.0,1.0,0.63
PF11934,PF01857,3,2,2,1,0,1023,1.0,1.0,0.67,0.82,2,2,1,0,1023,1.0,1.0,0.67,0.82
PF14437,PF10175,4,1,0,4,1,1021,0.0,1.0,0.0,-0.0,1,0,4,1,1021,0.0,1.0,0.0,-0.0
PF09342,PF15494,2,4,1,1,3,1021,0.25,1.0,0.5,0.35,4,1,1,3,1021,0.25,1.0,0.5,0.35
PF09309,PF16892,0,0,0,0,0,1026,0,1.0,0,0,0,0,0,0,1026,0,1.0,0,0
PF10257,PF14611,9,3,1,8,2,1015,0.33,0.99,0.11,0.19,3,1,8,2,1015,0.33,0.99,0.11,0.19
PF11985,PF02050,0,1,0,0,1,1025,0.0,1.0,0,0,1,0,0,1,1025,0.0,1.0,0,0
PF01128,PF04736,1,2,0,1,2,1023,0.0,1.0,0.0,-0.0,2,0,1,2,1023,0.0,1.0,0.0,-0.0
PF09008,PF15518,1,2,0,1,2,1023,0.0,1.0,0.0,-0.0,2,0,1,2,1023,0.0,1.0,0.0,-0.0
PF10084,PF12608,0,0,0,0,0,1026,0,1.0,0,0,0,0,0,0,1026,0,1.0,0,0
PF03450,PF00941,9,9,9,0,0,1017,1.0,1.0,1.0,1.0,9,9,0,0,1017,1.0,1.0,1.0,1.0
PF05004,PF04836,5,5,5,0,0,1021,1.0,1.0,1.0,1.0,5,5,0,0,1021,1.0,1.0,1.0,1.0
PF13801,PF11316,0,0,0,0,0,1026,0,1.0,0,0,0,0,0,0,1026,0,1.0,0,0
PF14316,PF08093,0,1,0,0,1,1025,0.0,1.0,0,0,1,0,0,1,1025,0.0,1.0,0,0
PF15196,PF07227,0,0,0,0,0,1026,0,1.0,0,0,0,0,0,0,1026,0,1.0,0,0
PF07809,PF15298,1,0,0,1,0,1025,0,1.0,0.0,0,0,0,1,0,1025,0,1.0,0.0,0
PF13695,PF00468,1,3,0,1,3,1022,0.0,1.0,0.0,-0.0,3,0,1,3,1022,0.0,1.0,0.0,-0.0
PF02298,PF06749,12,2,1,11,1,1013,0.5,0.99,0.08,0.2,2,1,11,1,1013,0.5,0.99,0.08,0.2
PF07836,PF13809,1,0,0,1,0,1025,0,1.0,0.0,0,0,0,1,0,1025,0,1.0,0.0,0
PF02096,PF01245,12,9,3,9,6,1008,0.33,0.99,0.25,0.28,9,3,9,6,1008,0.33,0.99,0.25,0.28
PF16042,PF03383,0,0,0,0,0,1026,0,1.0,0,0,0,0,0,0,1026,0,1.0,0,0
PF01661,PF13716,24,17,6,18,11,991,0.35,0.97,0.25,0.28,17,6,18,11,991,0.35,0.97,0.25,0.28
PF00638,PF08911,28,7,7,21,0,998,1.0,0.98,0.25,0.49,7,7,21,0,998,1.0,0.98,0.25,0.49
PF13804,PF09003,3,2,1,2,1,1022,0.5,1.0,0.33,0.41,2,1,2,1,1022,0.5,1.0,0.33,0.41
PF15828,PF03745,1,0,0,1,0,1025,0,1.0,0.0,0,0,0,1,0,1025,0,1.0,0.0,0
PF05111,PF15064,1,3,0,1,3,1022,0.0,1.0,0.0,-0.0,3,0,1,3,1022,0.0,1.0,0.0,-0.0
PF06653,PF15556,1,1,0,1,1,1024,0.0,1.0,0.0,-0.0,1,0,1,1,1024,0.0,1.0,0.0,-0.0
PF16727,PF11626,2,3,0,2,3,1021,0.0,1.0,0.0,-0.0,3,0,2,3,1021,0.0,1.0,0.0,-0.0
PF00189,PF12333,6,2,0,6,2,1018,0.0,0.99,0.0,-0.0,2,0,6,2,1018,0.0,0.99,0.0,-0.0
PF06159,PF07542,2,7,0,2,7,1017,0.0,0.99,0.0,-0.0,7,0,2,7,1017,0.0,0.99,0.0,-0.0
PF08020,PF01591,0,9,0,0,9,1017,0.0,0.99,0,0,9,0,0,9,1017,0.0,0.99,0,0
PF08027,PF03784,1,1,0,1,1,1024,0.0,1.0,0.0,-0.0,1,0,1,1,1024,0.0,1.0,0.0,-0.0
PF16177,PF13193,7,45,5,2,40,979,0.11,0.96,0.71,0.27,45,5,2,40,979,0.11,0.96,0.71,0.27
PF11882,PF07923,2,2,2,0,0,1024,1.0,1.0,1.0,1.0,2,2,0,0,1024,1.0,1.0,1.0,1.0
PF14066,PF03742,0,1,0,0,1,1025,0.0,1.0,0,0,1,0,0,1,1025,0.0,1.0,0,0
PF03853,PF06212,7,4,0,7,4,1015,0.0,0.99,0.0,-0.01,4,0,7,4,1015,0.0,0.99,0.0,-0.01
PF02329,PF08127,1,3,0,1,3,1022,0.0,1.0,0.0,-0.0,3,0,1,3,1022,0.0,1.0,0.0,-0.0
PF08510,PF05128,8,0,0,8,0,1018,0,0.99,0.0,0,0,0,8,0,1018,0,0.99,0.0,0
PF14798,PF05308,1,2,0,1,2,1023,0.0,1.0,0.0,-0.0,2,0,1,2,1023,0.0,1.0,0.0,-0.0
PF01145,PF01066,27,22,10,17,12,987,0.45,0.97,0.37,0.4,22,10,17,12,987,0.45,0.97,0.37,0.4
PF01871,PF03350,5,0,0,5,0,1021,0,1.0,0.0,0,0,0,5,0,1021,0,1.0,0.0,0
PF06005,PF11658,2,0,0,2,0,1024,0,1.0,0.0,0,0,0,2,0,1024,0,1.0,0.0,0
PF15191,PF14621,3,1,0,3,1,1022,0.0,1.0,0.0,-0.0,1,0,3,1,1022,0.0,1.0,0.0,-0.0
PF03159,PF01107,13,4,1,12,3,1010,0.25,0.99,0.08,0.13,4,1,12,3,1010,0.25,0.99,0.08,0.13
PF03670,PF03488,5,0,0,5,0,1021,0,1.0,0.0,0,0,0,5,0,1021,0,1.0,0.0,0
PF12844,PF03709,0,0,0,0,0,1026,0,1.0,0,0,0,0,0,0,1026,0,1.0,0,0
PF07540,PF12329,2,3,1,1,2,1022,0.33,1.0,0.5,0.41,3,1,1,2,1022,0.33,1.0,0.5,0.41
PF13015,PF12999,9,11,8,1,3,1014,0.73,1.0,0.89,0.8,11,8,1,3,1014,0.73,1.0,0.89,0.8
PF01478,PF07203,0,0,0,0,0,1026,0,1.0,0,0,0,0,0,0,1026,0,1.0,0,0
PF14571,PF05605,1,5,1,0,4,1021,0.2,1.0,1.0,0.45,5,1,0,4,1021,0.2,1.0,1.0,0.45
PF07885,PF03530,39,9,8,31,1,986,0.89,0.97,0.21,0.42,9,8,31,1,986,0.89,0.97,0.21,0.42
PF03007,PF06974,4,3,2,2,1,1021,0.67,1.0,0.5,0.58,3,2,2,1,1021,0.67,1.0,0.5,0.58
PF04777,PF00085,19,71,16,3,55,952,0.23,0.94,0.84,0.42,71,16,3,55,952,0.23,0.94,0.84,0.42
PF08530,PF02129,7,9,7,0,2,1017,0.78,1.0,1.0,0.88,9,7,0,2,1017,0.78,1.0,1.0,0.88
PF16346,PF16352,0,0,0,0,0,1026,0,1.0,0,0,0,0,0,0,1026,0,1.0,0,0
PF06299,PF03815,0,9,0,0,9,1017,0.0,0.99,0,0,9,0,0,9,1017,0.0,0.99,0,0
PF08611,PF07510,2,1,0,2,1,1023,0.0,1.0,0.0,-0.0,1,0,2,1,1023,0.0,1.0,0.0,-0.0
PF11669,PF12527,1,0,0,1,0,1025,0,1.0,0.0,0,0,0,1,0,1025,0,1.0,0.0,0
PF10674,PF06581,0,1,0,0,1,1025,0.0,1.0,0,0,1,0,0,1,1025,0.0,1.0,0,0
PF05483,PF05548,3,1,0,3,1,1022,0.0,1.0,0.0,-0.0,1,0,3,1,1022,0.0,1.0,0.0,-0.0
PF04989,PF02595,2,1,0,2,1,1023,0.0,1.0,0.0,-0.0,1,0,2,1,1023,0.0,1.0,0.0,-0.0
PF16839,PF05912,1,2,0,1,2,1023,0.0,1.0,0.0,-0.0,2,0,1,2,1023,0.0,1.0,0.0,-0.0
PF13310,PF01420,2,2,2,0,0,1024,1.0,1.0,1.0,1.0,2,2,0,0,1024,1.0,1.0,1.0,1.0
PF00435,PF16901,30,9,1,29,8,988,0.11,0.96,0.03,0.05,9,1,29,8,988,0.11,0.96,0.03,0.05
PF03720,PF00984,2,3,2,0,1,1023,0.67,1.0,1.0,0.82,3,2,0,1,1023,0.67,1.0,1.0,0.82
PF16515,PF17045,2,0,0,2,0,1024,0,1.0,0.0,0,0,0,2,0,1024,0,1.0,0.0,0
PF03465,PF03464,5,6,5,0,1,1020,0.83,1.0,1.0,0.91,6,5,0,1,1020,0.83,1.0,1.0,0.91
PF01389,PF14334,0,0,0,0,0,1026,0,1.0,0,0,0,0,0,0,1026,0,1.0,0,0
PF03373,PF08657,0,4,0,0,4,1022,0.0,1.0,0,0,4,0,0,4,1022,0.0,1.0,0,0
PF02736,PF01576,22,17,11,11,6,998,0.65,0.98,0.5,0.56,17,11,11,6,998,0.65,0.98,0.5,0.56
PF15901,PF15902,6,7,6,0,1,1019,0.86,1.0,1.0,0.93,7,6,0,1,1019,0.86,1.0,1.0,0.93
PF09249,PF17007,0,0,0,0,0,1026,0,1.0,0,0,0,0,0,0,1026,0,1.0,0,0
PF13966,PF14529,52,42,13,39,29,945,0.31,0.93,0.25,0.24,42,13,39,29,945,0.31,0.93,0.25,0.24
PF00610,PF00618,25,27,9,16,18,983,0.33,0.97,0.36,0.33,27,9,16,18,983,0.33,0.97,0.36,0.33
PF03845,PF15518,5,2,0,5,2,1019,0.0,0.99,0.0,-0.0,2,0,5,2,1019,0.0,0.99,0.0,-0.0
PF11861,PF07780,8,7,7,1,0,1018,1.0,1.0,0.88,0.93,7,7,1,0,1018,1.0,1.0,0.88,0.93
PF13286,PF04225,5,3,1,4,2,1019,0.33,0.99,0.2,0.26,3,1,4,2,1019,0.33,0.99,0.2,0.26
PF15627,PF14959,1,0,0,1,0,1025,0,1.0,0.0,0,0,0,1,0,1025,0,1.0,0.0,0
PF01884,PF04488,0,17,0,0,17,1009,0.0,0.98,0,0,17,0,0,17,1009,0.0,0.98,0,0
PF06623,PF00195,2,9,0,2,9,1015,0.0,0.99,0.0,-0.0,9,0,2,9,1015,0.0,0.99,0.0,-0.0
PF11636,PF00992,0,2,0,0,2,1024,0.0,1.0,0,0,2,0,0,2,1024,0.0,1.0,0,0
PF04940,PF08376,4,4,2,2,2,1020,0.5,1.0,0.5,0.5,4,2,2,2,1020,0.5,1.0,0.5,0.5
PF01839,PF08441,15,14,13,2,1,1010,0.93,1.0,0.87,0.9,14,13,2,1,1010,0.93,1.0,0.87,0.9
PF15394,PF08432,2,0,0,2,0,1024,0,1.0,0.0,0,0,0,2,0,1024,0,1.0,0.0,0
PF05732,PF03742,2,1,0,2,1,1023,0.0,1.0,0.0,-0.0,1,0,2,1,1023,0.0,1.0,0.0,-0.0
PF15706,PF15705,3,3,3,0,0,1023,1.0,1.0,1.0,1.0,3,3,0,0,1023,1.0,1.0,1.0,1.0
PF00746,PF10856,0,0,0,0,0,1026,0,1.0,0,0,0,0,0,0,1026,0,1.0,0,0
PF11217,PF08021,1,0,0,1,0,1025,0,1.0,0.0,0,0,0,1,0,1025,0,1.0,0.0,0
PF04549,PF08204,0,0,0,0,0,1026,0,1.0,0,0,0,0,0,0,1026,0,1.0,0,0
PF04114,PF01694,9,27,3,6,24,993,0.11,0.97,0.33,0.18,27,3,6,24,993,0.11,0.97,0.33,0.18
PF00359,PF07565,5,9,2,3,7,1014,0.22,0.99,0.4,0.29,9,2,3,7,1014,0.22,0.99,0.4,0.29
PF17193,PF01312,0,2,0,0,2,1024,0.0,1.0,0,0,2,0,0,2,1024,0.0,1.0,0,0
PF07245,PF05585,2,16,2,0,14,1010,0.12,0.99,1.0,0.35,16,2,0,14,1010,0.12,0.99,1.0,0.35
PF14818,PF07558,4,2,0,4,2,1020,0.0,0.99,0.0,-0.0,2,0,4,2,1020,0.0,0.99,0.0,-0.0
PF05250,PF16037,5,0,0,5,0,1021,0,1.0,0.0,0,0,0,5,0,1021,0,1.0,0.0,0
PF14273,PF10681,5,3,0,5,3,1018,0.0,0.99,0.0,-0.0,3,0,5,3,1018,0.0,0.99,0.0,-0.0
PF15672,PF00419,0,3,0,0,3,1023,0.0,1.0,0,0,3,0,0,3,1023,0.0,1.0,0,0
PF05541,PF05366,0,0,0,0,0,1026,0,1.0,0,0,0,0,0,0,1026,0,1.0,0,0
PF09345,PF07718,0,3,0,0,3,1023,0.0,1.0,0,0,3,0,0,3,1023,0.0,1.0,0,0
PF06283,PF03883,0,1,0,0,1,1025,0.0,1.0,0,0,1,0,0,1,1025,0.0,1.0,0,0
PF14862,PF15754,2,2,0,2,2,1022,0.0,1.0,0.0,-0.0,2,0,2,2,1022,0.0,1.0,0.0,-0.0
PF09736,PF15280,6,2,0,6,2,1018,0.0,0.99,0.0,-0.0,2,0,6,2,1018,0.0,0.99,0.0,-0.0
PF07695,PF04122,2,0,0,2,0,1024,0,1.0,0.0,0,0,0,2,0,1024,0,1.0,0.0,0
PF04759,PF04367,2,1,0,2,1,1023,0.0,1.0,0.0,-0.0,1,0,2,1,1023,0.0,1.0,0.0,-0.0
PF01159,PF03868,10,14,7,3,7,1009,0.5,0.99,0.7,0.59,14,7,3,7,1009,0.5,0.99,0.7,0.59
PF01060,PF00213,15,11,3,12,8,1003,0.27,0.98,0.2,0.22,11,3,12,8,1003,0.27,0.98,0.2,0.22
PF02412,PF05735,3,3,3,0,0,1023,1.0,1.0,1.0,1.0,3,3,0,0,1023,1.0,1.0,1.0,1.0
PF15373,PF15748,0,0,0,0,0,1026,0,1.0,0,0,0,0,0,0,1026,0,1.0,0,0
PF00268,PF02284,11,1,1,10,0,1015,1.0,0.99,0.09,0.3,1,1,10,0,1015,1.0,0.99,0.09,0.3
PF06662,PF15296,2,1,0,2,1,1023,0.0,1.0,0.0,-0.0,1,0,2,1,1023,0.0,1.0,0.0,-0.0
PF06694,PF15060,1,2,0,1,2,1023,0.0,1.0,0.0,-0.0,2,0,1,2,1023,0.0,1.0,0.0,-0.0
PF13182,PF15182,0,1,0,0,1,1025,0.0,1.0,0,0,1,0,0,1,1025,0.0,1.0,0,0
PF15222,PF12226,0,1,0,0,1,1025,0.0,1.0,0,0,1,0,0,1,1025,0.0,1.0,0,0
PF16034,PF04423,0,4,0,0,4,1022,0.0,1.0,0,0,4,0,0,4,1022,0.0,1.0,0,0
PF05366,PF05541,0,0,0,0,0,1026,0,1.0,0,0,0,0,0,0,1026,0,1.0,0,0
PF06110,PF03079,5,8,2,3,6,1015,0.25,0.99,0.4,0.31,8,2,3,6,1015,0.25,0.99,0.4,0.31
PF07969,PF01979,13,32,6,7,26,987,0.19,0.97,0.46,0.28,32,6,7,26,987,0.19,0.97,0.46,0.28
PF07718,PF14806,3,3,3,0,0,1023,1.0,1.0,1.0,1.0,3,3,0,0,1023,1.0,1.0,1.0,1.0
PF14334,PF04187,0,0,0,0,0,1026,0,1.0,0,0,0,0,0,0,1026,0,1.0,0,0
PF13188,PF08448,6,7,5,1,2,1018,0.71,1.0,0.83,0.77,7,5,1,2,1018,0.71,1.0,0.83,0.77
PF11105,PF15814,1,0,0,1,0,1025,0,1.0,0.0,0,0,0,1,0,1025,0,1.0,0.0,0
PF00480,PF02350,6,1,1,5,0,1020,1.0,1.0,0.17,0.41,1,1,5,0,1020,1.0,1.0,0.17,0.41
PF08239,PF08005,6,3,1,5,2,1018,0.33,0.99,0.17,0.23,3,1,5,2,1018,0.33,0.99,0.17,0.23
PF05957,PF03901,0,22,0,0,22,1004,0.0,0.98,0,0,22,0,0,22,1004,0.0,0.98,0,0
PF09737,PF11635,0,2,0,0,2,1024,0.0,1.0,0,0,2,0,0,2,1024,0.0,1.0,0,0
PF15124,PF11863,0,1,0,0,1,1025,0.0,1.0,0,0,1,0,0,1,1025,0.0,1.0,0,0
PF11528,PF16011,0,1,0,0,1,1025,0.0,1.0,0,0,1,0,0,1,1025,0.0,1.0,0,0
PF04375,PF05513,1,1,0,1,1,1024,0.0,1.0,0.0,-0.0,1,0,1,1,1024,0.0,1.0,0.0,-0.0
PF14617,PF08641,4,2,0,4,2,1020,0.0,0.99,0.0,-0.0,2,0,4,2,1020,0.0,0.99,0.0,-0.0
PF16892,PF16893,0,0,0,0,0,1026,0,1.0,0,0,0,0,0,0,1026,0,1.0,0,0
PF04909,PF16952,19,2,2,17,0,1007,1.0,0.98,0.11,0.32,2,2,17,0,1007,1.0,0.98,0.11,0.32
PF05768,PF01796,5,1,1,4,0,1021,1.0,1.0,0.2,0.45,1,1,4,0,1021,1.0,1.0,0.2,0.45
PF11023,PF02635,0,0,0,0,0,1026,0,1.0,0,0,0,0,0,0,1026,0,1.0,0,0
PF01388,PF12031,28,3,2,26,1,997,0.67,0.97,0.07,0.21,3,2,26,1,997,0.67,0.97,0.07,0.21
PF10306,PF12716,2,0,0,2,0,1024,0,1.0,0.0,0,0,0,2,0,1024,0,1.0,0.0,0
PF01088,PF03577,13,1,0,13,1,1012,0.0,0.99,0.0,-0.0,1,0,13,1,1012,0.0,0.99,0.0,-0.0
PF10567,PF01580,0,2,0,0,2,1024,0.0,1.0,0,0,2,0,0,2,1024,0.0,1.0,0,0
PF00219,PF00007,4,6,1,3,5,1017,0.17,0.99,0.25,0.2,6,1,3,5,1017,0.17,0.99,0.25,0.2
PF12455,PF07989,3,10,0,3,10,1013,0.0,0.99,0.0,-0.01,10,0,3,10,1013,0.0,0.99,0.0,-0.01
PF16725,PF09262,0,7,0,0,7,1019,0.0,0.99,0,0,7,0,0,7,1019,0.0,0.99,0,0
PF16313,PF03241,1,0,0,1,0,1025,0,1.0,0.0,0,0,0,1,0,1025,0,1.0,0.0,0
PF13684,PF14052,1,0,0,1,0,1025,0,1.0,0.0,0,0,0,1,0,1025,0,1.0,0.0,0
PF04577,PF02517,11,9,2,9,7,1008,0.22,0.98,0.18,0.19,9,2,9,7,1008,0.22,0.98,0.18,0.19
PF13681,PF08950,0,0,0,0,0,1026,0,1.0,0,0,0,0,0,0,1026,0,1.0,0,0
PF08797,PF12054,7,3,0,7,3,1016,0.0,0.99,0.0,-0.0,3,0,7,3,1016,0.0,0.99,0.0,-0.0
PF04153,PF04959,6,6,2,4,4,1016,0.33,0.99,0.33,0.33,6,2,4,4,1016,0.33,0.99,0.33,0.33
PF09831,PF00854,0,17,0,0,17,1009,0.0,0.98,0,0,17,0,0,17,1009,0.0,0.98,0,0
PF05046,PF10211,5,4,0,5,4,1017,0.0,0.99,0.0,-0.0,4,0,5,4,1017,0.0,0.99,0.0,-0.0
PF04707,PF03765,8,17,5,3,12,1006,0.29,0.99,0.62,0.42,17,5,3,12,1006,0.29,0.99,0.62,0.42
PF00935,PF01198,8,11,4,4,7,1011,0.36,0.99,0.5,0.42,11,4,4,7,1011,0.36,0.99,0.5,0.42
PF04565,PF04561,14,1,1,13,0,1012,1.0,0.99,0.07,0.27,1,1,13,0,1012,1.0,0.99,0.07,0.27
PF15013,PF10244,1,1,0,1,1,1024,0.0,1.0,0.0,-0.0,1,0,1,1,1024,0.0,1.0,0.0,-0.0
PF10971,PF12147,1,1,1,0,0,1025,1.0,1.0,1.0,1.0,1,1,0,0,1025,1.0,1.0,1.0,1.0
PF00217,PF02807,11,10,9,2,1,1014,0.9,1.0,0.82,0.86,10,9,2,1,1014,0.9,1.0,0.82,0.86
PF08034,PF11282,0,0,0,0,0,1026,0,1.0,0,0,0,0,0,0,1026,0,1.0,0,0
PF16980,PF05944,0,1,0,0,1,1025,0.0,1.0,0,0,1,0,0,1,1025,0.0,1.0,0,0
PF11786,PF11787,5,5,5,0,0,1021,1.0,1.0,1.0,1.0,5,5,0,0,1021,1.0,1.0,1.0,1.0
PF04286,PF07434,1,0,0,1,0,1025,0,1.0,0.0,0,0,0,1,0,1025,0,1.0,0.0,0
PF05427,PF10254,2,2,0,2,2,1022,0.0,1.0,0.0,-0.0,2,0,2,2,1022,0.0,1.0,0.0,-0.0
PF01230,PF01177,12,4,2,10,2,1012,0.5,0.99,0.17,0.28,4,2,10,2,1012,0.5,0.99,0.17,0.28
PF07774,PF13360,7,23,7,0,16,1003,0.3,0.98,1.0,0.55,23,7,0,16,1003,0.3,0.98,1.0,0.55
PF15311,PF17098,4,7,0,4,7,1015,0.0,0.99,0.0,-0.01,7,0,4,7,1015,0.0,0.99,0.0,-0.01
PF02874,PF07497,26,3,0,26,3,997,0.0,0.97,0.0,-0.01,3,0,26,3,997,0.0,0.97,0.0,-0.01
PF15148,PF15293,2,0,0,2,0,1024,0,1.0,0.0,0,0,0,2,0,1024,0,1.0,0.0,0
PF10510,PF05719,9,4,1,8,3,1014,0.25,0.99,0.11,0.16,4,1,8,3,1014,0.25,0.99,0.11,0.16
PF12592,PF07726,0,1,0,0,1,1025,0.0,1.0,0,0,1,0,0,1,1025,0.0,1.0,0,0
PF09424,PF10224,2,1,0,2,1,1023,0.0,1.0,0.0,-0.0,1,0,2,1,1023,0.0,1.0,0.0,-0.0
PF14994,PF15023,2,0,0,2,0,1024,0,1.0,0.0,0,0,0,2,0,1024,0,1.0,0.0,0
PF02074,PF10856,2,0,0,2,0,1024,0,1.0,0.0,0,0,0,2,0,1024,0,1.0,0.0,0
PF01034,PF06365,4,3,0,4,3,1019,0.0,0.99,0.0,-0.0,3,0,4,3,1019,0.0,0.99,0.0,-0.0
PF10994,PF15555,0,1,0,0,1,1025,0.0,1.0,0,0,1,0,0,1,1025,0.0,1.0,0,0
PF10152,PF02181,4,38,4,0,34,988,0.11,0.97,1.0,0.32,38,4,0,34,988,0.11,0.97,1.0,0.32
PF01198,PF02284,11,1,1,10,0,1015,1.0,0.99,0.09,0.3,1,1,10,0,1015,1.0,0.99,0.09,0.3
PF04216,PF14467,0,0,0,0,0,1026,0,1.0,0,0,0,0,0,0,1026,0,1.0,0,0
PF08376,PF04940,4,4,2,2,2,1020,0.5,1.0,0.5,0.5,4,2,2,2,1020,0.5,1.0,0.5,0.5
PF11044,PF15207,0,1,0,0,1,1025,0.0,1.0,0,0,1,0,0,1,1025,0.0,1.0,0,0
PF01634,PF08029,3,3,3,0,0,1023,1.0,1.0,1.0,1.0,3,3,0,0,1023,1.0,1.0,1.0,1.0
PF02421,PF08155,1,9,0,1,9,1016,0.0,0.99,0.0,-0.0,9,0,1,9,1016,0.0,0.99,0.0,-0.0
PF01037,PF15750,2,0,0,2,0,1024,0,1.0,0.0,0,0,0,2,0,1024,0,1.0,0.0,0
PF10459,PF14871,0,1,0,0,1,1025,0.0,1.0,0,0,1,0,0,1,1025,0.0,1.0,0,0
PF15213,PF05830,0,2,0,0,2,1024,0.0,1.0,0,0,2,0,0,2,1024,0.0,1.0,0,0
PF10159,PF04090,5,1,0,5,1,1020,0.0,0.99,0.0,-0.0,1,0,5,1,1020,0.0,0.99,0.0,-0.0
PF01254,PF04764,1,0,0,1,0,1025,0,1.0,0.0,0,0,0,1,0,1025,0,1.0,0.0,0
PF16898,PF00986,6,7,1,5,6,1014,0.14,0.99,0.17,0.15,7,1,5,6,1014,0.14,0.99,0.17,0.15
PF08271,PF00382,8,15,8,0,7,1011,0.53,0.99,1.0,0.73,15,8,0,7,1011,0.53,0.99,1.0,0.73
PF05971,PF16019,7,2,0,7,2,1017,0.0,0.99,0.0,-0.0,2,0,7,2,1017,0.0,0.99,0.0,-0.0
PF00344,PF10559,12,9,9,3,0,1014,1.0,1.0,0.75,0.86,9,9,3,0,1014,1.0,1.0,0.75,0.86
PF02373,PF02375,27,14,14,13,0,999,1.0,0.99,0.52,0.72,14,14,13,0,999,1.0,0.99,0.52,0.72
PF00024,PF08277,41,5,3,38,2,983,0.6,0.96,0.07,0.2,5,3,38,2,983,0.6,0.96,0.07,0.2
PF01653,PF03119,10,5,5,5,0,1016,1.0,1.0,0.5,0.71,5,5,5,0,1016,1.0,1.0,0.5,0.71
PF11612,PF02501,3,3,3,0,0,1023,1.0,1.0,1.0,1.0,3,3,0,0,1023,1.0,1.0,1.0,1.0
PF07926,PF10481,4,1,0,4,1,1021,0.0,1.0,0.0,-0.0,1,0,4,1,1021,0.0,1.0,0.0,-0.0
PF12719,PF13890,5,1,0,5,1,1020,0.0,0.99,0.0,-0.0,1,0,5,1,1020,0.0,0.99,0.0,-0.0
PF05919,PF09216,5,0,0,5,0,1021,0,1.0,0.0,0,0,0,5,0,1021,0,1.0,0.0,0
PF09995,PF07542,7,7,2,5,5,1014,0.29,0.99,0.29,0.28,7,2,5,5,1014,0.29,0.99,0.29,0.28
PF01041,PF08635,5,1,0,5,1,1020,0.0,0.99,0.0,-0.0,1,0,5,1,1020,0.0,0.99,0.0,-0.0
PF07573,PF11702,2,1,0,2,1,1023,0.0,1.0,0.0,-0.0,1,0,2,1,1023,0.0,1.0,0.0,-0.0
PF13553,PF02760,6,0,0,6,0,1020,0,0.99,0.0,0,0,0,6,0,1020,0,0.99,0.0,0
PF06185,PF10938,0,0,0,0,0,1026,0,1.0,0,0,0,0,0,0,1026,0,1.0,0,0
PF06959,PF02107,0,1,0,0,1,1025,0.0,1.0,0,0,1,0,0,1,1025,0.0,1.0,0,0
PF04574,PF02146,3,32,3,0,29,994,0.09,0.97,1.0,0.3,32,3,0,29,994,0.09,0.97,1.0,0.3
PF02563,PF10481,4,1,0,4,1,1021,0.0,1.0,0.0,-0.0,1,0,4,1,1021,0.0,1.0,0.0,-0.0
PF09398,PF06541,1,0,0,1,0,1025,0,1.0,0.0,0,0,0,1,0,1025,0,1.0,0.0,0
PF03031,PF10213,22,7,4,18,3,1001,0.57,0.98,0.18,0.31,7,4,18,3,1001,0.57,0.98,0.18,0.31
PF00035,PF01207,32,27,9,23,18,976,0.33,0.96,0.28,0.29,27,9,23,18,976,0.33,0.96,0.28,0.29
PF06100,PF14519,1,0,0,1,0,1025,0,1.0,0.0,0,0,0,1,0,1025,0,1.0,0.0,0
PF05065,PF00524,1,1,0,1,1,1024,0.0,1.0,0.0,-0.0,1,0,1,1,1024,0.0,1.0,0.0,-0.0
PF11427,PF13936,6,3,2,4,1,1019,0.67,1.0,0.33,0.47,3,2,4,1,1019,0.67,1.0,0.33,0.47
PF10174,PF09457,6,3,0,6,3,1017,0.0,0.99,0.0,-0.0,3,0,6,3,1017,0.0,0.99,0.0,-0.0
PF01571,PF08669,18,19,16,2,3,1005,0.84,1.0,0.89,0.86,19,16,2,3,1005,0.84,1.0,0.89,0.86
PF12190,PF08026,0,1,0,0,1,1025,0.0,1.0,0,0,1,0,0,1,1025,0.0,1.0,0,0
PF08286,PF12240,0,1,0,0,1,1025,0.0,1.0,0,0,1,0,0,1,1025,0.0,1.0,0,0
PF00248,PF00701,46,15,10,36,5,975,0.67,0.96,0.22,0.37,15,10,36,5,975,0.67,0.96,0.22,0.37
PF15040,PF11351,0,0,0,0,0,1026,0,1.0,0,0,0,0,0,0,1026,0,1.0,0,0
PF00367,PF10410,5,2,0,5,2,1019,0.0,0.99,0.0,-0.0,2,0,5,2,1019,0.0,0.99,0.0,-0.0
PF16078,PF16870,6,15,6,0,9,1011,0.4,0.99,1.0,0.63,15,6,0,9,1011,0.4,0.99,1.0,0.63
PF08484,PF08421,0,0,0,0,0,1026,0,1.0,0,0,0,0,0,0,1026,0,1.0,0,0
PF16032,PF16003,0,1,0,0,1,1025,0.0,1.0,0,0,1,0,0,1,1025,0.0,1.0,0,0
PF00280,PF06404,5,1,0,5,1,1020,0.0,0.99,0.0,-0.0,1,0,5,1,1020,0.0,0.99,0.0,-0.0
PF09456,PF06761,3,0,0,3,0,1023,0,1.0,0.0,0,0,0,3,0,1023,0,1.0,0.0,0
PF05403,PF03973,0,1,0,0,1,1025,0.0,1.0,0,0,1,0,0,1,1025,0.0,1.0,0,0
PF08672,PF10557,9,16,2,7,14,1003,0.12,0.98,0.22,0.16,16,2,7,14,1003,0.12,0.98,0.22,0.16
PF01295,PF03038,1,0,0,1,0,1025,0,1.0,0.0,0,0,0,1,0,1025,0,1.0,0.0,0
PF06071,PF01018,7,4,2,5,2,1017,0.5,0.99,0.29,0.37,4,2,5,2,1017,0.5,0.99,0.29,0.37
PF11837,PF08244,0,7,0,0,7,1019,0.0,0.99,0,0,7,0,0,7,1019,0.0,0.99,0,0
PF03219,PF08643,3,4,0,3,4,1019,0.0,0.99,0.0,-0.0,4,0,3,4,1019,0.0,0.99,0.0,-0.0
PF16842,PF11627,0,0,0,0,0,1026,0,1.0,0,0,0,0,0,0,1026,0,1.0,0,0
PF14880,PF15055,5,0,0,5,0,1021,0,1.0,0.0,0,0,0,5,0,1021,0,1.0,0.0,0
PF11026,PF01913,0,1,0,0,1,1025,0.0,1.0,0,0,1,0,0,1,1025,0.0,1.0,0,0
PF13296,PF01580,0,2,0,0,2,1024,0.0,1.0,0,0,2,0,0,2,1024,0.0,1.0,0,0
PF13491,PF09397,2,2,2,0,0,1024,1.0,1.0,1.0,1.0,2,2,0,0,1024,1.0,1.0,1.0,1.0
PF05424,PF03011,1,1,1,0,0,1025,1.0,1.0,1.0,1.0,1,1,0,0,1025,1.0,1.0,1.0,1.0
PF04893,PF03208,8,6,0,8,6,1012,0.0,0.99,0.0,-0.01,6,0,8,6,1012,0.0,0.99,0.0,-0.01
PF10188,PF09816,0,4,0,0,4,1022,0.0,1.0,0,0,4,0,0,4,1022,0.0,1.0,0,0
PF16976,PF13629,2,2,2,0,0,1024,1.0,1.0,1.0,1.0,2,2,0,0,1024,1.0,1.0,1.0,1.0
PF06545,PF04247,3,0,0,3,0,1023,0,1.0,0.0,0,0,0,3,0,1023,0,1.0,0.0,0
PF11792,PF13403,0,0,0,0,0,1026,0,1.0,0,0,0,0,0,0,1026,0,1.0,0,0
PF02979,PF02277,1,1,0,1,1,1024,0.0,1.0,0.0,-0.0,1,0,1,1,1024,0.0,1.0,0.0,-0.0
PF01048,PF17107,16,14,7,9,7,1003,0.5,0.98,0.44,0.46,14,7,9,7,1003,0.5,0.98,0.44,0.46
PF06101,PF12624,6,19,2,4,17,1003,0.11,0.98,0.33,0.18,19,2,4,17,1003,0.11,0.98,0.33,0.18
PF05939,PF06805,0,0,0,0,0,1026,0,1.0,0,0,0,0,0,0,1026,0,1.0,0,0
PF07967,PF08600,8,2,2,6,0,1018,1.0,0.99,0.25,0.5,2,2,6,0,1018,1.0,0.99,0.25,0.5
PF01625,PF05047,10,3,2,8,1,1015,0.67,0.99,0.2,0.36,3,2,8,1,1015,0.67,0.99,0.2,0.36
PF04360,PF15175,0,0,0,0,0,1026,0,1.0,0,0,0,0,0,0,1026,0,1.0,0,0
PF12428,PF02622,1,4,1,0,3,1022,0.25,1.0,1.0,0.5,4,1,0,3,1022,0.25,1.0,1.0,0.5
PF09723,PF15175,0,0,0,0,0,1026,0,1.0,0,0,0,0,0,0,1026,0,1.0,0,0
PF02424,PF02910,2,10,1,1,9,1015,0.1,0.99,0.5,0.22,10,1,1,9,1015,0.1,0.99,0.5,0.22
PF05124,PF10129,0,0,0,0,0,1026,0,1.0,0,0,0,0,0,0,1026,0,1.0,0,0
PF15881,PF09494,1,8,0,1,8,1017,0.0,0.99,0.0,-0.0,8,0,1,8,1017,0.0,0.99,0.0,-0.0
PF13630,PF16325,0,1,0,0,1,1025,0.0,1.0,0,0,1,0,0,1,1025,0.0,1.0,0,0
PF11327,PF14610,2,2,0,2,2,1022,0.0,1.0,0.0,-0.0,2,0,2,2,1022,0.0,1.0,0.0,-0.0
PF12412,PF05167,0,1,0,0,1,1025,0.0,1.0,0,0,1,0,0,1,1025,0.0,1.0,0,0
PF11863,PF03592,1,1,1,0,0,1025,1.0,1.0,1.0,1.0,1,1,0,0,1025,1.0,1.0,1.0,1.0
PF08768,PF01549,0,28,0,0,28,998,0.0,0.97,0,0,28,0,0,28,998,0.0,0.97,0,0
PF11075,PF07305,0,0,0,0,0,1026,0,1.0,0,0,0,0,0,0,1026,0,1.0,0,0
PF06393,PF02941,1,2,0,1,2,1023,0.0,1.0,0.0,-0.0,2,0,1,2,1023,0.0,1.0,0.0,-0.0
PF01044,PF00932,5,2,0,5,2,1019,0.0,0.99,0.0,-0.0,2,0,5,2,1019,0.0,0.99,0.0,-0.0
PF12576,PF06414,1,4,0,1,4,1021,0.0,1.0,0.0,-0.0,4,0,1,4,1021,0.0,1.0,0.0,-0.0
PF08294,PF01126,7,8,2,5,6,1013,0.25,0.99,0.29,0.26,8,2,5,6,1013,0.25,0.99,0.29,0.26
PF06668,PF08473,4,3,0,4,3,1019,0.0,0.99,0.0,-0.0,3,0,4,3,1019,0.0,0.99,0.0,-0.0
PF03323,PF02554,6,1,0,6,1,1019,0.0,0.99,0.0,-0.0,1,0,6,1,1019,0.0,0.99,0.0,-0.0
PF13926,PF16501,4,1,0,4,1,1021,0.0,1.0,0.0,-0.0,1,0,4,1,1021,0.0,1.0,0.0,-0.0
PF17056,PF08591,1,0,0,1,0,1025,0,1.0,0.0,0,0,0,1,0,1025,0,1.0,0.0,0
PF03514,PF07887,8,5,4,4,1,1017,0.8,1.0,0.5,0.63,5,4,4,1,1017,0.8,1.0,0.5,0.63
PF15754,PF14862,2,2,0,2,2,1022,0.0,1.0,0.0,-0.0,2,0,2,2,1022,0.0,1.0,0.0,-0.0
PF15178,PF05418,0,1,0,0,1,1025,0.0,1.0,0,0,1,0,0,1,1025,0.0,1.0,0,0
PF07073,PF02500,0,1,0,0,1,1025,0.0,1.0,0,0,1,0,0,1,1025,0.0,1.0,0,0
PF10224,PF10780,1,0,0,1,0,1025,0,1.0,0.0,0,0,0,1,0,1025,0,1.0,0.0,0
PF16499,PF09072,11,6,3,8,3,1012,0.5,0.99,0.27,0.36,6,3,8,3,1012,0.5,0.99,0.27,0.36
PF06217,PF02531,0,1,0,0,1,1025,0.0,1.0,0,0,1,0,0,1,1025,0.0,1.0,0,0
PF07502,PF16915,0,0,0,0,0,1026,0,1.0,0,0,0,0,0,0,1026,0,1.0,0,0
PF15060,PF15231,2,0,0,2,0,1024,0,1.0,0.0,0,0,0,2,0,1024,0,1.0,0.0,0
PF00450,PF05388,39,3,3,36,0,987,1.0,0.96,0.08,0.27,3,3,36,0,987,1.0,0.96,0.08,0.27
PF10213,PF10260,7,1,0,7,1,1018,0.0,0.99,0.0,-0.0,1,0,7,1,1018,0.0,0.99,0.0,-0.0
PF10395,PF14952,0,2,0,0,2,1024,0.0,1.0,0,0,2,0,0,2,1024,0.0,1.0,0,0
PF02451,PF07326,0,0,0,0,0,1026,0,1.0,0,0,0,0,0,0,1026,0,1.0,0,0
PF00370,PF02782,26,21,19,7,2,998,0.9,0.99,0.73,0.81,21,19,7,2,998,0.9,0.99,0.73,0.81
PF02889,PF14308,18,5,1,17,4,1004,0.2,0.98,0.06,0.1,5,1,17,4,1004,0.2,0.98,0.06,0.1
PF04127,PF14365,7,2,0,7,2,1017,0.0,0.99,0.0,-0.0,2,0,7,2,1017,0.0,0.99,0.0,-0.0
PF05587,PF05586,2,1,1,1,0,1024,1.0,1.0,0.5,0.71,1,1,1,0,1024,1.0,1.0,0.5,0.71
PF12162,PF14596,2,2,2,0,0,1024,1.0,1.0,1.0,1.0,2,2,0,0,1024,1.0,1.0,1.0,1.0
PF08083,PF08084,6,6,6,0,0,1020,1.0,1.0,1.0,1.0,6,6,0,0,1020,1.0,1.0,1.0,1.0
PF04190,PF01294,5,3,0,5,3,1018,0.0,0.99,0.0,-0.0,3,0,5,3,1018,0.0,0.99,0.0,-0.0
PF15732,PF04370,0,0,0,0,0,1026,0,1.0,0,0,0,0,0,0,1026,0,1.0,0,0
PF00318,PF16122,17,9,6,11,3,1006,0.67,0.99,0.35,0.48,9,6,11,3,1006,0.67,0.99,0.35,0.48
PF07998,PF07282,2,0,0,2,0,1024,0,1.0,0.0,0,0,0,2,0,1024,0,1.0,0.0,0
PF01565,PF04030,51,10,8,43,2,973,0.8,0.96,0.16,0.34,10,8,43,2,973,0.8,0.96,0.16,0.34
PF15150,PF12241,4,1,0,4,1,1021,0.0,1.0,0.0,-0.0,1,0,4,1,1021,0.0,1.0,0.0,-0.0
PF09049,PF09051,0,0,0,0,0,1026,0,1.0,0,0,0,0,0,0,1026,0,1.0,0,0
PF15995,PF15994,0,0,0,0,0,1026,0,1.0,0,0,0,0,0,0,1026,0,1.0,0,0
PF01580,PF06070,2,0,0,2,0,1024,0,1.0,0.0,0,0,0,2,0,1024,0,1.0,0.0,0
PF12194,PF08291,0,0,0,0,0,1026,0,1.0,0,0,0,0,0,0,1026,0,1.0,0,0
PF16010,PF04526,10,3,0,10,3,1013,0.0,0.99,0.0,-0.01,3,0,10,3,1013,0.0,0.99,0.0,-0.01
PF09635,PF13603,1,7,1,0,6,1019,0.14,0.99,1.0,0.38,7,1,0,6,1019,0.14,0.99,1.0,0.38
PF04140,PF01632,10,2,2,8,0,1016,1.0,0.99,0.2,0.45,2,2,8,0,1016,1.0,0.99,0.2,0.45
PF08795,PF06724,0,0,0,0,0,1026,0,1.0,0,0,0,0,0,0,1026,0,1.0,0,0
PF01705,PF07809,5,1,0,5,1,1020,0.0,0.99,0.0,-0.0,1,0,5,1,1020,0.0,0.99,0.0,-0.0
PF11227,PF17086,0,0,0,0,0,1026,0,1.0,0,0,0,0,0,0,1026,0,1.0,0,0
PF14464,PF15160,3,0,0,3,0,1023,0,1.0,0.0,0,0,0,3,0,1023,0,1.0,0.0,0
PF03904,PF13553,0,6,0,0,6,1020,0.0,0.99,0,0,6,0,0,6,1020,0.0,0.99,0,0
PF03198,PF00332,11,15,2,9,13,1002,0.13,0.98,0.18,0.15,15,2,9,13,1002,0.13,0.98,0.18,0.15
PF08404,PF07804,1,0,0,1,0,1025,0,1.0,0.0,0,0,0,1,0,1025,0,1.0,0.0,0
PF09109,PF12856,0,0,0,0,0,1026,0,1.0,0,0,0,0,0,0,1026,0,1.0,0,0
PF07082,PF05055,0,1,0,0,1,1025,0.0,1.0,0,0,1,0,0,1,1025,0.0,1.0,0,0
PF12807,PF13236,6,5,3,3,2,1018,0.6,1.0,0.5,0.55,5,3,3,2,1018,0.6,1.0,0.5,0.55
PF08041,PF05419,1,0,0,1,0,1025,0,1.0,0.0,0,0,0,1,0,1025,0,1.0,0.0,0
PF00580,PF13361,9,12,8,1,4,1013,0.67,1.0,0.89,0.77,12,8,1,4,1013,0.67,1.0,0.89,0.77
PF08657,PF14232,4,0,0,4,0,1022,0,1.0,0.0,0,0,0,4,0,1022,0,1.0,0.0,0
PF00002,PF01825,35,20,16,19,4,987,0.8,0.98,0.46,0.59,20,16,19,4,987,0.8,0.98,0.46,0.59
PF16649,PF15211,1,0,0,1,0,1025,0,1.0,0.0,0,0,0,1,0,1025,0,1.0,0.0,0
PF04802,PF04182,3,3,0,3,3,1020,0.0,0.99,0.0,-0.0,3,0,3,3,1020,0.0,0.99,0.0,-0.0
PF13945,PF15624,2,1,0,2,1,1023,0.0,1.0,0.0,-0.0,1,0,2,1,1023,0.0,1.0,0.0,-0.0
PF05951,PF00555,0,1,0,0,1,1025,0.0,1.0,0,0,1,0,0,1,1025,0.0,1.0,0,0
PF15106,PF15085,1,0,0,1,0,1025,0,1.0,0.0,0,0,0,1,0,1025,0,1.0,0.0,0
PF06093,PF02284,2,1,0,2,1,1023,0.0,1.0,0.0,-0.0,1,0,2,1,1023,0.0,1.0,0.0,-0.0
PF07706,PF09029,2,2,1,1,1,1023,0.5,1.0,0.5,0.5,2,1,1,1,1023,0.5,1.0,0.5,0.5
PF14739,PF13931,1,3,1,0,2,1023,0.33,1.0,1.0,0.58,3,1,0,2,1023,0.33,1.0,1.0,0.58
PF07075,PF10106,2,0,0,2,0,1024,0,1.0,0.0,0,0,0,2,0,1024,0,1.0,0.0,0
PF15163,PF06798,1,0,0,1,0,1025,0,1.0,0.0,0,0,0,1,0,1025,0,1.0,0.0,0
PF06773,PF14882,0,0,0,0,0,1026,0,1.0,0,0,0,0,0,0,1026,0,1.0,0,0
PF00869,PF08393,0,35,0,0,35,991,0.0,0.97,0,0,35,0,0,35,991,0.0,0.97,0,0
PF11608,PF01936,0,5,0,0,5,1021,0.0,1.0,0,0,5,0,0,5,1021,0.0,1.0,0,0
PF11402,PF08093,0,1,0,0,1,1025,0.0,1.0,0,0,1,0,0,1,1025,0.0,1.0,0,0
PF12837,PF00950,0,2,0,0,2,1024,0.0,1.0,0,0,2,0,0,2,1024,0.0,1.0,0,0
PF13875,PF01297,0,2,0,0,2,1024,0.0,1.0,0,0,2,0,0,2,1024,0.0,1.0,0,0
PF08105,PF14200,0,3,0,0,3,1023,0.0,1.0,0,0,3,0,0,3,1023,0.0,1.0,0,0
PF16874,PF16875,3,3,3,0,0,1023,1.0,1.0,1.0,1.0,3,3,0,0,1023,1.0,1.0,1.0,1.0
PF04236,PF09026,1,2,0,1,2,1023,0.0,1.0,0.0,-0.0,2,0,1,2,1023,0.0,1.0,0.0,-0.0
PF15321,PF06403,0,0,0,0,0,1026,0,1.0,0,0,0,0,0,0,1026,0,1.0,0,0
PF08412,PF13545,4,2,0,4,2,1020,0.0,0.99,0.0,-0.0,2,0,4,2,1020,0.0,0.99,0.0,-0.0
PF00197,PF04520,0,0,0,0,0,1026,0,1.0,0,0,0,0,0,0,1026,0,1.0,0,0
PF10323,PF02118,8,2,1,7,1,1017,0.5,0.99,0.12,0.25,2,1,7,1,1017,0.5,0.99,0.12,0.25
PF16528,PF10699,5,1,0,5,1,1020,0.0,0.99,0.0,-0.0,1,0,5,1,1020,0.0,0.99,0.0,-0.0
PF11768,PF15279,1,2,0,1,2,1023,0.0,1.0,0.0,-0.0,2,0,1,2,1023,0.0,1.0,0.0,-0.0
PF11864,PF03542,3,3,3,0,0,1023,1.0,1.0,1.0,1.0,3,3,0,0,1023,1.0,1.0,1.0,1.0
PF02306,PF17193,1,0,0,1,0,1025,0,1.0,0.0,0,0,0,1,0,1025,0,1.0,0.0,0
PF08238,PF07720,35,4,2,33,2,989,0.5,0.97,0.06,0.16,4,2,33,2,989,0.5,0.97,0.06,0.16
PF11742,PF08651,0,1,0,0,1,1025,0.0,1.0,0,0,1,0,0,1,1025,0.0,1.0,0,0
PF07426,PF10173,3,3,0,3,3,1020,0.0,0.99,0.0,-0.0,3,0,3,3,1020,0.0,0.99,0.0,-0.0
PF05928,PF08240,0,63,0,0,63,963,0.0,0.94,0,0,63,0,0,63,963,0.0,0.94,0,0
PF04810,PF04815,22,20,18,4,2,1002,0.9,0.99,0.82,0.86,20,18,4,2,1002,0.9,0.99,0.82,0.86
PF04564,PF14847,35,3,2,33,1,990,0.67,0.97,0.06,0.19,3,2,33,1,990,0.67,0.97,0.06,0.19
PF08597,PF10166,3,0,0,3,0,1023,0,1.0,0.0,0,0,0,3,0,1023,0,1.0,0.0,0
PF03154,PF08674,4,0,0,4,0,1022,0,1.0,0.0,0,0,0,4,0,1022,0,1.0,0.0,0
PF14842,PF14841,0,0,0,0,0,1026,0,1.0,0,0,0,0,0,0,1026,0,1.0,0,0
PF14308,PF14901,5,2,0,5,2,1019,0.0,0.99,0.0,-0.0,2,0,5,2,1019,0.0,0.99,0.0,-0.0
PF14028,PF13322,0,0,0,0,0,1026,0,1.0,0,0,0,0,0,0,1026,0,1.0,0,0
PF12034,PF13400,0,0,0,0,0,1026,0,1.0,0,0,0,0,0,0,1026,0,1.0,0,0
PF07209,PF03713,1,0,0,1,0,1025,0,1.0,0.0,0,0,0,1,0,1025,0,1.0,0.0,0
PF07128,PF05761,0,7,0,0,7,1019,0.0,0.99,0,0,7,0,0,7,1019,0.0,0.99,0,0
PF04266,PF06886,3,4,0,3,4,1019,0.0,0.99,0.0,-0.0,4,0,3,4,1019,0.0,0.99,0.0,-0.0
PF10042,PF00038,1,15,0,1,15,1010,0.0,0.98,0.0,-0.0,15,0,1,15,1010,0.0,0.98,0.0,-0.0
PF09426,PF13774,1,13,1,0,12,1013,0.08,0.99,1.0,0.28,13,1,0,12,1013,0.08,0.99,1.0,0.28
PF10554,PF11751,0,0,0,0,0,1026,0,1.0,0,0,0,0,0,0,1026,0,1.0,0,0
PF01382,PF06679,1,0,0,1,0,1025,0,1.0,0.0,0,0,0,1,0,1025,0,1.0,0.0,0
PF00126,PF00220,5,1,0,5,1,1020,0.0,0.99,0.0,-0.0,1,0,5,1,1020,0.0,0.99,0.0,-0.0
PF16526,PF13545,7,2,1,6,1,1018,0.5,0.99,0.14,0.26,2,1,6,1,1018,0.5,0.99,0.14,0.26
PF01010,PF06455,1,5,0,1,5,1020,0.0,0.99,0.0,-0.0,5,0,1,5,1020,0.0,0.99,0.0,-0.0
PF03769,PF03768,1,0,0,1,0,1025,0,1.0,0.0,0,0,0,1,0,1025,0,1.0,0.0,0
PF07035,PF08427,1,5,0,1,5,1020,0.0,0.99,0.0,-0.0,5,0,1,5,1020,0.0,0.99,0.0,-0.0
PF09725,PF07052,2,5,0,2,5,1019,0.0,0.99,0.0,-0.0,5,0,2,5,1019,0.0,0.99,0.0,-0.0
PF15205,PF09252,0,0,0,0,0,1026,0,1.0,0,0,0,0,0,0,1026,0,1.0,0,0
PF15610,PF08744,1,0,0,1,0,1025,0,1.0,0.0,0,0,0,1,0,1025,0,1.0,0.0,0
PF08811,PF07394,2,2,2,0,0,1024,1.0,1.0,1.0,1.0,2,2,0,0,1024,1.0,1.0,1.0,1.0
PF03835,PF10405,12,9,9,3,0,1014,1.0,1.0,0.75,0.86,9,9,3,0,1014,1.0,1.0,0.75,0.86
PF04706,PF01980,5,2,1,4,1,1020,0.5,1.0,0.2,0.31,2,1,4,1,1020,0.5,1.0,0.2,0.31
PF14764,PF09822,2,3,1,1,2,1022,0.33,1.0,0.5,0.41,3,1,1,2,1022,0.33,1.0,0.5,0.41
PF16735,PF10580,1,1,0,1,1,1024,0.0,1.0,0.0,-0.0,1,0,1,1,1024,0.0,1.0,0.0,-0.0
PF15323,PF00379,1,20,1,0,19,1006,0.05,0.98,1.0,0.22,20,1,0,19,1006,0.05,0.98,1.0,0.22
PF08115,PF08676,1,15,0,1,15,1010,0.0,0.98,0.0,-0.0,15,0,1,15,1010,0.0,0.98,0.0,-0.0
PF00316,PF04666,15,5,3,12,2,1009,0.6,0.99,0.2,0.34,5,3,12,2,1009,0.6,0.99,0.2,0.34
PF16066,PF07227,0,0,0,0,0,1026,0,1.0,0,0,0,0,0,0,1026,0,1.0,0,0
PF00167,PF14798,5,1,0,5,1,1020,0.0,0.99,0.0,-0.0,1,0,5,1,1020,0.0,0.99,0.0,-0.0
PF09020,PF08843,1,0,0,1,0,1025,0,1.0,0.0,0,0,0,1,0,1025,0,1.0,0.0,0
PF14586,PF15667,0,0,0,0,0,1026,0,1.0,0,0,0,0,0,0,1026,0,1.0,0,0
PF04311,PF04533,0,0,0,0,0,1026,0,1.0,0,0,0,0,0,0,1026,0,1.0,0,0
PF02940,PF11538,7,3,2,5,1,1018,0.67,0.99,0.29,0.43,3,2,5,1,1018,0.67,0.99,0.29,0.43
PF02861,PF02577,7,0,0,7,0,1019,0,0.99,0.0,0,0,0,7,0,1019,0,0.99,0.0,0
PF05488,PF17188,0,0,0,0,0,1026,0,1.0,0,0,0,0,0,0,1026,0,1.0,0,0
PF16367,PF16366,7,6,5,2,1,1018,0.83,1.0,0.71,0.77,6,5,2,1,1018,0.83,1.0,0.71,0.77
PF07831,PF02885,2,6,2,0,4,1020,0.33,1.0,1.0,0.58,6,2,0,4,1020,0.33,1.0,1.0,0.58
PF05066,PF13922,4,4,3,1,1,1021,0.75,1.0,0.75,0.75,4,3,1,1,1021,0.75,1.0,0.75,0.75
PF02777,PF00081,14,14,14,0,0,1012,1.0,1.0,1.0,1.0,14,14,0,0,1012,1.0,1.0,1.0,1.0
PF12927,PF05841,0,2,0,0,2,1024,0.0,1.0,0,0,2,0,0,2,1024,0.0,1.0,0,0
PF10226,PF10998,2,2,0,2,2,1022,0.0,1.0,0.0,-0.0,2,0,2,2,1022,0.0,1.0,0.0,-0.0
PF15074,PF13684,3,1,0,3,1,1022,0.0,1.0,0.0,-0.0,1,0,3,1,1022,0.0,1.0,0.0,-0.0
PF10517,PF03351,2,11,2,0,9,1015,0.18,0.99,1.0,0.42,11,2,0,9,1015,0.18,0.99,1.0,0.42
PF05762,PF10407,1,0,0,1,0,1025,0,1.0,0.0,0,0,0,1,0,1025,0,1.0,0.0,0
PF13592,PF01668,1,2,0,1,2,1023,0.0,1.0,0.0,-0.0,2,0,1,2,1023,0.0,1.0,0.0,-0.0
PF11300,PF16872,1,0,0,1,0,1025,0,1.0,0.0,0,0,0,1,0,1025,0,1.0,0.0,0
PF15308,PF13325,4,5,1,3,4,1018,0.2,0.99,0.25,0.22,5,1,3,4,1018,0.2,0.99,0.25,0.22
PF11138,PF03963,0,1,0,0,1,1025,0.0,1.0,0,0,1,0,0,1,1025,0.0,1.0,0,0
PF02041,PF12435,1,3,0,1,3,1022,0.0,1.0,0.0,-0.0,3,0,1,3,1022,0.0,1.0,0.0,-0.0
PF16575,PF06807,16,4,4,12,0,1010,1.0,0.99,0.25,0.5,4,4,12,0,1010,1.0,0.99,0.25,0.5
PF14080,PF01466,0,20,0,0,20,1006,0.0,0.98,0,0,20,0,0,20,1006,0.0,0.98,0,0
PF09227,PF00796,0,1,0,0,1,1025,0.0,1.0,0,0,1,0,0,1,1025,0.0,1.0,0,0
PF15912,PF11526,0,7,0,0,7,1019,0.0,0.99,0,0,7,0,0,7,1019,0.0,0.99,0,0
PF01463,PF01462,5,8,5,0,3,1018,0.62,1.0,1.0,0.79,8,5,0,3,1018,0.62,1.0,1.0,0.79
PF00994,PF01507,18,13,6,12,7,1001,0.46,0.98,0.33,0.38,13,6,12,7,1001,0.46,0.98,0.33,0.38
PF14975,PF04142,3,18,3,0,15,1008,0.17,0.99,1.0,0.41,18,3,0,15,1008,0.17,0.99,1.0,0.41
PF10758,PF07617,0,0,0,0,0,1026,0,1.0,0,0,0,0,0,0,1026,0,1.0,0,0
PF05151,PF09252,2,0,0,2,0,1024,0,1.0,0.0,0,0,0,2,0,1024,0,1.0,0.0,0
PF15838,PF05151,0,2,0,0,2,1024,0.0,1.0,0,0,2,0,0,2,1024,0.0,1.0,0,0
PF03509,PF16791,1,0,0,1,0,1025,0,1.0,0.0,0,0,0,1,0,1025,0,1.0,0.0,0
PF03265,PF05148,13,9,3,10,6,1007,0.33,0.98,0.23,0.27,9,3,10,6,1007,0.33,0.98,0.23,0.27
PF13017,PF00505,0,57,0,0,57,969,0.0,0.94,0,0,57,0,0,57,969,0.0,0.94,0,0
PF03721,PF03720,3,2,2,1,0,1023,1.0,1.0,0.67,0.82,2,2,1,0,1023,1.0,1.0,0.67,0.82
PF08726,PF13499,8,94,7,1,87,931,0.07,0.91,0.88,0.24,94,7,1,87,931,0.07,0.91,0.88,0.24
PF10178,PF06127,3,2,0,3,2,1021,0.0,1.0,0.0,-0.0,2,0,3,2,1021,0.0,1.0,0.0,-0.0
PF04891,PF02217,1,1,0,1,1,1024,0.0,1.0,0.0,-0.0,1,0,1,1,1024,0.0,1.0,0.0,-0.0
PF06748,PF10816,0,0,0,0,0,1026,0,1.0,0,0,0,0,0,0,1026,0,1.0,0,0
PF14963,PF15130,2,1,0,2,1,1023,0.0,1.0,0.0,-0.0,1,0,2,1,1023,0.0,1.0,0.0,-0.0
PF02300,PF00574,0,14,0,0,14,1012,0.0,0.99,0,0,14,0,0,14,1012,0.0,0.99,0,0
PF14959,PF13910,0,1,0,0,1,1025,0.0,1.0,0,0,1,0,0,1,1025,0.0,1.0,0,0
PF16176,PF12598,3,1,1,2,0,1023,1.0,1.0,0.33,0.58,1,1,2,0,1023,1.0,1.0,0.33,0.58
PF00152,PF01336,34,32,25,9,7,985,0.78,0.98,0.74,0.75,32,25,9,7,985,0.78,0.98,0.74,0.75
PF15602,PF16108,0,0,0,0,0,1026,0,1.0,0,0,0,0,0,0,1026,0,1.0,0,0
PF02577,PF13474,0,1,0,0,1,1025,0.0,1.0,0,0,1,0,0,1,1025,0.0,1.0,0,0
PF08449,PF00827,17,17,8,9,9,1000,0.47,0.98,0.47,0.46,17,8,9,9,1000,0.47,0.98,0.47,0.46
PF14533,PF12436,6,9,6,0,3,1017,0.67,1.0,1.0,0.82,9,6,0,3,1017,0.67,1.0,1.0,0.82
PF03775,PF06890,2,0,0,2,0,1024,0,1.0,0.0,0,0,0,2,0,1024,0,1.0,0.0,0
PF02809,PF03127,18,13,6,12,7,1001,0.46,0.98,0.33,0.38,13,6,12,7,1001,0.46,0.98,0.33,0.38
PF08158,PF05285,6,7,4,2,3,1017,0.57,1.0,0.67,0.61,7,4,2,3,1017,0.57,1.0,0.67,0.61
PF14878,PF14633,4,5,4,0,1,1021,0.8,1.0,1.0,0.89,5,4,0,1,1021,0.8,1.0,1.0,0.89
PF08853,PF08651,0,1,0,0,1,1025,0.0,1.0,0,0,1,0,0,1,1025,0.0,1.0,0,0
PF08513,PF04494,18,9,5,13,4,1004,0.56,0.98,0.28,0.39,9,5,13,4,1004,0.56,0.98,0.28,0.39
PF08649,PF11093,3,1,0,3,1,1022,0.0,1.0,0.0,-0.0,1,0,3,1,1022,0.0,1.0,0.0,-0.0
PF12537,PF12430,6,6,6,0,0,1020,1.0,1.0,1.0,1.0,6,6,0,0,1020,1.0,1.0,1.0,1.0
PF07110,PF14027,4,7,2,2,5,1017,0.29,0.99,0.5,0.37,7,2,2,5,1017,0.29,0.99,0.5,0.37
PF05255,PF16839,8,1,0,8,1,1017,0.0,0.99,0.0,-0.0,1,0,8,1,1017,0.0,0.99,0.0,-0.0
PF09341,PF03073,5,2,0,5,2,1019,0.0,0.99,0.0,-0.0,2,0,5,2,1019,0.0,0.99,0.0,-0.0
PF12794,PF05065,3,1,0,3,1,1022,0.0,1.0,0.0,-0.0,1,0,3,1,1022,0.0,1.0,0.0,-0.0
PF07508,PF13408,1,1,1,0,0,1025,1.0,1.0,1.0,1.0,1,1,0,0,1025,1.0,1.0,1.0,1.0
PF09347,PF07086,8,1,1,7,0,1018,1.0,0.99,0.12,0.35,1,1,7,0,1018,1.0,0.99,0.12,0.35
PF00579,PF16714,23,3,3,20,0,1003,1.0,0.98,0.13,0.36,3,3,20,0,1003,1.0,0.98,0.13,0.36
PF05910,PF04720,5,6,0,5,6,1015,0.0,0.99,0.0,-0.01,6,0,5,6,1015,0.0,0.99,0.0,-0.01
PF10699,PF14611,1,3,0,1,3,1022,0.0,1.0,0.0,-0.0,3,0,1,3,1022,0.0,1.0,0.0,-0.0
PF11601,PF11879,4,4,4,0,0,1022,1.0,1.0,1.0,1.0,4,4,0,0,1022,1.0,1.0,1.0,1.0
PF09073,PF15093,3,0,0,3,0,1023,0,1.0,0.0,0,0,0,3,0,1023,0,1.0,0.0,0
PF13557,PF08274,3,0,0,3,0,1023,0,1.0,0.0,0,0,0,3,0,1023,0,1.0,0.0,0
PF04087,PF05334,0,3,0,0,3,1023,0.0,1.0,0,0,3,0,0,3,1023,0.0,1.0,0,0
PF16218,PF15550,0,2,0,0,2,1024,0.0,1.0,0,0,2,0,0,2,1024,0.0,1.0,0,0
PF11461,PF16516,5,3,0,5,3,1018,0.0,0.99,0.0,-0.0,3,0,5,3,1018,0.0,0.99,0.0,-0.0
PF12544,PF05707,0,0,0,0,0,1026,0,1.0,0,0,0,0,0,0,1026,0,1.0,0,0
PF05238,PF02106,4,1,0,4,1,1021,0.0,1.0,0.0,-0.0,1,0,4,1,1021,0.0,1.0,0.0,-0.0
PF08219,PF08228,1,1,0,1,1,1024,0.0,1.0,0.0,-0.0,1,0,1,1,1024,0.0,1.0,0.0,-0.0
PF17110,PF15664,0,0,0,0,0,1026,0,1.0,0,0,0,0,0,0,1026,0,1.0,0,0
PF16319,PF09856,1,0,0,1,0,1025,0,1.0,0.0,0,0,0,1,0,1025,0,1.0,0.0,0
PF05032,PF11093,5,1,0,5,1,1020,0.0,0.99,0.0,-0.0,1,0,5,1,1020,0.0,0.99,0.0,-0.0
PF15801,PF05195,8,10,2,6,8,1010,0.2,0.99,0.25,0.22,10,2,6,8,1010,0.2,0.99,0.25,0.22
PF02245,PF14473,2,0,0,2,0,1024,0,1.0,0.0,0,0,0,2,0,1024,0,1.0,0.0,0
PF05891,PF03091,12,16,6,6,10,1004,0.38,0.98,0.5,0.43,16,6,6,10,1004,0.38,0.98,0.5,0.43
PF12076,PF08079,6,6,0,6,6,1014,0.0,0.99,0.0,-0.01,6,0,6,6,1014,0.0,0.99,0.0,-0.01
PF00825,PF08795,1,0,0,1,0,1025,0,1.0,0.0,0,0,0,1,0,1025,0,1.0,0.0,0
PF09765,PF11793,1,2,1,0,1,1024,0.5,1.0,1.0,0.71,2,1,0,1,1024,0.5,1.0,1.0,0.71
PF00357,PF00882,0,0,0,0,0,1026,0,1.0,0,0,0,0,0,0,1026,0,1.0,0,0
PF06751,PF08708,1,0,0,1,0,1025,0,1.0,0.0,0,0,0,1,0,1025,0,1.0,0.0,0
PF00662,PF06455,3,5,2,1,3,1020,0.4,1.0,0.67,0.51,5,2,1,3,1020,0.4,1.0,0.67,0.51
PF02588,PF10035,1,1,1,0,0,1025,1.0,1.0,1.0,1.0,1,1,0,0,1025,1.0,1.0,1.0,1.0
PF11347,PF15085,1,0,0,1,0,1025,0,1.0,0.0,0,0,0,1,0,1025,0,1.0,0.0,0
PF15934,PF15821,0,0,0,0,0,1026,0,1.0,0,0,0,0,0,0,1026,0,1.0,0,0
PF02733,PF02734,9,12,8,1,4,1013,0.67,1.0,0.89,0.77,12,8,1,4,1013,0.67,1.0,0.89,0.77
PF17109,PF12770,3,8,1,2,7,1016,0.12,0.99,0.33,0.2,8,1,2,7,1016,0.12,0.99,0.33,0.2
PF01222,PF09465,11,2,1,10,1,1014,0.5,0.99,0.09,0.21,2,1,10,1,1014,0.5,0.99,0.09,0.21
PF13276,PF02022,7,3,1,6,2,1017,0.33,0.99,0.14,0.21,3,1,6,2,1017,0.33,0.99,0.14,0.21
PF04314,PF09611,0,0,0,0,0,1026,0,1.0,0,0,0,0,0,0,1026,0,1.0,0,0
PF00170,PF07716,26,30,8,18,22,978,0.27,0.96,0.31,0.27,30,8,18,22,978,0.27,0.96,0.31,0.27
PF13322,PF14028,0,0,0,0,0,1026,0,1.0,0,0,0,0,0,0,1026,0,1.0,0,0
PF04833,PF06830,3,0,0,3,0,1023,0,1.0,0.0,0,0,0,3,0,1023,0,1.0,0.0,0
PF07753,PF02955,0,3,0,0,3,1023,0.0,1.0,0,0,3,0,0,3,1023,0.0,1.0,0,0
PF10444,PF10512,3,0,0,3,0,1023,0,1.0,0.0,0,0,0,3,0,1023,0,1.0,0.0,0
PF10569,PF07678,6,7,6,0,1,1019,0.86,1.0,1.0,0.93,7,6,0,1,1019,0.86,1.0,1.0,0.93
PF10344,PF10359,0,1,0,0,1,1025,0.0,1.0,0,0,1,0,0,1,1025,0.0,1.0,0,0
PF15771,PF15754,0,2,0,0,2,1024,0.0,1.0,0,0,2,0,0,2,1024,0.0,1.0,0,0
PF01498,PF13936,25,3,3,22,0,1001,1.0,0.98,0.12,0.34,3,3,22,0,1001,1.0,0.98,0.12,0.34
PF13631,PF00033,0,5,0,0,5,1021,0.0,1.0,0,0,5,0,0,5,1021,0.0,1.0,0,0
PF15145,PF05115,0,1,0,0,1,1025,0.0,1.0,0,0,1,0,0,1,1025,0.0,1.0,0,0
PF13414,PF00515,30,37,21,9,16,980,0.57,0.98,0.7,0.62,37,21,9,16,980,0.57,0.98,0.7,0.62
PF16488,PF16487,15,13,10,5,3,1008,0.77,0.99,0.67,0.71,13,10,5,3,1008,0.77,0.99,0.67,0.71
PF04174,PF06082,0,0,0,0,0,1026,0,1.0,0,0,0,0,0,0,1026,0,1.0,0,0
PF02038,PF04831,5,1,0,5,1,1020,0.0,0.99,0.0,-0.0,1,0,5,1,1020,0.0,0.99,0.0,-0.0
PF06625,PF00214,2,0,0,2,0,1024,0,1.0,0.0,0,0,0,2,0,1024,0,1.0,0.0,0
PF06586,PF05309,1,1,1,0,0,1025,1.0,1.0,1.0,1.0,1,1,0,0,1025,1.0,1.0,1.0,1.0
PF15380,PF05418,0,1,0,0,1,1025,0.0,1.0,0,0,1,0,0,1,1025,0.0,1.0,0,0
PF09072,PF16499,6,11,3,3,8,1012,0.27,0.99,0.5,0.36,11,3,3,8,1012,0.27,0.99,0.5,0.36
PF11978,PF01505,1,1,1,0,0,1025,1.0,1.0,1.0,1.0,1,1,0,0,1025,1.0,1.0,1.0,1.0
PF00624,PF10528,1,3,1,0,2,1023,0.33,1.0,1.0,0.58,3,1,0,2,1023,0.33,1.0,1.0,0.58
PF12779,PF04984,0,0,0,0,0,1026,0,1.0,0,0,0,0,0,0,1026,0,1.0,0,0
PF08097,PF17086,0,0,0,0,0,1026,0,1.0,0,0,0,0,0,0,1026,0,1.0,0,0
PF15450,PF14615,2,2,0,2,2,1022,0.0,1.0,0.0,-0.0,2,0,2,2,1022,0.0,1.0,0.0,-0.0
PF11538,PF14909,3,3,0,3,3,1020,0.0,0.99,0.0,-0.0,3,0,3,3,1020,0.0,0.99,0.0,-0.0
PF00049,PF08365,3,0,0,3,0,1023,0,1.0,0.0,0,0,0,3,0,1023,0,1.0,0.0,0
PF06626,PF06724,0,0,0,0,0,1026,0,1.0,0,0,0,0,0,0,1026,0,1.0,0,0
PF16726,PF16776,1,1,1,0,0,1025,1.0,1.0,1.0,1.0,1,1,0,0,1025,1.0,1.0,1.0,1.0
PF04088,PF08397,2,8,0,2,8,1016,0.0,0.99,0.0,-0.0,8,0,2,8,1016,0.0,0.99,0.0,-0.0
PF04969,PF04968,29,7,5,24,2,995,0.71,0.97,0.17,0.34,7,5,24,2,995,0.71,0.97,0.17,0.34
PF15397,PF06485,1,1,1,0,0,1025,1.0,1.0,1.0,1.0,1,1,0,0,1025,1.0,1.0,1.0,1.0
PF08477,PF16095,28,17,13,15,4,994,0.76,0.98,0.46,0.59,17,13,15,4,994,0.76,0.98,0.46,0.59
PF15031,PF15171,2,1,0,2,1,1023,0.0,1.0,0.0,-0.0,1,0,2,1,1023,0.0,1.0,0.0,-0.0
PF01966,PF02541,13,4,2,11,2,1011,0.5,0.99,0.15,0.27,4,2,11,2,1011,0.5,0.99,0.15,0.27
PF03962,PF05207,4,13,0,4,13,1009,0.0,0.98,0.0,-0.01,13,0,4,13,1009,0.0,0.98,0.0,-0.01
PF03973,PF12238,1,0,0,1,0,1025,0,1.0,0.0,0,0,0,1,0,1025,0,1.0,0.0,0
PF02792,PF03842,3,1,0,3,1,1022,0.0,1.0,0.0,-0.0,1,0,3,1,1022,0.0,1.0,0.0,-0.0
PF10503,PF00457,6,3,2,4,1,1019,0.67,1.0,0.33,0.47,3,2,4,1,1019,0.67,1.0,0.33,0.47
PF00977,PF00697,7,2,2,5,0,1019,1.0,1.0,0.29,0.53,2,2,5,0,1019,1.0,1.0,0.29,0.53
PF10592,PF08103,0,0,0,0,0,1026,0,1.0,0,0,0,0,0,0,1026,0,1.0,0,0
PF01822,PF11790,29,7,3,26,4,993,0.43,0.97,0.1,0.2,7,3,26,4,993,0.43,0.97,0.1,0.2
PF00516,PF08497,0,0,0,0,0,1026,0,1.0,0,0,0,0,0,0,1026,0,1.0,0,0
PF05433,PF08881,2,7,0,2,7,1017,0.0,0.99,0.0,-0.0,7,0,2,7,1017,0.0,0.99,0.0,-0.0
PF00239,PF13408,3,1,1,2,0,1023,1.0,1.0,0.33,0.58,1,1,2,0,1023,1.0,1.0,0.33,0.58
PF10828,PF08119,0,1,0,0,1,1025,0.0,1.0,0,0,1,0,0,1,1025,0.0,1.0,0,0
PF15816,PF15829,0,0,0,0,0,1026,0,1.0,0,0,0,0,0,0,1026,0,1.0,0,0
PF12188,PF14596,2,2,2,0,0,1024,1.0,1.0,1.0,1.0,2,2,0,0,1024,1.0,1.0,1.0,1.0
PF03997,PF01775,1,4,0,1,4,1021,0.0,1.0,0.0,-0.0,4,0,1,4,1021,0.0,1.0,0.0,-0.0
PF07042,PF06433,0,3,0,0,3,1023,0.0,1.0,0,0,3,0,0,3,1023,0.0,1.0,0,0
PF03124,PF00939,6,14,2,4,12,1008,0.14,0.98,0.33,0.21,14,2,4,12,1008,0.14,0.98,0.33,0.21
PF02338,PF01754,40,4,3,37,1,985,0.75,0.96,0.07,0.23,4,3,37,1,985,0.75,0.96,0.07,0.23
PF14981,PF08334,0,2,0,0,2,1024,0.0,1.0,0,0,2,0,0,2,1024,0.0,1.0,0,0
PF03390,PF08291,1,0,0,1,0,1025,0,1.0,0.0,0,0,0,1,0,1025,0,1.0,0.0,0
PF14711,PF16325,0,1,0,0,1,1025,0.0,1.0,0,0,1,0,0,1,1025,0.0,1.0,0,0
PF02789,PF00883,12,15,11,1,4,1010,0.73,1.0,0.92,0.82,15,11,1,4,1010,0.73,1.0,0.92,0.82
PF15372,PF11568,0,0,0,0,0,1026,0,1.0,0,0,0,0,0,0,1026,0,1.0,0,0
PF02181,PF06345,38,4,4,34,0,988,1.0,0.97,0.11,0.32,4,4,34,0,988,1.0,0.97,0.11,0.32
PF00629,PF01033,25,7,6,19,1,1000,0.86,0.98,0.24,0.45,7,6,19,1,1000,0.86,0.98,0.24,0.45
PF13673,PF13508,13,5,2,11,3,1010,0.4,0.99,0.15,0.24,5,2,11,3,1010,0.4,0.99,0.15,0.24
PF08661,PF05912,6,2,0,6,2,1018,0.0,0.99,0.0,-0.0,2,0,6,2,1018,0.0,0.99,0.0,-0.0
PF15965,PF15966,2,2,2,0,0,1024,1.0,1.0,1.0,1.0,2,2,0,0,1024,1.0,1.0,1.0,1.0
PF01531,PF04901,2,3,1,1,2,1022,0.33,1.0,0.5,0.41,3,1,1,2,1022,0.33,1.0,0.5,0.41
PF02836,PF02837,11,8,7,4,1,1014,0.88,1.0,0.64,0.74,8,7,4,1,1014,0.88,1.0,0.64,0.74
PF08487,PF13768,16,25,11,5,14,996,0.44,0.98,0.69,0.54,25,11,5,14,996,0.44,0.98,0.69,0.54
PF03954,PF08391,0,1,0,0,1,1025,0.0,1.0,0,0,1,0,0,1,1025,0.0,1.0,0,0
PF12051,PF10276,4,2,0,4,2,1020,0.0,0.99,0.0,-0.0,2,0,4,2,1020,0.0,0.99,0.0,-0.0
PF01385,PF17030,0,0,0,0,0,1026,0,1.0,0,0,0,0,0,0,1026,0,1.0,0,0
PF02637,PF02934,7,9,7,0,2,1017,0.78,1.0,1.0,0.88,9,7,0,2,1017,0.78,1.0,1.0,0.88
PF16742,PF16556,0,2,0,0,2,1024,0.0,1.0,0,0,2,0,0,2,1024,0.0,1.0,0,0
PF15395,PF11713,0,0,0,0,0,1026,0,1.0,0,0,0,0,0,0,1026,0,1.0,0,0
PF04541,PF15091,0,1,0,0,1,1025,0.0,1.0,0,0,1,0,0,1,1025,0.0,1.0,0,0
PF08618,PF02076,1,4,0,1,4,1021,0.0,1.0,0.0,-0.0,4,0,1,4,1021,0.0,1.0,0.0,-0.0
PF17068,PF15334,1,0,0,1,0,1025,0,1.0,0.0,0,0,0,1,0,1025,0,1.0,0.0,0
PF00310,PF04898,7,6,6,1,0,1019,1.0,1.0,0.86,0.93,6,6,1,0,1019,1.0,1.0,0.86,0.93
PF06514,PF14866,2,0,0,2,0,1024,0,1.0,0.0,0,0,0,2,0,1024,0,1.0,0.0,0
PF14479,PF14420,8,7,4,4,3,1015,0.57,0.99,0.5,0.53,7,4,4,3,1015,0.57,0.99,0.5,0.53
PF16497,PF14517,2,0,0,2,0,1024,0,1.0,0.0,0,0,0,2,0,1024,0,1.0,0.0,0
PF03521,PF16799,4,2,2,2,0,1022,1.0,1.0,0.5,0.71,2,2,2,0,1022,1.0,1.0,0.5,0.71
PF15444,PF15130,0,1,0,0,1,1025,0.0,1.0,0,0,1,0,0,1,1025,0.0,1.0,0,0
PF09397,PF01580,2,2,2,0,0,1024,1.0,1.0,1.0,1.0,2,2,0,0,1024,1.0,1.0,1.0,1.0
PF16200,PF15975,3,3,0,3,3,1020,0.0,0.99,0.0,-0.0,3,0,3,3,1020,0.0,0.99,0.0,-0.0
PF00923,PF06376,14,1,0,14,1,1011,0.0,0.99,0.0,-0.0,1,0,14,1,1011,0.0,0.99,0.0,-0.0
PF07063,PF12900,2,1,1,1,0,1024,1.0,1.0,0.5,0.71,1,1,1,0,1024,1.0,1.0,0.5,0.71
PF03781,PF12867,4,5,4,0,1,1021,0.8,1.0,1.0,0.89,5,4,0,1,1021,0.8,1.0,1.0,0.89
PF12787,PF10917,0,1,0,0,1,1025,0.0,1.0,0,0,1,0,0,1,1025,0.0,1.0,0,0
PF04328,PF12081,0,0,0,0,0,1026,0,1.0,0,0,0,0,0,0,1026,0,1.0,0,0
PF12345,PF13597,0,3,0,0,3,1023,0.0,1.0,0,0,3,0,0,3,1023,0.0,1.0,0,0
PF01339,PF12431,5,1,1,4,0,1021,1.0,1.0,0.2,0.45,1,1,4,0,1021,1.0,1.0,0.2,0.45
PF16482,PF14622,1,10,1,0,9,1016,0.1,0.99,1.0,0.31,10,1,0,9,1016,0.1,0.99,1.0,0.31
PF09859,PF15213,0,0,0,0,0,1026,0,1.0,0,0,0,0,0,0,1026,0,1.0,0,0
PF13335,PF03090,0,0,0,0,0,1026,0,1.0,0,0,0,0,0,0,1026,0,1.0,0,0
PF15658,PF09500,0,0,0,0,0,1026,0,1.0,0,0,0,0,0,0,1026,0,1.0,0,0
PF16113,PF00378,13,35,5,8,30,983,0.14,0.96,0.38,0.22,35,5,8,30,983,0.14,0.96,0.38,0.22
PF08833,PF16646,2,0,0,2,0,1024,0,1.0,0.0,0,0,0,2,0,1024,0,1.0,0.0,0
PF07757,PF04516,3,5,2,1,3,1020,0.4,1.0,0.67,0.51,5,2,1,3,1020,0.4,1.0,0.67,0.51
PF02902,PF09331,40,3,2,38,1,985,0.67,0.96,0.05,0.18,3,2,38,1,985,0.67,0.96,0.05,0.18
PF17011,PF01419,0,8,0,0,8,1018,0.0,0.99,0,0,8,0,0,8,1018,0.0,0.99,0,0
PF10865,PF02591,0,0,0,0,0,1026,0,1.0,0,0,0,0,0,0,1026,0,1.0,0,0
PF09029,PF07706,2,2,1,1,1,1023,0.5,1.0,0.5,0.5,2,1,1,1,1023,0.5,1.0,0.5,0.5
PF17084,PF04612,0,3,0,0,3,1023,0.0,1.0,0,0,3,0,0,3,1023,0.0,1.0,0,0
PF03922,PF11736,0,2,0,0,2,1024,0.0,1.0,0,0,2,0,0,2,1024,0.0,1.0,0,0
PF06395,PF15720,3,1,1,2,0,1023,1.0,1.0,0.33,0.58,1,1,2,0,1023,1.0,1.0,0.33,0.58
PF05453,PF08093,1,1,1,0,0,1025,1.0,1.0,1.0,1.0,1,1,0,0,1025,1.0,1.0,1.0,1.0
PF10996,PF16661,20,15,14,6,1,1005,0.93,0.99,0.7,0.81,15,14,6,1,1005,0.93,0.99,0.7,0.81
PF02545,PF16864,11,6,3,8,3,1012,0.5,0.99,0.27,0.36,6,3,8,3,1012,0.5,0.99,0.27,0.36
PF02050,PF03710,1,1,0,1,1,1024,0.0,1.0,0.0,-0.0,1,0,1,1,1024,0.0,1.0,0.0,-0.0
PF16541,PF01097,1,3,0,1,3,1022,0.0,1.0,0.0,-0.0,3,0,1,3,1022,0.0,1.0,0.0,-0.0
PF02460,PF16414,30,12,11,19,1,995,0.92,0.98,0.37,0.57,12,11,19,1,995,0.92,0.98,0.37,0.57
PF05826,PF10192,10,10,2,8,8,1008,0.2,0.98,0.2,0.19,10,2,8,8,1008,0.2,0.98,0.2,0.19
PF04050,PF12152,3,0,0,3,0,1023,0,1.0,0.0,0,0,0,3,0,1023,0,1.0,0.0,0
PF16516,PF04440,3,1,0,3,1,1022,0.0,1.0,0.0,-0.0,1,0,3,1,1022,0.0,1.0,0.0,-0.0
PF02326,PF09363,0,2,0,0,2,1024,0.0,1.0,0,0,2,0,0,2,1024,0.0,1.0,0,0
PF03155,PF04493,14,3,1,13,2,1010,0.33,0.99,0.07,0.15,3,1,13,2,1010,0.33,0.99,0.07,0.15
PF08535,PF02305,1,2,0,1,2,1023,0.0,1.0,0.0,-0.0,2,0,1,2,1023,0.0,1.0,0.0,-0.0
PF12280,PF08561,4,5,0,4,5,1017,0.0,0.99,0.0,-0.0,5,0,4,5,1017,0.0,0.99,0.0,-0.0
PF03993,PF00073,1,4,0,1,4,1021,0.0,1.0,0.0,-0.0,4,0,1,4,1021,0.0,1.0,0.0,-0.0
PF08516,PF00200,9,13,9,0,4,1013,0.69,1.0,1.0,0.83,13,9,0,4,1013,0.69,1.0,1.0,0.83
PF07771,PF15370,0,3,0,0,3,1023,0.0,1.0,0,0,3,0,0,3,1023,0.0,1.0,0,0
PF07106,PF00159,4,0,0,4,0,1022,0,1.0,0.0,0,0,0,4,0,1022,0,1.0,0.0,0
PF13805,PF03760,9,2,0,9,2,1015,0.0,0.99,0.0,-0.0,2,0,9,2,1015,0.0,0.99,0.0,-0.0
PF16312,PF12772,0,0,0,0,0,1026,0,1.0,0,0,0,0,0,0,1026,0,1.0,0,0
PF12901,PF14437,4,4,1,3,3,1019,0.25,0.99,0.25,0.25,4,1,3,3,1019,0.25,0.99,0.25,0.25
PF08131,PF06876,1,1,0,1,1,1024,0.0,1.0,0.0,-0.0,1,0,1,1,1024,0.0,1.0,0.0,-0.0
PF06588,PF10102,1,1,0,1,1,1024,0.0,1.0,0.0,-0.0,1,0,1,1,1024,0.0,1.0,0.0,-0.0
PF16519,PF11404,6,3,2,4,1,1019,0.67,1.0,0.33,0.47,3,2,4,1,1019,0.67,1.0,0.33,0.47
PF00078,PF05380,148,22,18,130,4,874,0.82,0.87,0.12,0.28,22,18,130,4,874,0.82,0.87,0.12,0.28
PF01607,PF15002,36,5,4,32,1,989,0.8,0.97,0.11,0.29,5,4,32,1,989,0.8,0.97,0.11,0.29
PF15293,PF15068,0,2,0,0,2,1024,0.0,1.0,0,0,2,0,0,2,1024,0.0,1.0,0,0
PF04960,PF16553,3,1,0,3,1,1022,0.0,1.0,0.0,-0.0,1,0,3,1,1022,0.0,1.0,0.0,-0.0
PF04083,PF08386,20,11,5,15,6,1000,0.45,0.98,0.25,0.33,11,5,15,6,1000,0.45,0.98,0.25,0.33
PF14943,PF10853,4,2,1,3,1,1021,0.5,1.0,0.25,0.35,2,1,3,1,1021,0.5,1.0,0.25,0.35
PF00964,PF00758,2,2,0,2,2,1022,0.0,1.0,0.0,-0.0,2,0,2,2,1022,0.0,1.0,0.0,-0.0
PF17062,PF10664,0,1,0,0,1,1025,0.0,1.0,0,0,1,0,0,1,1025,0.0,1.0,0,0
PF13612,PF11751,1,0,0,1,0,1025,0,1.0,0.0,0,0,0,1,0,1025,0,1.0,0.0,0
PF01233,PF02799,9,9,8,1,1,1016,0.89,1.0,0.89,0.89,9,8,1,1,1016,0.89,1.0,0.89,0.89
PF04751,PF06217,2,0,0,2,0,1024,0,1.0,0.0,0,0,0,2,0,1024,0,1.0,0.0,0
PF00950,PF05936,2,0,0,2,0,1024,0,1.0,0.0,0,0,0,2,0,1024,0,1.0,0.0,0
PF15153,PF13421,0,0,0,0,0,1026,0,1.0,0,0,0,0,0,0,1026,0,1.0,0,0
PF08778,PF11413,3,2,1,2,1,1022,0.5,1.0,0.33,0.41,2,1,2,1,1022,0.5,1.0,0.33,0.41
PF07828,PF16829,1,0,0,1,0,1025,0,1.0,0.0,0,0,0,1,0,1025,0,1.0,0.0,0
PF01913,PF17006,1,0,0,1,0,1025,0,1.0,0.0,0,0,0,1,0,1025,0,1.0,0.0,0
PF01628,PF08411,2,1,0,2,1,1023,0.0,1.0,0.0,-0.0,1,0,2,1,1023,0.0,1.0,0.0,-0.0
PF08275,PF01807,2,2,2,0,0,1024,1.0,1.0,1.0,1.0,2,2,0,0,1024,1.0,1.0,1.0,1.0
PF14998,PF06596,0,2,0,0,2,1024,0.0,1.0,0,0,2,0,0,2,1024,0.0,1.0,0,0
PF15904,PF10428,1,1,0,1,1,1024,0.0,1.0,0.0,-0.0,1,0,1,1,1024,0.0,1.0,0.0,-0.0
PF09192,PF14671,2,4,1,1,3,1021,0.25,1.0,0.5,0.35,4,1,1,3,1021,0.25,1.0,0.5,0.35
PF10129,PF10423,0,1,0,0,1,1025,0.0,1.0,0,0,1,0,0,1,1025,0.0,1.0,0,0
PF10912,PF15847,0,0,0,0,0,1026,0,1.0,0,0,0,0,0,0,1026,0,1.0,0,0
PF03415,PF15888,0,0,0,0,0,1026,0,1.0,0,0,0,0,0,0,1026,0,1.0,0,0
PF08751,PF13610,1,1,0,1,1,1024,0.0,1.0,0.0,-0.0,1,0,1,1,1024,0.0,1.0,0.0,-0.0
PF02087,PF09252,0,0,0,0,0,1026,0,1.0,0,0,0,0,0,0,1026,0,1.0,0,0
PF06448,PF09172,4,10,4,0,6,1016,0.4,0.99,1.0,0.63,10,4,0,6,1016,0.4,0.99,1.0,0.63
PF00808,PF08517,28,3,2,26,1,997,0.67,0.97,0.07,0.21,3,2,26,1,997,0.67,0.97,0.07,0.21
PF15489,PF11277,1,4,1,0,3,1022,0.25,1.0,1.0,0.5,4,1,0,3,1022,0.25,1.0,1.0,0.5
PF00255,PF01625,11,10,4,7,6,1009,0.4,0.99,0.36,0.38,10,4,7,6,1009,0.4,0.99,0.36,0.38
PF01023,PF16166,3,0,0,3,0,1023,0,1.0,0.0,0,0,0,3,0,1023,0,1.0,0.0,0
PF12077,PF12628,0,0,0,0,0,1026,0,1.0,0,0,0,0,0,0,1026,0,1.0,0,0
PF00722,PF15886,24,4,1,23,3,999,0.25,0.97,0.04,0.09,4,1,23,3,999,0.25,0.97,0.04,0.09
PF07986,PF05334,17,3,0,17,3,1006,0.0,0.98,0.0,-0.01,3,0,17,3,1006,0.0,0.98,0.0,-0.01
PF08122,PF09696,3,8,0,3,8,1015,0.0,0.99,0.0,-0.0,8,0,3,8,1015,0.0,0.99,0.0,-0.0
PF14715,PF08093,0,1,0,0,1,1025,0.0,1.0,0,0,1,0,0,1,1025,0.0,1.0,0,0
PF17082,PF00170,1,26,0,1,26,999,0.0,0.97,0.0,-0.01,26,0,1,26,999,0.0,0.97,0.0,-0.01
PF12205,PF08518,0,6,0,0,6,1020,0.0,0.99,0,0,6,0,0,6,1020,0.0,0.99,0,0
PF02190,PF12037,17,2,0,17,2,1007,0.0,0.98,0.0,-0.01,2,0,17,2,1007,0.0,0.98,0.0,-0.01
PF11095,PF05014,5,3,0,5,3,1018,0.0,0.99,0.0,-0.0,3,0,5,3,1018,0.0,0.99,0.0,-0.0
PF04547,PF16178,11,8,6,5,2,1013,0.75,0.99,0.55,0.64,8,6,5,2,1013,0.75,0.99,0.55,0.64
PF04587,PF00698,4,24,2,2,22,1000,0.08,0.98,0.5,0.2,24,2,2,22,1000,0.08,0.98,0.5,0.2
PF07478,PF01820,5,1,1,4,0,1021,1.0,1.0,0.2,0.45,1,1,4,0,1021,1.0,1.0,0.2,0.45
PF07549,PF02355,5,3,3,2,0,1021,1.0,1.0,0.6,0.77,3,3,2,0,1021,1.0,1.0,0.6,0.77
PF00836,PF03285,7,1,0,7,1,1018,0.0,0.99,0.0,-0.0,1,0,7,1,1018,0.0,0.99,0.0,-0.0
PF13446,PF14533,4,6,1,3,5,1017,0.17,0.99,0.25,0.2,6,1,3,5,1017,0.17,0.99,0.25,0.2
PF11919,PF16507,7,7,7,0,0,1019,1.0,1.0,1.0,1.0,7,7,0,0,1019,1.0,1.0,1.0,1.0
PF06678,PF17193,0,0,0,0,0,1026,0,1.0,0,0,0,0,0,0,1026,0,1.0,0,0
PF15224,PF06393,0,1,0,0,1,1025,0.0,1.0,0,0,1,0,0,1,1025,0.0,1.0,0,0
PF02012,PF02333,0,3,0,0,3,1023,0.0,1.0,0,0,3,0,0,3,1023,0.0,1.0,0,0
PF00925,PF00926,7,5,3,4,2,1017,0.6,0.99,0.43,0.5,5,3,4,2,1017,0.6,0.99,0.43,0.5
PF04391,PF03241,0,0,0,0,0,1026,0,1.0,0,0,0,0,0,0,1026,0,1.0,0,0
PF03511,PF15865,0,1,0,0,1,1025,0.0,1.0,0,0,1,0,0,1,1025,0.0,1.0,0,0
PF11593,PF01913,1,1,0,1,1,1024,0.0,1.0,0.0,-0.0,1,0,1,1,1024,0.0,1.0,0.0,-0.0
PF01895,PF15272,1,0,0,1,0,1025,0,1.0,0.0,0,0,0,1,0,1025,0,1.0,0.0,0
PF09795,PF02453,1,10,0,1,10,1015,0.0,0.99,0.0,-0.0,10,0,1,10,1015,0.0,0.99,0.0,-0.0
PF13167,PF16360,3,5,0,3,5,1018,0.0,0.99,0.0,-0.0,5,0,3,5,1018,0.0,0.99,0.0,-0.0
PF05631,PF03847,12,9,6,6,3,1011,0.67,0.99,0.5,0.57,9,6,6,3,1011,0.67,0.99,0.5,0.57
PF07632,PF00305,1,11,1,0,10,1015,0.09,0.99,1.0,0.3,11,1,0,10,1015,0.09,0.99,1.0,0.3
PF10607,PF13765,13,17,5,8,12,1001,0.29,0.98,0.38,0.33,17,5,8,12,1001,0.29,0.98,0.38,0.33
PF01620,PF14984,0,3,0,0,3,1023,0.0,1.0,0,0,3,0,0,3,1023,0.0,1.0,0,0
PF12834,PF15762,0,0,0,0,0,1026,0,1.0,0,0,0,0,0,0,1026,0,1.0,0,0
PF09744,PF04388,5,2,0,5,2,1019,0.0,0.99,0.0,-0.0,2,0,5,2,1019,0.0,0.99,0.0,-0.0
PF02233,PF12769,3,2,2,1,0,1023,1.0,1.0,0.67,0.82,2,2,1,0,1023,1.0,1.0,0.67,0.82
PF15984,PF14224,0,0,0,0,0,1026,0,1.0,0,0,0,0,0,0,1026,0,1.0,0,0
PF12609,PF15060,0,2,0,0,2,1024,0.0,1.0,0,0,2,0,0,2,1024,0.0,1.0,0,0
PF15312,PF15482,0,0,0,0,0,1026,0,1.0,0,0,0,0,0,0,1026,0,1.0,0,0
PF16508,PF15276,2,0,0,2,0,1024,0,1.0,0.0,0,0,0,2,0,1024,0,1.0,0.0,0
PF10099,PF06122,0,0,0,0,0,1026,0,1.0,0,0,0,0,0,0,1026,0,1.0,0,0
PF07392,PF15120,3,1,0,3,1,1022,0.0,1.0,0.0,-0.0,1,0,3,1,1022,0.0,1.0,0.0,-0.0
PF17207,PF00493,36,39,36,0,3,987,0.92,1.0,1.0,0.96,39,36,0,3,987,0.92,1.0,1.0,0.96
PF12368,PF06617,2,4,0,2,4,1020,0.0,0.99,0.0,-0.0,4,0,2,4,1020,0.0,0.99,0.0,-0.0
PF14234,PF00797,0,9,0,0,9,1017,0.0,0.99,0,0,9,0,0,9,1017,0.0,0.99,0,0
PF12150,PF07956,2,2,0,2,2,1022,0.0,1.0,0.0,-0.0,2,0,2,2,1022,0.0,1.0,0.0,-0.0
PF12177,PF05494,2,1,0,2,1,1023,0.0,1.0,0.0,-0.0,1,0,2,1,1023,0.0,1.0,0.0,-0.0
PF12951,PF12779,1,0,0,1,0,1025,0,1.0,0.0,0,0,0,1,0,1025,0,1.0,0.0,0
PF13891,PF05030,4,6,1,3,5,1017,0.17,0.99,0.25,0.2,6,1,3,5,1017,0.17,0.99,0.25,0.2
PF00771,PF04717,2,0,0,2,0,1024,0,1.0,0.0,0,0,0,2,0,1024,0,1.0,0.0,0
PF07139,PF07223,3,0,0,3,0,1023,0,1.0,0.0,0,0,0,3,0,1023,0,1.0,0.0,0
PF13741,PF10775,0,1,0,0,1,1025,0.0,1.0,0,0,1,0,0,1,1025,0.0,1.0,0,0
PF12916,PF05552,1,1,0,1,1,1024,0.0,1.0,0.0,-0.0,1,0,1,1,1024,0.0,1.0,0.0,-0.0
PF00283,PF00421,1,7,1,0,6,1019,0.14,0.99,1.0,0.38,7,1,0,6,1019,0.14,0.99,1.0,0.38
PF00489,PF02024,1,1,0,1,1,1024,0.0,1.0,0.0,-0.0,1,0,1,1,1024,0.0,1.0,0.0,-0.0
PF16454,PF12162,4,2,1,3,1,1021,0.5,1.0,0.25,0.35,2,1,3,1,1021,0.5,1.0,0.25,0.35
PF08485,PF04552,1,2,0,1,2,1023,0.0,1.0,0.0,-0.0,2,0,1,2,1023,0.0,1.0,0.0,-0.0
PF14040,PF10295,0,3,0,0,3,1023,0.0,1.0,0,0,3,0,0,3,1023,0.0,1.0,0,0
PF13346,PF00297,0,15,0,0,15,1011,0.0,0.99,0,0,15,0,0,15,1011,0.0,0.99,0,0
PF03625,PF14519,0,0,0,0,0,1026,0,1.0,0,0,0,0,0,0,1026,0,1.0,0,0
PF10570,PF09291,0,0,0,0,0,1026,0,1.0,0,0,0,0,0,0,1026,0,1.0,0,0
PF05234,PF03974,1,0,0,1,0,1025,0,1.0,0.0,0,0,0,1,0,1025,0,1.0,0.0,0
PF10761,PF00619,0,19,0,0,19,1007,0.0,0.98,0,0,19,0,0,19,1007,0.0,0.98,0,0
PF03816,PF15175,2,0,0,2,0,1024,0,1.0,0.0,0,0,0,2,0,1024,0,1.0,0.0,0
PF03194,PF01733,10,10,0,10,10,1006,0.0,0.98,0.0,-0.01,10,0,10,10,1006,0.0,0.98,0.0,-0.01
PF03501,PF00159,5,0,0,5,0,1021,0,1.0,0.0,0,0,0,5,0,1021,0,1.0,0.0,0
PF16314,PF05974,0,0,0,0,0,1026,0,1.0,0,0,0,0,0,0,1026,0,1.0,0,0
PF07227,PF16066,0,0,0,0,0,1026,0,1.0,0,0,0,0,0,0,1026,0,1.0,0,0
PF05995,PF02284,7,1,0,7,1,1018,0.0,0.99,0.0,-0.0,1,0,7,1,1018,0.0,0.99,0.0,-0.0
PF06792,PF02092,3,4,1,2,3,1020,0.25,1.0,0.33,0.29,4,1,2,3,1020,0.25,1.0,0.33,0.29
PF10307,PF10198,0,1,0,0,1,1025,0.0,1.0,0,0,1,0,0,1,1025,0.0,1.0,0,0
PF00385,PF17218,43,0,0,43,0,983,0,0.96,0.0,0,0,0,43,0,983,0,0.96,0.0,0
PF13419,PF01687,29,8,3,26,5,992,0.38,0.97,0.1,0.19,8,3,26,5,992,0.38,0.97,0.1,0.19
PF00047,PF13895,27,22,15,12,7,992,0.68,0.98,0.56,0.61,22,15,12,7,992,0.68,0.98,0.56,0.61
PF05241,PF07106,4,4,0,4,4,1018,0.0,0.99,0.0,-0.0,4,0,4,4,1018,0.0,0.99,0.0,-0.0
PF06732,PF08914,5,7,2,3,5,1016,0.29,0.99,0.4,0.33,7,2,3,5,1016,0.29,0.99,0.4,0.33
PF05233,PF07879,1,1,1,0,0,1025,1.0,1.0,1.0,1.0,1,1,0,0,1025,1.0,1.0,1.0,1.0
PF08506,PF08389,9,22,5,4,17,1000,0.23,0.98,0.56,0.35,22,5,4,17,1000,0.23,0.98,0.56,0.35
PF15239,PF11017,0,1,0,0,1,1025,0.0,1.0,0,0,1,0,0,1,1025,0.0,1.0,0,0
PF06838,PF02534,0,7,0,0,7,1019,0.0,0.99,0,0,7,0,0,7,1019,0.0,0.99,0,0
PF16063,PF15391,0,0,0,0,0,1026,0,1.0,0,0,0,0,0,0,1026,0,1.0,0,0
PF13360,PF13570,23,4,2,21,2,1001,0.5,0.98,0.09,0.2,4,2,21,2,1001,0.5,0.98,0.09,0.2
PF16186,PF01749,13,13,9,4,4,1009,0.69,0.99,0.69,0.69,13,9,4,4,1009,0.69,0.99,0.69,0.69
PF00933,PF01915,18,14,14,4,0,1008,1.0,1.0,0.78,0.88,14,14,4,0,1008,1.0,1.0,0.78,0.88
PF00675,PF05193,33,32,27,6,5,988,0.84,0.99,0.82,0.83,32,27,6,5,988,0.84,0.99,0.82,0.83
PF01417,PF14661,21,1,1,20,0,1005,1.0,0.98,0.05,0.22,1,1,20,0,1005,1.0,0.98,0.05,0.22
PF03553,PF11214,1,0,0,1,0,1025,0,1.0,0.0,0,0,0,1,0,1025,0,1.0,0.0,0
PF08334,PF01514,2,2,0,2,2,1022,0.0,1.0,0.0,-0.0,2,0,2,2,1022,0.0,1.0,0.0,-0.0
PF12505,PF07173,2,9,0,2,9,1015,0.0,0.99,0.0,-0.0,9,0,2,9,1015,0.0,0.99,0.0,-0.0
PF02655,PF06890,0,0,0,0,0,1026,0,1.0,0,0,0,0,0,0,1026,0,1.0,0,0
PF15628,PF15629,2,1,1,1,0,1024,1.0,1.0,0.5,0.71,1,1,1,0,1024,1.0,1.0,0.5,0.71
PF00164,PF00177,6,18,3,3,15,1005,0.17,0.98,0.5,0.28,18,3,3,15,1005,0.17,0.98,0.5,0.28
PF10291,PF08683,7,5,0,7,5,1014,0.0,0.99,0.0,-0.01,5,0,7,5,1014,0.0,0.99,0.0,-0.01
PF00457,PF10503,3,6,2,1,4,1019,0.33,1.0,0.67,0.47,6,2,1,4,1019,0.33,1.0,0.67,0.47
PF15858,PF02931,0,48,0,0,48,978,0.0,0.95,0,0,48,0,0,48,978,0.0,0.95,0,0
PF01043,PF07516,1,1,1,0,0,1025,1.0,1.0,1.0,1.0,1,1,0,0,1025,1.0,1.0,1.0,1.0
PF00549,PF08442,11,7,7,4,0,1015,1.0,1.0,0.64,0.8,7,7,4,0,1015,1.0,1.0,0.64,0.8
PF07905,PF11855,0,1,0,0,1,1025,0.0,1.0,0,0,1,0,0,1,1025,0.0,1.0,0,0
PF06054,PF03846,0,2,0,0,2,1024,0.0,1.0,0,0,2,0,0,2,1024,0.0,1.0,0,0
PF14606,PF14607,2,0,0,2,0,1024,0,1.0,0.0,0,0,0,2,0,1024,0,1.0,0.0,0
PF15364,PF06541,2,0,0,2,0,1024,0,1.0,0.0,0,0,0,2,0,1024,0,1.0,0.0,0
PF16588,PF10490,0,1,0,0,1,1025,0.0,1.0,0,0,1,0,0,1,1025,0.0,1.0,0,0
PF04536,PF11282,1,0,0,1,0,1025,0,1.0,0.0,0,0,0,1,0,1025,0,1.0,0.0,0
PF09768,PF05915,4,0,0,4,0,1022,0,1.0,0.0,0,0,0,4,0,1022,0,1.0,0.0,0
PF08388,PF13655,2,2,2,0,0,1024,1.0,1.0,1.0,1.0,2,2,0,0,1024,1.0,1.0,1.0,1.0
PF07213,PF14967,3,1,1,2,0,1023,1.0,1.0,0.33,0.58,1,1,2,0,1023,1.0,1.0,0.33,0.58
PF02931,PF02932,48,41,40,8,1,977,0.98,0.99,0.83,0.9,41,40,8,1,977,0.98,0.99,0.83,0.9
PF13954,PF00345,4,5,4,0,1,1021,0.8,1.0,1.0,0.89,5,4,0,1,1021,0.8,1.0,1.0,0.89
PF15935,PF16449,0,0,0,0,0,1026,0,1.0,0,0,0,0,0,0,1026,0,1.0,0,0
PF16837,PF11931,4,4,3,1,1,1021,0.75,1.0,0.75,0.75,4,3,1,1,1021,0.75,1.0,0.75,0.75
PF14060,PF09685,0,0,0,0,0,1026,0,1.0,0,0,0,0,0,0,1026,0,1.0,0,0
PF09113,PF09112,0,0,0,0,0,1026,0,1.0,0,0,0,0,0,0,1026,0,1.0,0,0
PF10495,PF15456,2,2,0,2,2,1022,0.0,1.0,0.0,-0.0,2,0,2,2,1022,0.0,1.0,0.0,-0.0
PF04966,PF10429,1,0,0,1,0,1025,0,1.0,0.0,0,0,0,1,0,1025,0,1.0,0.0,0
PF01241,PF06351,1,0,0,1,0,1025,0,1.0,0.0,0,0,0,1,0,1025,0,1.0,0.0,0
PF10034,PF08925,5,4,1,4,3,1018,0.25,0.99,0.2,0.22,4,1,4,3,1018,0.25,0.99,0.2,0.22
PF06679,PF04736,0,2,0,0,2,1024,0.0,1.0,0,0,2,0,0,2,1024,0.0,1.0,0,0
PF08537,PF08210,0,4,0,0,4,1022,0.0,1.0,0,0,4,0,0,4,1022,0.0,1.0,0,0
PF00468,PF04839,3,1,1,2,0,1023,1.0,1.0,0.33,0.58,1,1,2,0,1023,1.0,1.0,0.33,0.58
PF15081,PF01110,0,2,0,0,2,1024,0.0,1.0,0,0,2,0,0,2,1024,0.0,1.0,0,0
PF14521,PF16089,6,0,0,6,0,1020,0,0.99,0.0,0,0,0,6,0,1020,0,0.99,0.0,0
PF01040,PF09335,17,18,6,11,12,997,0.33,0.98,0.35,0.33,18,6,11,12,997,0.33,0.98,0.35,0.33
PF01261,PF12296,15,3,2,13,1,1010,0.67,0.99,0.13,0.29,3,2,13,1,1010,0.67,0.99,0.13,0.29
PF02390,PF00162,10,17,7,3,10,1006,0.41,0.99,0.7,0.53,17,7,3,10,1006,0.41,0.99,0.7,0.53
PF14026,PF03116,0,1,0,0,1,1025,0.0,1.0,0,0,1,0,0,1,1025,0.0,1.0,0,0
PF01546,PF07687,25,9,5,20,4,997,0.56,0.98,0.2,0.32,9,5,20,4,997,0.56,0.98,0.2,0.32
PF16282,PF14958,7,0,0,7,0,1019,0,0.99,0.0,0,0,0,7,0,1019,0,0.99,0.0,0
PF04917,PF11751,1,0,0,1,0,1025,0,1.0,0.0,0,0,0,1,0,1025,0,1.0,0.0,0
PF00372,PF03722,3,5,3,0,2,1021,0.6,1.0,1.0,0.77,5,3,0,2,1021,0.6,1.0,1.0,0.77
PF05623,PF06404,3,1,0,3,1,1022,0.0,1.0,0.0,-0.0,1,0,3,1,1022,0.0,1.0,0.0,-0.0
PF04060,PF12883,1,0,0,1,0,1025,0,1.0,0.0,0,0,0,1,0,1025,0,1.0,0.0,0
PF10479,PF00680,9,4,0,9,4,1013,0.0,0.99,0.0,-0.01,4,0,9,4,1013,0.0,0.99,0.0,-0.01
PF04801,PF03299,8,8,1,7,7,1011,0.12,0.99,0.12,0.12,8,1,7,7,1011,0.12,0.99,0.12,0.12
PF00700,PF07409,1,0,0,1,0,1025,0,1.0,0.0,0,0,0,1,0,1025,0,1.0,0.0,0
PF06996,PF04214,0,0,0,0,0,1026,0,1.0,0,0,0,0,0,0,1026,0,1.0,0,0
PF15487,PF09310,2,0,0,2,0,1024,0,1.0,0.0,0,0,0,2,0,1024,0,1.0,0.0,0
PF15377,PF01959,1,2,0,1,2,1023,0.0,1.0,0.0,-0.0,2,0,1,2,1023,0.0,1.0,0.0,-0.0
PF06992,PF08890,1,0,0,1,0,1025,0,1.0,0.0,0,0,0,1,0,1025,0,1.0,0.0,0
PF00350,PF01031,44,26,23,21,3,979,0.88,0.98,0.52,0.67,26,23,21,3,979,0.88,0.98,0.52,0.67
PF07046,PF00553,0,1,0,0,1,1025,0.0,1.0,0,0,1,0,0,1,1025,0.0,1.0,0,0
PF04030,PF08031,10,19,4,6,15,1001,0.21,0.98,0.4,0.28,19,4,6,15,1001,0.21,0.98,0.4,0.28
PF17152,PF01752,1,1,0,1,1,1024,0.0,1.0,0.0,-0.0,1,0,1,1,1024,0.0,1.0,0.0,-0.0
PF02482,PF16829,4,0,0,4,0,1022,0,1.0,0.0,0,0,0,4,0,1022,0,1.0,0.0,0
PF02347,PF01212,6,16,4,2,12,1008,0.25,0.99,0.67,0.4,16,4,2,12,1008,0.25,0.99,0.67,0.4
PF10181,PF01632,1,2,0,1,2,1023,0.0,1.0,0.0,-0.0,2,0,1,2,1023,0.0,1.0,0.0,-0.0
PF12056,PF05562,1,1,1,0,0,1025,1.0,1.0,1.0,1.0,1,1,0,0,1025,1.0,1.0,1.0,1.0
PF13796,PF08260,0,0,0,0,0,1026,0,1.0,0,0,0,0,0,0,1026,0,1.0,0,0
PF04278,PF15311,3,4,0,3,4,1019,0.0,0.99,0.0,-0.0,4,0,3,4,1019,0.0,0.99,0.0,-0.0
PF01307,PF13186,0,4,0,0,4,1022,0.0,1.0,0,0,4,0,0,4,1022,0.0,1.0,0,0
PF04002,PF08544,0,20,0,0,20,1006,0.0,0.98,0,0,20,0,0,20,1006,0.0,0.98,0,0
PF15843,PF15623,0,0,0,0,0,1026,0,1.0,0,0,0,0,0,0,1026,0,1.0,0,0
PF07876,PF01988,14,8,3,11,5,1007,0.38,0.98,0.21,0.28,8,3,11,5,1007,0.38,0.98,0.21,0.28
PF04729,PF07798,7,4,2,5,2,1017,0.5,0.99,0.29,0.37,4,2,5,2,1017,0.5,0.99,0.29,0.37
PF09415,PF11032,3,0,0,3,0,1023,0,1.0,0.0,0,0,0,3,0,1023,0,1.0,0.0,0
PF14816,PF05604,1,0,0,1,0,1025,0,1.0,0.0,0,0,0,1,0,1025,0,1.0,0.0,0
PF15787,PF14844,5,18,4,1,14,1007,0.22,0.99,0.8,0.42,18,4,1,14,1007,0.22,0.99,0.8,0.42
PF08694,PF16843,4,0,0,4,0,1022,0,1.0,0.0,0,0,0,4,0,1022,0,1.0,0.0,0
PF16667,PF05671,0,1,0,0,1,1025,0.0,1.0,0,0,1,0,0,1,1025,0.0,1.0,0,0
PF00567,PF13871,21,3,2,19,1,1004,0.67,0.98,0.1,0.25,3,2,19,1,1004,0.67,0.98,0.1,0.25
PF01804,PF17084,2,0,0,2,0,1024,0,1.0,0.0,0,0,0,2,0,1024,0,1.0,0.0,0
PF01196,PF15860,10,2,1,9,1,1015,0.5,0.99,0.1,0.22,2,1,9,1,1015,0.5,0.99,0.1,0.22
PF12494,PF02448,3,0,0,3,0,1023,0,1.0,0.0,0,0,0,3,0,1023,0,1.0,0.0,0
PF02575,PF05419,3,0,0,3,0,1023,0,1.0,0.0,0,0,0,3,0,1023,0,1.0,0.0,0
PF13721,PF03428,2,0,0,2,0,1024,0,1.0,0.0,0,0,0,2,0,1024,0,1.0,0.0,0
PF16544,PF16274,2,1,0,2,1,1023,0.0,1.0,0.0,-0.0,1,0,2,1,1023,0.0,1.0,0.0,-0.0
PF15829,PF15576,0,0,0,0,0,1026,0,1.0,0,0,0,0,0,0,1026,0,1.0,0,0
PF16568,PF16551,0,0,0,0,0,1026,0,1.0,0,0,0,0,0,0,1026,0,1.0,0,0
PF03950,PF04558,18,8,8,10,0,1008,1.0,0.99,0.44,0.66,8,8,10,0,1008,1.0,0.99,0.44,0.66
PF09422,PF09305,0,0,0,0,0,1026,0,1.0,0,0,0,0,0,0,1026,0,1.0,0,0
PF12063,PF11629,5,2,1,4,1,1020,0.5,1.0,0.2,0.31,2,1,4,1,1020,0.5,1.0,0.2,0.31
PF01276,PF03711,2,2,2,0,0,1024,1.0,1.0,1.0,1.0,2,2,0,0,1024,1.0,1.0,1.0,1.0
PF15064,PF05111,3,1,0,3,1,1022,0.0,1.0,0.0,-0.0,1,0,3,1,1022,0.0,1.0,0.0,-0.0
PF12254,PF08996,5,7,5,0,2,1019,0.71,1.0,1.0,0.84,7,5,0,2,1019,0.71,1.0,1.0,0.84
PF03212,PF17007,0,0,0,0,0,1026,0,1.0,0,0,0,0,0,0,1026,0,1.0,0,0
PF02302,PF12242,2,1,1,1,0,1024,1.0,1.0,0.5,0.71,1,1,1,0,1024,1.0,1.0,0.5,0.71
PF09166,PF08635,2,1,0,2,1,1023,0.0,1.0,0.0,-0.0,1,0,2,1,1023,0.0,1.0,0.0,-0.0
PF11315,PF14279,6,0,0,6,0,1020,0,0.99,0.0,0,0,0,6,0,1020,0,0.99,0.0,0
PF05604,PF08528,0,4,0,0,4,1022,0.0,1.0,0,0,4,0,0,4,1022,0.0,1.0,0,0
PF04308,PF04764,0,0,0,0,0,1026,0,1.0,0,0,0,0,0,0,1026,0,1.0,0,0
PF03170,PF07243,1,1,0,1,1,1024,0.0,1.0,0.0,-0.0,1,0,1,1,1024,0.0,1.0,0.0,-0.0
PF12734,PF06127,2,2,0,2,2,1022,0.0,1.0,0.0,-0.0,2,0,2,2,1022,0.0,1.0,0.0,-0.0
PF10484,PF14864,8,1,0,8,1,1017,0.0,0.99,0.0,-0.0,1,0,8,1,1017,0.0,0.99,0.0,-0.0
PF11418,PF10649,0,0,0,0,0,1026,0,1.0,0,0,0,0,0,0,1026,0,1.0,0,0
PF12872,PF01936,5,5,1,4,4,1017,0.2,0.99,0.2,0.2,5,1,4,4,1017,0.2,0.99,0.2,0.2
PF16414,PF02460,12,30,11,1,19,995,0.37,0.98,0.92,0.57,30,11,1,19,995,0.37,0.98,0.92,0.57
PF04320,PF17164,1,0,0,1,0,1025,0,1.0,0.0,0,0,0,1,0,1025,0,1.0,0.0,0
PF15747,PF15730,0,2,0,0,2,1024,0.0,1.0,0,0,2,0,0,2,1024,0.0,1.0,0,0
PF01640,PF13505,1,0,0,1,0,1025,0,1.0,0.0,0,0,0,1,0,1025,0,1.0,0.0,0
PF07915,PF05672,8,5,2,6,3,1015,0.4,0.99,0.25,0.31,5,2,6,3,1015,0.4,0.99,0.25,0.31
PF00075,PF12259,35,3,2,33,1,990,0.67,0.97,0.06,0.19,3,2,33,1,990,0.67,0.97,0.06,0.19
PF01346,PF03704,3,1,0,3,1,1022,0.0,1.0,0.0,-0.0,1,0,3,1,1022,0.0,1.0,0.0,-0.0
PF11039,PF06347,0,3,0,0,3,1023,0.0,1.0,0,0,3,0,0,3,1023,0.0,1.0,0,0
PF01170,PF13391,11,5,2,9,3,1012,0.4,0.99,0.18,0.26,5,2,9,3,1012,0.4,0.99,0.18,0.26
PF15845,PF15483,0,1,0,0,1,1025,0.0,1.0,0,0,1,0,0,1,1025,0.0,1.0,0,0
PF03661,PF11998,7,1,0,7,1,1018,0.0,0.99,0.0,-0.0,1,0,7,1,1018,0.0,0.99,0.0,-0.0
PF01967,PF06969,5,0,0,5,0,1021,0,1.0,0.0,0,0,0,5,0,1021,0,1.0,0.0,0
PF02160,PF05869,1,4,0,1,4,1021,0.0,1.0,0.0,-0.0,4,0,1,4,1021,0.0,1.0,0.0,-0.0
PF06923,PF00766,0,6,0,0,6,1020,0.0,0.99,0,0,6,0,0,6,1020,0.0,0.99,0,0
PF11953,PF12837,0,0,0,0,0,1026,0,1.0,0,0,0,0,0,0,1026,0,1.0,0,0
PF03747,PF03381,5,10,1,4,9,1012,0.1,0.99,0.2,0.14,10,1,4,9,1012,0.1,0.99,0.2,0.14
PF10393,PF16754,1,0,0,1,0,1025,0,1.0,0.0,0,0,0,1,0,1025,0,1.0,0.0,0
PF08110,PF07440,1,0,0,1,0,1025,0,1.0,0.0,0,0,0,1,0,1025,0,1.0,0.0,0
PF10127,PF07805,0,0,0,0,0,1026,0,1.0,0,0,0,0,0,0,1026,0,1.0,0,0
PF00679,PF03764,28,16,14,14,2,996,0.88,0.98,0.5,0.65,16,14,14,2,996,0.88,0.98,0.5,0.65
PF14833,PF03446,12,17,11,1,6,1008,0.65,0.99,0.92,0.77,17,11,1,6,1008,0.65,0.99,0.92,0.77
PF03137,PF06342,9,1,1,8,0,1017,1.0,0.99,0.11,0.33,1,1,8,0,1017,1.0,0.99,0.11,0.33
PF08165,PF16165,1,4,1,0,3,1022,0.25,1.0,1.0,0.5,4,1,0,3,1022,0.25,1.0,1.0,0.5
PF03601,PF05874,0,2,0,0,2,1024,0.0,1.0,0,0,2,0,0,2,1024,0.0,1.0,0,0
PF00681,PF06202,2,3,0,2,3,1021,0.0,1.0,0.0,-0.0,3,0,2,3,1021,0.0,1.0,0.0,-0.0
PF07574,PF08746,10,7,7,3,0,1016,1.0,1.0,0.7,0.84,7,7,3,0,1016,1.0,1.0,0.7,0.84
PF09796,PF04229,5,4,1,4,3,1018,0.25,0.99,0.2,0.22,4,1,4,3,1018,0.25,0.99,0.2,0.22
PF03350,PF07816,0,0,0,0,0,1026,0,1.0,0,0,0,0,0,0,1026,0,1.0,0,0
PF01656,PF05825,9,0,0,9,0,1017,0,0.99,0.0,0,0,0,9,0,1017,0,0.99,0.0,0
PF03936,PF01397,11,7,7,4,0,1015,1.0,1.0,0.64,0.8,7,7,4,0,1015,1.0,1.0,0.64,0.8
PF10366,PF10367,14,17,11,3,6,1006,0.65,0.99,0.79,0.71,17,11,3,6,1006,0.65,0.99,0.79,0.71
PF06073,PF16859,0,0,0,0,0,1026,0,1.0,0,0,0,0,0,0,1026,0,1.0,0,0
PF03478,PF07734,20,6,3,17,3,1003,0.5,0.98,0.15,0.27,6,3,17,3,1003,0.5,0.98,0.15,0.27
PF04244,PF14814,0,0,0,0,0,1026,0,1.0,0,0,0,0,0,0,1026,0,1.0,0,0
PF13810,PF05841,2,2,0,2,2,1022,0.0,1.0,0.0,-0.0,2,0,2,2,1022,0.0,1.0,0.0,-0.0
PF01757,PF04515,15,7,3,12,4,1007,0.43,0.98,0.2,0.29,7,3,12,4,1007,0.43,0.98,0.2,0.29
PF11697,PF17206,0,0,0,0,0,1026,0,1.0,0,0,0,0,0,0,1026,0,1.0,0,0
PF00211,PF07701,43,15,14,29,1,982,0.93,0.97,0.33,0.54,15,14,29,1,982,0.93,0.97,0.33,0.54
PF04008,PF06239,0,2,0,0,2,1024,0.0,1.0,0,0,2,0,0,2,1024,0.0,1.0,0,0
PF10726,PF01735,0,11,0,0,11,1015,0.0,0.99,0,0,11,0,0,11,1015,0.0,0.99,0,0
PF05162,PF16843,4,0,0,4,0,1022,0,1.0,0.0,0,0,0,4,0,1022,0,1.0,0.0,0
PF03867,PF10525,0,1,0,0,1,1025,0.0,1.0,0,0,1,0,0,1,1025,0.0,1.0,0,0
PF04146,PF03467,18,6,3,15,3,1005,0.5,0.98,0.17,0.28,6,3,15,3,1005,0.5,0.98,0.17,0.28
PF07263,PF15427,2,0,0,2,0,1024,0,1.0,0.0,0,0,0,2,0,1024,0,1.0,0.0,0
PF05659,PF12061,1,1,0,1,1,1024,0.0,1.0,0.0,-0.0,1,0,1,1,1024,0.0,1.0,0.0,-0.0
PF09253,PF07327,0,1,0,0,1,1025,0.0,1.0,0,0,1,0,0,1,1025,0.0,1.0,0,0
PF06990,PF01244,8,14,3,5,11,1007,0.21,0.98,0.38,0.28,14,3,5,11,1007,0.21,0.98,0.38,0.28
PF15226,PF05135,0,0,0,0,0,1026,0,1.0,0,0,0,0,0,0,1026,0,1.0,0,0
PF04687,PF04285,3,0,0,3,0,1023,0,1.0,0.0,0,0,0,3,0,1023,0,1.0,0.0,0
PF06652,PF02793,4,11,1,3,10,1012,0.09,0.99,0.25,0.15,11,1,3,10,1012,0.09,0.99,0.25,0.15
PF15090,PF15292,1,0,0,1,0,1025,0,1.0,0.0,0,0,0,1,0,1025,0,1.0,0.0,0
PF08479,PF01514,0,2,0,0,2,1024,0.0,1.0,0,0,2,0,0,2,1024,0.0,1.0,0,0
PF07435,PF09648,0,0,0,0,0,1026,0,1.0,0,0,0,0,0,0,1026,0,1.0,0,0
PF01584,PF06580,5,6,3,2,3,1018,0.5,1.0,0.6,0.55,6,3,2,3,1018,0.5,1.0,0.6,0.55
PF11055,PF08093,0,1,0,0,1,1025,0.0,1.0,0,0,1,0,0,1,1025,0.0,1.0,0,0
PF14078,PF17189,0,7,0,0,7,1019,0.0,0.99,0,0,7,0,0,7,1019,0.0,0.99,0,0
PF04734,PF17048,6,4,4,2,0,1020,1.0,1.0,0.67,0.82,4,4,2,0,1020,1.0,1.0,0.67,0.82
PF00892,PF13127,23,3,2,21,1,1002,0.67,0.98,0.09,0.24,3,2,21,1,1002,0.67,0.98,0.09,0.24
PF05270,PF09206,5,3,3,2,0,1021,1.0,1.0,0.6,0.77,3,3,2,0,1021,1.0,1.0,0.6,0.77
PF06412,PF06134,1,1,0,1,1,1024,0.0,1.0,0.0,-0.0,1,0,1,1,1024,0.0,1.0,0.0,-0.0
PF09193,PF10413,1,2,1,0,1,1024,0.5,1.0,1.0,0.71,2,1,0,1,1024,0.5,1.0,1.0,0.71
PF11841,PF16457,6,10,5,1,5,1015,0.5,0.99,0.83,0.64,10,5,1,5,1015,0.5,0.99,0.83,0.64
PF14980,PF07661,1,1,0,1,1,1024,0.0,1.0,0.0,-0.0,1,0,1,1,1024,0.0,1.0,0.0,-0.0
PF00017,PF00779,54,7,5,49,2,970,0.71,0.95,0.09,0.25,7,5,49,2,970,0.71,0.95,0.09,0.25
PF01247,PF12232,12,5,1,11,4,1010,0.2,0.99,0.08,0.12,5,1,11,4,1010,0.2,0.99,0.08,0.12
PF16483,PF04229,3,4,0,3,4,1019,0.0,0.99,0.0,-0.0,4,0,3,4,1019,0.0,0.99,0.0,-0.0
PF15768,PF05202,0,1,0,0,1,1025,0.0,1.0,0,0,1,0,0,1,1025,0.0,1.0,0,0
PF06574,PF07298,4,1,0,4,1,1021,0.0,1.0,0.0,-0.0,1,0,4,1,1021,0.0,1.0,0.0,-0.0
PF01191,PF03871,5,6,5,0,1,1020,0.83,1.0,1.0,0.91,6,5,0,1,1020,0.83,1.0,1.0,0.91
PF13301,PF16218,2,0,0,2,0,1024,0,1.0,0.0,0,0,0,2,0,1024,0,1.0,0.0,0
PF09741,PF01513,6,11,1,5,10,1010,0.09,0.99,0.17,0.12,11,1,5,10,1010,0.09,0.99,0.17,0.12
PF06582,PF09042,2,1,1,1,0,1024,1.0,1.0,0.5,0.71,1,1,1,0,1024,1.0,1.0,0.5,0.71
PF11544,PF06586,0,1,0,0,1,1025,0.0,1.0,0,0,1,0,0,1,1025,0.0,1.0,0,0
PF00544,PF12146,9,29,7,2,22,995,0.24,0.98,0.78,0.43,29,7,2,22,995,0.24,0.98,0.78,0.43
PF00319,PF12346,9,0,0,9,0,1017,0,0.99,0.0,0,0,0,9,0,1017,0,0.99,0.0,0
PF15085,PF14866,0,0,0,0,0,1026,0,1.0,0,0,0,0,0,0,1026,0,1.0,0,0
PF02826,PF00389,12,32,7,5,25,989,0.22,0.97,0.58,0.35,32,7,5,25,989,0.22,0.97,0.58,0.35
PF13906,PF13520,13,45,12,1,33,980,0.27,0.97,0.92,0.49,45,12,1,33,980,0.27,0.97,0.92,0.49
PF05869,PF02160,4,1,0,4,1,1021,0.0,1.0,0.0,-0.0,1,0,4,1,1021,0.0,1.0,0.0,-0.0
PF11894,PF04704,7,1,1,6,0,1019,1.0,0.99,0.14,0.38,1,1,6,0,1019,1.0,0.99,0.14,0.38
PF05387,PF15576,0,0,0,0,0,1026,0,1.0,0,0,0,0,0,0,1026,0,1.0,0,0
PF05189,PF01137,4,9,1,3,8,1014,0.11,0.99,0.25,0.16,9,1,3,8,1014,0.11,0.99,0.25,0.16
PF14655,PF14656,7,3,3,4,0,1019,1.0,1.0,0.43,0.65,3,3,4,0,1019,1.0,1.0,0.43,0.65
PF15118,PF06056,3,1,0,3,1,1022,0.0,1.0,0.0,-0.0,1,0,3,1,1022,0.0,1.0,0.0,-0.0
PF14051,PF14061,5,1,0,5,1,1020,0.0,0.99,0.0,-0.0,1,0,5,1,1020,0.0,0.99,0.0,-0.0
PF04840,PF04841,11,8,8,3,0,1015,1.0,1.0,0.73,0.85,8,8,3,0,1015,1.0,1.0,0.73,0.85
PF08910,PF03479,0,3,0,0,3,1023,0.0,1.0,0,0,3,0,0,3,1023,0.0,1.0,0,0
PF16317,PF15383,1,4,0,1,4,1021,0.0,1.0,0.0,-0.0,4,0,1,4,1021,0.0,1.0,0.0,-0.0
PF12518,PF08792,0,1,0,0,1,1025,0.0,1.0,0,0,1,0,0,1,1025,0.0,1.0,0,0
PF01292,PF11794,2,0,0,2,0,1024,0,1.0,0.0,0,0,0,2,0,1024,0,1.0,0.0,0
PF11317,PF10716,0,1,0,0,1,1025,0.0,1.0,0,0,1,0,0,1,1025,0.0,1.0,0,0
PF12906,PF06454,13,4,1,12,3,1010,0.25,0.99,0.08,0.13,4,1,12,3,1010,0.25,0.99,0.08,0.13
PF08517,PF13775,3,3,1,2,2,1021,0.33,1.0,0.33,0.33,3,1,2,2,1021,0.33,1.0,0.33,0.33
PF15865,PF03511,1,0,0,1,0,1025,0,1.0,0.0,0,0,0,1,0,1025,0,1.0,0.0,0
PF07939,PF04367,0,1,0,0,1,1025,0.0,1.0,0,0,1,0,0,1,1025,0.0,1.0,0,0
PF08559,PF04367,4,1,0,4,1,1021,0.0,1.0,0.0,-0.0,1,0,4,1,1021,0.0,1.0,0.0,-0.0
PF04290,PF12857,2,0,0,2,0,1024,0,1.0,0.0,0,0,0,2,0,1024,0,1.0,0.0,0
PF02583,PF02348,3,4,1,2,3,1020,0.25,1.0,0.33,0.29,4,1,2,3,1020,0.25,1.0,0.33,0.29
PF16297,PF07962,1,5,0,1,5,1020,0.0,0.99,0.0,-0.0,5,0,1,5,1020,0.0,0.99,0.0,-0.0
PF15623,PF06890,0,0,0,0,0,1026,0,1.0,0,0,0,0,0,0,1026,0,1.0,0,0
PF02939,PF01975,9,9,3,6,6,1011,0.33,0.99,0.33,0.33,9,3,6,6,1011,0.33,0.99,0.33,0.33
PF07286,PF00220,2,1,0,2,1,1023,0.0,1.0,0.0,-0.0,1,0,2,1,1023,0.0,1.0,0.0,-0.0
PF10992,PF16649,1,1,0,1,1,1024,0.0,1.0,0.0,-0.0,1,0,1,1,1024,0.0,1.0,0.0,-0.0
PF11977,PF05030,6,6,1,5,5,1015,0.17,0.99,0.17,0.16,6,1,5,5,1015,0.17,0.99,0.17,0.16
PF05434,PF04756,2,4,0,2,4,1020,0.0,0.99,0.0,-0.0,4,0,2,4,1020,0.0,0.99,0.0,-0.0
PF16126,PF14307,1,0,0,1,0,1025,0,1.0,0.0,0,0,0,1,0,1025,0,1.0,0.0,0
PF10342,PF12243,10,3,1,9,2,1014,0.33,0.99,0.1,0.18,3,1,9,2,1014,0.33,0.99,0.1,0.18
PF02529,PF05466,1,0,0,1,0,1025,0,1.0,0.0,0,0,0,1,0,1025,0,1.0,0.0,0
PF00053,PF00028,31,37,17,14,20,975,0.46,0.97,0.55,0.49,37,17,14,20,975,0.46,0.97,0.55,0.49
PF03392,PF08122,1,3,0,1,3,1022,0.0,1.0,0.0,-0.0,3,0,1,3,1022,0.0,1.0,0.0,-0.0
PF10467,PF11855,0,1,0,0,1,1025,0.0,1.0,0,0,1,0,0,1,1025,0.0,1.0,0,0
PF11022,PF03401,0,0,0,0,0,1026,0,1.0,0,0,0,0,0,0,1026,0,1.0,0,0
PF01670,PF01083,5,11,1,4,10,1011,0.09,0.99,0.2,0.13,11,1,4,10,1011,0.09,0.99,0.2,0.13
PF06465,PF08073,7,8,6,1,2,1017,0.75,1.0,0.86,0.8,8,6,1,2,1017,0.75,1.0,0.86,0.8
PF00013,PF16274,46,1,0,46,1,979,0.0,0.95,0.0,-0.01,1,0,46,1,979,0.0,0.95,0.0,-0.01
PF04151,PF14841,0,0,0,0,0,1026,0,1.0,0,0,0,0,0,0,1026,0,1.0,0,0
PF04608,PF03082,1,1,0,1,1,1024,0.0,1.0,0.0,-0.0,1,0,1,1,1024,0.0,1.0,0.0,-0.0
PF15173,PF06875,0,0,0,0,0,1026,0,1.0,0,0,0,0,0,0,1026,0,1.0,0,0
PF01110,PF01913,2,1,0,2,1,1023,0.0,1.0,0.0,-0.0,1,0,2,1,1023,0.0,1.0,0.0,-0.0
PF00132,PF00483,35,21,15,20,6,985,0.71,0.97,0.43,0.54,21,15,20,6,985,0.71,0.97,0.43,0.54
PF02538,PF05378,8,11,8,0,3,1015,0.73,1.0,1.0,0.85,11,8,0,3,1015,0.73,1.0,1.0,0.85
PF14340,PF06936,2,3,1,1,2,1022,0.33,1.0,0.5,0.41,3,1,1,2,1022,0.33,1.0,0.5,0.41
PF10241,PF03604,4,4,0,4,4,1018,0.0,0.99,0.0,-0.0,4,0,4,4,1018,0.0,0.99,0.0,-0.0
PF09686,PF15168,0,2,0,0,2,1024,0.0,1.0,0,0,2,0,0,2,1024,0.0,1.0,0,0
PF05060,PF04088,1,2,0,1,2,1023,0.0,1.0,0.0,-0.0,2,0,1,2,1023,0.0,1.0,0.0,-0.0
PF03009,PF03105,19,19,7,12,12,995,0.37,0.98,0.37,0.36,19,7,12,12,995,0.37,0.98,0.37,0.36
PF16097,PF16098,0,0,0,0,0,1026,0,1.0,0,0,0,0,0,0,1026,0,1.0,0,0
PF12972,PF12971,4,3,2,2,1,1021,0.67,1.0,0.5,0.58,3,2,2,1,1021,0.67,1.0,0.5,0.58
PF09860,PF02217,0,1,0,0,1,1025,0.0,1.0,0,0,1,0,0,1,1025,0.0,1.0,0,0
PF08104,PF13368,1,4,0,1,4,1021,0.0,1.0,0.0,-0.0,4,0,1,4,1021,0.0,1.0,0.0,-0.0
PF07092,PF12456,2,6,1,1,5,1019,0.17,0.99,0.5,0.29,6,1,1,5,1019,0.17,0.99,0.5,0.29
PF12615,PF05939,0,0,0,0,0,1026,0,1.0,0,0,0,0,0,0,1026,0,1.0,0,0
PF10295,PF13810,3,2,0,3,2,1021,0.0,1.0,0.0,-0.0,2,0,3,2,1021,0.0,1.0,0.0,-0.0
PF14800,PF04129,2,17,1,1,16,1008,0.06,0.98,0.5,0.17,17,1,1,16,1008,0.06,0.98,0.5,0.17
PF00324,PF03522,40,18,18,22,0,986,1.0,0.98,0.45,0.66,18,18,22,0,986,1.0,0.98,0.45,0.66
PF12816,PF12451,4,6,2,2,4,1018,0.33,0.99,0.5,0.41,6,2,2,4,1018,0.33,0.99,0.5,0.41
PF07000,PF14033,5,9,1,4,8,1013,0.11,0.99,0.2,0.14,9,1,4,8,1013,0.11,0.99,0.2,0.14
PF02607,PF02965,2,2,2,0,0,1024,1.0,1.0,1.0,1.0,2,2,0,0,1024,1.0,1.0,1.0,1.0
PF03763,PF01643,5,1,0,5,1,1020,0.0,0.99,0.0,-0.0,1,0,5,1,1020,0.0,0.99,0.0,-0.0
PF10890,PF10459,1,0,0,1,0,1025,0,1.0,0.0,0,0,0,1,0,1025,0,1.0,0.0,0
PF03618,PF06485,0,1,0,0,1,1025,0.0,1.0,0,0,1,0,0,1,1025,0.0,1.0,0,0
PF15116,PF11341,0,1,0,0,1,1025,0.0,1.0,0,0,1,0,0,1,1025,0.0,1.0,0,0
PF10116,PF06082,1,0,0,1,0,1025,0,1.0,0.0,0,0,0,1,0,1025,0,1.0,0.0,0
PF08628,PF02194,8,11,8,0,3,1015,0.73,1.0,1.0,0.85,11,8,0,3,1015,0.73,1.0,1.0,0.85
PF17100,PF15512,12,0,0,12,0,1014,0,0.99,0.0,0,0,0,12,0,1014,0,0.99,0.0,0
PF14372,PF10683,13,1,0,13,1,1012,0.0,0.99,0.0,-0.0,1,0,13,1,1012,0.0,0.99,0.0,-0.0
PF14755,PF00063,0,50,0,0,50,976,0.0,0.95,0,0,50,0,0,50,976,0.0,0.95,0,0
PF04059,PF12196,2,0,0,2,0,1024,0,1.0,0.0,0,0,0,2,0,1024,0,1.0,0.0,0
PF06749,PF04720,2,6,0,2,6,1018,0.0,0.99,0.0,-0.0,6,0,2,6,1018,0.0,0.99,0.0,-0.0
PF16001,PF08730,0,0,0,0,0,1026,0,1.0,0,0,0,0,0,0,1026,0,1.0,0,0
PF04884,PF07542,6,7,1,5,6,1014,0.14,0.99,0.17,0.15,7,1,5,6,1014,0.14,0.99,0.17,0.15
PF01000,PF03118,5,3,2,3,1,1020,0.67,1.0,0.4,0.51,3,2,3,1,1020,0.67,1.0,0.4,0.51
PF07047,PF10280,9,3,0,9,3,1014,0.0,0.99,0.0,-0.01,3,0,9,3,1014,0.0,0.99,0.0,-0.01
PF00716,PF01314,1,1,0,1,1,1024,0.0,1.0,0.0,-0.0,1,0,1,1,1024,0.0,1.0,0.0,-0.0
PF08138,PF17201,1,0,0,1,0,1025,0,1.0,0.0,0,0,0,1,0,1025,0,1.0,0.0,0
PF12159,PF15055,0,0,0,0,0,1026,0,1.0,0,0,0,0,0,0,1026,0,1.0,0,0
PF07708,PF10279,0,0,0,0,0,1026,0,1.0,0,0,0,0,0,0,1026,0,1.0,0,0
PF08174,PF08916,6,3,0,6,3,1017,0.0,0.99,0.0,-0.0,3,0,6,3,1017,0.0,0.99,0.0,-0.0
PF00956,PF01214,12,7,3,9,4,1010,0.43,0.99,0.25,0.32,7,3,9,4,1010,0.43,0.99,0.25,0.32
PF00864,PF03036,3,4,0,3,4,1019,0.0,0.99,0.0,-0.0,4,0,3,4,1019,0.0,0.99,0.0,-0.0
PF00085,PF04777,71,19,16,55,3,952,0.84,0.94,0.23,0.42,19,16,55,3,952,0.84,0.94,0.23,0.42
PF05936,PF12080,0,0,0,0,0,1026,0,1.0,0,0,0,0,0,0,1026,0,1.0,0,0
PF15407,PF15082,0,0,0,0,0,1026,0,1.0,0,0,0,0,0,0,1026,0,1.0,0,0
PF00073,PF00548,4,4,4,0,0,1022,1.0,1.0,1.0,1.0,4,4,0,0,1022,1.0,1.0,1.0,1.0
PF13287,PF12773,2,1,0,2,1,1023,0.0,1.0,0.0,-0.0,1,0,2,1,1023,0.0,1.0,0.0,-0.0
PF17154,PF10554,1,0,0,1,0,1025,0,1.0,0.0,0,0,0,1,0,1025,0,1.0,0.0,0
PF04354,PF06586,1,1,0,1,1,1024,0.0,1.0,0.0,-0.0,1,0,1,1,1024,0.0,1.0,0.0,-0.0
PF14295,PF00024,15,41,11,4,30,981,0.27,0.97,0.73,0.43,41,11,4,30,981,0.27,0.97,0.73,0.43
PF08633,PF14534,4,1,0,4,1,1021,0.0,1.0,0.0,-0.0,1,0,4,1,1021,0.0,1.0,0.0,-0.0
PF02830,PF08274,0,0,0,0,0,1026,0,1.0,0,0,0,0,0,0,1026,0,1.0,0,0
PF15703,PF15872,2,0,0,2,0,1024,0,1.0,0.0,0,0,0,2,0,1024,0,1.0,0.0,0
PF04494,PF08145,9,4,0,9,4,1013,0.0,0.99,0.0,-0.01,4,0,9,4,1013,0.0,0.99,0.0,-0.01
PF04280,PF16516,6,3,0,6,3,1017,0.0,0.99,0.0,-0.0,3,0,6,3,1017,0.0,0.99,0.0,-0.0
PF09813,PF00398,2,9,1,1,8,1016,0.11,0.99,0.5,0.23,9,1,1,8,1016,0.11,0.99,0.5,0.23
PF04842,PF17034,2,5,0,2,5,1019,0.0,0.99,0.0,-0.0,5,0,2,5,1019,0.0,0.99,0.0,-0.0
PF13928,PF15230,3,1,0,3,1,1022,0.0,1.0,0.0,-0.0,1,0,3,1,1022,0.0,1.0,0.0,-0.0
PF07647,PF00536,29,44,21,8,23,974,0.48,0.97,0.72,0.57,44,21,8,23,974,0.48,0.97,0.72,0.57
PF08366,PF09453,3,8,0,3,8,1015,0.0,0.99,0.0,-0.0,8,0,3,8,1015,0.0,0.99,0.0,-0.0
PF10281,PF07543,4,3,1,3,2,1020,0.33,1.0,0.25,0.29,3,1,3,2,1020,0.33,1.0,0.25,0.29
PF05653,PF03619,14,9,2,12,7,1005,0.22,0.98,0.14,0.17,9,2,12,7,1005,0.22,0.98,0.14,0.17
PF03548,PF15186,0,0,0,0,0,1026,0,1.0,0,0,0,0,0,0,1026,0,1.0,0,0
PF01812,PF04098,8,9,0,8,9,1009,0.0,0.98,0.0,-0.01,9,0,8,9,1009,0.0,0.98,0.0,-0.01
PF08194,PF11630,0,0,0,0,0,1026,0,1.0,0,0,0,0,0,0,1026,0,1.0,0,0
PF15043,PF03819,0,1,0,0,1,1025,0.0,1.0,0,0,1,0,0,1,1025,0.0,1.0,0,0
PF00686,PF16387,23,1,1,22,0,1003,1.0,0.98,0.04,0.21,1,1,22,0,1003,1.0,0.98,0.04,0.21
PF15240,PF05238,0,4,0,0,4,1022,0.0,1.0,0,0,4,0,0,4,1022,0.0,1.0,0,0
PF03994,PF11751,0,0,0,0,0,1026,0,1.0,0,0,0,0,0,0,1026,0,1.0,0,0
PF05691,PF10288,8,3,0,8,3,1015,0.0,0.99,0.0,-0.0,3,0,8,3,1015,0.0,0.99,0.0,-0.0
PF02681,PF06206,2,1,0,2,1,1023,0.0,1.0,0.0,-0.0,1,0,2,1,1023,0.0,1.0,0.0,-0.0
PF04672,PF09479,0,0,0,0,0,1026,0,1.0,0,0,0,0,0,0,1026,0,1.0,0,0
PF14534,PF17050,1,2,0,1,2,1023,0.0,1.0,0.0,-0.0,2,0,1,2,1023,0.0,1.0,0.0,-0.0
PF13568,PF06798,0,0,0,0,0,1026,0,1.0,0,0,0,0,0,0,1026,0,1.0,0,0
PF12776,PF13359,16,25,6,10,19,991,0.24,0.97,0.38,0.29,25,6,10,19,991,0.24,0.97,0.38,0.29
PF01613,PF09791,9,5,1,8,4,1013,0.2,0.99,0.11,0.14,5,1,8,4,1013,0.2,0.99,0.11,0.14
PF00288,PF08544,25,20,18,7,2,999,0.9,0.99,0.72,0.8,20,18,7,2,999,0.9,0.99,0.72,0.8
PF09423,PF16655,4,2,1,3,1,1021,0.5,1.0,0.25,0.35,2,1,3,1,1021,0.5,1.0,0.25,0.35
PF01527,PF04236,8,1,0,8,1,1017,0.0,0.99,0.0,-0.0,1,0,8,1,1017,0.0,0.99,0.0,-0.0
PF02803,PF00108,23,24,22,1,2,1001,0.92,1.0,0.96,0.93,24,22,1,2,1001,0.92,1.0,0.96,0.93
PF06196,PF03144,0,40,0,0,40,986,0.0,0.96,0,0,40,0,0,40,986,0.0,0.96,0,0
PF01294,PF00048,3,6,1,2,5,1018,0.17,0.99,0.33,0.23,6,1,2,5,1018,0.17,0.99,0.33,0.23
PF02649,PF07143,4,1,1,3,0,1022,1.0,1.0,0.25,0.5,1,1,3,0,1022,1.0,1.0,0.25,0.5
PF14063,PF06143,0,0,0,0,0,1026,0,1.0,0,0,0,0,0,0,1026,0,1.0,0,0
PF08642,PF15553,0,0,0,0,0,1026,0,1.0,0,0,0,0,0,0,1026,0,1.0,0,0
PF08593,PF09122,0,0,0,0,0,1026,0,1.0,0,0,0,0,0,0,1026,0,1.0,0,0
PF01268,PF00763,5,12,5,0,7,1014,0.42,0.99,1.0,0.64,12,5,0,7,1014,0.42,0.99,1.0,0.64
PF08192,PF17017,0,0,0,0,0,1026,0,1.0,0,0,0,0,0,0,1026,0,1.0,0,0
PF09064,PF03954,0,0,0,0,0,1026,0,1.0,0,0,0,0,0,0,1026,0,1.0,0,0
PF17020,PF02562,0,0,0,0,0,1026,0,1.0,0,0,0,0,0,0,1026,0,1.0,0,0
PF16987,PF08495,8,0,0,8,0,1018,0,0.99,0.0,0,0,0,8,0,1018,0,0.99,0.0,0
PF02862,PF02121,7,6,2,5,4,1015,0.33,0.99,0.29,0.3,6,2,5,4,1015,0.33,0.99,0.29,0.3
PF10428,PF15904,1,1,0,1,1,1024,0.0,1.0,0.0,-0.0,1,0,1,1,1024,0.0,1.0,0.0,-0.0
PF05340,PF03219,1,3,0,1,3,1022,0.0,1.0,0.0,-0.0,3,0,1,3,1022,0.0,1.0,0.0,-0.0
PF06969,PF13597,0,3,0,0,3,1023,0.0,1.0,0,0,3,0,0,3,1023,0.0,1.0,0,0
PF00711,PF00272,1,0,0,1,0,1025,0,1.0,0.0,0,0,0,1,0,1025,0,1.0,0.0,0
PF12397,PF13001,4,5,1,3,4,1018,0.2,0.99,0.25,0.22,5,1,3,4,1018,0.2,0.99,0.25,0.22
PF06375,PF14796,5,7,3,2,4,1017,0.43,0.99,0.6,0.5,7,3,2,4,1017,0.43,0.99,0.6,0.5
PF11033,PF00025,0,46,0,0,46,980,0.0,0.96,0,0,46,0,0,46,980,0.0,0.96,0,0
PF04180,PF07093,6,2,0,6,2,1018,0.0,0.99,0.0,-0.0,2,0,6,2,1018,0.0,0.99,0.0,-0.0
PF07779,PF03385,7,2,0,7,2,1017,0.0,0.99,0.0,-0.0,2,0,7,2,1017,0.0,0.99,0.0,-0.0
PF12769,PF02233,2,3,2,0,1,1023,0.67,1.0,1.0,0.82,3,2,0,1,1023,0.67,1.0,1.0,0.82
PF07262,PF05838,0,0,0,0,0,1026,0,1.0,0,0,0,0,0,0,1026,0,1.0,0,0
PF00786,PF05210,26,2,0,26,2,998,0.0,0.97,0.0,-0.01,2,0,26,2,998,0.0,0.97,0.0,-0.01
PF10544,PF04383,4,1,0,4,1,1021,0.0,1.0,0.0,-0.0,1,0,4,1,1021,0.0,1.0,0.0,-0.0
PF04764,PF12241,0,1,0,0,1,1025,0.0,1.0,0,0,1,0,0,1,1025,0.0,1.0,0,0
PF16185,PF08352,6,2,1,5,1,1019,0.5,0.99,0.17,0.29,2,1,5,1,1019,0.5,0.99,0.17,0.29
PF10867,PF05817,0,7,0,0,7,1019,0.0,0.99,0,0,7,0,0,7,1019,0.0,0.99,0,0
PF11585,PF08189,0,0,0,0,0,1026,0,1.0,0,0,0,0,0,0,1026,0,1.0,0,0
PF00314,PF03822,14,4,1,13,3,1009,0.25,0.98,0.07,0.13,4,1,13,3,1009,0.25,0.98,0.07,0.13
PF11862,PF14258,1,0,0,1,0,1025,0,1.0,0.0,0,0,0,1,0,1025,0,1.0,0.0,0
PF00985,PF12782,1,0,0,1,0,1025,0,1.0,0.0,0,0,0,1,0,1025,0,1.0,0.0,0
PF16576,PF02074,2,2,0,2,2,1022,0.0,1.0,0.0,-0.0,2,0,2,2,1022,0.0,1.0,0.0,-0.0
PF10233,PF15359,3,0,0,3,0,1023,0,1.0,0.0,0,0,0,3,0,1023,0,1.0,0.0,0
PF07676,PF02897,16,10,3,13,7,1003,0.3,0.98,0.19,0.23,10,3,13,7,1003,0.3,0.98,0.19,0.23
PF06890,PF07157,0,0,0,0,0,1026,0,1.0,0,0,0,0,0,0,1026,0,1.0,0,0
PF11892,PF14793,0,0,0,0,0,1026,0,1.0,0,0,0,0,0,0,1026,0,1.0,0,0
PF12448,PF04849,0,0,0,0,0,1026,0,1.0,0,0,0,0,0,0,1026,0,1.0,0,0
PF01929,PF01777,11,10,4,7,6,1009,0.4,0.99,0.36,0.38,10,4,7,6,1009,0.4,0.99,0.36,0.38
PF13724,PF14364,0,1,0,0,1,1025,0.0,1.0,0,0,1,0,0,1,1025,0.0,1.0,0,0
PF01947,PF00737,0,2,0,0,2,1024,0.0,1.0,0,0,2,0,0,2,1024,0.0,1.0,0,0
PF07780,PF11861,7,8,7,0,1,1018,0.88,1.0,1.0,0.93,8,7,0,1,1018,0.88,1.0,1.0,0.93
PF07224,PF11017,1,1,0,1,1,1024,0.0,1.0,0.0,-0.0,1,0,1,1,1024,0.0,1.0,0.0,-0.0
PF04444,PF10437,12,1,0,12,1,1013,0.0,0.99,0.0,-0.0,1,0,12,1,1013,0.0,0.99,0.0,-0.0
PF07707,PF00016,42,4,2,40,2,982,0.5,0.96,0.05,0.14,4,2,40,2,982,0.5,0.96,0.05,0.14
PF12919,PF06651,0,0,0,0,0,1026,0,1.0,0,0,0,0,0,0,1026,0,1.0,0,0
PF15851,PF04865,0,0,0,0,0,1026,0,1.0,0,0,0,0,0,0,1026,0,1.0,0,0
PF05602,PF10236,8,4,0,8,4,1014,0.0,0.99,0.0,-0.01,4,0,8,4,1014,0.0,0.99,0.0,-0.01
PF04431,PF02789,1,12,1,0,11,1014,0.08,0.99,1.0,0.29,12,1,0,11,1014,0.08,0.99,1.0,0.29
PF16561,PF04739,16,6,6,10,0,1010,1.0,0.99,0.38,0.61,6,6,10,0,1010,1.0,0.99,0.38,0.61
PF15716,PF08093,0,1,0,0,1,1025,0.0,1.0,0,0,1,0,0,1,1025,0.0,1.0,0,0
PF11130,PF12477,0,0,0,0,0,1026,0,1.0,0,0,0,0,0,0,1026,0,1.0,0,0
PF14633,PF14878,5,4,4,1,0,1021,1.0,1.0,0.8,0.89,4,4,1,0,1021,1.0,1.0,0.8,0.89
PF11468,PF07980,0,0,0,0,0,1026,0,1.0,0,0,0,0,0,0,1026,0,1.0,0,0
PF06522,PF04110,6,4,0,6,4,1016,0.0,0.99,0.0,-0.0,4,0,6,4,1016,0.0,0.99,0.0,-0.0
PF03755,PF13005,1,0,0,1,0,1025,0,1.0,0.0,0,0,0,1,0,1025,0,1.0,0.0,0
PF06761,PF03241,0,0,0,0,0,1026,0,1.0,0,0,0,0,0,0,1026,0,1.0,0,0
PF08258,PF02277,0,1,0,0,1,1025,0.0,1.0,0,0,1,0,0,1,1025,0.0,1.0,0,0
PF12351,PF09056,5,3,0,5,3,1018,0.0,0.99,0.0,-0.0,3,0,5,3,1018,0.0,0.99,0.0,-0.0
PF05229,PF03241,0,0,0,0,0,1026,0,1.0,0,0,0,0,0,0,1026,0,1.0,0,0
PF10450,PF17206,1,0,0,1,0,1025,0,1.0,0.0,0,0,0,1,0,1025,0,1.0,0.0,0
PF09498,PF03406,0,0,0,0,0,1026,0,1.0,0,0,0,0,0,0,1026,0,1.0,0,0
PF04626,PF14539,1,0,0,1,0,1025,0,1.0,0.0,0,0,0,1,0,1025,0,1.0,0.0,0
PF11262,PF16134,2,3,2,0,1,1023,0.67,1.0,1.0,0.82,3,2,0,1,1023,0.67,1.0,1.0,0.82
PF15057,PF13757,11,0,0,11,0,1015,0,0.99,0.0,0,0,0,11,0,1015,0,0.99,0.0,0
PF03839,PF05046,6,5,1,5,4,1016,0.2,0.99,0.17,0.18,5,1,5,4,1016,0.2,0.99,0.17,0.18
PF14680,PF14676,1,1,1,0,0,1025,1.0,1.0,1.0,1.0,1,1,0,0,1025,1.0,1.0,1.0,1.0
PF15982,PF14360,0,8,0,0,8,1018,0.0,0.99,0,0,8,0,0,8,1018,0.0,0.99,0,0
PF14452,PF03069,0,4,0,0,4,1022,0.0,1.0,0,0,4,0,0,4,1022,0.0,1.0,0,0
PF05230,PF02277,0,1,0,0,1,1025,0.0,1.0,0,0,1,0,0,1,1025,0.0,1.0,0,0
PF07301,PF05979,2,2,2,0,0,1024,1.0,1.0,1.0,1.0,2,2,0,0,1024,1.0,1.0,1.0,1.0
PF08441,PF01839,14,15,13,1,2,1010,0.87,1.0,0.93,0.9,15,13,1,2,1010,0.87,1.0,0.93,0.9
PF00669,PF01752,1,1,0,1,1,1024,0.0,1.0,0.0,-0.0,1,0,1,1,1024,0.0,1.0,0.0,-0.0
PF05076,PF12470,1,2,1,0,1,1024,0.5,1.0,1.0,0.71,2,1,0,1,1024,0.5,1.0,1.0,0.71
PF06147,PF05480,0,1,0,0,1,1025,0.0,1.0,0,0,1,0,0,1,1025,0.0,1.0,0,0
PF03143,PF09173,20,1,0,20,1,1005,0.0,0.98,0.0,-0.0,1,0,20,1,1005,0.0,0.98,0.0,-0.0
PF12618,PF12140,1,6,1,0,5,1020,0.17,1.0,1.0,0.41,6,1,0,5,1020,0.17,1.0,1.0,0.41
PF01117,PF07468,1,3,1,0,2,1023,0.33,1.0,1.0,0.58,3,1,0,2,1023,0.33,1.0,1.0,0.58
PF06697,PF00321,0,1,0,0,1,1025,0.0,1.0,0,0,1,0,0,1,1025,0.0,1.0,0,0
PF11731,PF16064,0,5,0,0,5,1021,0.0,1.0,0,0,5,0,0,5,1021,0.0,1.0,0,0
PF01833,PF08337,29,14,13,16,1,996,0.93,0.98,0.45,0.64,14,13,16,1,996,0.93,0.98,0.45,0.64
PF01988,PF01386,8,1,0,8,1,1017,0.0,0.99,0.0,-0.0,1,0,8,1,1017,0.0,0.99,0.0,-0.0
PF03048,PF12014,0,0,0,0,0,1026,0,1.0,0,0,0,0,0,0,1026,0,1.0,0,0
PF10460,PF11651,0,0,0,0,0,1026,0,1.0,0,0,0,0,0,0,1026,0,1.0,0,0
PF00143,PF12020,1,0,0,1,0,1025,0,1.0,0.0,0,0,0,1,0,1025,0,1.0,0.0,0
PF02586,PF03479,9,3,0,9,3,1014,0.0,0.99,0.0,-0.01,3,0,9,3,1014,0.0,0.99,0.0,-0.01
PF08396,PF02950,0,1,0,0,1,1025,0.0,1.0,0,0,1,0,0,1,1025,0.0,1.0,0,0
PF08499,PF08629,1,2,1,0,1,1024,0.5,1.0,1.0,0.71,2,1,0,1,1024,0.5,1.0,1.0,0.71
PF03813,PF04935,7,5,2,5,3,1016,0.4,0.99,0.29,0.33,5,2,5,3,1016,0.4,0.99,0.29,0.33
PF04063,PF04064,4,4,4,0,0,1022,1.0,1.0,1.0,1.0,4,4,0,0,1022,1.0,1.0,1.0,1.0
PF11714,PF00618,0,27,0,0,27,999,0.0,0.97,0,0,27,0,0,27,999,0.0,0.97,0,0
PF12240,PF15248,1,1,0,1,1,1024,0.0,1.0,0.0,-0.0,1,0,1,1,1024,0.0,1.0,0.0,-0.0
PF08152,PF10175,5,1,0,5,1,1020,0.0,0.99,0.0,-0.0,1,0,5,1,1020,0.0,0.99,0.0,-0.0
PF08457,PF10638,4,0,0,4,0,1022,0,1.0,0.0,0,0,0,4,0,1022,0,1.0,0.0,0
PF07148,PF09996,1,0,0,1,0,1025,0,1.0,0.0,0,0,0,1,0,1025,0,1.0,0.0,0
PF11793,PF09765,2,1,1,1,0,1024,1.0,1.0,0.5,0.71,1,1,1,0,1024,1.0,1.0,0.5,0.71
PF01129,PF12020,5,0,0,5,0,1021,0,1.0,0.0,0,0,0,5,0,1021,0,1.0,0.0,0
PF03398,PF14075,17,1,1,16,0,1009,1.0,0.98,0.06,0.24,1,1,16,0,1009,1.0,0.98,0.06,0.24
PF11161,PF04559,0,1,0,0,1,1025,0.0,1.0,0,0,1,0,0,1,1025,0.0,1.0,0,0
PF14399,PF09260,1,3,0,1,3,1022,0.0,1.0,0.0,-0.0,3,0,1,3,1022,0.0,1.0,0.0,-0.0
PF04856,PF00714,1,1,0,1,1,1024,0.0,1.0,0.0,-0.0,1,0,1,1,1024,0.0,1.0,0.0,-0.0
PF13495,PF00524,1,1,0,1,1,1024,0.0,1.0,0.0,-0.0,1,0,1,1,1024,0.0,1.0,0.0,-0.0
PF16564,PF14048,10,10,10,0,0,1016,1.0,1.0,1.0,1.0,10,10,0,0,1016,1.0,1.0,1.0,1.0
PF05461,PF12605,11,4,3,8,1,1014,0.75,0.99,0.27,0.45,4,3,8,1,1014,0.75,0.99,0.27,0.45
PF01920,PF16053,12,10,4,8,6,1008,0.4,0.99,0.33,0.36,10,4,8,6,1008,0.4,0.99,0.33,0.36
PF05562,PF01387,1,0,0,1,0,1025,0,1.0,0.0,0,0,0,1,0,1025,0,1.0,0.0,0
PF09432,PF10279,2,0,0,2,0,1024,0,1.0,0.0,0,0,0,2,0,1024,0,1.0,0.0,0
PF05710,PF02557,0,1,0,0,1,1025,0.0,1.0,0,0,1,0,0,1,1025,0.0,1.0,0,0
PF00023,PF12796,79,181,76,3,105,842,0.42,0.89,0.96,0.6,181,76,3,105,842,0.42,0.89,0.96,0.6
PF00880,PF15149,4,0,0,4,0,1022,0,1.0,0.0,0,0,0,4,0,1022,0,1.0,0.0,0
PF03379,PF02950,2,1,0,2,1,1023,0.0,1.0,0.0,-0.0,1,0,2,1,1023,0.0,1.0,0.0,-0.0
PF12209,PF07243,0,1,0,0,1,1025,0.0,1.0,0,0,1,0,0,1,1025,0.0,1.0,0,0
PF10964,PF05125,0,0,0,0,0,1026,0,1.0,0,0,0,0,0,0,1026,0,1.0,0,0
PF03534,PF12256,0,0,0,0,0,1026,0,1.0,0,0,0,0,0,0,1026,0,1.0,0,0
PF00289,PF02785,22,24,22,0,2,1002,0.92,1.0,1.0,0.96,24,22,0,2,1002,0.92,1.0,1.0,0.96
PF15042,PF04308,0,0,0,0,0,1026,0,1.0,0,0,0,0,0,0,1026,0,1.0,0,0
PF08604,PF17219,2,0,0,2,0,1024,0,1.0,0.0,0,0,0,2,0,1024,0,1.0,0.0,0
PF04109,PF15279,4,2,0,4,2,1020,0.0,0.99,0.0,-0.0,2,0,4,2,1020,0.0,0.99,0.0,-0.0
PF12701,PF09532,9,13,8,1,5,1012,0.62,0.99,0.89,0.74,13,8,1,5,1012,0.62,0.99,0.89,0.74
PF09418,PF12126,1,2,0,1,2,1023,0.0,1.0,0.0,-0.0,2,0,1,2,1023,0.0,1.0,0.0,-0.0
PF16699,PF04158,2,2,0,2,2,1022,0.0,1.0,0.0,-0.0,2,0,2,2,1022,0.0,1.0,0.0,-0.0
PF11702,PF07573,1,2,0,1,2,1023,0.0,1.0,0.0,-0.0,2,0,1,2,1023,0.0,1.0,0.0,-0.0
PF10325,PF10327,1,2,0,1,2,1023,0.0,1.0,0.0,-0.0,2,0,1,2,1023,0.0,1.0,0.0,-0.0
PF10650,PF16574,0,1,0,0,1,1025,0.0,1.0,0,0,1,0,0,1,1025,0.0,1.0,0,0
PF12661,PF00008,30,66,29,1,37,959,0.44,0.96,0.97,0.64,66,29,1,37,959,0.44,0.96,0.97,0.64
PF10662,PF05128,2,0,0,2,0,1024,0,1.0,0.0,0,0,0,2,0,1024,0,1.0,0.0,0
PF00293,PF00828,48,16,4,44,12,966,0.25,0.95,0.08,0.12,16,4,44,12,966,0.25,0.95,0.08,0.12
PF07557,PF06637,4,1,0,4,1,1021,0.0,1.0,0.0,-0.0,1,0,4,1,1021,0.0,1.0,0.0,-0.0
PF15322,PF08453,0,1,0,0,1,1025,0.0,1.0,0,0,1,0,0,1,1025,0.0,1.0,0,0
PF01185,PF06127,4,2,0,4,2,1020,0.0,0.99,0.0,-0.0,2,0,4,2,1020,0.0,0.99,0.0,-0.0
PF06747,PF10276,5,2,0,5,2,1019,0.0,0.99,0.0,-0.0,2,0,5,2,1019,0.0,0.99,0.0,-0.0
PF08777,PF14304,5,6,1,4,5,1016,0.17,0.99,0.2,0.18,6,1,4,5,1016,0.17,0.99,0.2,0.18
PF07701,PF00211,15,43,14,1,29,982,0.33,0.97,0.93,0.54,43,14,1,29,982,0.33,0.97,0.93,0.54
PF03928,PF06912,2,3,1,1,2,1022,0.33,1.0,0.5,0.41,3,1,1,2,1022,0.33,1.0,0.5,0.41
PF14240,PF15491,4,1,0,4,1,1021,0.0,1.0,0.0,-0.0,1,0,4,1,1021,0.0,1.0,0.0,-0.0
PF10297,PF12498,2,1,1,1,0,1024,1.0,1.0,0.5,0.71,1,1,1,0,1024,1.0,1.0,0.5,0.71
PF05437,PF05904,0,0,0,0,0,1026,0,1.0,0,0,0,0,0,0,1026,0,1.0,0,0
PF05225,PF04218,10,6,2,8,4,1012,0.33,0.99,0.2,0.25,6,2,8,4,1012,0.33,0.99,0.2,0.25
PF04963,PF04552,2,2,2,0,0,1024,1.0,1.0,1.0,1.0,2,2,0,0,1024,1.0,1.0,1.0,1.0
PF14593,PF11629,2,2,1,1,1,1023,0.5,1.0,0.5,0.5,2,1,1,1,1023,0.5,1.0,0.5,0.5
PF01602,PF06375,34,5,5,29,0,992,1.0,0.97,0.15,0.38,5,5,29,0,992,1.0,0.97,0.15,0.38
PF14733,PF00847,1,16,1,0,15,1010,0.06,0.99,1.0,0.25,16,1,0,15,1010,0.06,0.99,1.0,0.25
PF14496,PF09699,1,0,0,1,0,1025,0,1.0,0.0,0,0,0,1,0,1025,0,1.0,0.0,0
PF07119,PF10106,0,0,0,0,0,1026,0,1.0,0,0,0,0,0,0,1026,0,1.0,0,0
PF13925,PF09453,3,8,0,3,8,1015,0.0,0.99,0.0,-0.0,8,0,3,8,1015,0.0,0.99,0.0,-0.0
PF03389,PF04740,0,0,0,0,0,1026,0,1.0,0,0,0,0,0,0,1026,0,1.0,0,0
PF16680,PF11628,3,2,1,2,1,1022,0.5,1.0,0.33,0.41,2,1,2,1,1022,0.5,1.0,0.33,0.41
PF00165,PF04422,3,1,0,3,1,1022,0.0,1.0,0.0,-0.0,1,0,3,1,1022,0.0,1.0,0.0,-0.0
PF03195,PF05678,4,5,2,2,3,1019,0.4,1.0,0.5,0.44,5,2,2,3,1019,0.4,1.0,0.5,0.44
PF00399,PF09285,2,5,0,2,5,1019,0.0,0.99,0.0,-0.0,5,0,2,5,1019,0.0,0.99,0.0,-0.0
PF01374,PF04085,1,2,0,1,2,1023,0.0,1.0,0.0,-0.0,2,0,1,2,1023,0.0,1.0,0.0,-0.0
PF01375,PF12726,2,2,0,2,2,1022,0.0,1.0,0.0,-0.0,2,0,2,2,1022,0.0,1.0,0.0,-0.0
PF15972,PF16649,2,1,0,2,1,1023,0.0,1.0,0.0,-0.0,1,0,2,1,1023,0.0,1.0,0.0,-0.0
PF07101,PF03917,0,6,0,0,6,1020,0.0,0.99,0,0,6,0,0,6,1020,0.0,0.99,0,0
PF04464,PF17164,0,0,0,0,0,1026,0,1.0,0,0,0,0,0,0,1026,0,1.0,0,0
PF00330,PF00694,17,15,14,3,1,1008,0.93,1.0,0.82,0.87,15,14,3,1,1008,0.93,1.0,0.82,0.87
PF15741,PF17085,1,1,0,1,1,1024,0.0,1.0,0.0,-0.0,1,0,1,1,1024,0.0,1.0,0.0,-0.0
PF04229,PF09796,4,5,1,3,4,1018,0.2,0.99,0.25,0.22,5,1,3,4,1018,0.2,0.99,0.25,0.22
PF16700,PF15808,1,2,0,1,2,1023,0.0,1.0,0.0,-0.0,2,0,1,2,1023,0.0,1.0,0.0,-0.0
PF00833,PF04568,7,2,0,7,2,1017,0.0,0.99,0.0,-0.0,2,0,7,2,1017,0.0,0.99,0.0,-0.0
PF06401,PF16173,1,0,0,1,0,1025,0,1.0,0.0,0,0,0,1,0,1025,0,1.0,0.0,0
PF06444,PF01059,2,2,2,0,0,1024,1.0,1.0,1.0,1.0,2,2,0,0,1024,1.0,1.0,1.0,1.0
PF02526,PF05594,0,0,0,0,0,1026,0,1.0,0,0,0,0,0,0,1026,0,1.0,0,0
PF05641,PF03735,3,4,0,3,4,1019,0.0,0.99,0.0,-0.0,4,0,3,4,1019,0.0,0.99,0.0,-0.0
PF02348,PF02130,4,2,0,4,2,1020,0.0,0.99,0.0,-0.0,2,0,4,2,1020,0.0,0.99,0.0,-0.0
PF14613,PF13320,0,0,0,0,0,1026,0,1.0,0,0,0,0,0,0,1026,0,1.0,0,0
PF12548,PF12411,3,1,1,2,0,1023,1.0,1.0,0.33,0.58,1,1,2,0,1023,1.0,1.0,0.33,0.58
PF15235,PF07891,0,1,0,0,1,1025,0.0,1.0,0,0,1,0,0,1,1025,0.0,1.0,0,0
PF00360,PF01590,13,24,13,0,11,1002,0.54,0.99,1.0,0.73,24,13,0,11,1002,0.54,0.99,1.0,0.73
PF08248,PF08110,0,1,0,0,1,1025,0.0,1.0,0,0,1,0,0,1,1025,0.0,1.0,0,0
PF08369,PF00148,3,3,3,0,0,1023,1.0,1.0,1.0,1.0,3,3,0,0,1023,1.0,1.0,1.0,1.0
PF01504,PF00118,30,42,17,13,25,971,0.4,0.96,0.57,0.46,42,17,13,25,971,0.4,0.96,0.57,0.46
PF05630,PF01774,3,5,0,3,5,1018,0.0,0.99,0.0,-0.0,5,0,3,5,1018,0.0,0.99,0.0,-0.0
PF07755,PF17083,0,0,0,0,0,1026,0,1.0,0,0,0,0,0,0,1026,0,1.0,0,0
PF00124,PF00119,5,5,0,5,5,1016,0.0,0.99,0.0,-0.0,5,0,5,5,1016,0.0,0.99,0.0,-0.0
PF10173,PF10217,3,3,0,3,3,1020,0.0,0.99,0.0,-0.0,3,0,3,3,1020,0.0,0.99,0.0,-0.0
PF01846,PF16512,13,2,2,11,0,1013,1.0,0.99,0.15,0.39,2,2,11,0,1013,1.0,0.99,0.15,0.39
PF02363,PF02736,2,22,1,1,21,1003,0.05,0.98,0.5,0.15,22,1,1,21,1003,0.05,0.98,0.5,0.15
PF14294,PF05509,1,1,0,1,1,1024,0.0,1.0,0.0,-0.0,1,0,1,1,1024,0.0,1.0,0.0,-0.0
PF04520,PF06376,0,1,0,0,1,1025,0.0,1.0,0,0,1,0,0,1,1025,0.0,1.0,0,0
PF00377,PF01620,1,0,0,1,0,1025,0,1.0,0.0,0,0,0,1,0,1025,0,1.0,0.0,0
PF17132,PF12735,4,1,0,4,1,1021,0.0,1.0,0.0,-0.0,1,0,4,1,1021,0.0,1.0,0.0,-0.0
PF03732,PF01107,33,4,4,29,0,993,1.0,0.97,0.12,0.34,4,4,29,0,993,1.0,0.97,0.12,0.34
PF05362,PF03226,14,12,4,10,8,1004,0.33,0.98,0.29,0.3,12,4,10,8,1004,0.33,0.98,0.29,0.3
PF11543,PF05020,3,5,2,1,3,1020,0.4,1.0,0.67,0.51,5,2,1,3,1020,0.4,1.0,0.67,0.51
PF12338,PF00101,1,3,1,0,2,1023,0.33,1.0,1.0,0.58,3,1,0,2,1023,0.33,1.0,1.0,0.58
PF12273,PF06912,2,3,0,2,3,1021,0.0,1.0,0.0,-0.0,3,0,2,3,1021,0.0,1.0,0.0,-0.0
PF08095,PF03219,1,3,0,1,3,1022,0.0,1.0,0.0,-0.0,3,0,1,3,1022,0.0,1.0,0.0,-0.0
PF00413,PF01471,20,13,10,10,3,1003,0.77,0.99,0.5,0.61,13,10,10,3,1003,0.77,0.99,0.5,0.61
PF06916,PF10173,8,3,0,8,3,1015,0.0,0.99,0.0,-0.0,3,0,8,3,1015,0.0,0.99,0.0,-0.0
PF02394,PF05324,2,1,0,2,1,1023,0.0,1.0,0.0,-0.0,1,0,2,1,1023,0.0,1.0,0.0,-0.0
PF06719,PF12852,1,1,1,0,0,1025,1.0,1.0,1.0,1.0,1,1,0,0,1025,1.0,1.0,1.0,1.0
PF05278,PF10226,0,2,0,0,2,1024,0.0,1.0,0,0,2,0,0,2,1024,0.0,1.0,0,0
PF16764,PF08604,0,2,0,0,2,1024,0.0,1.0,0,0,2,0,0,2,1024,0.0,1.0,0,0
PF01052,PF15143,0,0,0,0,0,1026,0,1.0,0,0,0,0,0,0,1026,0,1.0,0,0
PF14196,PF10566,0,0,0,0,0,1026,0,1.0,0,0,0,0,0,0,1026,0,1.0,0,0
PF16116,PF16173,0,0,0,0,0,1026,0,1.0,0,0,0,0,0,0,1026,0,1.0,0,0
PF02449,PF09822,7,3,1,6,2,1017,0.33,0.99,0.14,0.21,3,1,6,2,1017,0.33,0.99,0.14,0.21
PF11769,PF14233,0,0,0,0,0,1026,0,1.0,0,0,0,0,0,0,1026,0,1.0,0,0
PF02558,PF08546,18,14,14,4,0,1008,1.0,1.0,0.78,0.88,14,14,4,0,1008,1.0,1.0,0.78,0.88
PF06942,PF15434,0,0,0,0,0,1026,0,1.0,0,0,0,0,0,0,1026,0,1.0,0,0
PF12299,PF07157,0,0,0,0,0,1026,0,1.0,0,0,0,0,0,0,1026,0,1.0,0,0
PF03128,PF14554,1,0,0,1,0,1025,0,1.0,0.0,0,0,0,1,0,1025,0,1.0,0.0,0
PF10537,PF15612,9,13,7,2,6,1011,0.54,0.99,0.78,0.64,13,7,2,6,1011,0.54,0.99,0.78,0.64
PF04816,PF16824,0,0,0,0,0,1026,0,1.0,0,0,0,0,0,0,1026,0,1.0,0,0
PF02599,PF15826,2,3,0,2,3,1021,0.0,1.0,0.0,-0.0,3,0,2,3,1021,0.0,1.0,0.0,-0.0
PF17031,PF07413,0,0,0,0,0,1026,0,1.0,0,0,0,0,0,0,1026,0,1.0,0,0
PF17104,PF17062,1,0,0,1,0,1025,0,1.0,0.0,0,0,0,1,0,1025,0,1.0,0.0,0
PF06798,PF07499,0,2,0,0,2,1024,0.0,1.0,0,0,2,0,0,2,1024,0.0,1.0,0,0
PF11671,PF12278,0,0,0,0,0,1026,0,1.0,0,0,0,0,0,0,1026,0,1.0,0,0
PF17019,PF11863,0,1,0,0,1,1025,0.0,1.0,0,0,1,0,0,1,1025,0.0,1.0,0,0
PF14844,PF06469,18,1,1,17,0,1008,1.0,0.98,0.06,0.23,1,1,17,0,1008,1.0,0.98,0.06,0.23
PF12515,PF12409,3,8,1,2,7,1016,0.12,0.99,0.33,0.2,8,1,2,7,1016,0.12,0.99,0.33,0.2
PF02151,PF02577,5,0,0,5,0,1021,0,1.0,0.0,0,0,0,5,0,1021,0,1.0,0.0,0
PF05303,PF15044,2,2,1,1,1,1023,0.5,1.0,0.5,0.5,2,1,1,1,1023,0.5,1.0,0.5,0.5
PF08608,PF13597,4,3,0,4,3,1019,0.0,0.99,0.0,-0.0,3,0,4,3,1019,0.0,0.99,0.0,-0.0
PF02387,PF04355,1,2,0,1,2,1023,0.0,1.0,0.0,-0.0,2,0,1,2,1023,0.0,1.0,0.0,-0.0
PF10612,PF12037,0,2,0,0,2,1024,0.0,1.0,0,0,2,0,0,2,1024,0.0,1.0,0,0
PF06345,PF06346,4,2,2,2,0,1022,1.0,1.0,0.5,0.71,2,2,2,0,1022,1.0,1.0,0.5,0.71
PF02983,PF09272,1,3,1,0,2,1023,0.33,1.0,1.0,0.58,3,1,0,2,1023,0.33,1.0,1.0,0.58
PF01249,PF09803,6,6,1,5,5,1015,0.17,0.99,0.17,0.16,6,1,5,5,1015,0.17,0.99,0.17,0.16
PF05699,PF14291,42,14,10,32,4,980,0.71,0.96,0.24,0.4,14,10,32,4,980,0.71,0.96,0.24,0.4
PF13401,PF14630,11,9,2,9,7,1008,0.22,0.98,0.18,0.19,9,2,9,7,1008,0.22,0.98,0.18,0.19
PF14786,PF08917,1,1,1,0,0,1025,1.0,1.0,1.0,1.0,1,1,0,0,1025,1.0,1.0,1.0,1.0
PF10863,PF15776,1,2,0,1,2,1023,0.0,1.0,0.0,-0.0,2,0,1,2,1023,0.0,1.0,0.0,-0.0
PF07077,PF08494,0,0,0,0,0,1026,0,1.0,0,0,0,0,0,0,1026,0,1.0,0,0
PF05598,PF04865,1,0,0,1,0,1025,0,1.0,0.0,0,0,0,1,0,1025,0,1.0,0.0,0
PF14378,PF08643,5,4,1,4,3,1018,0.25,0.99,0.2,0.22,4,1,4,3,1018,0.25,0.99,0.2,0.22
PF13174,PF05279,10,1,1,9,0,1016,1.0,0.99,0.1,0.31,1,1,9,0,1016,1.0,0.99,0.1,0.31
PF08780,PF13645,0,0,0,0,0,1026,0,1.0,0,0,0,0,0,0,1026,0,1.0,0,0
PF08801,PF03177,8,7,7,1,0,1018,1.0,1.0,0.88,0.93,7,7,1,0,1018,1.0,1.0,0.88,0.93
PF11594,PF10173,3,3,0,3,3,1020,0.0,0.99,0.0,-0.0,3,0,3,3,1020,0.0,0.99,0.0,-0.0
PF12729,PF04738,1,0,0,1,0,1025,0,1.0,0.0,0,0,0,1,0,1025,0,1.0,0.0,0
PF12335,PF02141,7,24,5,2,19,1000,0.21,0.98,0.71,0.38,24,5,2,19,1000,0.21,0.98,0.71,0.38
PF04112,PF12359,7,5,0,7,5,1014,0.0,0.99,0.0,-0.01,5,0,7,5,1014,0.0,0.99,0.0,-0.01
PF13737,PF17188,0,0,0,0,0,1026,0,1.0,0,0,0,0,0,0,1026,0,1.0,0,0
PF02554,PF01580,1,2,0,1,2,1023,0.0,1.0,0.0,-0.0,2,0,1,2,1023,0.0,1.0,0.0,-0.0
PF03453,PF03454,10,7,6,4,1,1015,0.86,1.0,0.6,0.71,7,6,4,1,1015,0.86,1.0,0.6,0.71
PF09248,PF02727,2,7,2,0,5,1019,0.29,1.0,1.0,0.53,7,2,0,5,1019,0.29,1.0,1.0,0.53
PF08573,PF07557,3,4,0,3,4,1019,0.0,0.99,0.0,-0.0,4,0,3,4,1019,0.0,0.99,0.0,-0.0
PF01807,PF08275,2,2,2,0,0,1024,1.0,1.0,1.0,1.0,2,2,0,0,1024,1.0,1.0,1.0,1.0
PF16321,PF02482,2,4,2,0,2,1022,0.5,1.0,1.0,0.71,4,2,0,2,1022,0.5,1.0,1.0,0.71
PF02425,PF17078,0,2,0,0,2,1024,0.0,1.0,0,0,2,0,0,2,1024,0.0,1.0,0,0
PF04285,PF14841,0,0,0,0,0,1026,0,1.0,0,0,0,0,0,0,1026,0,1.0,0,0
PF08690,PF05824,0,1,0,0,1,1025,0.0,1.0,0,0,1,0,0,1,1025,0.0,1.0,0,0
PF02547,PF03401,6,0,0,6,0,1020,0,0.99,0.0,0,0,0,6,0,1020,0,0.99,0.0,0
PF14250,PF11128,0,0,0,0,0,1026,0,1.0,0,0,0,0,0,0,1026,0,1.0,0,0
PF07399,PF10694,1,1,1,0,0,1025,1.0,1.0,1.0,1.0,1,1,0,0,1025,1.0,1.0,1.0,1.0
PF13787,PF04911,0,2,0,0,2,1024,0.0,1.0,0,0,2,0,0,2,1024,0.0,1.0,0,0
PF14698,PF08328,5,2,0,5,2,1019,0.0,0.99,0.0,-0.0,2,0,5,2,1019,0.0,0.99,0.0,-0.0
PF10186,PF09816,9,4,0,9,4,1013,0.0,0.99,0.0,-0.01,4,0,9,4,1013,0.0,0.99,0.0,-0.01
PF12226,PF15222,1,0,0,1,0,1025,0,1.0,0.0,0,0,0,1,0,1025,0,1.0,0.0,0
PF10645,PF16861,0,1,0,0,1,1025,0.0,1.0,0,0,1,0,0,1,1025,0.0,1.0,0,0
PF07434,PF15976,0,0,0,0,0,1026,0,1.0,0,0,0,0,0,0,1026,0,1.0,0,0
PF01927,PF08066,2,6,1,1,5,1019,0.17,0.99,0.5,0.29,6,1,1,5,1019,0.17,0.99,0.5,0.29
PF12008,PF04313,1,1,1,0,0,1025,1.0,1.0,1.0,1.0,1,1,0,0,1025,1.0,1.0,1.0,1.0
PF04715,PF00425,9,10,8,1,2,1015,0.8,1.0,0.89,0.84,10,8,1,2,1015,0.8,1.0,0.89,0.84
PF07247,PF07350,7,1,1,6,0,1019,1.0,0.99,0.14,0.38,1,1,6,0,1019,1.0,0.99,0.14,0.38
PF03589,PF03831,1,0,0,1,0,1025,0,1.0,0.0,0,0,0,1,0,1025,0,1.0,0.0,0
PF06657,PF10155,3,6,1,2,5,1018,0.17,0.99,0.33,0.23,6,1,2,5,1018,0.17,0.99,0.33,0.23
PF08320,PF06293,7,8,1,6,7,1012,0.12,0.99,0.14,0.13,8,1,6,7,1012,0.12,0.99,0.14,0.13
PF00033,PF00115,5,6,4,1,2,1019,0.67,1.0,0.8,0.73,6,4,1,2,1019,0.67,1.0,0.8,0.73
PF08448,PF13188,7,6,5,2,1,1018,0.83,1.0,0.71,0.77,6,5,2,1,1018,0.83,1.0,0.71,0.77
PF09282,PF07223,0,0,0,0,0,1026,0,1.0,0,0,0,0,0,0,1026,0,1.0,0,0
PF12247,PF12246,3,3,3,0,0,1023,1.0,1.0,1.0,1.0,3,3,0,0,1023,1.0,1.0,1.0,1.0
PF12036,PF04091,0,7,0,0,7,1019,0.0,0.99,0,0,7,0,0,7,1019,0.0,0.99,0,0
PF04046,PF12214,4,5,1,3,4,1018,0.2,0.99,0.25,0.22,5,1,3,4,1018,0.2,0.99,0.25,0.22
PF07489,PF01776,0,8,0,0,8,1018,0.0,0.99,0,0,8,0,0,8,1018,0.0,0.99,0,0
PF14111,PF14392,31,12,10,21,2,993,0.83,0.98,0.32,0.51,12,10,21,2,993,0.83,0.98,0.32,0.51
PF00233,PF01590,16,24,10,6,14,996,0.42,0.98,0.62,0.5,24,10,6,14,996,0.42,0.98,0.62,0.5
PF01969,PF07411,0,0,0,0,0,1026,0,1.0,0,0,0,0,0,0,1026,0,1.0,0,0
PF08553,PF07096,5,4,1,4,3,1018,0.25,0.99,0.2,0.22,4,1,4,3,1018,0.25,0.99,0.2,0.22
PF15257,PF04988,0,1,0,0,1,1025,0.0,1.0,0,0,1,0,0,1,1025,0.0,1.0,0,0
PF01058,PF00329,8,6,2,6,4,1014,0.33,0.99,0.25,0.28,6,2,6,4,1014,0.33,0.99,0.25,0.28
PF02325,PF14610,1,2,0,1,2,1023,0.0,1.0,0.0,-0.0,2,0,1,2,1023,0.0,1.0,0.0,-0.0
PF06954,PF14672,2,1,0,2,1,1023,0.0,1.0,0.0,-0.0,1,0,2,1,1023,0.0,1.0,0.0,-0.0
PF06439,PF03422,1,7,1,0,6,1019,0.14,0.99,1.0,0.38,7,1,0,6,1019,0.14,0.99,1.0,0.38
PF15134,PF15036,1,2,0,1,2,1023,0.0,1.0,0.0,-0.0,2,0,1,2,1023,0.0,1.0,0.0,-0.0
PF01985,PF07766,4,9,2,2,7,1015,0.22,0.99,0.5,0.33,9,2,2,7,1015,0.22,0.99,0.5,0.33
PF01713,PF08590,4,7,3,1,4,1018,0.43,1.0,0.75,0.56,7,3,1,4,1018,0.43,1.0,0.75,0.56
PF07466,PF04107,3,1,0,3,1,1022,0.0,1.0,0.0,-0.0,1,0,3,1,1022,0.0,1.0,0.0,-0.0
PF06881,PF07500,1,8,1,0,7,1018,0.12,0.99,1.0,0.35,8,1,0,7,1018,0.12,0.99,1.0,0.35
PF09677,PF12477,0,0,0,0,0,1026,0,1.0,0,0,0,0,0,0,1026,0,1.0,0,0
PF06212,PF03853,4,7,0,4,7,1015,0.0,0.99,0.0,-0.01,7,0,4,7,1015,0.0,0.99,0.0,-0.01
PF11018,PF15955,0,1,0,0,1,1025,0.0,1.0,0,0,1,0,0,1,1025,0.0,1.0,0,0
PF03985,PF00074,6,1,0,6,1,1019,0.0,0.99,0.0,-0.0,1,0,6,1,1019,0.0,0.99,0.0,-0.0
PF14622,PF00636,10,10,6,4,4,1012,0.6,0.99,0.6,0.6,10,6,4,4,1012,0.6,0.99,0.6,0.6
PF04284,PF12209,0,0,0,0,0,1026,0,1.0,0,0,0,0,0,0,1026,0,1.0,0,0
PF07690,PF00083,143,78,43,100,35,848,0.55,0.87,0.3,0.34,78,43,100,35,848,0.55,0.87,0.3,0.34
PF11711,PF10775,1,1,0,1,1,1024,0.0,1.0,0.0,-0.0,1,0,1,1,1024,0.0,1.0,0.0,-0.0
PF12656,PF02357,5,5,0,5,5,1016,0.0,0.99,0.0,-0.0,5,0,5,5,1016,0.0,0.99,0.0,-0.0
PF15521,PF09011,0,17,0,0,17,1009,0.0,0.98,0,0,17,0,0,17,1009,0.0,0.98,0,0
PF15070,PF10226,4,2,0,4,2,1020,0.0,0.99,0.0,-0.0,2,0,4,2,1020,0.0,0.99,0.0,-0.0
PF14740,PF04194,2,9,0,2,9,1015,0.0,0.99,0.0,-0.0,9,0,2,9,1015,0.0,0.99,0.0,-0.0
PF03567,PF01896,11,9,2,9,7,1008,0.22,0.98,0.18,0.19,9,2,9,7,1008,0.22,0.98,0.18,0.19
PF16220,PF04546,4,2,2,2,0,1022,1.0,1.0,0.5,0.71,2,2,2,0,1022,1.0,1.0,0.5,0.71
PF01169,PF01980,3,2,0,3,2,1021,0.0,1.0,0.0,-0.0,2,0,3,2,1021,0.0,1.0,0.0,-0.0
PF10683,PF14372,1,13,0,1,13,1012,0.0,0.99,0.0,-0.0,13,0,1,13,1012,0.0,0.99,0.0,-0.0
PF07927,PF08453,0,1,0,0,1,1025,0.0,1.0,0,0,1,0,0,1,1025,0.0,1.0,0,0
PF00014,PF10223,28,2,1,27,1,997,0.5,0.97,0.04,0.13,2,1,27,1,997,0.5,0.97,0.04,0.13
PF13463,PF07484,1,0,0,1,0,1025,0,1.0,0.0,0,0,0,1,0,1025,0,1.0,0.0,0
PF02283,PF16586,2,0,0,2,0,1024,0,1.0,0.0,0,0,0,2,0,1024,0,1.0,0.0,0
PF16368,PF16366,1,6,1,0,5,1020,0.17,1.0,1.0,0.41,6,1,0,5,1020,0.17,1.0,1.0,0.41
PF03793,PF03241,1,0,0,1,0,1025,0,1.0,0.0,0,0,0,1,0,1025,0,1.0,0.0,0
PF11255,PF02576,0,2,0,0,2,1024,0.0,1.0,0,0,2,0,0,2,1024,0.0,1.0,0,0
PF06024,PF09087,1,1,1,0,0,1025,1.0,1.0,1.0,1.0,1,1,0,0,1025,1.0,1.0,1.0,1.0
PF03279,PF11138,1,0,0,1,0,1025,0,1.0,0.0,0,0,0,1,0,1025,0,1.0,0.0,0
PF00573,PF14374,10,6,6,4,0,1016,1.0,1.0,0.6,0.77,6,6,4,0,1016,1.0,1.0,0.6,0.77
PF10504,PF15550,2,2,0,2,2,1022,0.0,1.0,0.0,-0.0,2,0,2,2,1022,0.0,1.0,0.0,-0.0
PF02666,PF12588,13,2,2,11,0,1013,1.0,0.99,0.15,0.39,2,2,11,0,1013,1.0,0.99,0.15,0.39
PF08631,PF15979,4,4,1,3,3,1019,0.25,0.99,0.25,0.25,4,1,3,3,1019,0.25,0.99,0.25,0.25
PF14937,PF05234,3,1,0,3,1,1022,0.0,1.0,0.0,-0.0,1,0,3,1,1022,0.0,1.0,0.0,-0.0
PF02572,PF06798,1,0,0,1,0,1025,0,1.0,0.0,0,0,0,1,0,1025,0,1.0,0.0,0
PF08486,PF10279,0,0,0,0,0,1026,0,1.0,0,0,0,0,0,0,1026,0,1.0,0,0
PF17054,PF08444,4,1,0,4,1,1021,0.0,1.0,0.0,-0.0,1,0,4,1,1021,0.0,1.0,0.0,-0.0
PF12752,PF13902,10,4,1,9,3,1013,0.25,0.99,0.1,0.15,4,1,9,3,1013,0.25,0.99,0.1,0.15
PF15613,PF02791,18,15,15,3,0,1008,1.0,1.0,0.83,0.91,15,15,3,0,1008,1.0,1.0,0.83,0.91
PF11510,PF15337,2,5,0,2,5,1019,0.0,0.99,0.0,-0.0,5,0,2,5,1019,0.0,0.99,0.0,-0.0
PF01448,PF08558,6,6,0,6,6,1014,0.0,0.99,0.0,-0.01,6,0,6,6,1014,0.0,0.99,0.0,-0.01
PF00220,PF15690,1,1,0,1,1,1024,0.0,1.0,0.0,-0.0,1,0,1,1,1024,0.0,1.0,0.0,-0.0
PF12313,PF11900,2,1,1,1,0,1024,1.0,1.0,0.5,0.71,1,1,1,0,1024,1.0,1.0,0.5,0.71
PF00079,PF04045,21,17,4,17,13,992,0.24,0.97,0.19,0.2,17,4,17,13,992,0.24,0.97,0.19,0.2
PF01365,PF08709,9,10,9,0,1,1016,0.9,1.0,1.0,0.95,10,9,0,1,1016,0.9,1.0,1.0,0.95
PF05853,PF15050,1,0,0,1,0,1025,0,1.0,0.0,0,0,0,1,0,1025,0,1.0,0.0,0
PF10490,PF13005,1,0,0,1,0,1025,0,1.0,0.0,0,0,0,1,0,1025,0,1.0,0.0,0
PF04716,PF01632,10,2,1,9,1,1015,0.5,0.99,0.1,0.22,2,1,9,1,1015,0.5,0.99,0.1,0.22
PF11175,PF03553,0,1,0,0,1,1025,0.0,1.0,0,0,1,0,0,1,1025,0.0,1.0,0,0
PF04342,PF13742,0,0,0,0,0,1026,0,1.0,0,0,0,0,0,0,1026,0,1.0,0,0
PF14797,PF09066,2,4,2,0,2,1022,0.5,1.0,1.0,0.71,4,2,0,2,1022,0.5,1.0,1.0,0.71
PF05015,PF14655,0,7,0,0,7,1019,0.0,0.99,0,0,7,0,0,7,1019,0.0,0.99,0,0
PF12491,PF06448,1,4,1,0,3,1022,0.25,1.0,1.0,0.5,4,1,0,3,1022,0.25,1.0,1.0,0.5
PF15094,PF15914,0,0,0,0,0,1026,0,1.0,0,0,0,0,0,0,1026,0,1.0,0,0
PF04750,PF03972,3,3,0,3,3,1020,0.0,0.99,0.0,-0.0,3,0,3,3,1020,0.0,0.99,0.0,-0.0
PF16563,PF13919,4,5,1,3,4,1018,0.2,0.99,0.25,0.22,5,1,3,4,1018,0.2,0.99,0.25,0.22
PF12782,PF15362,0,1,0,0,1,1025,0.0,1.0,0,0,1,0,0,1,1025,0.0,1.0,0,0
PF01079,PF01085,10,7,6,4,1,1015,0.86,1.0,0.6,0.71,7,6,4,1,1015,0.86,1.0,0.6,0.71
PF08193,PF07544,2,3,0,2,3,1021,0.0,1.0,0.0,-0.0,3,0,2,3,1021,0.0,1.0,0.0,-0.0
PF16055,PF08497,0,0,0,0,0,1026,0,1.0,0,0,0,0,0,0,1026,0,1.0,0,0
PF01510,PF15955,9,1,0,9,1,1016,0.0,0.99,0.0,-0.0,1,0,9,1,1016,0.0,0.99,0.0,-0.0
PF14870,PF15334,0,0,0,0,0,1026,0,1.0,0,0,0,0,0,0,1026,0,1.0,0,0
PF14379,PF16495,3,2,0,3,2,1021,0.0,1.0,0.0,-0.0,2,0,3,2,1021,0.0,1.0,0.0,-0.0
PF06253,PF09261,1,18,0,1,18,1007,0.0,0.98,0.0,-0.0,18,0,1,18,1007,0.0,0.98,0.0,-0.0
PF03189,PF01285,5,2,0,5,2,1019,0.0,0.99,0.0,-0.0,2,0,5,2,1019,0.0,0.99,0.0,-0.0
PF04459,PF02217,0,1,0,0,1,1025,0.0,1.0,0,0,1,0,0,1,1025,0.0,1.0,0,0
PF12820,PF01594,0,2,0,0,2,1024,0.0,1.0,0,0,2,0,0,2,1024,0.0,1.0,0,0
PF00228,PF04916,2,5,1,1,4,1020,0.2,1.0,0.5,0.31,5,1,1,4,1020,0.2,1.0,0.5,0.31
PF14552,PF00669,1,1,0,1,1,1024,0.0,1.0,0.0,-0.0,1,0,1,1,1024,0.0,1.0,0.0,-0.0
PF16559,PF08518,0,6,0,0,6,1020,0.0,0.99,0,0,6,0,0,6,1020,0.0,0.99,0,0
PF16208,PF04732,2,3,0,2,3,1021,0.0,1.0,0.0,-0.0,3,0,2,3,1021,0.0,1.0,0.0,-0.0
PF14675,PF14676,1,1,1,0,0,1025,1.0,1.0,1.0,1.0,1,1,0,0,1025,1.0,1.0,1.0,1.0
PF09666,PF08744,0,0,0,0,0,1026,0,1.0,0,0,0,0,0,0,1026,0,1.0,0,0
PF13007,PF03050,0,0,0,0,0,1026,0,1.0,0,0,0,0,0,0,1026,0,1.0,0,0
PF03414,PF06951,4,4,1,3,3,1019,0.25,0.99,0.25,0.25,4,1,3,3,1019,0.25,0.99,0.25,0.25
PF09984,PF05272,2,0,0,2,0,1024,0,1.0,0.0,0,0,0,2,0,1024,0,1.0,0.0,0
PF03636,PF03633,3,1,1,2,0,1023,1.0,1.0,0.33,0.58,1,1,2,0,1023,1.0,1.0,0.33,0.58
PF01412,PF01237,34,30,13,21,17,975,0.43,0.96,0.38,0.39,30,13,21,17,975,0.43,0.96,0.38,0.39
PF10327,PF10325,2,1,0,2,1,1023,0.0,1.0,0.0,-0.0,1,0,2,1,1023,0.0,1.0,0.0,-0.0
PF12325,PF16574,3,1,0,3,1,1022,0.0,1.0,0.0,-0.0,1,0,3,1,1022,0.0,1.0,0.0,-0.0
PF04573,PF09297,7,2,1,6,1,1018,0.5,0.99,0.14,0.26,2,1,6,1,1018,0.5,0.99,0.14,0.26
PF16039,PF09057,1,2,0,1,2,1023,0.0,1.0,0.0,-0.0,2,0,1,2,1023,0.0,1.0,0.0,-0.0
PF03723,PF03722,5,5,5,0,0,1021,1.0,1.0,1.0,1.0,5,5,0,0,1021,1.0,1.0,1.0,1.0
PF02840,PF07039,6,6,1,5,5,1015,0.17,0.99,0.17,0.16,6,1,5,5,1015,0.17,0.99,0.17,0.16
PF00698,PF16197,24,16,16,8,0,1002,1.0,0.99,0.67,0.81,16,16,8,0,1002,1.0,0.99,0.67,0.81
PF02145,PF03542,11,3,3,8,0,1015,1.0,0.99,0.27,0.52,3,3,8,0,1015,1.0,0.99,0.27,0.52
PF14512,PF06403,0,0,0,0,0,1026,0,1.0,0,0,0,0,0,0,1026,0,1.0,0,0
PF05024,PF06584,4,3,0,4,3,1019,0.0,0.99,0.0,-0.0,3,0,4,3,1019,0.0,0.99,0.0,-0.0
PF06197,PF09699,0,0,0,0,0,1026,0,1.0,0,0,0,0,0,0,1026,0,1.0,0,0
PF11318,PF10782,0,0,0,0,0,1026,0,1.0,0,0,0,0,0,0,1026,0,1.0,0,0
PF09329,PF12253,6,0,0,6,0,1020,0,0.99,0.0,0,0,0,6,0,1020,0,0.99,0.0,0
PF08762,PF12381,1,1,1,0,0,1025,1.0,1.0,1.0,1.0,1,1,0,0,1025,1.0,1.0,1.0,1.0
PF03034,PF04831,7,1,0,7,1,1018,0.0,0.99,0.0,-0.0,1,0,7,1,1018,0.0,0.99,0.0,-0.0
PF00998,PF00516,1,0,0,1,0,1025,0,1.0,0.0,0,0,0,1,0,1025,0,1.0,0.0,0
PF16121,PF08071,7,6,5,2,1,1018,0.83,1.0,0.71,0.77,6,5,2,1,1018,0.83,1.0,0.71,0.77
PF12658,PF17015,1,0,0,1,0,1025,0,1.0,0.0,0,0,0,1,0,1025,0,1.0,0.0,0
PF09731,PF08704,5,5,0,5,5,1016,0.0,0.99,0.0,-0.0,5,0,5,5,1016,0.0,0.99,0.0,-0.0
PF04223,PF01289,1,1,0,1,1,1024,0.0,1.0,0.0,-0.0,1,0,1,1,1024,0.0,1.0,0.0,-0.0
PF12883,PF13471,0,3,0,0,3,1023,0.0,1.0,0,0,3,0,0,3,1023,0.0,1.0,0,0
PF05088,PF02812,7,6,3,4,3,1016,0.5,0.99,0.43,0.46,6,3,4,3,1016,0.5,0.99,0.43,0.46
PF04011,PF06744,0,0,0,0,0,1026,0,1.0,0,0,0,0,0,0,1026,0,1.0,0,0
PF02175,PF03488,1,0,0,1,0,1025,0,1.0,0.0,0,0,0,1,0,1025,0,1.0,0.0,0
PF04597,PF14802,7,3,0,7,3,1016,0.0,0.99,0.0,-0.0,3,0,7,3,1016,0.0,0.99,0.0,-0.0
PF05029,PF12166,4,4,1,3,3,1019,0.25,0.99,0.25,0.25,4,1,3,3,1019,0.25,0.99,0.25,0.25
PF08232,PF03920,7,0,0,7,0,1019,0,0.99,0.0,0,0,0,7,0,1019,0,0.99,0.0,0
PF04837,PF06355,0,1,0,0,1,1025,0.0,1.0,0,0,1,0,0,1,1025,0.0,1.0,0,0
PF09092,PF03971,0,3,0,0,3,1023,0.0,1.0,0,0,3,0,0,3,1023,0.0,1.0,0,0
PF14984,PF15129,3,0,0,3,0,1023,0,1.0,0.0,0,0,0,3,0,1023,0,1.0,0.0,0
PF02540,PF00977,19,7,2,17,5,1002,0.29,0.98,0.11,0.16,7,2,17,5,1002,0.29,0.98,0.11,0.16
PF00493,PF17207,39,36,36,3,0,987,1.0,1.0,0.92,0.96,36,36,3,0,987,1.0,1.0,0.92,0.96
PF12447,PF02873,1,2,1,0,1,1024,0.5,1.0,1.0,0.71,2,1,0,1,1024,0.5,1.0,1.0,0.71
PF15917,PF09743,0,2,0,0,2,1024,0.0,1.0,0,0,2,0,0,2,1024,0.0,1.0,0,0
PF11830,PF15733,0,1,0,0,1,1025,0.0,1.0,0,0,1,0,0,1,1025,0.0,1.0,0,0
PF01740,PF00916,25,28,22,3,6,995,0.79,0.99,0.88,0.83,28,22,3,6,995,0.79,0.99,0.88,0.83
PF00584,PF08228,7,1,0,7,1,1018,0.0,0.99,0.0,-0.0,1,0,7,1,1018,0.0,0.99,0.0,-0.0
PF16026,PF15821,3,0,0,3,0,1023,0,1.0,0.0,0,0,0,3,0,1023,0,1.0,0.0,0
PF09500,PF11750,0,0,0,0,0,1026,0,1.0,0,0,0,0,0,0,1026,0,1.0,0,0
PF15467,PF15398,0,1,0,0,1,1025,0.0,1.0,0,0,1,0,0,1,1025,0.0,1.0,0,0
PF14902,PF05762,0,1,0,0,1,1025,0.0,1.0,0,0,1,0,0,1,1025,0.0,1.0,0,0
PF00436,PF04667,12,5,1,11,4,1010,0.2,0.99,0.08,0.12,5,1,11,4,1010,0.2,0.99,0.08,0.12
PF09304,PF15147,0,0,0,0,0,1026,0,1.0,0,0,0,0,0,0,1026,0,1.0,0,0
PF15788,PF02740,0,2,0,0,2,1024,0.0,1.0,0,0,2,0,0,2,1024,0.0,1.0,0,0
PF04252,PF08345,3,2,0,3,2,1021,0.0,1.0,0.0,-0.0,2,0,3,2,1021,0.0,1.0,0.0,-0.0
PF12572,PF09350,9,3,0,9,3,1014,0.0,0.99,0.0,-0.01,3,0,9,3,1014,0.0,0.99,0.0,-0.01
PF01655,PF02928,9,6,2,7,4,1013,0.33,0.99,0.22,0.27,6,2,7,4,1013,0.33,0.99,0.22,0.27
PF07156,PF08911,14,7,3,11,4,1008,0.43,0.99,0.21,0.3,7,3,11,4,1008,0.43,0.99,0.21,0.3
PF14309,PF14383,5,1,1,4,0,1021,1.0,1.0,0.2,0.45,1,1,4,0,1021,1.0,1.0,0.2,0.45
PF02351,PF00393,3,9,1,2,8,1015,0.11,0.99,0.33,0.19,9,1,2,8,1015,0.11,0.99,0.33,0.19
PF14875,PF14382,1,7,1,0,6,1019,0.14,0.99,1.0,0.38,7,1,0,6,1019,0.14,0.99,1.0,0.38
PF01251,PF16739,14,6,2,12,4,1008,0.33,0.98,0.14,0.21,6,2,12,4,1008,0.33,0.98,0.14,0.21
PF11761,PF02979,0,1,0,0,1,1025,0.0,1.0,0,0,1,0,0,1,1025,0.0,1.0,0,0
PF08417,PF04305,5,6,1,4,5,1016,0.17,0.99,0.2,0.18,6,1,4,5,1016,0.17,0.99,0.2,0.18
PF02675,PF08411,2,1,0,2,1,1023,0.0,1.0,0.0,-0.0,1,0,2,1,1023,0.0,1.0,0.0,-0.0
PF11912,PF15333,0,1,0,0,1,1025,0.0,1.0,0,0,1,0,0,1,1025,0.0,1.0,0,0
PF14679,PF14676,0,1,0,0,1,1025,0.0,1.0,0,0,1,0,0,1,1025,0.0,1.0,0,0
PF05974,PF03090,0,0,0,0,0,1026,0,1.0,0,0,0,0,0,0,1026,0,1.0,0,0
PF01471,PF00045,13,13,9,4,4,1009,0.69,0.99,0.69,0.69,13,9,4,4,1009,0.69,0.99,0.69,0.69
PF08919,PF09027,3,2,1,2,1,1022,0.5,1.0,0.33,0.41,2,1,2,1,1022,0.5,1.0,0.33,0.41
PF07990,PF12600,0,0,0,0,0,1026,0,1.0,0,0,0,0,0,0,1026,0,1.0,0,0
PF04539,PF04545,7,10,7,0,3,1016,0.7,1.0,1.0,0.84,10,7,0,3,1016,0.7,1.0,1.0,0.84
PF00683,PF06816,4,5,1,3,4,1018,0.2,0.99,0.25,0.22,5,1,3,4,1018,0.2,0.99,0.25,0.22
PF07068,PF08401,0,0,0,0,0,1026,0,1.0,0,0,0,0,0,0,1026,0,1.0,0,0
PF09303,PF03185,2,4,2,0,2,1022,0.5,1.0,1.0,0.71,4,2,0,2,1022,0.5,1.0,1.0,0.71
PF16646,PF08833,0,2,0,0,2,1024,0.0,1.0,0,0,2,0,0,2,1024,0.0,1.0,0,0
PF14572,PF13793,18,22,17,1,5,1003,0.77,0.99,0.94,0.85,22,17,1,5,1003,0.77,0.99,0.94,0.85
PF08923,PF10457,1,7,0,1,7,1018,0.0,0.99,0.0,-0.0,7,0,1,7,1018,0.0,0.99,0.0,-0.0
PF01053,PF04828,20,11,8,12,3,1003,0.73,0.99,0.4,0.53,11,8,12,3,1003,0.73,0.99,0.4,0.53
PF17035,PF12024,14,4,1,13,3,1009,0.25,0.98,0.07,0.13,4,1,13,3,1009,0.25,0.98,0.07,0.13
PF09130,PF14833,3,12,2,1,10,1013,0.17,0.99,0.67,0.33,12,2,1,10,1013,0.17,0.99,0.67,0.33
PF05624,PF14909,0,3,0,0,3,1023,0.0,1.0,0,0,3,0,0,3,1023,0.0,1.0,0,0
PF01469,PF09289,2,3,0,2,3,1021,0.0,1.0,0.0,-0.0,3,0,2,3,1021,0.0,1.0,0.0,-0.0
PF02192,PF00792,2,10,2,0,8,1016,0.2,0.99,1.0,0.45,10,2,0,8,1016,0.2,0.99,1.0,0.45
PF01084,PF00329,7,6,2,5,4,1015,0.33,0.99,0.29,0.3,6,2,5,4,1015,0.33,0.99,0.29,0.3
PF09326,PF00384,4,9,3,1,6,1016,0.33,0.99,0.75,0.5,9,3,1,6,1016,0.33,0.99,0.75,0.5
PF15353,PF04087,1,0,0,1,0,1025,0,1.0,0.0,0,0,0,1,0,1025,0,1.0,0.0,0
PF14238,PF13390,0,0,0,0,0,1026,0,1.0,0,0,0,0,0,0,1026,0,1.0,0,0
PF04478,PF11282,1,0,0,1,0,1025,0,1.0,0.0,0,0,0,1,0,1025,0,1.0,0.0,0
PF11406,PF10106,0,0,0,0,0,1026,0,1.0,0,0,0,0,0,0,1026,0,1.0,0,0
PF04923,PF06417,4,6,1,3,5,1017,0.17,0.99,0.25,0.2,6,1,3,5,1017,0.17,0.99,0.25,0.2
PF04158,PF16699,2,2,0,2,2,1022,0.0,1.0,0.0,-0.0,2,0,2,2,1022,0.0,1.0,0.0,-0.0
PF04525,PF04674,4,2,0,4,2,1020,0.0,0.99,0.0,-0.0,2,0,4,2,1020,0.0,0.99,0.0,-0.0
PF09994,PF01018,10,4,2,8,2,1014,0.5,0.99,0.2,0.31,4,2,8,2,1014,0.5,0.99,0.2,0.31
PF03810,PF08767,30,5,4,26,1,995,0.8,0.97,0.13,0.32,5,4,26,1,995,0.8,0.97,0.13,0.32
PF06290,PF14882,0,0,0,0,0,1026,0,1.0,0,0,0,0,0,0,1026,0,1.0,0,0
PF01184,PF01300,15,9,5,10,4,1007,0.56,0.99,0.33,0.42,9,5,10,4,1007,0.56,0.99,0.33,0.42
PF14033,PF07000,9,5,1,8,4,1013,0.2,0.99,0.11,0.14,5,1,8,4,1013,0.2,0.99,0.11,0.14
PF09613,PF02252,0,4,0,0,4,1022,0.0,1.0,0,0,4,0,0,4,1022,0.0,1.0,0,0
PF10626,PF02059,0,1,0,0,1,1025,0.0,1.0,0,0,1,0,0,1,1025,0.0,1.0,0,0
PF13145,PF17193,4,0,0,4,0,1022,0,1.0,0.0,0,0,0,4,0,1022,0,1.0,0.0,0
PF08094,PF10456,1,6,0,1,6,1019,0.0,0.99,0.0,-0.0,6,0,1,6,1019,0.0,0.99,0.0,-0.0
PF10109,PF04355,0,2,0,0,2,1024,0.0,1.0,0,0,2,0,0,2,1024,0.0,1.0,0,0
PF16531,PF07989,3,10,0,3,10,1013,0.0,0.99,0.0,-0.01,10,0,3,10,1013,0.0,0.99,0.0,-0.01
PF00027,PF08412,51,4,4,47,0,975,1.0,0.95,0.08,0.27,4,4,47,0,975,1.0,0.95,0.08,0.27
PF10431,PF07724,17,17,17,0,0,1009,1.0,1.0,1.0,1.0,17,17,0,0,1009,1.0,1.0,1.0,1.0
PF05870,PF03576,1,1,0,1,1,1024,0.0,1.0,0.0,-0.0,1,0,1,1,1024,0.0,1.0,0.0,-0.0
PF16273,PF09032,0,0,0,0,0,1026,0,1.0,0,0,0,0,0,0,1026,0,1.0,0,0
PF00687,PF15998,18,5,1,17,4,1004,0.2,0.98,0.06,0.1,5,1,17,4,1004,0.2,0.98,0.06,0.1
PF11802,PF16001,0,0,0,0,0,1026,0,1.0,0,0,0,0,0,0,1026,0,1.0,0,0
PF14603,PF15442,1,1,0,1,1,1024,0.0,1.0,0.0,-0.0,1,0,1,1,1024,0.0,1.0,0.0,-0.0
PF15693,PF15694,0,0,0,0,0,1026,0,1.0,0,0,0,0,0,0,1026,0,1.0,0,0
PF07495,PF11863,1,1,0,1,1,1024,0.0,1.0,0.0,-0.0,1,0,1,1,1024,0.0,1.0,0.0,-0.0
PF08532,PF07117,6,0,0,6,0,1020,0,0.99,0.0,0,0,0,6,0,1020,0,0.99,0.0,0
PF08523,PF09363,4,2,0,4,2,1020,0.0,0.99,0.0,-0.0,2,0,4,2,1020,0.0,0.99,0.0,-0.0
PF00791,PF00531,15,28,12,3,16,995,0.43,0.98,0.8,0.58,28,12,3,16,995,0.43,0.98,0.8,0.58
PF11551,PF06827,1,5,1,0,4,1021,0.2,1.0,1.0,0.45,5,1,0,4,1021,0.2,1.0,1.0,0.45
PF03991,PF07276,1,0,0,1,0,1025,0,1.0,0.0,0,0,0,1,0,1025,0,1.0,0.0,0
PF15115,PF14986,0,0,0,0,0,1026,0,1.0,0,0,0,0,0,0,1026,0,1.0,0,0
PF01384,PF01597,12,13,2,10,11,1003,0.15,0.98,0.17,0.15,13,2,10,11,1003,0.15,0.98,0.17,0.15
PF02202,PF15829,1,0,0,1,0,1025,0,1.0,0.0,0,0,0,1,0,1025,0,1.0,0.0,0
PF09470,PF10856,0,0,0,0,0,1026,0,1.0,0,0,0,0,0,0,1026,0,1.0,0,0
PF00947,PF08727,4,4,4,0,0,1022,1.0,1.0,1.0,1.0,4,4,0,0,1022,1.0,1.0,1.0,1.0
PF10606,PF10482,1,1,0,1,1,1024,0.0,1.0,0.0,-0.0,1,0,1,1,1024,0.0,1.0,0.0,-0.0
PF09465,PF01222,2,11,1,1,10,1014,0.09,0.99,0.5,0.21,11,1,1,10,1014,0.09,0.99,0.5,0.21
PF14136,PF11245,0,0,0,0,0,1026,0,1.0,0,0,0,0,0,0,1026,0,1.0,0,0
PF10440,PF03353,3,3,0,3,3,1020,0.0,0.99,0.0,-0.0,3,0,3,3,1020,0.0,0.99,0.0,-0.0
PF17215,PF17216,4,6,4,0,2,1020,0.67,1.0,1.0,0.82,6,4,0,2,1020,0.67,1.0,1.0,0.82
PF10522,PF05716,3,2,0,3,2,1021,0.0,1.0,0.0,-0.0,2,0,3,2,1021,0.0,1.0,0.0,-0.0
PF08293,PF09996,2,0,0,2,0,1024,0,1.0,0.0,0,0,0,2,0,1024,0,1.0,0.0,0
PF09324,PF12783,9,17,9,0,8,1009,0.53,0.99,1.0,0.72,17,9,0,8,1009,0.53,0.99,1.0,0.72
PF03185,PF09051,4,0,0,4,0,1022,0,1.0,0.0,0,0,0,4,0,1022,0,1.0,0.0,0
PF05037,PF14934,0,2,0,0,2,1024,0.0,1.0,0,0,2,0,0,2,1024,0.0,1.0,0,0
PF00792,PF00613,10,13,10,0,3,1013,0.77,1.0,1.0,0.88,13,10,0,3,1013,0.77,1.0,1.0,0.88
PF07576,PF13436,4,0,0,4,0,1022,0,1.0,0.0,0,0,0,4,0,1022,0,1.0,0.0,0
PF00082,PF05922,35,18,15,20,3,988,0.83,0.98,0.43,0.59,18,15,20,3,988,0.83,0.98,0.43,0.59
PF09799,PF00159,9,0,0,9,0,1017,0,0.99,0.0,0,0,0,9,0,1017,0,0.99,0.0,0
PF06161,PF15832,0,2,0,0,2,1024,0.0,1.0,0,0,2,0,0,2,1024,0.0,1.0,0,0
PF08538,PF10705,3,0,0,3,0,1023,0,1.0,0.0,0,0,0,3,0,1023,0,1.0,0.0,0
PF15548,PF04610,1,5,0,1,5,1020,0.0,0.99,0.0,-0.0,5,0,1,5,1020,0.0,0.99,0.0,-0.0
PF00250,PF16159,30,1,1,29,0,996,1.0,0.97,0.03,0.18,1,1,29,0,996,1.0,0.97,0.03,0.18
PF06273,PF16485,1,0,0,1,0,1025,0,1.0,0.0,0,0,0,1,0,1025,0,1.0,0.0,0
PF15884,PF11029,0,2,0,0,2,1024,0.0,1.0,0,0,2,0,0,2,1024,0.0,1.0,0,0
PF09197,PF08914,0,7,0,0,7,1019,0.0,0.99,0,0,7,0,0,7,1019,0.0,0.99,0,0
PF14936,PF08591,0,0,0,0,0,1026,0,1.0,0,0,0,0,0,0,1026,0,1.0,0,0
PF05025,PF08334,2,2,0,2,2,1022,0.0,1.0,0.0,-0.0,2,0,2,2,1022,0.0,1.0,0.0,-0.0
PF04091,PF12036,7,0,0,7,0,1019,0,0.99,0.0,0,0,0,7,0,1019,0,0.99,0.0,0
PF03945,PF16401,2,2,0,2,2,1022,0.0,1.0,0.0,-0.0,2,0,2,2,1022,0.0,1.0,0.0,-0.0
PF15063,PF15831,0,0,0,0,0,1026,0,1.0,0,0,0,0,0,0,1026,0,1.0,0,0
PF09110,PF09111,7,7,7,0,0,1019,1.0,1.0,1.0,1.0,7,7,0,0,1019,1.0,1.0,1.0,1.0
PF02141,PF03456,24,18,18,6,0,1002,1.0,0.99,0.75,0.86,18,18,6,0,1002,1.0,0.99,0.75,0.86
PF05425,PF13753,0,0,0,0,0,1026,0,1.0,0,0,0,0,0,0,1026,0,1.0,0,0
PF13914,PF05548,2,1,0,2,1,1023,0.0,1.0,0.0,-0.0,1,0,2,1,1023,0.0,1.0,0.0,-0.0
PF13443,PF03238,1,0,0,1,0,1025,0,1.0,0.0,0,0,0,1,0,1025,0,1.0,0.0,0
PF05463,PF05111,1,1,0,1,1,1024,0.0,1.0,0.0,-0.0,1,0,1,1,1024,0.0,1.0,0.0,-0.0
PF00563,PF00990,6,9,4,2,5,1015,0.44,0.99,0.67,0.54,9,4,2,5,1015,0.44,0.99,0.67,0.54
PF13474,PF02577,1,0,0,1,0,1025,0,1.0,0.0,0,0,0,1,0,1025,0,1.0,0.0,0
PF02156,PF16990,2,2,2,0,0,1024,1.0,1.0,1.0,1.0,2,2,0,0,1024,1.0,1.0,1.0,1.0
PF02268,PF02751,7,8,7,0,1,1018,0.88,1.0,1.0,0.93,8,7,0,1,1018,0.88,1.0,1.0,0.93
PF10172,PF09692,4,2,0,4,2,1020,0.0,0.99,0.0,-0.0,2,0,4,2,1020,0.0,0.99,0.0,-0.0
PF05147,PF12239,7,7,2,5,5,1014,0.29,0.99,0.29,0.28,7,2,5,5,1014,0.29,0.99,0.29,0.28
PF15490,PF14494,2,0,0,2,0,1024,0,1.0,0.0,0,0,0,2,0,1024,0,1.0,0.0,0
PF13820,PF01335,4,6,2,2,4,1018,0.33,0.99,0.5,0.41,6,2,2,4,1018,0.33,0.99,0.5,0.41
PF00174,PF03404,11,11,11,0,0,1015,1.0,1.0,1.0,1.0,11,11,0,0,1015,1.0,1.0,1.0,1.0
PF10302,PF13373,0,1,0,0,1,1025,0.0,1.0,0,0,1,0,0,1,1025,0.0,1.0,0,0
PF00619,PF12061,19,1,0,19,1,1006,0.0,0.98,0.0,-0.0,1,0,19,1,1006,0.0,0.98,0.0,-0.0
PF04871,PF01782,7,4,1,6,3,1016,0.25,0.99,0.14,0.18,4,1,6,3,1016,0.25,0.99,0.14,0.18
PF04446,PF14413,6,6,6,0,0,1020,1.0,1.0,1.0,1.0,6,6,0,0,1020,1.0,1.0,1.0,1.0
PF15974,PF08374,1,1,1,0,0,1025,1.0,1.0,1.0,1.0,1,1,0,0,1025,1.0,1.0,1.0,1.0
PF08802,PF02921,1,6,1,0,5,1020,0.17,1.0,1.0,0.41,6,1,0,5,1020,0.17,1.0,1.0,0.41
PF03736,PF01463,6,5,3,3,2,1018,0.6,1.0,0.5,0.55,5,3,3,2,1018,0.6,1.0,0.5,0.55
PF05282,PF05197,3,4,0,3,4,1019,0.0,0.99,0.0,-0.0,4,0,3,4,1019,0.0,0.99,0.0,-0.0
PF03895,PF14396,4,2,2,2,0,1022,1.0,1.0,0.5,0.71,2,2,2,0,1022,1.0,1.0,0.5,0.71
PF14282,PF03847,0,9,0,0,9,1017,0.0,0.99,0,0,9,0,0,9,1017,0.0,0.99,0,0
PF01738,PF03211,17,6,2,15,4,1005,0.33,0.98,0.12,0.19,6,2,15,4,1005,0.33,0.98,0.12,0.19
PF00235,PF04177,12,6,1,11,5,1009,0.17,0.98,0.08,0.11,6,1,11,5,1009,0.17,0.98,0.08,0.11
PF03896,PF05676,9,2,0,9,2,1015,0.0,0.99,0.0,-0.0,2,0,9,2,1015,0.0,0.99,0.0,-0.0
PF13391,PF01868,5,9,1,4,8,1013,0.11,0.99,0.2,0.14,9,1,4,8,1013,0.11,0.99,0.2,0.14
PF02620,PF03703,7,0,0,7,0,1019,0,0.99,0.0,0,0,0,7,0,1019,0,0.99,0.0,0
PF07545,PF10332,1,0,0,1,0,1025,0,1.0,0.0,0,0,0,1,0,1025,0,1.0,0.0,0
PF01408,PF17132,29,4,1,28,3,994,0.25,0.97,0.03,0.08,4,1,28,3,994,0.25,0.97,0.03,0.08
PF01340,PF12320,2,0,0,2,0,1024,0,1.0,0.0,0,0,0,2,0,1024,0,1.0,0.0,0
PF07338,PF06798,2,0,0,2,0,1024,0,1.0,0.0,0,0,0,2,0,1024,0,1.0,0.0,0
PF02921,PF08802,6,1,1,5,0,1020,1.0,1.0,0.17,0.41,1,1,5,0,1020,1.0,1.0,0.17,0.41
PF11598,PF01414,2,12,0,2,12,1012,0.0,0.99,0.0,-0.0,12,0,2,12,1012,0.0,0.99,0.0,-0.0
PF08562,PF00188,0,34,0,0,34,992,0.0,0.97,0,0,34,0,0,34,992,0.0,0.97,0,0
PF11941,PF09154,1,1,1,0,0,1025,1.0,1.0,1.0,1.0,1,1,0,0,1025,1.0,1.0,1.0,1.0
PF00213,PF00210,11,11,1,10,10,1005,0.09,0.98,0.09,0.08,11,1,10,10,1005,0.09,0.98,0.09,0.08
PF04797,PF00780,0,32,0,0,32,994,0.0,0.97,0,0,32,0,0,32,994,0.0,0.97,0,0
PF07324,PF02126,4,4,0,4,4,1018,0.0,0.99,0.0,-0.0,4,0,4,4,1018,0.0,0.99,0.0,-0.0
PF05444,PF15489,3,1,0,3,1,1022,0.0,1.0,0.0,-0.0,1,0,3,1,1022,0.0,1.0,0.0,-0.0
PF12567,PF12453,2,2,2,0,0,1024,1.0,1.0,1.0,1.0,2,2,0,0,1024,1.0,1.0,1.0,1.0
PF03650,PF06093,10,2,1,9,1,1015,0.5,0.99,0.1,0.22,2,1,9,1,1015,0.5,0.99,0.1,0.22
PF07476,PF13007,0,0,0,0,0,1026,0,1.0,0,0,0,0,0,0,1026,0,1.0,0,0
PF05149,PF05551,0,0,0,0,0,1026,0,1.0,0,0,0,0,0,0,1026,0,1.0,0,0
PF12366,PF15927,1,1,1,0,0,1025,1.0,1.0,1.0,1.0,1,1,0,0,1025,1.0,1.0,1.0,1.0
PF03029,PF10178,21,3,1,20,2,1003,0.33,0.98,0.05,0.12,3,1,20,2,1003,0.33,0.98,0.05,0.12
PF05670,PF14722,6,3,3,3,0,1020,1.0,1.0,0.5,0.71,3,3,3,0,1020,1.0,1.0,0.5,0.71
PF09037,PF15775,0,0,0,0,0,1026,0,1.0,0,0,0,0,0,0,1026,0,1.0,0,0
PF13946,PF08548,0,0,0,0,0,1026,0,1.0,0,0,0,0,0,0,1026,0,1.0,0,0
PF08617,PF12414,6,1,0,6,1,1019,0.0,0.99,0.0,-0.0,1,0,6,1,1019,0.0,0.99,0.0,-0.0
PF03706,PF06744,1,0,0,1,0,1025,0,1.0,0.0,0,0,0,1,0,1025,0,1.0,0.0,0
PF02075,PF02773,4,7,4,0,3,1019,0.57,1.0,1.0,0.75,7,4,0,3,1019,0.57,1.0,1.0,0.75
PF09332,PF15539,3,0,0,3,0,1023,0,1.0,0.0,0,0,0,3,0,1023,0,1.0,0.0,0
PF04080,PF07712,10,0,0,10,0,1016,0,0.99,0.0,0,0,0,10,0,1016,0,0.99,0.0,0
PF16711,PF16709,1,2,1,0,1,1024,0.5,1.0,1.0,0.71,2,1,0,1,1024,0.5,1.0,1.0,0.71
PF15142,PF03819,0,1,0,0,1,1025,0.0,1.0,0,0,1,0,0,1,1025,0.0,1.0,0,0
PF09835,PF12046,1,0,0,1,0,1025,0,1.0,0.0,0,0,0,1,0,1025,0,1.0,0.0,0
PF07727,PF13976,75,31,27,48,4,947,0.87,0.95,0.36,0.54,31,27,48,4,947,0.87,0.95,0.36,0.54
PF13932,PF01134,12,13,12,0,1,1013,0.92,1.0,1.0,0.96,13,12,0,1,1013,0.92,1.0,1.0,0.96
PF03372,PF14529,37,42,14,23,28,961,0.33,0.95,0.38,0.33,42,14,23,28,961,0.33,0.95,0.38,0.33
PF14138,PF15936,3,2,0,3,2,1021,0.0,1.0,0.0,-0.0,2,0,3,2,1021,0.0,1.0,0.0,-0.0
PF07546,PF00147,1,44,0,1,44,981,0.0,0.96,0.0,-0.01,44,0,1,44,981,0.0,0.96,0.0,-0.01
PF09776,PF09837,0,0,0,0,0,1026,0,1.0,0,0,0,0,0,0,1026,0,1.0,0,0
PF05757,PF00321,2,1,0,2,1,1023,0.0,1.0,0.0,-0.0,1,0,2,1,1023,0.0,1.0,0.0,-0.0
PF05791,PF05164,1,0,0,1,0,1025,0,1.0,0.0,0,0,0,1,0,1025,0,1.0,0.0,0
PF01357,PF03330,9,9,4,5,5,1012,0.44,0.99,0.44,0.44,9,4,5,5,1012,0.44,0.99,0.44,0.44
PF09129,PF11880,1,1,1,0,0,1025,1.0,1.0,1.0,1.0,1,1,0,0,1025,1.0,1.0,1.0,1.0
PF03837,PF08203,1,1,0,1,1,1024,0.0,1.0,0.0,-0.0,1,0,1,1,1024,0.0,1.0,0.0,-0.0
PF12896,PF12341,9,7,3,6,4,1013,0.43,0.99,0.33,0.37,7,3,6,4,1013,0.43,0.99,0.33,0.37
PF04092,PF16321,0,2,0,0,2,1024,0.0,1.0,0,0,2,0,0,2,1024,0.0,1.0,0,0
PF10924,PF08744,0,0,0,0,0,1026,0,1.0,0,0,0,0,0,0,1026,0,1.0,0,0
PF08321,PF05011,4,10,2,2,8,1014,0.2,0.99,0.5,0.31,10,2,2,8,1014,0.2,0.99,0.5,0.31
PF08444,PF06021,1,2,1,0,1,1024,0.5,1.0,1.0,0.71,2,1,0,1,1024,0.5,1.0,1.0,0.71
PF10200,PF03073,5,2,0,5,2,1019,0.0,0.99,0.0,-0.0,2,0,5,2,1019,0.0,0.99,0.0,-0.0
PF12516,PF11822,0,3,0,0,3,1023,0.0,1.0,0,0,3,0,0,3,1023,0.0,1.0,0,0
PF15069,PF15060,0,2,0,0,2,1024,0.0,1.0,0,0,2,0,0,2,1024,0.0,1.0,0,0
PF06809,PF03359,4,7,1,3,6,1016,0.14,0.99,0.25,0.18,7,1,3,6,1016,0.14,0.99,0.25,0.18
PF08456,PF02572,2,1,0,2,1,1023,0.0,1.0,0.0,-0.0,1,0,2,1,1023,0.0,1.0,0.0,-0.0
PF05721,PF14027,21,7,5,16,2,1003,0.71,0.98,0.24,0.41,7,5,16,2,1003,0.71,0.98,0.24,0.41
PF09631,PF08641,5,2,1,4,1,1020,0.5,1.0,0.2,0.31,2,1,4,1,1020,0.5,1.0,0.2,0.31
PF11245,PF08497,0,0,0,0,0,1026,0,1.0,0,0,0,0,0,0,1026,0,1.0,0,0
PF05551,PF15673,0,1,0,0,1,1025,0.0,1.0,0,0,1,0,0,1,1025,0.0,1.0,0,0
PF14926,PF15504,3,0,0,3,0,1023,0,1.0,0.0,0,0,0,3,0,1023,0,1.0,0.0,0
PF04508,PF12384,4,1,0,4,1,1021,0.0,1.0,0.0,-0.0,1,0,4,1,1021,0.0,1.0,0.0,-0.0
PF04205,PF00070,2,2,1,1,1,1023,0.5,1.0,0.5,0.5,2,1,1,1,1023,0.5,1.0,0.5,0.5
PF01649,PF02195,4,4,0,4,4,1018,0.0,0.99,0.0,-0.0,4,0,4,4,1018,0.0,0.99,0.0,-0.0
PF01507,PF00994,13,18,6,7,12,1001,0.33,0.98,0.46,0.38,18,6,7,12,1001,0.33,0.98,0.46,0.38
PF05648,PF04371,10,2,1,9,1,1015,0.5,0.99,0.1,0.22,2,1,9,1,1015,0.5,0.99,0.1,0.22
PF12274,PF09733,5,5,0,5,5,1016,0.0,0.99,0.0,-0.0,5,0,5,5,1016,0.0,0.99,0.0,-0.0
PF06457,PF08557,1,5,0,1,5,1020,0.0,0.99,0.0,-0.0,5,0,1,5,1020,0.0,0.99,0.0,-0.0
PF08635,PF09166,1,2,0,1,2,1023,0.0,1.0,0.0,-0.0,2,0,1,2,1023,0.0,1.0,0.0,-0.0
PF04054,PF16417,8,7,7,1,0,1018,1.0,1.0,0.88,0.93,7,7,1,0,1018,1.0,1.0,0.88,0.93
PF07798,PF04729,4,7,2,2,5,1017,0.29,0.99,0.5,0.37,7,2,2,5,1017,0.29,0.99,0.5,0.37
PF09762,PF17045,1,0,0,1,0,1025,0,1.0,0.0,0,0,0,1,0,1025,0,1.0,0.0,0
PF01396,PF01131,1,17,1,0,16,1009,0.06,0.98,1.0,0.24,17,1,0,16,1009,0.06,0.98,1.0,0.24
PF03976,PF15817,0,1,0,0,1,1025,0.0,1.0,0,0,1,0,0,1,1025,0.0,1.0,0,0
PF07541,PF09371,5,0,0,5,0,1021,0,1.0,0.0,0,0,0,5,0,1021,0,1.0,0.0,0
PF12153,PF02070,1,1,0,1,1,1024,0.0,1.0,0.0,-0.0,1,0,1,1,1024,0.0,1.0,0.0,-0.0
PF12889,PF03354,0,0,0,0,0,1026,0,1.0,0,0,0,0,0,0,1026,0,1.0,0,0
PF10238,PF07139,3,3,0,3,3,1020,0.0,0.99,0.0,-0.0,3,0,3,3,1020,0.0,0.99,0.0,-0.0
PF12210,PF11464,5,10,0,5,10,1011,0.0,0.99,0.0,-0.01,10,0,5,10,1011,0.0,0.99,0.0,-0.01
PF00168,PF10540,85,5,5,80,0,941,1.0,0.92,0.06,0.23,5,5,80,0,941,1.0,0.92,0.06,0.23
PF13000,PF01227,5,2,1,4,1,1020,0.5,1.0,0.2,0.31,2,1,4,1,1020,0.5,1.0,0.2,0.31
PF07258,PF00243,9,1,0,9,1,1016,0.0,0.99,0.0,-0.0,1,0,9,1,1016,0.0,0.99,0.0,-0.0
PF00102,PF14948,39,2,2,37,0,987,1.0,0.96,0.05,0.22,2,2,37,0,987,1.0,0.96,0.05,0.22
PF12017,PF05485,14,36,10,4,26,986,0.28,0.97,0.71,0.43,36,10,4,26,986,0.28,0.97,0.71,0.43
PF04993,PF15529,0,0,0,0,0,1026,0,1.0,0,0,0,0,0,0,1026,0,1.0,0,0
PF15066,PF10506,0,2,0,0,2,1024,0.0,1.0,0,0,2,0,0,2,1024,0.0,1.0,0,0
PF08519,PF16725,9,0,0,9,0,1017,0,0.99,0.0,0,0,0,9,0,1017,0,0.99,0.0,0
PF11141,PF00906,0,2,0,0,2,1024,0.0,1.0,0,0,2,0,0,2,1024,0.0,1.0,0,0
PF09848,PF07778,5,3,0,5,3,1018,0.0,0.99,0.0,-0.0,3,0,5,3,1018,0.0,0.99,0.0,-0.0
PF04941,PF12477,1,0,0,1,0,1025,0,1.0,0.0,0,0,0,1,0,1025,0,1.0,0.0,0
PF12316,PF02377,3,2,2,1,0,1023,1.0,1.0,0.67,0.82,2,2,1,0,1023,1.0,1.0,0.67,0.82
PF00878,PF00040,3,10,1,2,9,1014,0.1,0.99,0.33,0.18,10,1,2,9,1014,0.1,0.99,0.33,0.18
PF08742,PF00094,18,27,18,0,9,999,0.67,0.99,1.0,0.81,27,18,0,9,999,0.67,0.99,1.0,0.81
PF13644,PF12477,0,0,0,0,0,1026,0,1.0,0,0,0,0,0,0,1026,0,1.0,0,0
PF08024,PF09786,1,6,0,1,6,1019,0.0,0.99,0.0,-0.0,6,0,1,6,1019,0.0,0.99,0.0,-0.0
PF03118,PF01333,3,1,0,3,1,1022,0.0,1.0,0.0,-0.0,1,0,3,1,1022,0.0,1.0,0.0,-0.0
PF11356,PF07157,2,0,0,2,0,1024,0,1.0,0.0,0,0,0,2,0,1024,0,1.0,0.0,0
PF02023,PF12417,8,3,2,6,1,1017,0.67,0.99,0.25,0.41,3,2,6,1,1017,0.67,0.99,0.25,0.41
PF03020,PF08198,3,0,0,3,0,1023,0,1.0,0.0,0,0,0,3,0,1023,0,1.0,0.0,0
PF04830,PF09861,0,0,0,0,0,1026,0,1.0,0,0,0,0,0,0,1026,0,1.0,0,0
PF11306,PF09922,0,0,0,0,0,1026,0,1.0,0,0,0,0,0,0,1026,0,1.0,0,0
PF05297,PF11981,1,0,0,1,0,1025,0,1.0,0.0,0,0,0,1,0,1025,0,1.0,0.0,0
PF09435,PF08026,2,1,0,2,1,1023,0.0,1.0,0.0,-0.0,1,0,2,1,1023,0.0,1.0,0.0,-0.0
PF07403,PF14297,0,0,0,0,0,1026,0,1.0,0,0,0,0,0,0,1026,0,1.0,0,0
PF02629,PF08442,9,7,3,6,4,1013,0.43,0.99,0.33,0.37,7,3,6,4,1013,0.43,0.99,0.33,0.37
PF06012,PF06025,5,6,4,1,2,1019,0.67,1.0,0.8,0.73,6,4,1,2,1019,0.67,1.0,0.8,0.73
PF08615,PF11779,7,2,2,5,0,1019,1.0,1.0,0.29,0.53,2,2,5,0,1019,1.0,1.0,0.29,0.53
PF05609,PF15370,0,3,0,0,3,1023,0.0,1.0,0,0,3,0,0,3,1023,0.0,1.0,0,0
PF11264,PF07333,2,0,0,2,0,1024,0,1.0,0.0,0,0,0,2,0,1024,0,1.0,0.0,0
PF01514,PF01752,2,1,0,2,1,1023,0.0,1.0,0.0,-0.0,1,0,2,1,1023,0.0,1.0,0.0,-0.0
PF12424,PF12409,6,8,1,5,7,1013,0.12,0.99,0.17,0.14,8,1,5,7,1013,0.12,0.99,0.17,0.14
PF15183,PF05387,1,0,0,1,0,1025,0,1.0,0.0,0,0,0,1,0,1025,0,1.0,0.0,0
PF00813,PF01313,1,1,1,0,0,1025,1.0,1.0,1.0,1.0,1,1,0,0,1025,1.0,1.0,1.0,1.0
PF04096,PF12110,10,13,10,0,3,1013,0.77,1.0,1.0,0.88,13,10,0,3,1013,0.77,1.0,1.0,0.88
PF01960,PF01680,5,8,0,5,8,1013,0.0,0.99,0.0,-0.01,8,0,5,8,1013,0.0,0.99,0.0,-0.01
PF04991,PF07782,4,8,1,3,7,1015,0.12,0.99,0.25,0.17,8,1,3,7,1015,0.12,0.99,0.25,0.17
PF08505,PF10490,0,1,0,0,1,1025,0.0,1.0,0,0,1,0,0,1,1025,0.0,1.0,0,0
PF13099,PF09074,0,1,0,0,1,1025,0.0,1.0,0,0,1,0,0,1,1025,0.0,1.0,0,0
PF14815,PF10576,8,2,2,6,0,1018,1.0,0.99,0.25,0.5,2,2,6,0,1018,1.0,0.99,0.25,0.5
PF00657,PF10604,22,8,4,18,4,1000,0.5,0.98,0.18,0.29,8,4,18,4,1000,0.5,0.98,0.18,0.29
PF00271,PF16203,154,6,5,149,1,871,0.83,0.85,0.03,0.15,6,5,149,1,871,0.83,0.85,0.03,0.15
PF06930,PF08373,0,8,0,0,8,1018,0.0,0.99,0,0,8,0,0,8,1018,0.0,0.99,0,0
PF14443,PF14444,0,1,0,0,1,1025,0.0,1.0,0,0,1,0,0,1,1025,0.0,1.0,0,0
PF07261,PF15771,0,0,0,0,0,1026,0,1.0,0,0,0,0,0,0,1026,0,1.0,0,0
PF14807,PF06375,2,5,2,0,3,1021,0.4,1.0,1.0,0.63,5,2,0,3,1021,0.4,1.0,1.0,0.63
PF10264,PF04182,0,3,0,0,3,1023,0.0,1.0,0,0,3,0,0,3,1023,0.0,1.0,0,0
PF09127,PF11940,4,3,1,3,2,1020,0.33,1.0,0.25,0.29,3,1,3,2,1020,0.33,1.0,0.25,0.29
PF08627,PF08137,2,1,0,2,1,1023,0.0,1.0,0.0,-0.0,1,0,2,1,1023,0.0,1.0,0.0,-0.0
PF01281,PF07542,8,7,0,8,7,1011,0.0,0.99,0.0,-0.01,7,0,8,7,1011,0.0,0.99,0.0,-0.01
PF00895,PF15212,1,0,0,1,0,1025,0,1.0,0.0,0,0,0,1,0,1025,0,1.0,0.0,0
PF07196,PF01258,2,4,0,2,4,1020,0.0,0.99,0.0,-0.0,4,0,2,4,1020,0.0,0.99,0.0,-0.0
PF03552,PF14569,9,4,3,6,1,1016,0.75,0.99,0.33,0.5,4,3,6,1,1016,0.75,0.99,0.33,0.5
PF09323,PF03123,1,2,0,1,2,1023,0.0,1.0,0.0,-0.0,2,0,1,2,1023,0.0,1.0,0.0,-0.0
PF02150,PF01096,13,18,8,5,10,1003,0.44,0.99,0.62,0.52,18,8,5,10,1003,0.44,0.99,0.62,0.52
PF06333,PF11597,3,2,2,1,0,1023,1.0,1.0,0.67,0.82,2,2,1,0,1023,1.0,1.0,0.67,0.82
PF16843,PF09055,0,0,0,0,0,1026,0,1.0,0,0,0,0,0,0,1026,0,1.0,0,0
PF12577,PF02161,2,2,2,0,0,1024,1.0,1.0,1.0,1.0,2,2,0,0,1024,1.0,1.0,1.0,1.0
PF01108,PF09294,1,1,0,1,1,1024,0.0,1.0,0.0,-0.0,1,0,1,1,1024,0.0,1.0,0.0,-0.0
PF15396,PF07797,1,5,1,0,4,1021,0.2,1.0,1.0,0.45,5,1,0,4,1021,0.2,1.0,1.0,0.45
PF13836,PF15678,0,1,0,0,1,1025,0.0,1.0,0,0,1,0,0,1,1025,0.0,1.0,0,0
PF01852,PF07059,18,3,1,17,2,1006,0.33,0.98,0.06,0.13,3,1,17,2,1006,0.33,0.98,0.06,0.13
PF03859,PF00710,3,8,1,2,7,1016,0.12,0.99,0.33,0.2,8,1,2,7,1016,0.12,0.99,0.33,0.2
PF13389,PF10856,0,0,0,0,0,1026,0,1.0,0,0,0,0,0,0,1026,0,1.0,0,0
PF00032,PF03980,4,3,1,3,2,1020,0.33,1.0,0.25,0.29,3,1,3,2,1020,0.33,1.0,0.25,0.29
PF10754,PF14886,0,1,0,0,1,1025,0.0,1.0,0,0,1,0,0,1,1025,0.0,1.0,0,0
PF08040,PF15664,0,0,0,0,0,1026,0,1.0,0,0,0,0,0,0,1026,0,1.0,0,0
PF03722,PF03723,5,5,5,0,0,1021,1.0,1.0,1.0,1.0,5,5,0,0,1021,1.0,1.0,1.0,1.0
PF01793,PF11807,14,8,4,10,4,1008,0.5,0.99,0.29,0.37,8,4,10,4,1008,0.5,0.99,0.29,0.37
PF15855,PF16590,0,0,0,0,0,1026,0,1.0,0,0,0,0,0,0,1026,0,1.0,0,0
PF02793,PF01825,11,20,6,5,14,1001,0.3,0.98,0.55,0.4,20,6,5,14,1001,0.3,0.98,0.55,0.4
PF04273,PF03200,0,5,0,0,5,1021,0.0,1.0,0,0,5,0,0,5,1021,0.0,1.0,0,0
PF06347,PF10951,3,0,0,3,0,1023,0,1.0,0.0,0,0,0,3,0,1023,0,1.0,0.0,0
PF16489,PF02793,9,11,6,3,5,1012,0.55,0.99,0.67,0.6,11,6,3,5,1012,0.55,0.99,0.67,0.6
PF10335,PF05103,1,1,0,1,1,1024,0.0,1.0,0.0,-0.0,1,0,1,1,1024,0.0,1.0,0.0,-0.0
PF12766,PF12049,2,0,0,2,0,1024,0,1.0,0.0,0,0,0,2,0,1024,0,1.0,0.0,0
PF00190,PF04859,12,2,1,11,1,1013,0.5,0.99,0.08,0.2,2,1,11,1,1013,0.5,0.99,0.08,0.2
PF00471,PF05912,3,2,0,3,2,1021,0.0,1.0,0.0,-0.0,2,0,3,2,1021,0.0,1.0,0.0,-0.0
PF00054,PF02210,17,28,14,3,14,995,0.5,0.98,0.82,0.63,28,14,3,14,995,0.5,0.98,0.82,0.63
PF02335,PF00079,2,21,1,1,20,1004,0.05,0.98,0.5,0.15,21,1,1,20,1004,0.05,0.98,0.5,0.15
PF00418,PF08377,3,0,0,3,0,1023,0,1.0,0.0,0,0,0,3,0,1023,0,1.0,0.0,0
PF06483,PF07382,1,3,1,0,2,1023,0.33,1.0,1.0,0.58,3,1,0,2,1023,0.33,1.0,1.0,0.58
PF12925,PF02177,2,2,2,0,0,1024,1.0,1.0,1.0,1.0,2,2,0,0,1024,1.0,1.0,1.0,1.0
PF03200,PF16923,5,4,4,1,0,1021,1.0,1.0,0.8,0.89,4,4,1,0,1021,1.0,1.0,0.8,0.89
PF17005,PF10647,0,0,0,0,0,1026,0,1.0,0,0,0,0,0,0,1026,0,1.0,0,0
PF02144,PF01282,4,3,0,4,3,1019,0.0,0.99,0.0,-0.0,3,0,4,3,1019,0.0,0.99,0.0,-0.0
PF15310,PF05874,2,2,0,2,2,1022,0.0,1.0,0.0,-0.0,2,0,2,2,1022,0.0,1.0,0.0,-0.0
PF16477,PF15181,0,1,0,0,1,1025,0.0,1.0,0,0,1,0,0,1,1025,0.0,1.0,0,0
PF08889,PF11862,0,1,0,0,1,1025,0.0,1.0,0,0,1,0,0,1,1025,0.0,1.0,0,0
PF06495,PF12196,3,0,0,3,0,1023,0,1.0,0.0,0,0,0,3,0,1023,0,1.0,0.0,0
PF14244,PF13976,16,31,10,6,21,989,0.32,0.97,0.62,0.44,31,10,6,21,989,0.32,0.97,0.62,0.44
PF01608,PF08913,11,3,3,8,0,1015,1.0,0.99,0.27,0.52,3,3,8,0,1015,1.0,0.99,0.27,0.52
PF00332,PF07983,15,9,6,9,3,1008,0.67,0.99,0.4,0.51,9,6,9,3,1008,0.67,0.99,0.4,0.51
PF06176,PF07930,0,0,0,0,0,1026,0,1.0,0,0,0,0,0,0,1026,0,1.0,0,0
PF09749,PF06658,5,1,1,4,0,1021,1.0,1.0,0.2,0.45,1,1,4,0,1021,1.0,1.0,0.2,0.45
PF09384,PF14077,7,0,0,7,0,1019,0,0.99,0.0,0,0,0,7,0,1019,0,0.99,0.0,0
PF09461,PF11124,0,0,0,0,0,1026,0,1.0,0,0,0,0,0,0,1026,0,1.0,0,0
PF16967,PF07434,0,0,0,0,0,1026,0,1.0,0,0,0,0,0,0,1026,0,1.0,0,0
PF08586,PF05204,1,2,0,1,2,1023,0.0,1.0,0.0,-0.0,2,0,1,2,1023,0.0,1.0,0.0,-0.0
PF15050,PF05853,0,1,0,0,1,1025,0.0,1.0,0,0,1,0,0,1,1025,0.0,1.0,0,0
PF15025,PF15146,0,1,0,0,1,1025,0.0,1.0,0,0,1,0,0,1,1025,0.0,1.0,0,0
PF05222,PF12769,11,2,2,9,0,1015,1.0,0.99,0.18,0.42,2,2,9,0,1015,1.0,0.99,0.18,0.42
PF09050,PF09051,0,0,0,0,0,1026,0,1.0,0,0,0,0,0,0,1026,0,1.0,0,0
PF02447,PF07963,4,5,0,4,5,1017,0.0,0.99,0.0,-0.0,5,0,4,5,1017,0.0,0.99,0.0,-0.0
PF05267,PF16089,0,0,0,0,0,1026,0,1.0,0,0,0,0,0,0,1026,0,1.0,0,0
PF09033,PF09230,1,4,1,0,3,1022,0.25,1.0,1.0,0.5,4,1,0,3,1022,0.25,1.0,1.0,0.5
PF14656,PF14655,3,7,3,0,4,1019,0.43,1.0,1.0,0.65,7,3,0,4,1019,0.43,1.0,1.0,0.65
PF15383,PF00127,4,2,1,3,1,1021,0.5,1.0,0.25,0.35,2,1,3,1,1021,0.5,1.0,0.25,0.35
PF06189,PF07354,1,1,0,1,1,1024,0.0,1.0,0.0,-0.0,1,0,1,1,1024,0.0,1.0,0.0,-0.0
PF11865,PF02260,8,21,7,1,14,1004,0.33,0.99,0.88,0.54,21,7,1,14,1004,0.33,0.99,0.88,0.54
PF01934,PF13427,0,0,0,0,0,1026,0,1.0,0,0,0,0,0,0,1026,0,1.0,0,0
PF05428,PF04452,0,2,0,0,2,1024,0.0,1.0,0,0,2,0,0,2,1024,0.0,1.0,0,0
PF09343,PF15175,1,0,0,1,0,1025,0,1.0,0.0,0,0,0,1,0,1025,0,1.0,0.0,0
PF00789,PF04000,29,7,4,25,3,994,0.57,0.97,0.14,0.27,7,4,25,3,994,0.57,0.97,0.14,0.27
PF12726,PF10407,2,0,0,2,0,1024,0,1.0,0.0,0,0,0,2,0,1024,0,1.0,0.0,0
PF02955,PF02951,3,2,2,1,0,1023,1.0,1.0,0.67,0.82,2,2,1,0,1023,1.0,1.0,0.67,0.82
PF15044,PF13236,2,5,2,0,3,1021,0.4,1.0,1.0,0.63,5,2,0,3,1021,0.4,1.0,1.0,0.63
PF13091,PF00614,13,8,3,10,5,1008,0.38,0.99,0.23,0.29,8,3,10,5,1008,0.38,0.99,0.23,0.29
PF08189,PF00451,0,1,0,0,1,1025,0.0,1.0,0,0,1,0,0,1,1025,0.0,1.0,0,0
PF04073,PF08907,8,1,1,7,0,1018,1.0,0.99,0.12,0.35,1,1,7,0,1018,1.0,0.99,0.12,0.35
PF07080,PF09056,3,3,0,3,3,1020,0.0,0.99,0.0,-0.0,3,0,3,3,1020,0.0,0.99,0.0,-0.0
PF15770,PF15334,0,0,0,0,0,1026,0,1.0,0,0,0,0,0,0,1026,0,1.0,0,0
PF02541,PF01966,4,13,2,2,11,1011,0.15,0.99,0.5,0.27,13,2,2,11,1011,0.15,0.99,0.5,0.27
PF06508,PF08252,3,0,0,3,0,1023,0,1.0,0.0,0,0,0,3,0,1023,0,1.0,0.0,0
PF02953,PF04119,16,2,1,15,1,1009,0.5,0.98,0.06,0.17,2,1,15,1,1009,0.5,0.98,0.06,0.17
PF00907,PF11078,15,2,2,13,0,1011,1.0,0.99,0.13,0.36,2,2,13,0,1011,1.0,0.99,0.13,0.36
PF11625,PF10999,0,0,0,0,0,1026,0,1.0,0,0,0,0,0,0,1026,0,1.0,0,0
PF00642,PF15815,42,0,0,42,0,984,0,0.96,0.0,0,0,0,42,0,984,0,0.96,0.0,0
PF02319,PF16421,18,4,4,14,0,1008,1.0,0.99,0.22,0.47,4,4,14,0,1008,1.0,0.99,0.22,0.47
PF03298,PF15003,2,3,0,2,3,1021,0.0,1.0,0.0,-0.0,3,0,2,3,1021,0.0,1.0,0.0,-0.0
PF02992,PF13960,5,4,3,2,1,1020,0.75,1.0,0.6,0.67,4,3,2,1,1020,0.75,1.0,0.6,0.67
PF11223,PF10933,1,0,0,1,0,1025,0,1.0,0.0,0,0,0,1,0,1025,0,1.0,0.0,0
PF16591,PF03605,0,1,0,0,1,1025,0.0,1.0,0,0,1,0,0,1,1025,0.0,1.0,0,0
PF05115,PF08026,1,1,0,1,1,1024,0.0,1.0,0.0,-0.0,1,0,1,1,1024,0.0,1.0,0.0,-0.0
PF13823,PF16912,2,1,1,1,0,1024,1.0,1.0,0.5,0.71,1,1,1,0,1024,1.0,1.0,0.5,0.71
PF02197,PF13178,11,2,0,11,2,1013,0.0,0.99,0.0,-0.0,2,0,11,2,1013,0.0,0.99,0.0,-0.0
PF16181,PF16180,3,1,1,2,0,1023,1.0,1.0,0.33,0.58,1,1,2,0,1023,1.0,1.0,0.33,0.58
PF08699,PF16486,24,20,20,4,0,1002,1.0,1.0,0.83,0.91,20,20,4,0,1002,1.0,1.0,0.83,0.91
PF02369,PF15518,0,2,0,0,2,1024,0.0,1.0,0,0,2,0,0,2,1024,0.0,1.0,0,0
PF16135,PF07897,10,1,1,9,0,1016,1.0,0.99,0.1,0.31,1,1,9,0,1016,1.0,0.99,0.1,0.31
PF08030,PF08022,26,24,24,2,0,1000,1.0,1.0,0.92,0.96,24,24,2,0,1000,1.0,1.0,0.92,0.96
PF04576,PF15275,4,4,1,3,3,1019,0.25,0.99,0.25,0.25,4,1,3,3,1019,0.25,0.99,0.25,0.25
PF09047,PF15232,0,0,0,0,0,1026,0,1.0,0,0,0,0,0,0,1026,0,1.0,0,0
PF15867,PF13877,2,6,1,1,5,1019,0.17,0.99,0.5,0.29,6,1,1,5,1019,0.17,0.99,0.5,0.29
PF08267,PF01717,3,6,3,0,3,1020,0.5,1.0,1.0,0.71,6,3,0,3,1020,0.5,1.0,1.0,0.71
PF14783,PF14782,3,6,3,0,3,1020,0.5,1.0,1.0,0.71,6,3,0,3,1020,0.5,1.0,1.0,0.71
PF03716,PF12384,1,1,1,0,0,1025,1.0,1.0,1.0,1.0,1,1,0,0,1025,1.0,1.0,1.0,1.0
PF01189,PF17125,22,4,4,18,0,1004,1.0,0.98,0.18,0.42,4,4,18,0,1004,1.0,0.98,0.18,0.42
PF14441,PF10155,1,6,0,1,6,1019,0.0,0.99,0.0,-0.0,6,0,1,6,1019,0.0,0.99,0.0,-0.0
PF03644,PF02449,9,7,1,8,6,1011,0.14,0.99,0.11,0.12,7,1,8,6,1011,0.14,0.99,0.11,0.12
PF13786,PF07804,2,0,0,2,0,1024,0,1.0,0.0,0,0,0,2,0,1024,0,1.0,0.0,0
PF01431,PF05649,22,22,19,3,3,1001,0.86,0.99,0.86,0.86,22,19,3,3,1001,0.86,0.99,0.86,0.86
PF05232,PF08497,0,0,0,0,0,1026,0,1.0,0,0,0,0,0,0,1026,0,1.0,0,0
PF10263,PF05770,13,6,1,12,5,1008,0.17,0.98,0.08,0.11,6,1,12,5,1008,0.17,0.98,0.08,0.11
PF13334,PF12326,3,4,1,2,3,1020,0.25,1.0,0.33,0.29,4,1,2,3,1020,0.25,1.0,0.33,0.29
PF00562,PF04561,16,1,1,15,0,1010,1.0,0.99,0.06,0.25,1,1,15,0,1010,1.0,0.99,0.06,0.25
PF12798,PF12837,0,0,0,0,0,1026,0,1.0,0,0,0,0,0,0,1026,0,1.0,0,0
PF00909,PF03595,27,9,5,22,4,995,0.56,0.97,0.19,0.31,9,5,22,4,995,0.56,0.97,0.19,0.31
PF15553,PF08642,0,0,0,0,0,1026,0,1.0,0,0,0,0,0,0,1026,0,1.0,0,0
PF15831,PF15063,0,0,0,0,0,1026,0,1.0,0,0,0,0,0,0,1026,0,1.0,0,0
PF17047,PF15625,7,0,0,7,0,1019,0,0.99,0.0,0,0,0,7,0,1019,0,0.99,0.0,0
PF07377,PF06674,4,4,4,0,0,1022,1.0,1.0,1.0,1.0,4,4,0,0,1022,1.0,1.0,1.0,1.0
PF00699,PF00449,5,6,5,0,1,1020,0.83,1.0,1.0,0.91,6,5,0,1,1020,0.83,1.0,1.0,0.91
PF15453,PF10375,0,0,0,0,0,1026,0,1.0,0,0,0,0,0,0,1026,0,1.0,0,0
PF07834,PF15486,1,0,0,1,0,1025,0,1.0,0.0,0,0,0,1,0,1025,0,1.0,0.0,0
PF05709,PF03522,0,18,0,0,18,1008,0.0,0.98,0,0,18,0,0,18,1008,0.0,0.98,0,0
PF14536,PF15770,0,0,0,0,0,1026,0,1.0,0,0,0,0,0,0,1026,0,1.0,0,0
PF09611,PF15529,0,0,0,0,0,1026,0,1.0,0,0,0,0,0,0,1026,0,1.0,0,0
PF02877,PF05406,8,11,8,0,3,1015,0.73,1.0,1.0,0.85,11,8,0,3,1015,0.73,1.0,1.0,0.85
PF10336,PF09463,1,0,0,1,0,1025,0,1.0,0.0,0,0,0,1,0,1025,0,1.0,0.0,0
PF09511,PF08302,5,2,2,3,0,1021,1.0,1.0,0.4,0.63,2,2,3,0,1021,1.0,1.0,0.4,0.63
PF08150,PF16165,3,4,2,1,2,1021,0.5,1.0,0.67,0.58,4,2,1,2,1021,0.5,1.0,0.67,0.58
PF04773,PF09327,5,0,0,5,0,1021,0,1.0,0.0,0,0,0,5,0,1021,0,1.0,0.0,0
PF12330,PF08311,4,6,2,2,4,1018,0.33,0.99,0.5,0.41,6,2,2,4,1018,0.33,0.99,0.5,0.41
PF17015,PF14877,0,3,0,0,3,1023,0.0,1.0,0,0,3,0,0,3,1023,0.0,1.0,0,0
PF03199,PF03917,2,6,2,0,4,1020,0.33,1.0,1.0,0.58,6,2,0,4,1020,0.33,1.0,1.0,0.58
PF13305,PF15149,0,0,0,0,0,1026,0,1.0,0,0,0,0,0,0,1026,0,1.0,0,0
PF10506,PF11559,2,5,0,2,5,1019,0.0,0.99,0.0,-0.0,5,0,2,5,1019,0.0,0.99,0.0,-0.0
PF07899,PF09730,3,4,1,2,3,1020,0.25,1.0,0.33,0.29,4,1,2,3,1020,0.25,1.0,0.33,0.29
PF11730,PF09069,0,3,0,0,3,1023,0.0,1.0,0,0,3,0,0,3,1023,0.0,1.0,0,0
PF15086,PF05128,0,0,0,0,0,1026,0,1.0,0,0,0,0,0,0,1026,0,1.0,0,0
PF16920,PF11921,1,0,0,1,0,1025,0,1.0,0.0,0,0,0,1,0,1025,0,1.0,0.0,0
PF16094,PF14829,4,2,1,3,1,1021,0.5,1.0,0.25,0.35,2,1,3,1,1021,0.5,1.0,0.25,0.35
PF12359,PF12340,5,5,5,0,0,1021,1.0,1.0,1.0,1.0,5,5,0,0,1021,1.0,1.0,1.0,1.0
PF02487,PF05189,8,4,0,8,4,1014,0.0,0.99,0.0,-0.01,4,0,8,4,1014,0.0,0.99,0.0,-0.01
PF02080,PF02254,4,10,3,1,7,1015,0.3,0.99,0.75,0.47,10,3,1,7,1015,0.3,0.99,0.75,0.47
PF12899,PF14159,2,0,0,2,0,1024,0,1.0,0.0,0,0,0,2,0,1024,0,1.0,0.0,0
PF14968,PF05238,1,4,0,1,4,1021,0.0,1.0,0.0,-0.0,4,0,1,4,1021,0.0,1.0,0.0,-0.0
PF13851,PF12180,2,1,0,2,1,1023,0.0,1.0,0.0,-0.0,1,0,2,1,1023,0.0,1.0,0.0,-0.0
PF01231,PF01070,10,20,6,4,14,1002,0.3,0.98,0.6,0.42,20,6,4,14,1002,0.3,0.98,0.6,0.42
PF08534,PF04667,10,5,0,10,5,1011,0.0,0.99,0.0,-0.01,5,0,10,5,1011,0.0,0.99,0.0,-0.01
PF08216,PF15627,4,1,0,4,1,1021,0.0,1.0,0.0,-0.0,1,0,4,1,1021,0.0,1.0,0.0,-0.0
PF11496,PF09762,4,1,1,3,0,1022,1.0,1.0,0.25,0.5,1,1,3,0,1022,1.0,1.0,0.25,0.5
PF15136,PF11435,2,0,0,2,0,1024,0,1.0,0.0,0,0,0,2,0,1024,0,1.0,0.0,0
PF01568,PF04879,4,4,3,1,1,1021,0.75,1.0,0.75,0.75,4,3,1,1,1021,0.75,1.0,0.75,0.75
PF08156,PF09785,19,6,2,17,4,1003,0.33,0.98,0.11,0.18,6,2,17,4,1003,0.33,0.98,0.11,0.18
PF07543,PF14087,3,3,1,2,2,1021,0.33,1.0,0.33,0.33,3,1,2,2,1021,0.33,1.0,0.33,0.33
PF08906,PF00713,0,0,0,0,0,1026,0,1.0,0,0,0,0,0,0,1026,0,1.0,0,0
PF06663,PF10534,1,2,1,0,1,1024,0.5,1.0,1.0,0.71,2,1,0,1,1024,0.5,1.0,1.0,0.71
PF02880,PF02879,19,19,18,1,1,1006,0.95,1.0,0.95,0.95,19,18,1,1,1006,0.95,1.0,0.95,0.95
PF03662,PF07542,4,7,1,3,6,1016,0.14,0.99,0.25,0.18,7,1,3,6,1016,0.14,0.99,0.25,0.18
PF14831,PF09804,1,1,1,0,0,1025,1.0,1.0,1.0,1.0,1,1,0,0,1025,1.0,1.0,1.0,1.0
PF15382,PF15033,1,1,1,0,0,1025,1.0,1.0,1.0,1.0,1,1,0,0,1025,1.0,1.0,1.0,1.0
PF08011,PF01136,0,1,0,0,1,1025,0.0,1.0,0,0,1,0,0,1,1025,0.0,1.0,0,0
PF16203,PF13625,6,4,4,2,0,1020,1.0,1.0,0.67,0.82,4,4,2,0,1020,1.0,1.0,0.67,0.82
PF02837,PF02929,8,3,3,5,0,1018,1.0,1.0,0.38,0.61,3,3,5,0,1018,1.0,1.0,0.38,0.61
PF13597,PF12345,3,0,0,3,0,1023,0,1.0,0.0,0,0,0,3,0,1023,0,1.0,0.0,0
PF16517,PF09235,8,2,2,6,0,1018,1.0,0.99,0.25,0.5,2,2,6,0,1018,1.0,0.99,0.25,0.5
PF01416,PF08524,16,3,2,14,1,1009,0.67,0.99,0.12,0.28,3,2,14,1,1009,0.67,0.99,0.12,0.28
PF01451,PF01981,10,12,2,8,10,1006,0.17,0.98,0.2,0.17,12,2,8,10,1006,0.17,0.98,0.2,0.17
PF10690,PF11061,0,0,0,0,0,1026,0,1.0,0,0,0,0,0,0,1026,0,1.0,0,0
PF04722,PF10166,5,0,0,5,0,1021,0,1.0,0.0,0,0,0,5,0,1021,0,1.0,0.0,0
PF12357,PF16165,1,4,0,1,4,1021,0.0,1.0,0.0,-0.0,4,0,1,4,1021,0.0,1.0,0.0,-0.0
PF11232,PF11235,1,0,0,1,0,1025,0,1.0,0.0,0,0,0,1,0,1025,0,1.0,0.0,0
PF00841,PF04892,2,0,0,2,0,1024,0,1.0,0.0,0,0,0,2,0,1024,0,1.0,0.0,0
PF03455,PF03456,10,18,6,4,12,1004,0.33,0.98,0.6,0.44,18,6,4,12,1004,0.33,0.98,0.6,0.44
PF05943,PF03428,0,0,0,0,0,1026,0,1.0,0,0,0,0,0,0,1026,0,1.0,0,0
PF07700,PF16214,10,7,3,7,4,1012,0.43,0.99,0.3,0.35,7,3,7,4,1012,0.43,0.99,0.3,0.35
PF02944,PF10545,5,25,5,0,20,1001,0.2,0.98,1.0,0.44,25,5,0,20,1001,0.2,0.98,1.0,0.44
PF10118,PF04225,2,3,1,1,2,1022,0.33,1.0,0.5,0.41,3,1,1,2,1022,0.33,1.0,0.5,0.41
PF00899,PF16420,44,5,5,39,0,982,1.0,0.96,0.11,0.33,5,5,39,0,982,1.0,0.96,0.11,0.33
PF02045,PF02234,10,5,0,10,5,1011,0.0,0.99,0.0,-0.01,5,0,10,5,1011,0.0,0.99,0.0,-0.01
PF03714,PF11852,1,1,1,0,0,1025,1.0,1.0,1.0,1.0,1,1,0,0,1025,1.0,1.0,1.0,1.0
PF00528,PF08402,22,2,2,20,0,1004,1.0,0.98,0.09,0.3,2,2,20,0,1004,1.0,0.98,0.09,0.3
PF05365,PF09802,3,2,0,3,2,1021,0.0,1.0,0.0,-0.0,2,0,3,2,1021,0.0,1.0,0.0,-0.0
PF10584,PF12465,20,4,2,18,2,1004,0.5,0.98,0.1,0.22,4,2,18,2,1004,0.5,0.98,0.1,0.22
PF08126,PF15518,1,2,0,1,2,1023,0.0,1.0,0.0,-0.0,2,0,1,2,1023,0.0,1.0,0.0,-0.0
PF13841,PF01099,1,0,0,1,0,1025,0,1.0,0.0,0,0,0,1,0,1025,0,1.0,0.0,0
PF05996,PF03652,2,4,1,1,3,1021,0.25,1.0,0.5,0.35,4,1,1,3,1021,0.25,1.0,0.5,0.35
PF00830,PF10218,3,0,0,3,0,1023,0,1.0,0.0,0,0,0,3,0,1023,0,1.0,0.0,0
PF06782,PF15185,0,2,0,0,2,1024,0.0,1.0,0,0,2,0,0,2,1024,0.0,1.0,0,0
PF05141,PF06155,6,6,1,5,5,1015,0.17,0.99,0.17,0.16,6,1,5,5,1015,0.17,0.99,0.17,0.16
PF06434,PF11791,2,2,2,0,0,1024,1.0,1.0,1.0,1.0,2,2,0,0,1024,1.0,1.0,1.0,1.0
PF17204,PF02931,2,48,0,2,48,976,0.0,0.95,0.0,-0.01,48,0,2,48,976,0.0,0.95,0.0,-0.01
PF13908,PF14719,1,5,0,1,5,1020,0.0,0.99,0.0,-0.0,5,0,1,5,1020,0.0,0.99,0.0,-0.0
PF03000,PF09494,10,8,1,9,7,1009,0.12,0.98,0.1,0.1,8,1,9,7,1009,0.12,0.98,0.1,0.1
PF00767,PF06798,1,0,0,1,0,1025,0,1.0,0.0,0,0,0,1,0,1025,0,1.0,0.0,0
PF11526,PF15912,7,0,0,7,0,1019,0,0.99,0.0,0,0,0,7,0,1019,0,0.99,0.0,0
PF14637,PF14638,4,4,4,0,0,1022,1.0,1.0,1.0,1.0,4,4,0,0,1022,1.0,1.0,1.0,1.0
PF03125,PF10317,7,5,2,5,3,1016,0.4,0.99,0.29,0.33,5,2,5,3,1016,0.4,0.99,0.29,0.33
PF06800,PF13296,1,0,0,1,0,1025,0,1.0,0.0,0,0,0,1,0,1025,0,1.0,0.0,0
PF07841,PF01758,2,5,0,2,5,1019,0.0,0.99,0.0,-0.0,5,0,2,5,1019,0.0,0.99,0.0,-0.0
PF15897,PF07996,0,5,0,0,5,1021,0.0,1.0,0,0,5,0,0,5,1021,0.0,1.0,0,0
PF01853,PF05712,18,19,8,10,11,997,0.42,0.98,0.44,0.42,19,8,10,11,997,0.42,0.98,0.44,0.42
PF05005,PF15884,8,0,0,8,0,1018,0,0.99,0.0,0,0,0,8,0,1018,0,0.99,0.0,0
PF16881,PF06463,7,5,0,7,5,1014,0.0,0.99,0.0,-0.01,5,0,7,5,1014,0.0,0.99,0.0,-0.01
PF05138,PF08651,1,1,0,1,1,1024,0.0,1.0,0.0,-0.0,1,0,1,1,1024,0.0,1.0,0.0,-0.0
PF08551,PF14279,4,0,0,4,0,1022,0,1.0,0.0,0,0,0,4,0,1022,0,1.0,0.0,0
PF08497,PF07805,0,0,0,0,0,1026,0,1.0,0,0,0,0,0,0,1026,0,1.0,0,0
PF12238,PF00499,0,3,0,0,3,1023,0.0,1.0,0,0,3,0,0,3,1023,0.0,1.0,0,0
PF16810,PF10504,4,2,0,4,2,1020,0.0,0.99,0.0,-0.0,2,0,4,2,1020,0.0,0.99,0.0,-0.0
PF00858,PF02320,41,8,3,38,5,980,0.38,0.96,0.07,0.15,8,3,38,5,980,0.38,0.96,0.07,0.15
PF02654,PF01752,1,1,0,1,1,1024,0.0,1.0,0.0,-0.0,1,0,1,1,1024,0.0,1.0,0.0,-0.0
PF11405,PF01552,0,4,0,0,4,1022,0.0,1.0,0,0,4,0,0,4,1022,0.0,1.0,0,0
PF07522,PF13691,13,6,2,11,4,1009,0.33,0.99,0.15,0.22,6,2,11,4,1009,0.33,0.99,0.15,0.22
PF12679,PF12040,1,1,1,0,0,1025,1.0,1.0,1.0,1.0,1,1,0,0,1025,1.0,1.0,1.0,1.0
PF07474,PF12662,4,15,3,1,12,1010,0.2,0.99,0.75,0.38,15,3,1,12,1010,0.2,0.99,0.75,0.38
PF16201,PF11707,2,2,2,0,0,1024,1.0,1.0,1.0,1.0,2,2,0,0,1024,1.0,1.0,1.0,1.0
PF07931,PF13810,1,2,0,1,2,1023,0.0,1.0,0.0,-0.0,2,0,1,2,1023,0.0,1.0,0.0,-0.0
PF07699,PF01404,15,6,1,14,5,1006,0.17,0.98,0.07,0.1,6,1,14,5,1006,0.17,0.98,0.07,0.1
PF08198,PF03020,0,3,0,0,3,1023,0.0,1.0,0,0,3,0,0,3,1023,0.0,1.0,0,0
PF15192,PF15680,0,0,0,0,0,1026,0,1.0,0,0,0,0,0,0,1026,0,1.0,0,0
PF04130,PF02705,23,10,6,17,4,999,0.6,0.98,0.26,0.39,10,6,17,4,999,0.6,0.98,0.26,0.39
PF01321,PF16188,14,10,10,4,0,1012,1.0,1.0,0.71,0.84,10,10,4,0,1012,1.0,1.0,0.71,0.84
PF15058,PF15620,2,0,0,2,0,1024,0,1.0,0.0,0,0,0,2,0,1024,0,1.0,0.0,0
PF08066,PF01927,6,2,1,5,1,1019,0.5,0.99,0.17,0.29,2,1,5,1,1019,0.5,0.99,0.17,0.29
PF06670,PF01254,0,1,0,0,1,1025,0.0,1.0,0,0,1,0,0,1,1025,0.0,1.0,0,0
PF10548,PF17007,0,0,0,0,0,1026,0,1.0,0,0,0,0,0,0,1026,0,1.0,0,0
PF07010,PF17049,0,1,0,0,1,1025,0.0,1.0,0,0,1,0,0,1,1025,0.0,1.0,0,0
PF09766,PF07978,5,8,0,5,8,1013,0.0,0.99,0.0,-0.01,8,0,5,8,1013,0.0,0.99,0.0,-0.01
PF05645,PF08221,4,5,3,1,2,1020,0.6,1.0,0.75,0.67,5,3,1,2,1020,0.6,1.0,0.75,0.67
PF01733,PF03194,10,10,0,10,10,1006,0.0,0.98,0.0,-0.01,10,0,10,10,1006,0.0,0.98,0.0,-0.01
PF08557,PF11960,5,4,2,3,2,1019,0.5,1.0,0.4,0.44,4,2,3,2,1019,0.5,1.0,0.4,0.44
PF03820,PF03248,11,7,0,11,7,1008,0.0,0.98,0.0,-0.01,7,0,11,7,1008,0.0,0.98,0.0,-0.01
PF11976,PF01150,13,12,5,8,7,1006,0.42,0.99,0.38,0.39,12,5,8,7,1006,0.42,0.99,0.38,0.39
PF01147,PF00711,0,1,0,0,1,1025,0.0,1.0,0,0,1,0,0,1,1025,0.0,1.0,0,0
PF12253,PF08634,0,5,0,0,5,1021,0.0,1.0,0,0,5,0,0,5,1021,0.0,1.0,0,0
PF12106,PF01514,0,2,0,0,2,1024,0.0,1.0,0,0,2,0,0,2,1024,0.0,1.0,0,0
PF03823,PF15829,1,0,0,1,0,1025,0,1.0,0.0,0,0,0,1,0,1025,0,1.0,0.0,0
PF01151,PF00048,8,6,1,7,5,1013,0.17,0.99,0.12,0.14,6,1,7,5,1013,0.17,0.99,0.12,0.14
PF14535,PF07074,1,5,1,0,4,1021,0.2,1.0,1.0,0.45,5,1,0,4,1021,0.2,1.0,1.0,0.45
PF04288,PF03882,2,2,2,0,0,1024,1.0,1.0,1.0,1.0,2,2,0,0,1024,1.0,1.0,1.0,1.0
PF06074,PF17206,0,0,0,0,0,1026,0,1.0,0,0,0,0,0,0,1026,0,1.0,0,0
PF00092,PF08473,53,3,2,51,1,972,0.67,0.95,0.04,0.15,3,2,51,1,972,0.67,0.95,0.04,0.15
PF08662,PF08159,9,6,0,9,6,1011,0.0,0.99,0.0,-0.01,6,0,9,6,1011,0.0,0.99,0.0,-0.01
PF11032,PF15109,0,0,0,0,0,1026,0,1.0,0,0,0,0,0,0,1026,0,1.0,0,0
PF12819,PF11721,8,6,2,6,4,1014,0.33,0.99,0.25,0.28,6,2,6,4,1014,0.33,0.99,0.25,0.28
PF03713,PF07209,0,1,0,0,1,1025,0.0,1.0,0,0,1,0,0,1,1025,0.0,1.0,0,0
PF06689,PF00574,2,14,2,0,12,1012,0.14,0.99,1.0,0.38,14,2,0,12,1012,0.14,0.99,1.0,0.38
PF15750,PF05857,0,0,0,0,0,1026,0,1.0,0,0,0,0,0,0,1026,0,1.0,0,0
PF05529,PF07933,7,6,1,6,5,1014,0.17,0.99,0.14,0.15,6,1,6,5,1014,0.17,0.99,0.14,0.15
PF03578,PF10284,0,0,0,0,0,1026,0,1.0,0,0,0,0,0,0,1026,0,1.0,0,0
PF10581,PF02078,0,1,0,0,1,1025,0.0,1.0,0,0,1,0,0,1,1025,0.0,1.0,0,0
PF15471,PF04965,0,0,0,0,0,1026,0,1.0,0,0,0,0,0,0,1026,0,1.0,0,0
PF07807,PF07808,4,8,4,0,4,1018,0.5,1.0,1.0,0.71,8,4,0,4,1018,0.5,1.0,1.0,0.71
PF03458,PF16829,0,0,0,0,0,1026,0,1.0,0,0,0,0,0,0,1026,0,1.0,0,0
PF02625,PF01325,2,0,0,2,0,1024,0,1.0,0.0,0,0,0,2,0,1024,0,1.0,0.0,0
PF15873,PF05135,0,0,0,0,0,1026,0,1.0,0,0,0,0,0,0,1026,0,1.0,0,0
PF01786,PF00301,6,0,0,6,0,1020,0,0.99,0.0,0,0,0,6,0,1020,0,0.99,0.0,0
PF03921,PF11465,4,3,0,4,3,1019,0.0,0.99,0.0,-0.0,3,0,4,3,1019,0.0,0.99,0.0,-0.0
PF08204,PF04549,0,0,0,0,0,1026,0,1.0,0,0,0,0,0,0,1026,0,1.0,0,0
PF13407,PF04069,9,5,2,7,3,1014,0.4,0.99,0.22,0.29,5,2,7,3,1014,0.4,0.99,0.22,0.29
PF09803,PF11093,6,1,1,5,0,1020,1.0,1.0,0.17,0.41,1,1,5,0,1020,1.0,1.0,0.17,0.41
PF02770,PF00441,46,43,41,5,2,978,0.95,0.99,0.89,0.92,43,41,5,2,978,0.95,0.99,0.89,0.92
PF14108,PF10868,2,1,0,2,1,1023,0.0,1.0,0.0,-0.0,1,0,2,1,1023,0.0,1.0,0.0,-0.0
PF06296,PF15763,0,0,0,0,0,1026,0,1.0,0,0,0,0,0,0,1026,0,1.0,0,0
PF03008,PF15471,0,0,0,0,0,1026,0,1.0,0,0,0,0,0,0,1026,0,1.0,0,0
PF04814,PF04812,1,1,1,0,0,1025,1.0,1.0,1.0,1.0,1,1,0,0,1025,1.0,1.0,1.0,1.0
PF05140,PF09425,3,4,0,3,4,1019,0.0,0.99,0.0,-0.0,4,0,3,4,1019,0.0,0.99,0.0,-0.0
PF09159,PF07080,2,3,1,1,2,1022,0.33,1.0,0.5,0.41,3,1,1,2,1022,0.33,1.0,0.5,0.41
PF05782,PF08444,1,1,0,1,1,1024,0.0,1.0,0.0,-0.0,1,0,1,1,1024,0.0,1.0,0.0,-0.0
PF06585,PF16984,6,1,1,5,0,1020,1.0,1.0,0.17,0.41,1,1,5,0,1020,1.0,1.0,0.17,0.41
PF08459,PF04313,3,1,0,3,1,1022,0.0,1.0,0.0,-0.0,1,0,3,1,1022,0.0,1.0,0.0,-0.0
PF00149,PF02872,86,9,9,77,0,940,1.0,0.92,0.1,0.31,9,9,77,0,940,1.0,0.92,0.1,0.31
PF12137,PF07652,2,2,0,2,2,1022,0.0,1.0,0.0,-0.0,2,0,2,2,1022,0.0,1.0,0.0,-0.0
PF08653,PF06485,3,1,0,3,1,1022,0.0,1.0,0.0,-0.0,1,0,3,1,1022,0.0,1.0,0.0,-0.0
PF06360,PF15091,0,1,0,0,1,1025,0.0,1.0,0,0,1,0,0,1,1025,0.0,1.0,0,0
PF08120,PF05284,0,0,0,0,0,1026,0,1.0,0,0,0,0,0,0,1026,0,1.0,0,0
PF16566,PF04818,6,23,4,2,19,1001,0.17,0.98,0.67,0.33,23,4,2,19,1001,0.17,0.98,0.67,0.33
PF12633,PF16449,3,0,0,3,0,1023,0,1.0,0.0,0,0,0,3,0,1023,0,1.0,0.0,0
PF07390,PF06681,0,0,0,0,0,1026,0,1.0,0,0,0,0,0,0,1026,0,1.0,0,0
PF13903,PF03091,7,16,2,5,14,1005,0.12,0.98,0.29,0.18,16,2,5,14,1005,0.12,0.98,0.29,0.18
PF03083,PF14811,13,2,0,13,2,1011,0.0,0.99,0.0,-0.01,2,0,13,2,1011,0.0,0.99,0.0,-0.01
PF06834,PF07511,0,0,0,0,0,1026,0,1.0,0,0,0,0,0,0,1026,0,1.0,0,0
PF15577,PF15856,1,0,0,1,0,1025,0,1.0,0.0,0,0,0,1,0,1025,0,1.0,0.0,0
PF14015,PF15856,0,0,0,0,0,1026,0,1.0,0,0,0,0,0,0,1026,0,1.0,0,0
PF13136,PF05129,1,8,0,1,8,1017,0.0,0.99,0.0,-0.0,8,0,1,8,1017,0.0,0.99,0.0,-0.0
PF10693,PF06954,0,2,0,0,2,1024,0.0,1.0,0,0,2,0,0,2,1024,0.0,1.0,0,0
PF06179,PF01150,8,12,4,4,8,1010,0.33,0.99,0.5,0.4,12,4,4,8,1010,0.33,0.99,0.5,0.4
PF02210,PF00054,28,17,14,14,3,995,0.82,0.98,0.5,0.63,17,14,14,3,995,0.82,0.98,0.5,0.63
PF16504,PF04958,0,1,0,0,1,1025,0.0,1.0,0,0,1,0,0,1,1025,0.0,1.0,0,0
PF12407,PF10525,0,1,0,0,1,1025,0.0,1.0,0,0,1,0,0,1,1025,0.0,1.0,0,0
PF02682,PF02626,8,8,8,0,0,1018,1.0,1.0,1.0,1.0,8,8,0,0,1018,1.0,1.0,1.0,1.0
PF12943,PF10780,1,0,0,1,0,1025,0,1.0,0.0,0,0,0,1,0,1025,0,1.0,0.0,0
PF08914,PF11626,7,3,3,4,0,1019,1.0,1.0,0.43,0.65,3,3,4,0,1019,1.0,1.0,0.43,0.65
PF02661,PF02430,6,1,0,6,1,1019,0.0,0.99,0.0,-0.0,1,0,6,1,1019,0.0,0.99,0.0,-0.0
PF03209,PF05336,1,2,1,0,1,1024,0.5,1.0,1.0,0.71,2,1,0,1,1024,0.5,1.0,1.0,0.71
PF01776,PF12020,8,0,0,8,0,1018,0,0.99,0.0,0,0,0,8,0,1018,0,0.99,0.0,0
PF02943,PF15109,1,0,0,1,0,1025,0,1.0,0.0,0,0,0,1,0,1025,0,1.0,0.0,0
PF03043,PF17188,0,0,0,0,0,1026,0,1.0,0,0,0,0,0,0,1026,0,1.0,0,0
PF01991,PF16454,7,4,2,5,2,1017,0.5,0.99,0.29,0.37,4,2,5,2,1017,0.5,0.99,0.29,0.37
PF11734,PF09179,1,1,1,0,0,1025,1.0,1.0,1.0,1.0,1,1,0,0,1025,1.0,1.0,1.0,1.0
PF12192,PF08404,0,1,0,0,1,1025,0.0,1.0,0,0,1,0,0,1,1025,0.0,1.0,0,0
PF14668,PF14664,9,8,8,1,0,1017,1.0,1.0,0.89,0.94,8,8,1,0,1017,1.0,1.0,0.89,0.94
PF09716,PF11093,0,1,0,0,1,1025,0.0,1.0,0,0,1,0,0,1,1025,0.0,1.0,0,0
PF00412,PF15936,50,2,2,48,0,976,1.0,0.95,0.04,0.2,2,2,48,0,976,1.0,0.95,0.04,0.2
PF07572,PF02631,7,2,0,7,2,1017,0.0,0.99,0.0,-0.0,2,0,7,2,1017,0.0,0.99,0.0,-0.0
PF01402,PF05939,1,0,0,1,0,1025,0,1.0,0.0,0,0,0,1,0,1025,0,1.0,0.0,0
PF11710,PF04910,9,7,0,9,7,1010,0.0,0.98,0.0,-0.01,7,0,9,7,1010,0.0,0.98,0.0,-0.01
PF15684,PF14653,0,0,0,0,0,1026,0,1.0,0,0,0,0,0,0,1026,0,1.0,0,0
PF04566,PF04565,7,14,7,0,7,1012,0.5,0.99,1.0,0.7,14,7,0,7,1012,0.5,0.99,1.0,0.7
PF14781,PF14782,2,6,2,0,4,1020,0.33,1.0,1.0,0.58,6,2,0,4,1020,0.33,1.0,1.0,0.58
PF10793,PF15623,0,0,0,0,0,1026,0,1.0,0,0,0,0,0,0,1026,0,1.0,0,0
PF01436,PF01082,23,7,7,16,0,1003,1.0,0.98,0.3,0.55,7,7,16,0,1003,1.0,0.98,0.3,0.55
PF02204,PF01754,20,4,2,18,2,1004,0.5,0.98,0.1,0.22,4,2,18,2,1004,0.5,0.98,0.1,0.22
PF10387,PF12066,0,6,0,0,6,1020,0.0,0.99,0,0,6,0,0,6,1020,0.0,0.99,0,0
PF14969,PF15062,2,0,0,2,0,1024,0,1.0,0.0,0,0,0,2,0,1024,0,1.0,0.0,0
PF08507,PF08641,1,2,1,0,1,1024,0.5,1.0,1.0,0.71,2,1,0,1,1024,0.5,1.0,1.0,0.71
PF07002,PF16056,16,1,0,16,1,1009,0.0,0.98,0.0,-0.0,1,0,16,1,1009,0.0,0.98,0.0,-0.0
PF10292,PF02115,7,6,1,6,5,1014,0.17,0.99,0.14,0.15,6,1,6,5,1014,0.17,0.99,0.14,0.15
PF03051,PF07096,4,4,1,3,3,1019,0.25,0.99,0.25,0.25,4,1,3,3,1019,0.25,0.99,0.25,0.25
PF09246,PF16533,1,0,0,1,0,1025,0,1.0,0.0,0,0,0,1,0,1025,0,1.0,0.0,0
PF04504,PF01868,4,9,1,3,8,1014,0.11,0.99,0.25,0.16,9,1,3,8,1014,0.11,0.99,0.25,0.16
PF09232,PF07448,1,1,0,1,1,1024,0.0,1.0,0.0,-0.0,1,0,1,1,1024,0.0,1.0,0.0,-0.0
PF14303,PF09756,18,3,0,18,3,1005,0.0,0.98,0.0,-0.01,3,0,18,3,1005,0.0,0.98,0.0,-0.01
PF09678,PF08274,1,0,0,1,0,1025,0,1.0,0.0,0,0,0,1,0,1025,0,1.0,0.0,0
PF04621,PF12310,3,1,1,2,0,1023,1.0,1.0,0.33,0.58,1,1,2,0,1023,1.0,1.0,0.33,0.58
PF14941,PF14931,0,1,0,0,1,1025,0.0,1.0,0,0,1,0,0,1,1025,0.0,1.0,0,0
PF15244,PF15369,1,0,0,1,0,1025,0,1.0,0.0,0,0,0,1,0,1025,0,1.0,0.0,0
PF12481,PF04690,6,1,0,6,1,1019,0.0,0.99,0.0,-0.0,1,0,6,1,1019,0.0,0.99,0.0,-0.0
PF02677,PF01312,1,2,0,1,2,1023,0.0,1.0,0.0,-0.0,2,0,1,2,1023,0.0,1.0,0.0,-0.0
PF13307,PF06733,21,22,20,1,2,1003,0.91,1.0,0.95,0.93,22,20,1,2,1003,0.91,1.0,0.95,0.93
PF14560,PF01302,5,33,5,0,28,993,0.15,0.97,1.0,0.38,33,5,0,28,993,0.15,0.97,1.0,0.38
PF08416,PF08919,8,3,0,8,3,1015,0.0,0.99,0.0,-0.0,3,0,8,3,1015,0.0,0.99,0.0,-0.0
PF07292,PF07334,1,1,1,0,0,1025,1.0,1.0,1.0,1.0,1,1,0,0,1025,1.0,1.0,1.0,1.0
PF00352,PF13259,12,3,2,10,1,1013,0.67,0.99,0.17,0.33,3,2,10,1,1013,0.67,0.99,0.17,0.33
PF16153,PF04567,0,7,0,0,7,1019,0.0,0.99,0,0,7,0,0,7,1019,0.0,0.99,0,0
PF08625,PF14077,5,0,0,5,0,1021,0,1.0,0.0,0,0,0,5,0,1021,0,1.0,0.0,0
PF07305,PF11075,0,0,0,0,0,1026,0,1.0,0,0,0,0,0,0,1026,0,1.0,0,0
PF01018,PF08701,4,2,0,4,2,1020,0.0,0.99,0.0,-0.0,2,0,4,2,1020,0.0,0.99,0.0,-0.0
PF11672,PF09967,1,1,1,0,0,1025,1.0,1.0,1.0,1.0,1,1,0,0,1025,1.0,1.0,1.0,1.0
PF09269,PF15086,1,0,0,1,0,1025,0,1.0,0.0,0,0,0,1,0,1025,0,1.0,0.0,0
PF02212,PF00350,22,44,19,3,25,979,0.43,0.97,0.86,0.6,44,19,3,25,979,0.43,0.97,0.86,0.6
PF02561,PF13722,2,1,0,2,1,1023,0.0,1.0,0.0,-0.0,1,0,2,1,1023,0.0,1.0,0.0,-0.0
PF03099,PF09825,12,4,4,8,0,1014,1.0,0.99,0.33,0.58,4,4,8,0,1014,1.0,0.99,0.33,0.58
PF01106,PF08712,8,5,5,3,0,1018,1.0,1.0,0.62,0.79,5,5,3,0,1018,1.0,1.0,0.62,0.79
PF01823,PF01522,12,20,3,9,17,997,0.15,0.97,0.25,0.18,20,3,9,17,997,0.15,0.97,0.25,0.18
PF01229,PF04253,1,9,1,0,8,1017,0.11,0.99,1.0,0.33,9,1,0,8,1017,0.11,0.99,1.0,0.33
PF12260,PF14875,3,1,0,3,1,1022,0.0,1.0,0.0,-0.0,1,0,3,1,1022,0.0,1.0,0.0,-0.0
PF08378,PF10333,2,0,0,2,0,1024,0,1.0,0.0,0,0,0,2,0,1024,0,1.0,0.0,0
PF05053,PF14674,3,0,0,3,0,1023,0,1.0,0.0,0,0,0,3,0,1023,0,1.0,0.0,0
PF01285,PF14764,2,2,1,1,1,1023,0.5,1.0,0.5,0.5,2,1,1,1,1023,0.5,1.0,0.5,0.5
PF04365,PF10335,0,1,0,0,1,1025,0.0,1.0,0,0,1,0,0,1,1025,0.0,1.0,0,0
PF06985,PF01048,38,16,10,28,6,982,0.62,0.97,0.26,0.39,16,10,28,6,982,0.62,0.97,0.26,0.39
PF01944,PF14258,0,0,0,0,0,1026,0,1.0,0,0,0,0,0,0,1026,0,1.0,0,0
PF13457,PF08461,0,0,0,0,0,1026,0,1.0,0,0,0,0,0,0,1026,0,1.0,0,0
PF01799,PF02738,6,8,6,0,2,1018,0.75,1.0,1.0,0.87,8,6,0,2,1018,0.75,1.0,1.0,0.87
PF08734,PF15175,0,0,0,0,0,1026,0,1.0,0,0,0,0,0,0,1026,0,1.0,0,0
PF10962,PF12608,0,0,0,0,0,1026,0,1.0,0,0,0,0,0,0,1026,0,1.0,0,0
PF10572,PF15623,2,0,0,2,0,1024,0,1.0,0.0,0,0,0,2,0,1024,0,1.0,0.0,0
PF11386,PF05111,0,1,0,0,1,1025,0.0,1.0,0,0,1,0,0,1,1025,0.0,1.0,0,0
PF02341,PF16974,3,2,0,3,2,1021,0.0,1.0,0.0,-0.0,2,0,3,2,1021,0.0,1.0,0.0,-0.0
PF10048,PF13015,1,9,0,1,9,1016,0.0,0.99,0.0,-0.0,9,0,1,9,1016,0.0,0.99,0.0,-0.0
PF02221,PF11938,7,11,1,6,10,1009,0.09,0.98,0.14,0.11,11,1,6,10,1009,0.09,0.98,0.14,0.11
PF14988,PF08227,1,7,0,1,7,1018,0.0,0.99,0.0,-0.0,7,0,1,7,1018,0.0,0.99,0.0,-0.0
PF12323,PF07282,0,0,0,0,0,1026,0,1.0,0,0,0,0,0,0,1026,0,1.0,0,0
PF16007,PF05387,1,0,0,1,0,1025,0,1.0,0.0,0,0,0,1,0,1025,0,1.0,0.0,0
PF09490,PF15817,0,1,0,0,1,1025,0.0,1.0,0,0,1,0,0,1,1025,0.0,1.0,0,0
PF00155,PF05175,58,21,8,50,13,955,0.38,0.94,0.14,0.2,21,8,50,13,955,0.38,0.94,0.14,0.2
PF09836,PF06001,0,8,0,0,8,1018,0.0,0.99,0,0,8,0,0,8,1018,0.0,0.99,0,0
PF06532,PF13793,0,22,0,0,22,1004,0.0,0.98,0,0,22,0,0,22,1004,0.0,0.98,0,0
PF05937,PF05956,1,1,1,0,0,1025,1.0,1.0,1.0,1.0,1,1,0,0,1025,1.0,1.0,1.0,1.0
PF09317,PF12806,3,2,2,1,0,1023,1.0,1.0,0.67,0.82,2,2,1,0,1023,1.0,1.0,0.67,0.82
PF09876,PF08206,0,0,0,0,0,1026,0,1.0,0,0,0,0,0,0,1026,0,1.0,0,0
PF15923,PF15997,1,0,0,1,0,1025,0,1.0,0.0,0,0,0,1,0,1025,0,1.0,0.0,0
PF16893,PF16892,0,0,0,0,0,1026,0,1.0,0,0,0,0,0,0,1026,0,1.0,0,0
PF03406,PF09498,0,0,0,0,0,1026,0,1.0,0,0,0,0,0,0,1026,0,1.0,0,0
PF16954,PF15008,2,0,0,2,0,1024,0,1.0,0.0,0,0,0,2,0,1024,0,1.0,0.0,0
PF05973,PF00695,0,1,0,0,1,1025,0.0,1.0,0,0,1,0,0,1,1025,0.0,1.0,0,0
PF11084,PF09732,0,5,0,0,5,1021,0.0,1.0,0,0,5,0,0,5,1021,0.0,1.0,0,0
PF08025,PF04111,1,9,0,1,9,1016,0.0,0.99,0.0,-0.0,9,0,1,9,1016,0.0,0.99,0.0,-0.0
PF08563,PF07710,1,1,1,0,0,1025,1.0,1.0,1.0,1.0,1,1,0,0,1025,1.0,1.0,1.0,1.0
PF06459,PF08454,6,12,6,0,6,1014,0.5,0.99,1.0,0.71,12,6,0,6,1014,0.5,0.99,1.0,0.71
PF06803,PF08941,3,5,0,3,5,1018,0.0,0.99,0.0,-0.0,5,0,3,5,1018,0.0,0.99,0.0,-0.0
PF01963,PF07896,3,3,1,2,2,1021,0.33,1.0,0.33,0.33,3,1,2,2,1021,0.33,1.0,0.33,0.33
PF00523,PF02611,1,1,0,1,1,1024,0.0,1.0,0.0,-0.0,1,0,1,1,1024,0.0,1.0,0.0,-0.0
PF11172,PF08026,0,1,0,0,1,1025,0.0,1.0,0,0,1,0,0,1,1025,0.0,1.0,0,0
PF05751,PF00855,0,20,0,0,20,1006,0.0,0.98,0,0,20,0,0,20,1006,0.0,0.98,0,0
PF04855,PF16421,8,4,1,7,3,1015,0.25,0.99,0.12,0.17,4,1,7,3,1015,0.25,0.99,0.12,0.17
PF12016,PF10574,1,0,0,1,0,1025,0,1.0,0.0,0,0,0,1,0,1025,0,1.0,0.0,0
PF03795,PF01828,6,5,2,4,3,1017,0.4,0.99,0.33,0.36,5,2,4,3,1017,0.4,0.99,0.33,0.36
PF14619,PF07529,1,6,1,0,5,1020,0.17,1.0,1.0,0.41,6,1,0,5,1020,0.17,1.0,1.0,0.41
PF02702,PF10412,2,0,0,2,0,1024,0,1.0,0.0,0,0,0,2,0,1024,0,1.0,0.0,0
PF00028,PF01049,37,4,3,34,1,988,0.75,0.97,0.08,0.24,4,3,34,1,988,0.75,0.97,0.08,0.24
PF00225,PF16540,74,9,9,65,0,952,1.0,0.94,0.12,0.34,9,9,65,0,952,1.0,0.94,0.12,0.34
PF05355,PF15119,4,2,2,2,0,1022,1.0,1.0,0.5,0.71,2,2,2,0,1022,1.0,1.0,0.5,0.71
PF11539,PF01312,0,2,0,0,2,1024,0.0,1.0,0,0,2,0,0,2,1024,0.0,1.0,0,0
PF17061,PF03745,0,0,0,0,0,1026,0,1.0,0,0,0,0,0,0,1026,0,1.0,0,0
PF05669,PF11938,11,11,3,8,8,1007,0.27,0.98,0.27,0.26,11,3,8,8,1007,0.27,0.98,0.27,0.26
PF16825,PF10924,0,0,0,0,0,1026,0,1.0,0,0,0,0,0,0,1026,0,1.0,0,0
PF02137,PF14622,10,10,4,6,6,1010,0.4,0.99,0.4,0.39,10,4,6,6,1010,0.4,0.99,0.4,0.39
PF15003,PF03760,3,2,0,3,2,1021,0.0,1.0,0.0,-0.0,2,0,3,2,1021,0.0,1.0,0.0,-0.0
PF13019,PF05508,6,0,0,6,0,1020,0,0.99,0.0,0,0,0,6,0,1020,0,0.99,0.0,0
PF00661,PF09538,1,0,0,1,0,1025,0,1.0,0.0,0,0,0,1,0,1025,0,1.0,0.0,0
PF16403,PF08305,6,2,1,5,1,1019,0.5,0.99,0.17,0.29,2,1,5,1,1019,0.5,0.99,0.17,0.29
PF09820,PF07444,2,0,0,2,0,1024,0,1.0,0.0,0,0,0,2,0,1024,0,1.0,0.0,0
PF02594,PF12716,7,0,0,7,0,1019,0,0.99,0.0,0,0,0,7,0,1019,0,0.99,0.0,0
PF00948,PF01206,1,2,0,1,2,1023,0.0,1.0,0.0,-0.0,2,0,1,2,1023,0.0,1.0,0.0,-0.0
PF06312,PF05679,1,8,1,0,7,1018,0.12,0.99,1.0,0.35,8,1,0,7,1018,0.12,0.99,1.0,0.35
PF03045,PF07816,4,0,0,4,0,1022,0,1.0,0.0,0,0,0,4,0,1022,0,1.0,0.0,0
PF04606,PF12843,0,0,0,0,0,1026,0,1.0,0,0,0,0,0,0,1026,0,1.0,0,0
PF11492,PF00915,0,0,0,0,0,1026,0,1.0,0,0,0,0,0,0,1026,0,1.0,0,0
PF01638,PF01312,0,2,0,0,2,1024,0.0,1.0,0,0,2,0,0,2,1024,0.0,1.0,0,0
PF00587,PF02686,39,5,1,38,4,983,0.2,0.96,0.03,0.06,5,1,38,4,983,0.2,0.96,0.03,0.06
PF16350,PF01571,10,18,10,0,8,1008,0.56,0.99,1.0,0.74,18,10,0,8,1008,0.56,0.99,1.0,0.74
PF00505,PF09011,57,17,16,41,1,968,0.94,0.96,0.28,0.5,17,16,41,1,968,0.94,0.96,0.28,0.5
PF05291,PF03491,10,1,1,9,0,1016,1.0,0.99,0.1,0.31,1,1,9,0,1016,1.0,0.99,0.1,0.31
PF12265,PF16699,2,2,0,2,2,1022,0.0,1.0,0.0,-0.0,2,0,2,2,1022,0.0,1.0,0.0,-0.0
PF05867,PF15120,3,1,0,3,1,1022,0.0,1.0,0.0,-0.0,1,0,3,1,1022,0.0,1.0,0.0,-0.0
PF01338,PF00706,1,1,0,1,1,1024,0.0,1.0,0.0,-0.0,1,0,1,1,1024,0.0,1.0,0.0,-0.0
PF03648,PF07477,4,4,4,0,0,1022,1.0,1.0,1.0,1.0,4,4,0,0,1022,1.0,1.0,1.0,1.0
PF15007,PF05841,0,2,0,0,2,1024,0.0,1.0,0,0,2,0,0,2,1024,0.0,1.0,0,0
PF08624,PF10307,3,0,0,3,0,1023,0,1.0,0.0,0,0,0,3,0,1023,0,1.0,0.0,0
PF01111,PF10203,4,2,0,4,2,1020,0.0,0.99,0.0,-0.0,2,0,4,2,1020,0.0,0.99,0.0,-0.0
PF05698,PF05697,2,2,2,0,0,1024,1.0,1.0,1.0,1.0,2,2,0,0,1024,1.0,1.0,1.0,1.0
PF02805,PF00165,2,3,2,0,1,1023,0.67,1.0,1.0,0.82,3,2,0,1,1023,0.67,1.0,1.0,0.82
PF04758,PF01020,6,8,1,5,7,1013,0.12,0.99,0.17,0.14,8,1,5,7,1013,0.12,0.99,0.17,0.14
PF10466,PF06309,1,4,0,1,4,1021,0.0,1.0,0.0,-0.0,4,0,1,4,1021,0.0,1.0,0.0,-0.0
PF02229,PF02201,6,18,3,3,15,1005,0.17,0.98,0.5,0.28,18,3,3,15,1005,0.17,0.98,0.5,0.28
PF16719,PF00157,0,4,0,0,4,1022,0.0,1.0,0,0,4,0,0,4,1022,0.0,1.0,0,0
PF05057,PF12394,16,1,1,15,0,1010,1.0,0.99,0.06,0.25,1,1,15,0,1010,1.0,0.99,0.06,0.25
PF13036,PF13946,1,0,0,1,0,1025,0,1.0,0.0,0,0,0,1,0,1025,0,1.0,0.0,0
PF03343,PF03386,4,0,0,4,0,1022,0,1.0,0.0,0,0,0,4,0,1022,0,1.0,0.0,0
PF07996,PF08808,5,0,0,5,0,1021,0,1.0,0.0,0,0,0,5,0,1021,0,1.0,0.0,0
PF06098,PF07802,1,1,0,1,1,1024,0.0,1.0,0.0,-0.0,1,0,1,1,1024,0.0,1.0,0.0,-0.0
PF02295,PF16797,4,1,1,3,0,1022,1.0,1.0,0.25,0.5,1,1,3,0,1022,1.0,1.0,0.25,0.5
PF15882,PF15013,4,1,0,4,1,1021,0.0,1.0,0.0,-0.0,1,0,4,1,1021,0.0,1.0,0.0,-0.0
PF08659,PF14765,20,22,19,1,3,1003,0.86,1.0,0.95,0.9,22,19,1,3,1003,0.86,1.0,0.95,0.9
PF00353,PF08657,0,4,0,0,4,1022,0.0,1.0,0,0,4,0,0,4,1022,0.0,1.0,0,0
PF00978,PF01443,4,6,4,0,2,1020,0.67,1.0,1.0,0.82,6,4,0,2,1020,0.67,1.0,1.0,0.82
PF16676,PF16675,2,1,1,1,0,1024,1.0,1.0,0.5,0.71,1,1,1,0,1024,1.0,1.0,0.5,0.71
PF01990,PF02392,2,5,0,2,5,1019,0.0,0.99,0.0,-0.0,5,0,2,5,1019,0.0,0.99,0.0,-0.0
PF01372,PF08110,0,1,0,0,1,1025,0.0,1.0,0,0,1,0,0,1,1025,0.0,1.0,0,0
PF11221,PF14748,3,4,0,3,4,1019,0.0,0.99,0.0,-0.0,4,0,3,4,1019,0.0,0.99,0.0,-0.0
PF00651,PF12313,83,2,2,81,0,943,1.0,0.92,0.02,0.15,2,2,81,0,943,1.0,0.92,0.02,0.15
PF12361,PF11556,1,1,1,0,0,1025,1.0,1.0,1.0,1.0,1,1,0,0,1025,1.0,1.0,1.0,1.0
PF12221,PF09611,0,0,0,0,0,1026,0,1.0,0,0,0,0,0,0,1026,0,1.0,0,0
PF15804,PF16766,1,0,0,1,0,1025,0,1.0,0.0,0,0,0,1,0,1025,0,1.0,0.0,0
PF14983,PF07195,1,2,0,1,2,1023,0.0,1.0,0.0,-0.0,2,0,1,2,1023,0.0,1.0,0.0,-0.0
PF02014,PF06468,7,4,1,6,3,1016,0.25,0.99,0.14,0.18,4,1,6,3,1016,0.25,0.99,0.14,0.18
PF16330,PF12128,2,0,0,2,0,1024,0,1.0,0.0,0,0,0,2,0,1024,0,1.0,0.0,0
PF06703,PF03298,8,2,0,8,2,1016,0.0,0.99,0.0,-0.0,2,0,8,2,1016,0.0,0.99,0.0,-0.0
PF04820,PF05390,2,3,0,2,3,1021,0.0,1.0,0.0,-0.0,3,0,2,3,1021,0.0,1.0,0.0,-0.0
PF09370,PF02091,1,2,0,1,2,1023,0.0,1.0,0.0,-0.0,2,0,1,2,1023,0.0,1.0,0.0,-0.0
PF13795,PF03548,1,0,0,1,0,1025,0,1.0,0.0,0,0,0,1,0,1025,0,1.0,0.0,0
PF03471,PF15450,4,2,0,4,2,1020,0.0,0.99,0.0,-0.0,2,0,4,2,1020,0.0,0.99,0.0,-0.0
PF11244,PF11235,0,0,0,0,0,1026,0,1.0,0,0,0,0,0,0,1026,0,1.0,0,0
PF17025,PF07472,0,0,0,0,0,1026,0,1.0,0,0,0,0,0,0,1026,0,1.0,0,0
PF08089,PF08092,1,0,0,1,0,1025,0,1.0,0.0,0,0,0,1,0,1025,0,1.0,0.0,0
PF05196,PF01091,0,0,0,0,0,1026,0,1.0,0,0,0,0,0,0,1026,0,1.0,0,0
PF15175,PF08945,0,0,0,0,0,1026,0,1.0,0,0,0,0,0,0,1026,0,1.0,0,0
PF04086,PF00448,5,17,4,1,13,1008,0.24,0.99,0.8,0.43,17,4,1,13,1008,0.24,0.99,0.8,0.43
PF14714,PF15086,1,0,0,1,0,1025,0,1.0,0.0,0,0,0,1,0,1025,0,1.0,0.0,0
PF12757,PF11496,1,4,0,1,4,1021,0.0,1.0,0.0,-0.0,4,0,1,4,1021,0.0,1.0,0.0,-0.0
PF04212,PF16565,18,0,0,18,0,1008,0,0.98,0.0,0,0,0,18,0,1008,0,0.98,0.0,0
PF00329,PF01058,6,8,2,4,6,1014,0.25,0.99,0.33,0.28,8,2,4,6,1014,0.25,0.99,0.33,0.28
PF14953,PF05233,2,1,1,1,0,1024,1.0,1.0,0.5,0.71,1,1,1,0,1024,1.0,1.0,0.5,0.71
PF11774,PF10991,0,0,0,0,0,1026,0,1.0,0,0,0,0,0,0,1026,0,1.0,0,0
PF01288,PF00809,8,9,6,2,3,1015,0.67,1.0,0.75,0.7,9,6,2,3,1015,0.67,1.0,0.75,0.7
PF03572,PF13180,9,19,6,3,13,1004,0.32,0.98,0.67,0.45,19,6,3,13,1004,0.32,0.98,0.67,0.45
PF08656,PF16594,2,0,0,2,0,1024,0,1.0,0.0,0,0,0,2,0,1024,0,1.0,0.0,0
PF05735,PF02412,3,3,3,0,0,1023,1.0,1.0,1.0,1.0,3,3,0,0,1023,1.0,1.0,1.0,1.0
PF10637,PF10369,3,7,1,2,6,1017,0.14,0.99,0.33,0.21,7,1,2,6,1017,0.14,0.99,0.33,0.21
PF12015,PF15082,1,0,0,1,0,1025,0,1.0,0.0,0,0,0,1,0,1025,0,1.0,0.0,0
PF15821,PF15934,0,0,0,0,0,1026,0,1.0,0,0,0,0,0,0,1026,0,1.0,0,0
PF03951,PF12437,8,1,1,7,0,1018,1.0,0.99,0.12,0.35,1,1,7,0,1018,1.0,0.99,0.12,0.35
PF04052,PF01514,1,2,0,1,2,1023,0.0,1.0,0.0,-0.0,2,0,1,2,1023,0.0,1.0,0.0,-0.0
PF15761,PF15856,0,0,0,0,0,1026,0,1.0,0,0,0,0,0,0,1026,0,1.0,0,0
PF04703,PF11751,1,0,0,1,0,1025,0,1.0,0.0,0,0,0,1,0,1025,0,1.0,0.0,0
PF05512,PF03386,1,0,0,1,0,1025,0,1.0,0.0,0,0,0,1,0,1025,0,1.0,0.0,0
PF04349,PF01514,1,2,0,1,2,1023,0.0,1.0,0.0,-0.0,2,0,1,2,1023,0.0,1.0,0.0,-0.0
PF02429,PF05111,1,1,0,1,1,1024,0.0,1.0,0.0,-0.0,1,0,1,1,1024,0.0,1.0,0.0,-0.0
PF09087,PF10438,1,1,1,0,0,1025,1.0,1.0,1.0,1.0,1,1,0,0,1025,1.0,1.0,1.0,1.0
PF12116,PF06007,0,1,0,0,1,1025,0.0,1.0,0,0,1,0,0,1,1025,0.0,1.0,0,0
PF06880,PF06830,2,0,0,2,0,1024,0,1.0,0.0,0,0,0,2,0,1024,0,1.0,0.0,0
PF02195,PF04736,4,2,0,4,2,1020,0.0,0.99,0.0,-0.0,2,0,4,2,1020,0.0,0.99,0.0,-0.0
PF14616,PF03918,3,1,1,2,0,1023,1.0,1.0,0.33,0.58,1,1,2,0,1023,1.0,1.0,0.33,0.58
PF05349,PF01610,2,1,0,2,1,1023,0.0,1.0,0.0,-0.0,1,0,2,1,1023,0.0,1.0,0.0,-0.0
PF08883,PF05419,3,0,0,3,0,1023,0,1.0,0.0,0,0,0,3,0,1023,0,1.0,0.0,0
PF13473,PF13340,0,2,0,0,2,1024,0.0,1.0,0,0,2,0,0,2,1024,0.0,1.0,0,0
PF06651,PF03745,0,0,0,0,0,1026,0,1.0,0,0,0,0,0,0,1026,0,1.0,0,0
PF01290,PF03466,4,8,0,4,8,1014,0.0,0.99,0.0,-0.01,8,0,4,8,1014,0.0,0.99,0.0,-0.01
PF07200,PF10520,10,3,1,9,2,1014,0.33,0.99,0.1,0.18,3,1,9,2,1014,0.33,0.99,0.1,0.18
PF04972,PF13580,4,1,1,3,0,1022,1.0,1.0,0.25,0.5,1,1,3,0,1022,1.0,1.0,0.25,0.5
PF06008,PF06009,4,4,4,0,0,1022,1.0,1.0,1.0,1.0,4,4,0,0,1022,1.0,1.0,1.0,1.0
PF12686,PF04222,0,0,0,0,0,1026,0,1.0,0,0,0,0,0,0,1026,0,1.0,0,0
PF05565,PF06819,0,0,0,0,0,1026,0,1.0,0,0,0,0,0,0,1026,0,1.0,0,0
PF01868,PF10332,9,0,0,9,0,1017,0,0.99,0.0,0,0,0,9,0,1017,0,0.99,0.0,0
PF04949,PF07939,5,0,0,5,0,1021,0,1.0,0.0,0,0,0,5,0,1021,0,1.0,0.0,0
PF01556,PF14308,29,5,1,28,4,993,0.2,0.97,0.03,0.07,5,1,28,4,993,0.2,0.97,0.03,0.07
PF01458,PF06830,2,0,0,2,0,1024,0,1.0,0.0,0,0,0,2,0,1024,0,1.0,0.0,0
PF00486,PF00196,7,5,3,4,2,1017,0.6,0.99,0.43,0.5,5,3,4,2,1017,0.6,0.99,0.43,0.5
PF00754,PF09458,30,10,4,26,6,990,0.4,0.97,0.13,0.22,10,4,26,6,990,0.4,0.97,0.13,0.22
PF13990,PF07699,0,15,0,0,15,1011,0.0,0.99,0,0,15,0,0,15,1011,0.0,0.99,0,0
PF00003,PF00497,19,15,10,9,5,1002,0.67,0.99,0.53,0.59,15,10,9,5,1002,0.67,0.99,0.53,0.59
PF10462,PF08744,0,0,0,0,0,1026,0,1.0,0,0,0,0,0,0,1026,0,1.0,0,0
PF15297,PF15893,3,0,0,3,0,1023,0,1.0,0.0,0,0,0,3,0,1023,0,1.0,0.0,0
PF00317,PF02867,7,8,7,0,1,1018,0.88,1.0,1.0,0.93,8,7,0,1,1018,0.88,1.0,1.0,0.93
PF05042,PF06376,3,1,0,3,1,1022,0.0,1.0,0.0,-0.0,1,0,3,1,1022,0.0,1.0,0.0,-0.0
PF12425,PF08093,0,1,0,0,1,1025,0.0,1.0,0,0,1,0,0,1,1025,0.0,1.0,0,0
PF15123,PF07458,0,0,0,0,0,1026,0,1.0,0,0,0,0,0,0,1026,0,1.0,0,0
PF05684,PF08414,1,5,1,0,4,1021,0.2,1.0,1.0,0.45,5,1,0,4,1021,0.2,1.0,1.0,0.45
PF10477,PF09746,3,5,0,3,5,1018,0.0,0.99,0.0,-0.0,5,0,3,5,1018,0.0,0.99,0.0,-0.0
PF17034,PF10441,5,3,0,5,3,1018,0.0,0.99,0.0,-0.0,3,0,5,3,1018,0.0,0.99,0.0,-0.0
PF00205,PF02775,13,13,12,1,1,1012,0.92,1.0,0.92,0.92,13,12,1,1,1012,0.92,1.0,0.92,0.92
PF12416,PF16056,3,1,0,3,1,1022,0.0,1.0,0.0,-0.0,1,0,3,1,1022,0.0,1.0,0.0,-0.0
PF07955,PF07327,3,1,0,3,1,1022,0.0,1.0,0.0,-0.0,1,0,3,1,1022,0.0,1.0,0.0,-0.0
PF13026,PF10370,0,1,0,0,1,1025,0.0,1.0,0,0,1,0,0,1,1025,0.0,1.0,0,0
PF14632,PF14641,2,2,2,0,0,1024,1.0,1.0,1.0,1.0,2,2,0,0,1024,1.0,1.0,1.0,1.0
PF13502,PF08345,1,2,0,1,2,1023,0.0,1.0,0.0,-0.0,2,0,1,2,1023,0.0,1.0,0.0,-0.0
PF01989,PF04412,0,0,0,0,0,1026,0,1.0,0,0,0,0,0,0,1026,0,1.0,0,0
PF13185,PF16797,10,1,1,9,0,1016,1.0,0.99,0.1,0.31,1,1,9,0,1016,1.0,0.99,0.1,0.31
PF12928,PF10307,6,0,0,6,0,1020,0,0.99,0.0,0,0,0,6,0,1020,0,0.99,0.0,0
PF10311,PF13390,1,0,0,1,0,1025,0,1.0,0.0,0,0,0,1,0,1025,0,1.0,0.0,0
PF01428,PF01754,15,4,0,15,4,1007,0.0,0.98,0.0,-0.01,4,0,15,4,1007,0.0,0.98,0.0,-0.01
PF06109,PF17062,2,0,0,2,0,1024,0,1.0,0.0,0,0,0,2,0,1024,0,1.0,0.0,0
PF03562,PF08479,0,0,0,0,0,1026,0,1.0,0,0,0,0,0,0,1026,0,1.0,0,0
PF11289,PF00721,0,0,0,0,0,1026,0,1.0,0,0,0,0,0,0,1026,0,1.0,0,0
PF07776,PF05485,48,36,12,36,24,954,0.33,0.94,0.25,0.26,36,12,36,24,954,0.33,0.94,0.25,0.26
PF15862,PF08578,1,3,0,1,3,1022,0.0,1.0,0.0,-0.0,3,0,1,3,1022,0.0,1.0,0.0,-0.0
PF15073,PF12600,1,0,0,1,0,1025,0,1.0,0.0,0,0,0,1,0,1025,0,1.0,0.0,0
PF12762,PF07889,10,4,0,10,4,1012,0.0,0.99,0.0,-0.01,4,0,10,4,1012,0.0,0.99,0.0,-0.01
PF09268,PF01394,3,4,2,1,2,1021,0.5,1.0,0.67,0.58,4,2,1,2,1021,0.5,1.0,0.67,0.58
PF09121,PF09169,1,3,1,0,2,1023,0.33,1.0,1.0,0.58,3,1,0,2,1023,0.33,1.0,1.0,0.58
PF09256,PF10567,0,0,0,0,0,1026,0,1.0,0,0,0,0,0,0,1026,0,1.0,0,0
PF08037,PF07888,1,3,0,1,3,1022,0.0,1.0,0.0,-0.0,3,0,1,3,1022,0.0,1.0,0.0,-0.0
PF15368,PF11577,0,5,0,0,5,1021,0.0,1.0,0,0,5,0,0,5,1021,0.0,1.0,0,0
PF08813,PF05125,0,0,0,0,0,1026,0,1.0,0,0,0,0,0,0,1026,0,1.0,0,0
PF10599,PF09950,1,0,0,1,0,1025,0,1.0,0.0,0,0,0,1,0,1025,0,1.0,0.0,0
PF17157,PF16931,0,0,0,0,0,1026,0,1.0,0,0,0,0,0,0,1026,0,1.0,0,0
PF06783,PF00995,4,22,4,0,18,1004,0.18,0.98,1.0,0.42,22,4,0,18,1004,0.18,0.98,1.0,0.42
PF05643,PF13006,0,1,0,0,1,1025,0.0,1.0,0,0,1,0,0,1,1025,0.0,1.0,0,0
PF10237,PF06839,6,14,3,3,11,1009,0.21,0.99,0.5,0.32,14,3,3,11,1009,0.21,0.99,0.5,0.32
PF11991,PF01828,4,5,1,3,4,1018,0.2,0.99,0.25,0.22,5,1,3,4,1018,0.2,0.99,0.25,0.22
PF06541,PF15715,0,3,0,0,3,1023,0.0,1.0,0,0,3,0,0,3,1023,0.0,1.0,0,0
PF10906,PF12615,1,0,0,1,0,1025,0,1.0,0.0,0,0,0,1,0,1025,0,1.0,0.0,0
PF08058,PF10333,1,0,0,1,0,1025,0,1.0,0.0,0,0,0,1,0,1025,0,1.0,0.0,0
PF01443,PF00978,6,4,4,2,0,1020,1.0,1.0,0.67,0.82,4,4,2,0,1020,1.0,1.0,0.67,0.82
PF01552,PF12080,4,0,0,4,0,1022,0,1.0,0.0,0,0,0,4,0,1022,0,1.0,0.0,0
PF03383,PF11581,0,0,0,0,0,1026,0,1.0,0,0,0,0,0,0,1026,0,1.0,0,0
PF09771,PF04709,1,1,0,1,1,1024,0.0,1.0,0.0,-0.0,1,0,1,1,1024,0.0,1.0,0.0,-0.0
PF08263,PF00560,35,30,21,14,9,982,0.7,0.98,0.6,0.64,30,21,14,9,982,0.7,0.98,0.6,0.64
PF10259,PF03980,6,3,1,5,2,1018,0.33,0.99,0.17,0.23,3,1,5,2,1018,0.33,0.99,0.17,0.23
PF12191,PF01752,0,1,0,0,1,1025,0.0,1.0,0,0,1,0,0,1,1025,0.0,1.0,0,0
PF14186,PF16276,1,0,0,1,0,1025,0,1.0,0.0,0,0,0,1,0,1025,0,1.0,0.0,0
PF01430,PF09967,1,1,0,1,1,1024,0.0,1.0,0.0,-0.0,1,0,1,1,1024,0.0,1.0,0.0,-0.0
PF03952,PF00113,7,8,7,0,1,1018,0.88,1.0,1.0,0.93,8,7,0,1,1018,0.88,1.0,1.0,0.93
PF10394,PF10496,5,3,2,3,1,1020,0.67,1.0,0.4,0.51,3,2,3,1,1020,0.67,1.0,0.4,0.51
PF04964,PF11741,0,0,0,0,0,1026,0,1.0,0,0,0,0,0,0,1026,0,1.0,0,0
PF10013,PF10707,0,0,0,0,0,1026,0,1.0,0,0,0,0,0,0,1026,0,1.0,0,0
PF02650,PF00008,0,66,0,0,66,960,0.0,0.94,0,0,66,0,0,66,960,0.0,0.94,0,0
PF14225,PF14222,3,2,2,1,0,1023,1.0,1.0,0.67,0.82,2,2,1,0,1023,1.0,1.0,0.67,0.82
PF10212,PF16704,2,2,0,2,2,1022,0.0,1.0,0.0,-0.0,2,0,2,2,1022,0.0,1.0,0.0,-0.0
PF15241,PF15259,0,0,0,0,0,1026,0,1.0,0,0,0,0,0,0,1026,0,1.0,0,0
PF01530,PF08474,6,1,1,5,0,1020,1.0,1.0,0.17,0.41,1,1,5,0,1020,1.0,1.0,0.17,0.41
PF16547,PF11919,4,7,4,0,3,1019,0.57,1.0,1.0,0.75,7,4,0,3,1019,0.57,1.0,1.0,0.75
PF05406,PF02877,11,8,8,3,0,1015,1.0,1.0,0.73,0.85,8,8,3,0,1015,1.0,1.0,0.73,0.85
PF05301,PF15991,4,0,0,4,0,1022,0,1.0,0.0,0,0,0,4,0,1022,0,1.0,0.0,0
PF11666,PF02931,0,48,0,0,48,978,0.0,0.95,0,0,48,0,0,48,978,0.0,0.95,0,0
PF03484,PF03483,8,12,8,0,4,1014,0.67,1.0,1.0,0.81,12,8,0,4,1014,0.67,1.0,1.0,0.81
PF11069,PF16972,1,2,0,1,2,1023,0.0,1.0,0.0,-0.0,2,0,1,2,1023,0.0,1.0,0.0,-0.0
PF00887,PF00651,27,83,14,13,69,930,0.17,0.92,0.52,0.26,83,14,13,69,930,0.17,0.92,0.52,0.26
PF11351,PF15040,0,0,0,0,0,1026,0,1.0,0,0,0,0,0,0,1026,0,1.0,0,0
PF03175,PF02945,9,3,2,7,1,1016,0.67,0.99,0.22,0.38,3,2,7,1,1016,0.67,0.99,0.22,0.38
PF06501,PF14685,1,1,0,1,1,1024,0.0,1.0,0.0,-0.0,1,0,1,1,1024,0.0,1.0,0.0,-0.0
PF03144,PF08938,40,3,2,38,1,985,0.67,0.96,0.05,0.18,3,2,38,1,985,0.67,0.96,0.05,0.18
PF02684,PF12904,1,0,0,1,0,1025,0,1.0,0.0,0,0,0,1,0,1025,0,1.0,0.0,0
PF01485,PF05773,37,23,12,25,11,978,0.52,0.96,0.32,0.39,23,12,25,11,978,0.52,0.96,0.32,0.39
PF09230,PF09033,4,1,1,3,0,1022,1.0,1.0,0.25,0.5,1,1,3,0,1022,1.0,1.0,0.25,0.5
PF10456,PF08944,6,0,0,6,0,1020,0,0.99,0.0,0,0,0,6,0,1020,0,0.99,0.0,0
PF03432,PF13750,0,0,0,0,0,1026,0,1.0,0,0,0,0,0,0,1026,0,1.0,0,0
PF06007,PF06070,1,0,0,1,0,1025,0,1.0,0.0,0,0,0,1,0,1025,0,1.0,0.0,0
PF03876,PF08292,10,4,4,6,0,1016,1.0,0.99,0.4,0.63,4,4,6,0,1016,1.0,0.99,0.4,0.63
PF17112,PF15207,1,1,0,1,1,1024,0.0,1.0,0.0,-0.0,1,0,1,1,1024,0.0,1.0,0.0,-0.0
PF02365,PF04577,17,11,4,13,7,1002,0.36,0.98,0.24,0.28,11,4,13,7,1002,0.36,0.98,0.24,0.28
PF09745,PF01868,4,9,0,4,9,1013,0.0,0.99,0.0,-0.01,9,0,4,9,1013,0.0,0.99,0.0,-0.01
PF14779,PF07034,0,3,0,0,3,1023,0.0,1.0,0,0,3,0,0,3,1023,0.0,1.0,0,0
PF11905,PF03647,14,7,2,12,5,1007,0.29,0.98,0.14,0.19,7,2,12,5,1007,0.29,0.98,0.14,0.19
PF10474,PF07928,3,5,1,2,4,1019,0.2,0.99,0.33,0.26,5,1,2,4,1019,0.2,0.99,0.33,0.26
PF07702,PF00392,4,11,4,0,7,1015,0.36,0.99,1.0,0.6,11,4,0,7,1015,0.36,0.99,1.0,0.6
PF09778,PF00277,0,0,0,0,0,1026,0,1.0,0,0,0,0,0,0,1026,0,1.0,0,0
PF07311,PF05109,0,1,0,0,1,1025,0.0,1.0,0,0,1,0,0,1,1025,0.0,1.0,0,0
PF08568,PF12463,5,0,0,5,0,1021,0,1.0,0.0,0,0,0,5,0,1021,0,1.0,0.0,0
PF15247,PF06413,3,6,1,2,5,1018,0.17,0.99,0.33,0.23,6,1,2,5,1018,0.17,0.99,0.33,0.23
PF00949,PF00972,2,2,2,0,0,1024,1.0,1.0,1.0,1.0,2,2,0,0,1024,1.0,1.0,1.0,1.0
PF06303,PF02020,0,16,0,0,16,1010,0.0,0.98,0,0,16,0,0,16,1010,0.0,0.98,0,0
PF17107,PF17100,14,12,5,9,7,1005,0.42,0.98,0.36,0.38,12,5,9,7,1005,0.42,0.98,0.36,0.38
PF01890,PF08982,2,3,0,2,3,1021,0.0,1.0,0.0,-0.0,3,0,2,3,1021,0.0,1.0,0.0,-0.0
PF16204,PF08072,3,3,3,0,0,1023,1.0,1.0,1.0,1.0,3,3,0,0,1023,1.0,1.0,1.0,1.0
PF03847,PF07816,9,0,0,9,0,1017,0,0.99,0.0,0,0,0,9,0,1017,0,0.99,0.0,0
PF05345,PF12509,4,4,0,4,4,1018,0.0,0.99,0.0,-0.0,4,0,4,4,1018,0.0,0.99,0.0,-0.0
PF15276,PF13325,0,5,0,0,5,1021,0.0,1.0,0,0,5,0,0,5,1021,0.0,1.0,0,0
PF07473,PF05939,1,0,0,1,0,1025,0,1.0,0.0,0,0,0,1,0,1025,0,1.0,0.0,0
PF08424,PF08514,8,11,2,6,9,1009,0.18,0.99,0.25,0.21,11,2,6,9,1009,0.18,0.99,0.25,0.21
PF09358,PF16191,7,1,1,6,0,1019,1.0,0.99,0.14,0.38,1,1,6,0,1019,1.0,0.99,0.14,0.38
PF13651,PF07373,0,0,0,0,0,1026,0,1.0,0,0,0,0,0,0,1026,0,1.0,0,0
PF12589,PF08498,5,5,1,4,4,1017,0.2,0.99,0.2,0.2,5,1,4,4,1017,0.2,0.99,0.2,0.2
PF11529,PF17206,0,0,0,0,0,1026,0,1.0,0,0,0,0,0,0,1026,0,1.0,0,0
PF02493,PF08154,29,10,3,26,7,990,0.3,0.97,0.1,0.16,10,3,26,7,990,0.3,0.97,0.1,0.16
PF07175,PF11510,0,2,0,0,2,1024,0.0,1.0,0,0,2,0,0,2,1024,0.0,1.0,0,0
PF06470,PF12455,7,3,0,7,3,1016,0.0,0.99,0.0,-0.0,3,0,7,3,1016,0.0,0.99,0.0,-0.0
PF09949,PF16401,5,2,1,4,1,1020,0.5,1.0,0.2,0.31,2,1,4,1,1020,0.5,1.0,0.2,0.31
PF01121,PF01467,6,23,4,2,19,1001,0.17,0.98,0.67,0.33,23,4,2,19,1001,0.17,0.98,0.67,0.33
PF11413,PF08778,2,3,1,1,2,1022,0.33,1.0,0.5,0.41,3,1,1,2,1022,0.33,1.0,0.5,0.41
PF00660,PF15478,1,1,0,1,1,1024,0.0,1.0,0.0,-0.0,1,0,1,1,1024,0.0,1.0,0.0,-0.0
PF08620,PF12765,4,6,0,4,6,1016,0.0,0.99,0.0,-0.0,6,0,4,6,1016,0.0,0.99,0.0,-0.0
PF00339,PF02752,23,19,19,4,0,1003,1.0,1.0,0.83,0.91,19,19,4,0,1003,1.0,1.0,0.83,0.91
PF06831,PF09292,11,2,2,9,0,1015,1.0,0.99,0.18,0.42,2,2,9,0,1015,1.0,0.99,0.18,0.42
PF14904,PF01869,1,9,0,1,9,1016,0.0,0.99,0.0,-0.0,9,0,1,9,1016,0.0,0.99,0.0,-0.0
PF08411,PF08461,1,0,0,1,0,1025,0,1.0,0.0,0,0,0,1,0,1025,0,1.0,0.0,0
PF13247,PF17206,0,0,0,0,0,1026,0,1.0,0,0,0,0,0,0,1026,0,1.0,0,0
PF11932,PF11992,0,0,0,0,0,1026,0,1.0,0,0,0,0,0,0,1026,0,1.0,0,0
PF15836,PF04352,0,0,0,0,0,1026,0,1.0,0,0,0,0,0,0,1026,0,1.0,0,0
PF13905,PF03107,12,13,5,7,8,1006,0.38,0.99,0.42,0.39,13,5,7,8,1006,0.38,0.99,0.42,0.39
PF03493,PF03520,10,5,4,6,1,1015,0.8,0.99,0.4,0.56,5,4,6,1,1015,0.8,0.99,0.4,0.56
PF14804,PF12631,1,6,0,1,6,1019,0.0,0.99,0.0,-0.0,6,0,1,6,1019,0.0,0.99,0.0,-0.0
PF00153,PF13833,83,36,19,64,17,926,0.53,0.92,0.23,0.31,36,19,64,17,926,0.53,0.92,0.23,0.31
PF13884,PF13887,2,2,2,0,0,1024,1.0,1.0,1.0,1.0,2,2,0,0,1024,1.0,1.0,1.0,1.0
PF04740,PF13780,0,0,0,0,0,1026,0,1.0,0,0,0,0,0,0,1026,0,1.0,0,0
PF15400,PF15482,0,0,0,0,0,1026,0,1.0,0,0,0,0,0,0,1026,0,1.0,0,0
PF13812,PF17177,33,24,15,18,9,984,0.62,0.97,0.45,0.52,24,15,18,9,984,0.62,0.97,0.45,0.52
PF06999,PF11927,12,7,2,10,5,1009,0.29,0.99,0.17,0.21,7,2,10,5,1009,0.29,0.99,0.17,0.21
PF11204,PF02028,8,1,0,8,1,1017,0.0,0.99,0.0,-0.0,1,0,8,1,1017,0.0,0.99,0.0,-0.0
PF00151,PF01477,18,20,6,12,14,994,0.3,0.97,0.33,0.3,20,6,12,14,994,0.3,0.97,0.33,0.3
PF02646,PF05065,2,1,1,1,0,1024,1.0,1.0,0.5,0.71,1,1,1,0,1024,1.0,1.0,0.5,0.71
PF01109,PF03745,1,0,0,1,0,1025,0,1.0,0.0,0,0,0,1,0,1025,0,1.0,0.0,0
PF14744,PF14745,4,4,4,0,0,1022,1.0,1.0,1.0,1.0,4,4,0,0,1022,1.0,1.0,1.0,1.0
PF08614,PF14077,5,0,0,5,0,1021,0,1.0,0.0,0,0,0,5,0,1021,0,1.0,0.0,0
PF13656,PF00411,11,11,3,8,8,1007,0.27,0.98,0.27,0.26,11,3,8,8,1007,0.27,0.98,0.27,0.26
PF11029,PF15071,2,0,0,2,0,1024,0,1.0,0.0,0,0,0,2,0,1024,0,1.0,0.0,0
PF00982,PF02358,13,16,12,1,4,1009,0.75,1.0,0.92,0.83,16,12,1,4,1009,0.75,1.0,0.92,0.83
PF15483,PF08404,1,1,0,1,1,1024,0.0,1.0,0.0,-0.0,1,0,1,1,1024,0.0,1.0,0.0,-0.0
PF09271,PF09270,3,3,3,0,0,1023,1.0,1.0,1.0,1.0,3,3,0,0,1023,1.0,1.0,1.0,1.0
PF08590,PF17146,7,2,0,7,2,1017,0.0,0.99,0.0,-0.0,2,0,7,2,1017,0.0,0.99,0.0,-0.0
PF02790,PF06481,8,2,2,6,0,1018,1.0,0.99,0.25,0.5,2,2,6,0,1018,1.0,0.99,0.25,0.5
PF01930,PF11229,1,1,0,1,1,1024,0.0,1.0,0.0,-0.0,1,0,1,1,1024,0.0,1.0,0.0,-0.0
PF00829,PF07798,4,4,1,3,3,1019,0.25,0.99,0.25,0.25,4,1,3,3,1019,0.25,0.99,0.25,0.25
PF07396,PF01484,0,30,0,0,30,996,0.0,0.97,0,0,30,0,0,30,996,0.0,0.97,0,0
PF05257,PF06324,1,1,0,1,1,1024,0.0,1.0,0.0,-0.0,1,0,1,1,1024,0.0,1.0,0.0,-0.0
PF00504,PF00810,9,9,1,8,8,1009,0.11,0.98,0.11,0.1,9,1,8,8,1009,0.11,0.98,0.11,0.1
PF09135,PF08649,0,3,0,0,3,1023,0.0,1.0,0,0,3,0,0,3,1023,0.0,1.0,0,0
PF11945,PF04004,5,8,0,5,8,1013,0.0,0.99,0.0,-0.01,8,0,5,8,1013,0.0,0.99,0.0,-0.01
PF00226,PF11926,81,2,2,79,0,945,1.0,0.92,0.02,0.15,2,2,79,0,945,1.0,0.92,0.02,0.15
PF09809,PF04667,7,5,1,6,4,1015,0.2,0.99,0.14,0.16,5,1,6,4,1015,0.2,0.99,0.14,0.16
PF15712,PF03963,0,1,0,0,1,1025,0.0,1.0,0,0,1,0,0,1,1025,0.0,1.0,0,0
PF16845,PF00031,1,5,1,0,4,1021,0.2,1.0,1.0,0.45,5,1,0,4,1021,0.2,1.0,1.0,0.45
PF12174,PF00644,3,27,2,1,25,998,0.07,0.97,0.67,0.22,27,2,1,25,998,0.07,0.97,0.67,0.22
PF09791,PF01613,5,9,1,4,8,1013,0.11,0.99,0.2,0.14,9,1,4,8,1013,0.11,0.99,0.2,0.14
PF15179,PF15119,0,2,0,0,2,1024,0.0,1.0,0,0,2,0,0,2,1024,0.0,1.0,0,0
PF06607,PF16516,3,3,0,3,3,1020,0.0,0.99,0.0,-0.0,3,0,3,3,1020,0.0,0.99,0.0,-0.0
PF00902,PF00159,4,0,0,4,0,1022,0,1.0,0.0,0,0,0,4,0,1022,0,1.0,0.0,0
PF07855,PF06749,8,2,0,8,2,1016,0.0,0.99,0.0,-0.0,2,0,8,2,1016,0.0,0.99,0.0,-0.0
PF14665,PF12129,0,4,0,0,4,1022,0.0,1.0,0,0,4,0,0,4,1022,0.0,1.0,0,0
PF10447,PF15985,4,9,0,4,9,1013,0.0,0.99,0.0,-0.01,9,0,4,9,1013,0.0,0.99,0.0,-0.01
PF08585,PF16099,7,2,2,5,0,1019,1.0,1.0,0.29,0.53,2,2,5,0,1019,1.0,1.0,0.29,0.53
PF08543,PF03070,14,10,6,8,4,1008,0.6,0.99,0.43,0.5,10,6,8,4,1008,0.6,0.99,0.43,0.5
PF04675,PF01068,14,16,13,1,3,1009,0.81,1.0,0.93,0.87,16,13,1,3,1009,0.81,1.0,0.93,0.87
PF08111,PF16041,1,3,0,1,3,1022,0.0,1.0,0.0,-0.0,3,0,1,3,1022,0.0,1.0,0.0,-0.0
PF17028,PF07540,0,2,0,0,2,1024,0.0,1.0,0,0,2,0,0,2,1024,0.0,1.0,0,0
PF01678,PF17187,6,2,0,6,2,1018,0.0,0.99,0.0,-0.0,2,0,6,2,1018,0.0,0.99,0.0,-0.0
PF00553,PF09478,1,2,1,0,1,1024,0.5,1.0,1.0,0.71,2,1,0,1,1024,0.5,1.0,1.0,0.71
PF12852,PF06719,1,1,1,0,0,1025,1.0,1.0,1.0,1.0,1,1,0,0,1025,1.0,1.0,1.0,1.0
PF05887,PF03944,0,1,0,0,1,1025,0.0,1.0,0,0,1,0,0,1,1025,0.0,1.0,0,0
PF14649,PF04048,2,10,0,2,10,1014,0.0,0.99,0.0,-0.0,10,0,2,10,1014,0.0,0.99,0.0,-0.0
PF08581,PF17005,1,0,0,1,0,1025,0,1.0,0.0,0,0,0,1,0,1025,0,1.0,0.0,0
PF00527,PF15602,1,0,0,1,0,1025,0,1.0,0.0,0,0,0,1,0,1025,0,1.0,0.0,0
PF13648,PF14865,0,1,0,0,1,1025,0.0,1.0,0,0,1,0,0,1,1025,0.0,1.0,0,0
PF11282,PF11623,0,1,0,0,1,1025,0.0,1.0,0,0,1,0,0,1,1025,0.0,1.0,0,0
PF01824,PF01329,6,11,0,6,11,1009,0.0,0.98,0.0,-0.01,11,0,6,11,1009,0.0,0.98,0.0,-0.01
PF12546,PF00875,1,9,1,0,8,1017,0.11,0.99,1.0,0.33,9,1,0,8,1017,0.11,0.99,1.0,0.33
PF10412,PF12615,0,0,0,0,0,1026,0,1.0,0,0,0,0,0,0,1026,0,1.0,0,0
PF07937,PF09611,0,0,0,0,0,1026,0,1.0,0,0,0,0,0,0,1026,0,1.0,0,0
PF05904,PF09284,0,3,0,0,3,1023,0.0,1.0,0,0,3,0,0,3,1023,0.0,1.0,0,0
PF00984,PF03720,3,2,2,1,0,1023,1.0,1.0,0.67,0.82,2,2,1,0,1023,1.0,1.0,0.67,0.82
PF10494,PF15305,4,3,0,4,3,1019,0.0,0.99,0.0,-0.0,3,0,4,3,1019,0.0,0.99,0.0,-0.0
PF04774,PF13339,3,4,1,2,3,1020,0.25,1.0,0.33,0.29,4,1,2,3,1020,0.25,1.0,0.33,0.29
PF10091,PF06745,0,0,0,0,0,1026,0,1.0,0,0,0,0,0,0,1026,0,1.0,0,0
PF00916,PF01740,28,25,22,6,3,995,0.88,0.99,0.79,0.83,25,22,6,3,995,0.88,0.99,0.79,0.83
PF16833,PF04865,0,0,0,0,0,1026,0,1.0,0,0,0,0,0,0,1026,0,1.0,0,0
PF01964,PF12049,1,0,0,1,0,1025,0,1.0,0.0,0,0,0,1,0,1025,0,1.0,0.0,0
PF07470,PF03583,12,2,1,11,1,1013,0.5,0.99,0.08,0.2,2,1,11,1,1013,0.5,0.99,0.08,0.2
PF00016,PF02788,4,2,1,3,1,1021,0.5,1.0,0.25,0.35,2,1,3,1,1021,0.5,1.0,0.25,0.35
PF13619,PF11573,0,2,0,0,2,1024,0.0,1.0,0,0,2,0,0,2,1024,0.0,1.0,0,0
PF11940,PF09127,3,4,1,2,3,1020,0.25,1.0,0.33,0.29,4,1,2,3,1020,0.25,1.0,0.33,0.29
PF05642,PF01810,3,6,0,3,6,1017,0.0,0.99,0.0,-0.0,6,0,3,6,1017,0.0,0.99,0.0,-0.0
PF06400,PF09303,0,2,0,0,2,1024,0.0,1.0,0,0,2,0,0,2,1024,0.0,1.0,0,0
PF04782,PF08234,7,1,0,7,1,1018,0.0,0.99,0.0,-0.0,1,0,7,1,1018,0.0,0.99,0.0,-0.0
PF06242,PF00580,2,9,1,1,8,1016,0.11,0.99,0.5,0.23,9,1,1,8,1016,0.11,0.99,0.5,0.23
PF01442,PF15239,4,0,0,4,0,1022,0,1.0,0.0,0,0,0,4,0,1022,0,1.0,0.0,0
PF16565,PF12002,0,11,0,0,11,1015,0.0,0.99,0,0,11,0,0,11,1015,0.0,0.99,0,0
PF13304,PF12399,3,3,1,2,2,1021,0.33,1.0,0.33,0.33,3,1,2,2,1021,0.33,1.0,0.33,0.33
PF14233,PF11769,0,0,0,0,0,1026,0,1.0,0,0,0,0,0,0,1026,0,1.0,0,0
PF09763,PF15277,11,13,11,0,2,1013,0.85,1.0,1.0,0.92,13,11,0,2,1013,0.85,1.0,1.0,0.92
PF06527,PF10266,0,4,0,0,4,1022,0.0,1.0,0,0,4,0,0,4,1022,0.0,1.0,0,0
PF12317,PF03760,3,2,0,3,2,1021,0.0,1.0,0.0,-0.0,2,0,3,2,1021,0.0,1.0,0.0,-0.0
PF10937,PF14495,2,0,0,2,0,1024,0,1.0,0.0,0,0,0,2,0,1024,0,1.0,0.0,0
PF07393,PF05278,8,0,0,8,0,1018,0,0.99,0.0,0,0,0,8,0,1018,0,0.99,0.0,0
PF09154,PF16657,1,1,1,0,0,1025,1.0,1.0,1.0,1.0,1,1,0,0,1025,1.0,1.0,1.0,1.0
PF07653,PF00018,41,74,27,14,47,938,0.36,0.94,0.66,0.46,74,27,14,47,938,0.36,0.94,0.66,0.46
PF08666,PF03102,5,3,1,4,2,1019,0.33,0.99,0.2,0.26,3,1,4,2,1019,0.33,0.99,0.2,0.26
PF16359,PF09239,1,1,0,1,1,1024,0.0,1.0,0.0,-0.0,1,0,1,1,1024,0.0,1.0,0.0,-0.0
PF14444,PF08729,1,3,0,1,3,1022,0.0,1.0,0.0,-0.0,3,0,1,3,1022,0.0,1.0,0.0,-0.0
PF02720,PF07016,0,0,0,0,0,1026,0,1.0,0,0,0,0,0,0,1026,0,1.0,0,0
PF16196,PF00993,2,2,2,0,0,1024,1.0,1.0,1.0,1.0,2,2,0,0,1024,1.0,1.0,1.0,1.0
PF01364,PF15518,1,2,0,1,2,1023,0.0,1.0,0.0,-0.0,2,0,1,2,1023,0.0,1.0,0.0,-0.0
PF15107,PF15085,1,0,0,1,0,1025,0,1.0,0.0,0,0,0,1,0,1025,0,1.0,0.0,0
PF01447,PF16485,1,0,0,1,0,1025,0,1.0,0.0,0,0,0,1,0,1025,0,1.0,0.0,0
PF09775,PF01286,2,5,0,2,5,1019,0.0,0.99,0.0,-0.0,5,0,2,5,1019,0.0,0.99,0.0,-0.0
PF09372,PF09310,0,0,0,0,0,1026,0,1.0,0,0,0,0,0,0,1026,0,1.0,0,0
PF02217,PF06505,1,0,0,1,0,1025,0,1.0,0.0,0,0,0,1,0,1025,0,1.0,0.0,0
PF08213,PF02780,1,27,1,0,26,999,0.04,0.97,1.0,0.19,27,1,0,26,999,0.04,0.97,1.0,0.19
PF02801,PF00109,33,33,32,1,1,992,0.97,1.0,0.97,0.97,33,32,1,1,992,0.97,1.0,0.97,0.97
PF16048,PF08018,1,0,0,1,0,1025,0,1.0,0.0,0,0,0,1,0,1025,0,1.0,0.0,0
PF10419,PF02234,6,5,0,6,5,1015,0.0,0.99,0.0,-0.01,5,0,6,5,1015,0.0,0.99,0.0,-0.01
PF13408,PF07508,1,1,1,0,0,1025,1.0,1.0,1.0,1.0,1,1,0,0,1025,1.0,1.0,1.0,1.0
PF08623,PF04048,3,10,0,3,10,1013,0.0,0.99,0.0,-0.01,10,0,3,10,1013,0.0,0.99,0.0,-0.01
PF01722,PF04493,9,3,0,9,3,1014,0.0,0.99,0.0,-0.01,3,0,9,3,1014,0.0,0.99,0.0,-0.01
PF00550,PF08659,29,20,16,13,4,993,0.8,0.98,0.55,0.66,20,16,13,4,993,0.8,0.98,0.55,0.66
PF12207,PF07226,0,0,0,0,0,1026,0,1.0,0,0,0,0,0,0,1026,0,1.0,0,0
PF01599,PF16455,5,4,1,4,3,1018,0.25,0.99,0.2,0.22,4,1,4,3,1018,0.25,0.99,0.2,0.22
PF15442,PF08014,1,2,0,1,2,1023,0.0,1.0,0.0,-0.0,2,0,1,2,1023,0.0,1.0,0.0,-0.0
PF00870,PF08563,3,1,1,2,0,1023,1.0,1.0,0.33,0.58,1,1,2,0,1023,1.0,1.0,0.33,0.58
PF02022,PF13276,3,7,1,2,6,1017,0.14,0.99,0.33,0.21,7,1,2,6,1017,0.14,0.99,0.33,0.21
PF04300,PF08495,3,0,0,3,0,1023,0,1.0,0.0,0,0,0,3,0,1023,0,1.0,0.0,0
PF07617,PF13599,0,3,0,0,3,1023,0.0,1.0,0,0,3,0,0,3,1023,0.0,1.0,0,0
PF02616,PF07409,0,0,0,0,0,1026,0,1.0,0,0,0,0,0,0,1026,0,1.0,0,0
PF06148,PF08314,4,4,0,4,4,1018,0.0,0.99,0.0,-0.0,4,0,4,4,1018,0.0,0.99,0.0,-0.0
PF16322,PF01167,1,9,1,0,8,1017,0.11,0.99,1.0,0.33,9,1,0,8,1017,0.11,0.99,1.0,0.33
PF09728,PF10595,9,2,1,8,1,1016,0.5,0.99,0.11,0.23,2,1,8,1,1016,0.5,0.99,0.11,0.23
PF16540,PF13931,9,3,1,8,2,1015,0.33,0.99,0.11,0.19,3,1,8,2,1015,0.33,0.99,0.11,0.19
PF06446,PF07740,1,1,0,1,1,1024,0.0,1.0,0.0,-0.0,1,0,1,1,1024,0.0,1.0,0.0,-0.0
PF07728,PF08385,35,18,17,18,1,990,0.94,0.98,0.49,0.67,18,17,18,1,990,0.94,0.98,0.49,0.67
PF10469,PF10470,11,0,0,11,0,1015,0,0.99,0.0,0,0,0,11,0,1015,0,0.99,0.0,0
PF04985,PF05939,0,0,0,0,0,1026,0,1.0,0,0,0,0,0,0,1026,0,1.0,0,0
PF12937,PF00646,68,64,28,40,36,922,0.44,0.93,0.41,0.38,64,28,40,36,922,0.44,0.93,0.41,0.38
PF06624,PF08229,5,3,1,4,2,1019,0.33,0.99,0.2,0.26,3,1,4,2,1019,0.33,0.99,0.2,0.26
PF02232,PF05167,1,1,0,1,1,1024,0.0,1.0,0.0,-0.0,1,0,1,1,1024,0.0,1.0,0.0,-0.0
PF13877,PF15867,6,2,1,5,1,1019,0.5,0.99,0.17,0.29,2,1,5,1,1019,0.5,0.99,0.17,0.29
PF01011,PF13570,7,4,2,5,2,1017,0.5,0.99,0.29,0.37,4,2,5,2,1017,0.5,0.99,0.29,0.37
PF00172,PF12013,78,6,5,73,1,947,0.83,0.93,0.06,0.22,6,5,73,1,947,0.83,0.93,0.06,0.22
PF10198,PF10307,1,0,0,1,0,1025,0,1.0,0.0,0,0,0,1,0,1025,0,1.0,0.0,0
PF01659,PF06412,0,1,0,0,1,1025,0.0,1.0,0,0,1,0,0,1,1025,0.0,1.0,0,0
PF07520,PF10139,0,0,0,0,0,1026,0,1.0,0,0,0,0,0,0,1026,0,1.0,0,0
PF15791,PF08828,2,1,1,1,0,1024,1.0,1.0,0.5,0.71,1,1,1,0,1024,1.0,1.0,0.5,0.71
PF05180,PF05019,6,7,3,3,4,1016,0.43,0.99,0.5,0.46,7,3,3,4,1016,0.43,0.99,0.5,0.46
PF15232,PF09047,0,0,0,0,0,1026,0,1.0,0,0,0,0,0,0,1026,0,1.0,0,0
PF12610,PF09267,1,0,0,1,0,1025,0,1.0,0.0,0,0,0,1,0,1025,0,1.0,0.0,0
PF02173,PF12498,3,1,1,2,0,1023,1.0,1.0,0.33,0.58,1,1,2,0,1023,1.0,1.0,0.33,0.58
PF15206,PF02277,0,1,0,0,1,1025,0.0,1.0,0,0,1,0,0,1,1025,0.0,1.0,0,0
PF15893,PF03458,0,0,0,0,0,1026,0,1.0,0,0,0,0,0,0,1026,0,1.0,0,0
PF03081,PF04859,17,2,0,17,2,1007,0.0,0.98,0.0,-0.01,2,0,17,2,1007,0.0,0.98,0.0,-0.01
PF12251,PF09816,6,4,1,5,3,1017,0.25,0.99,0.17,0.2,4,1,5,3,1017,0.25,0.99,0.17,0.2
PF07916,PF12255,0,0,0,0,0,1026,0,1.0,0,0,0,0,0,0,1026,0,1.0,0,0
PF10486,PF04747,0,0,0,0,0,1026,0,1.0,0,0,0,0,0,0,1026,0,1.0,0,0
PF00171,PF00465,71,14,10,61,4,951,0.71,0.94,0.14,0.3,14,10,61,4,951,0.71,0.94,0.14,0.3
PF01813,PF16054,3,2,0,3,2,1021,0.0,1.0,0.0,-0.0,2,0,3,2,1021,0.0,1.0,0.0,-0.0
PF16008,PF09818,0,1,0,0,1,1025,0.0,1.0,0,0,1,0,0,1,1025,0.0,1.0,0,0
PF00136,PF03104,17,17,16,1,1,1008,0.94,1.0,0.94,0.94,17,16,1,1,1008,0.94,1.0,0.94,0.94
PF00926,PF12471,5,2,1,4,1,1020,0.5,1.0,0.2,0.31,2,1,4,1,1020,0.5,1.0,0.2,0.31
PF03800,PF15066,2,0,0,2,0,1024,0,1.0,0.0,0,0,0,2,0,1024,0,1.0,0.0,0
PF07333,PF11264,0,2,0,0,2,1024,0.0,1.0,0,0,2,0,0,2,1024,0.0,1.0,0,0
PF04885,PF04674,2,2,0,2,2,1022,0.0,1.0,0.0,-0.0,2,0,2,2,1022,0.0,1.0,0.0,-0.0
PF03522,PF08403,18,3,3,15,0,1008,1.0,0.99,0.17,0.41,3,3,15,0,1008,1.0,0.99,0.17,0.41
PF12032,PF16030,8,5,2,6,3,1015,0.4,0.99,0.25,0.31,5,2,6,3,1015,0.4,0.99,0.25,0.31
PF06097,PF15771,0,0,0,0,0,1026,0,1.0,0,0,0,0,0,0,1026,0,1.0,0,0
PF07249,PF01241,1,1,0,1,1,1024,0.0,1.0,0.0,-0.0,1,0,1,1,1024,0.0,1.0,0.0,-0.0
PF11111,PF01668,0,2,0,0,2,1024,0.0,1.0,0,0,2,0,0,2,1024,0.0,1.0,0,0
PF04001,PF11517,0,0,0,0,0,1026,0,1.0,0,0,0,0,0,0,1026,0,1.0,0,0
PF15898,PF09310,0,0,0,0,0,1026,0,1.0,0,0,0,0,0,0,1026,0,1.0,0,0
PF04997,PF04983,18,18,18,0,0,1008,1.0,1.0,1.0,1.0,18,18,0,0,1008,1.0,1.0,1.0,1.0
PF13694,PF15400,1,0,0,1,0,1025,0,1.0,0.0,0,0,0,1,0,1025,0,1.0,0.0,0
PF07430,PF15722,1,0,0,1,0,1025,0,1.0,0.0,0,0,0,1,0,1025,0,1.0,0.0,0
PF15429,PF07484,0,0,0,0,0,1026,0,1.0,0,0,0,0,0,0,1026,0,1.0,0,0
PF12145,PF06333,3,3,2,1,1,1022,0.67,1.0,0.67,0.67,3,2,1,1,1022,0.67,1.0,0.67,0.67
PF17103,PF11380,2,2,0,2,2,1022,0.0,1.0,0.0,-0.0,2,0,2,2,1022,0.0,1.0,0.0,-0.0
PF05842,PF07679,1,68,0,1,68,957,0.0,0.93,0.0,-0.01,68,0,1,68,957,0.0,0.93,0.0,-0.01
PF01376,PF04366,1,5,0,1,5,1020,0.0,0.99,0.0,-0.0,5,0,1,5,1020,0.0,0.99,0.0,-0.0
PF07795,PF04536,0,1,0,0,1,1025,0.0,1.0,0,0,1,0,0,1,1025,0.0,1.0,0,0
PF03841,PF13382,0,2,0,0,2,1024,0.0,1.0,0,0,2,0,0,2,1024,0.0,1.0,0,0
PF05202,PF02277,1,1,0,1,1,1024,0.0,1.0,0.0,-0.0,1,0,1,1,1024,0.0,1.0,0.0,-0.0
PF14702,PF06202,3,3,3,0,0,1023,1.0,1.0,1.0,1.0,3,3,0,0,1023,1.0,1.0,1.0,1.0
PF10375,PF15453,0,0,0,0,0,1026,0,1.0,0,0,0,0,0,0,1026,0,1.0,0,0
PF09851,PF05488,3,0,0,3,0,1023,0,1.0,0.0,0,0,0,3,0,1023,0,1.0,0.0,0
PF13778,PF05572,1,8,1,0,7,1018,0.12,0.99,1.0,0.35,8,1,0,7,1018,0.12,0.99,1.0,0.35
PF00449,PF00699,6,5,5,1,0,1020,1.0,1.0,0.83,0.91,5,5,1,0,1020,1.0,1.0,0.83,0.91
PF06357,PF09904,2,0,0,2,0,1024,0,1.0,0.0,0,0,0,2,0,1024,0,1.0,0.0,0
PF11230,PF10105,0,0,0,0,0,1026,0,1.0,0,0,0,0,0,0,1026,0,1.0,0,0
PF01869,PF10294,9,30,3,6,27,990,0.1,0.97,0.33,0.17,30,3,6,27,990,0.1,0.97,0.33,0.17
PF08619,PF16644,3,3,2,1,1,1022,0.67,1.0,0.67,0.67,3,2,1,1,1022,0.67,1.0,0.67,0.67
PF03411,PF11245,1,0,0,1,0,1025,0,1.0,0.0,0,0,0,1,0,1025,0,1.0,0.0,0
PF04924,PF01540,0,0,0,0,0,1026,0,1.0,0,0,0,0,0,0,1026,0,1.0,0,0
PF01077,PF03460,6,6,6,0,0,1020,1.0,1.0,1.0,1.0,6,6,0,0,1020,1.0,1.0,1.0,1.0
PF00001,PF13306,97,19,13,84,6,923,0.68,0.91,0.13,0.28,19,13,84,6,923,0.68,0.91,0.13,0.28
PF00512,PF08446,27,11,11,16,0,999,1.0,0.98,0.41,0.63,11,11,16,0,999,1.0,0.98,0.41,0.63
PF08698,PF10173,13,3,1,12,2,1011,0.33,0.99,0.08,0.16,3,1,12,2,1011,0.33,0.99,0.08,0.16
PF07016,PF01514,0,2,0,0,2,1024,0.0,1.0,0,0,2,0,0,2,1024,0.0,1.0,0,0
PF11879,PF11601,4,4,4,0,0,1022,1.0,1.0,1.0,1.0,4,4,0,0,1022,1.0,1.0,1.0,1.0
PF06406,PF13876,0,0,0,0,0,1026,0,1.0,0,0,0,0,0,0,1026,0,1.0,0,0
PF00534,PF08472,29,1,0,29,1,996,0.0,0.97,0.0,-0.01,1,0,29,1,996,0.0,0.97,0.0,-0.01
PF03352,PF07545,5,1,1,4,0,1021,1.0,1.0,0.2,0.45,1,1,4,0,1021,1.0,1.0,0.2,0.45
PF16530,PF11057,0,0,0,0,0,1026,0,1.0,0,0,0,0,0,0,1026,0,1.0,0,0
PF02178,PF12165,13,1,1,12,0,1013,1.0,0.99,0.08,0.28,1,1,12,0,1013,1.0,0.99,0.08,0.28
PF11581,PF13367,0,1,0,0,1,1025,0.0,1.0,0,0,1,0,0,1,1025,0.0,1.0,0,0
PF00557,PF14826,42,6,6,36,0,984,1.0,0.96,0.14,0.37,6,6,36,0,984,1.0,0.96,0.14,0.37
PF10214,PF08639,2,1,0,2,1,1023,0.0,1.0,0.0,-0.0,1,0,2,1,1023,0.0,1.0,0.0,-0.0
PF06420,PF10330,1,1,0,1,1,1024,0.0,1.0,0.0,-0.0,1,0,1,1,1024,0.0,1.0,0.0,-0.0
PF13733,PF02709,8,14,8,0,6,1012,0.57,0.99,1.0,0.75,14,8,0,6,1012,0.57,0.99,1.0,0.75
PF00577,PF13953,7,7,7,0,0,1019,1.0,1.0,1.0,1.0,7,7,0,0,1019,1.0,1.0,1.0,1.0
PF15460,PF09715,1,0,0,1,0,1025,0,1.0,0.0,0,0,0,1,0,1025,0,1.0,0.0,0
PF06573,PF15207,2,1,0,2,1,1023,0.0,1.0,0.0,-0.0,1,0,2,1,1023,0.0,1.0,0.0,-0.0
PF12513,PF16783,1,0,0,1,0,1025,0,1.0,0.0,0,0,0,1,0,1025,0,1.0,0.0,0
PF02119,PF11794,1,0,0,1,0,1025,0,1.0,0.0,0,0,0,1,0,1025,0,1.0,0.0,0
PF13808,PF15518,1,2,0,1,2,1023,0.0,1.0,0.0,-0.0,2,0,1,2,1023,0.0,1.0,0.0,-0.0
PF14828,PF14799,4,2,0,4,2,1020,0.0,0.99,0.0,-0.0,2,0,4,2,1020,0.0,0.99,0.0,-0.0
PF04161,PF06172,12,2,0,12,2,1012,0.0,0.99,0.0,-0.0,2,0,12,2,1012,0.0,0.99,0.0,-0.0
PF07911,PF06645,3,6,0,3,6,1017,0.0,0.99,0.0,-0.0,6,0,3,6,1017,0.0,0.99,0.0,-0.0
PF05827,PF16692,6,2,0,6,2,1018,0.0,0.99,0.0,-0.0,2,0,6,2,1018,0.0,0.99,0.0,-0.0
PF01418,PF01380,5,15,5,0,10,1011,0.33,0.99,1.0,0.57,15,5,0,10,1011,0.33,0.99,1.0,0.57
PF08826,PF12179,2,1,1,1,0,1024,1.0,1.0,0.5,0.71,1,1,1,0,1024,1.0,1.0,0.5,0.71
PF06506,PF09327,3,0,0,3,0,1023,0,1.0,0.0,0,0,0,3,0,1023,0,1.0,0.0,0
PF04755,PF14547,6,2,0,6,2,1018,0.0,0.99,0.0,-0.0,2,0,6,2,1018,0.0,0.99,0.0,-0.0
PF07517,PF01043,2,1,1,1,0,1024,1.0,1.0,0.5,0.71,1,1,1,0,1024,1.0,1.0,0.5,0.71
PF14785,PF05591,0,0,0,0,0,1026,0,1.0,0,0,0,0,0,0,1026,0,1.0,0,0
PF10602,PF05470,10,11,3,7,8,1008,0.27,0.99,0.3,0.28,11,3,7,8,1008,0.27,0.99,0.3,0.28
PF06632,PF03652,4,4,1,3,3,1019,0.25,0.99,0.25,0.25,4,1,3,3,1019,0.25,0.99,0.25,0.25
PF16787,PF12550,9,3,3,6,0,1017,1.0,0.99,0.33,0.58,3,3,6,0,1017,1.0,0.99,0.33,0.58
PF08045,PF09991,0,0,0,0,0,1026,0,1.0,0,0,0,0,0,0,1026,0,1.0,0,0
PF05084,PF01300,0,9,0,0,9,1017,0.0,0.99,0,0,9,0,0,9,1017,0.0,0.99,0,0
PF12307,PF08808,0,0,0,0,0,1026,0,1.0,0,0,0,0,0,0,1026,0,1.0,0,0
PF02371,PF10994,3,0,0,3,0,1023,0,1.0,0.0,0,0,0,3,0,1023,0,1.0,0.0,0
PF04135,PF15014,8,0,0,8,0,1018,0,0.99,0.0,0,0,0,8,0,1018,0,0.99,0.0,0
PF09272,PF02983,3,1,1,2,0,1023,1.0,1.0,0.33,0.58,1,1,2,0,1023,1.0,1.0,0.33,0.58
PF15220,PF11044,3,0,0,3,0,1023,0,1.0,0.0,0,0,0,3,0,1023,0,1.0,0.0,0
PF06102,PF13092,7,4,1,6,3,1016,0.25,0.99,0.14,0.18,4,1,6,3,1016,0.25,0.99,0.14,0.18
PF01923,PF16053,5,10,1,4,9,1012,0.1,0.99,0.2,0.14,10,1,4,9,1012,0.1,0.99,0.2,0.14
PF12169,PF15862,0,1,0,0,1,1025,0.0,1.0,0,0,1,0,0,1,1025,0.0,1.0,0,0
PF15745,PF15053,6,0,0,6,0,1020,0,0.99,0.0,0,0,0,6,0,1020,0,0.99,0.0,0
PF10240,PF03455,11,10,2,9,8,1007,0.2,0.98,0.18,0.18,10,2,9,8,1007,0.2,0.98,0.18,0.18
PF13164,PF06039,0,1,0,0,1,1025,0.0,1.0,0,0,1,0,0,1,1025,0.0,1.0,0,0
PF14643,PF14644,5,3,3,2,0,1021,1.0,1.0,0.6,0.77,3,3,2,0,1021,1.0,1.0,0.6,0.77
PF16791,PF03509,0,1,0,0,1,1025,0.0,1.0,0,0,1,0,0,1,1025,0.0,1.0,0,0
PF09118,PF07250,3,4,3,0,1,1022,0.75,1.0,1.0,0.87,4,3,0,1,1022,0.75,1.0,1.0,0.87
PF09004,PF08284,5,16,3,2,13,1008,0.19,0.99,0.6,0.33,16,3,2,13,1008,0.19,0.99,0.6,0.33
PF08308,PF17049,0,1,0,0,1,1025,0.0,1.0,0,0,1,0,0,1,1025,0.0,1.0,0,0
PF11403,PF08546,2,14,0,2,14,1010,0.0,0.98,0.0,-0.01,14,0,2,14,1010,0.0,0.98,0.0,-0.01
PF07806,PF01114,0,2,0,0,2,1024,0.0,1.0,0,0,2,0,0,2,1024,0.0,1.0,0,0
PF01055,PF13802,24,14,14,10,0,1002,1.0,0.99,0.58,0.76,14,14,10,0,1002,1.0,0.99,0.58,0.76
PF12554,PF03760,5,2,0,5,2,1019,0.0,0.99,0.0,-0.0,2,0,5,2,1019,0.0,0.99,0.0,-0.0
PF08155,PF06858,9,11,9,0,2,1015,0.82,1.0,1.0,0.9,11,9,0,2,1015,0.82,1.0,1.0,0.9
PF07533,PF07744,5,10,2,3,8,1013,0.2,0.99,0.4,0.28,10,2,3,8,1013,0.2,0.99,0.4,0.28
PF15374,PF16829,0,0,0,0,0,1026,0,1.0,0,0,0,0,0,0,1026,0,1.0,0,0
PF01344,PF10102,57,1,1,56,0,969,1.0,0.95,0.02,0.13,1,1,56,0,969,1.0,0.95,0.02,0.13
PF03561,PF04115,7,7,2,5,5,1014,0.29,0.99,0.29,0.28,7,2,5,5,1014,0.29,0.99,0.29,0.28
PF01289,PF07157,1,0,0,1,0,1025,0,1.0,0.0,0,0,0,1,0,1025,0,1.0,0.0,0
PF05524,PF02896,4,9,4,0,5,1017,0.44,1.0,1.0,0.67,9,4,0,5,1017,0.44,1.0,1.0,0.67
PF04468,PF15050,6,0,0,6,0,1020,0,0.99,0.0,0,0,0,6,0,1020,0,0.99,0.0,0
PF14027,PF11807,7,8,2,5,6,1013,0.25,0.99,0.29,0.26,8,2,5,6,1013,0.25,0.99,0.29,0.26
PF04546,PF03979,2,3,2,0,1,1023,0.67,1.0,1.0,0.82,3,2,0,1,1023,0.67,1.0,1.0,0.82
PF09367,PF17085,1,1,0,1,1,1024,0.0,1.0,0.0,-0.0,1,0,1,1,1024,0.0,1.0,0.0,-0.0
PF07938,PF12118,1,0,0,1,0,1025,0,1.0,0.0,0,0,0,1,0,1025,0,1.0,0.0,0
PF15552,PF15180,0,0,0,0,0,1026,0,1.0,0,0,0,0,0,0,1026,0,1.0,0,0
PF03269,PF03710,0,1,0,0,1,1025,0.0,1.0,0,0,1,0,0,1,1025,0.0,1.0,0,0
PF16577,PF12744,0,0,0,0,0,1026,0,1.0,0,0,0,0,0,0,1026,0,1.0,0,0
PF00025,PF15840,46,0,0,46,0,980,0,0.96,0.0,0,0,0,46,0,980,0,0.96,0.0,0
PF09290,PF08275,2,2,0,2,2,1022,0.0,1.0,0.0,-0.0,2,0,2,2,1022,0.0,1.0,0.0,-0.0
PF08606,PF04158,12,2,0,12,2,1012,0.0,0.99,0.0,-0.0,2,0,12,2,1012,0.0,0.99,0.0,-0.0
PF02374,PF09738,9,1,0,9,1,1016,0.0,0.99,0.0,-0.0,1,0,9,1,1016,0.0,0.99,0.0,-0.0
PF15262,PF12202,3,7,2,1,5,1018,0.29,0.99,0.67,0.43,7,2,1,5,1018,0.29,0.99,0.67,0.43
PF13041,PF12854,79,35,34,45,1,946,0.97,0.96,0.43,0.63,35,34,45,1,946,0.97,0.96,0.43,0.63
PF10347,PF10293,4,3,3,1,0,1022,1.0,1.0,0.75,0.87,3,3,1,0,1022,1.0,1.0,0.75,0.87
PF03481,PF10437,2,1,0,2,1,1023,0.0,1.0,0.0,-0.0,1,0,2,1,1023,0.0,1.0,0.0,-0.0
PF03174,PF03173,1,1,1,0,0,1025,1.0,1.0,1.0,1.0,1,1,0,0,1025,1.0,1.0,1.0,1.0
PF14009,PF14368,8,12,3,5,9,1009,0.25,0.99,0.38,0.3,12,3,5,9,1009,0.25,0.99,0.38,0.3
PF12327,PF02491,0,1,0,0,1,1025,0.0,1.0,0,0,1,0,0,1,1025,0.0,1.0,0,0
PF12121,PF08023,0,1,0,0,1,1025,0.0,1.0,0,0,1,0,0,1,1025,0.0,1.0,0,0
PF09391,PF00533,0,31,0,0,31,995,0.0,0.97,0,0,31,0,0,31,995,0.0,0.97,0,0
PF15014,PF08761,0,0,0,0,0,1026,0,1.0,0,0,0,0,0,0,1026,0,1.0,0,0
PF04493,PF03155,3,14,1,2,13,1010,0.07,0.99,0.33,0.15,14,1,2,13,1010,0.07,0.99,0.33,0.15
PF13409,PF02798,9,26,5,4,21,996,0.19,0.98,0.56,0.32,26,5,4,21,996,0.19,0.98,0.56,0.32
PF04253,PF09747,9,4,4,5,0,1017,1.0,1.0,0.44,0.67,4,4,5,0,1017,1.0,1.0,0.44,0.67
PF04769,PF11025,3,0,0,3,0,1023,0,1.0,0.0,0,0,0,3,0,1023,0,1.0,0.0,0
PF09180,PF00458,8,15,5,3,10,1008,0.33,0.99,0.62,0.45,15,5,3,10,1008,0.33,0.99,0.62,0.45
PF03141,PF05097,11,3,0,11,3,1012,0.0,0.99,0.0,-0.01,3,0,11,3,1012,0.0,0.99,0.0,-0.01
PF16582,PF02776,0,13,0,0,13,1013,0.0,0.99,0,0,13,0,0,13,1013,0.0,0.99,0,0
PF09117,PF11630,2,0,0,2,0,1024,0,1.0,0.0,0,0,0,2,0,1024,0,1.0,0.0,0
PF03595,PF01987,9,6,3,6,3,1014,0.5,0.99,0.33,0.4,6,3,6,3,1014,0.5,0.99,0.33,0.4
PF00913,PF13206,1,0,0,1,0,1025,0,1.0,0.0,0,0,0,1,0,1025,0,1.0,0.0,0
PF12894,PF04192,34,5,3,31,2,990,0.6,0.97,0.09,0.22,5,3,31,2,990,0.6,0.97,0.09,0.22
PF04397,PF00196,1,5,1,0,4,1021,0.2,1.0,1.0,0.45,5,1,0,4,1021,0.2,1.0,1.0,0.45
PF08446,PF00672,11,11,7,4,4,1011,0.64,0.99,0.64,0.63,11,7,4,4,1011,0.64,0.99,0.64,0.63
PF04714,PF07052,2,5,0,2,5,1019,0.0,0.99,0.0,-0.0,5,0,2,5,1019,0.0,0.99,0.0,-0.0
PF04340,PF15130,1,1,0,1,1,1024,0.0,1.0,0.0,-0.0,1,0,1,1,1024,0.0,1.0,0.0,-0.0
PF07519,PF04479,10,16,6,4,10,1006,0.38,0.99,0.6,0.47,16,6,4,10,1006,0.38,0.99,0.6,0.47
PF04934,PF03479,9,3,1,8,2,1015,0.33,0.99,0.11,0.19,3,1,8,2,1015,0.33,0.99,0.11,0.19
PF10171,PF01776,5,8,2,3,6,1015,0.25,0.99,0.4,0.31,8,2,3,6,1015,0.25,0.99,0.4,0.31
PF01007,PF08466,10,1,1,9,0,1016,1.0,0.99,0.1,0.31,1,1,9,0,1016,1.0,0.99,0.1,0.31
PF04084,PF15929,6,0,0,6,0,1020,0,0.99,0.0,0,0,0,6,0,1020,0,0.99,0.0,0
PF05920,PF00907,17,15,6,11,9,1000,0.4,0.98,0.35,0.37,15,6,11,9,1000,0.4,0.98,0.35,0.37
PF08758,PF08266,1,3,1,0,2,1023,0.33,1.0,1.0,0.58,3,1,0,2,1023,0.33,1.0,1.0,0.58
PF07889,PF13225,4,4,0,4,4,1018,0.0,0.99,0.0,-0.0,4,0,4,4,1018,0.0,0.99,0.0,-0.0
PF02359,PF02933,8,5,4,4,1,1017,0.8,1.0,0.5,0.63,5,4,4,1,1017,0.8,1.0,0.5,0.63
PF08070,PF16898,2,6,2,0,4,1020,0.33,1.0,1.0,0.58,6,2,0,4,1020,0.33,1.0,1.0,0.58
PF03272,PF05034,1,0,0,1,0,1025,0,1.0,0.0,0,0,0,1,0,1025,0,1.0,0.0,0
PF16453,PF12783,8,17,4,4,13,1005,0.24,0.98,0.5,0.34,17,4,4,13,1005,0.24,0.98,0.5,0.34
PF09779,PF06972,2,0,0,2,0,1024,0,1.0,0.0,0,0,0,2,0,1024,0,1.0,0.0,0
PF10497,PF02375,7,14,0,7,14,1005,0.0,0.98,0.0,-0.01,14,0,7,14,1005,0.0,0.98,0.0,-0.01
PF11739,PF11736,2,2,0,2,2,1022,0.0,1.0,0.0,-0.0,2,0,2,2,1022,0.0,1.0,0.0,-0.0
PF03516,PF12881,0,0,0,0,0,1026,0,1.0,0,0,0,0,0,0,1026,0,1.0,0,0
PF12066,PF08729,6,3,2,4,1,1019,0.67,1.0,0.33,0.47,3,2,4,1,1019,0.67,1.0,0.33,0.47
PF12010,PF01339,1,5,1,0,4,1021,0.2,1.0,1.0,0.45,5,1,0,4,1021,0.2,1.0,1.0,0.45
PF12031,PF01388,3,28,2,1,26,997,0.07,0.97,0.67,0.21,28,2,1,26,997,0.07,0.97,0.67,0.21
PF16503,PF06041,2,7,1,1,6,1018,0.14,0.99,0.5,0.26,7,1,1,6,1018,0.14,0.99,0.5,0.26
PF05276,PF09808,4,5,1,3,4,1018,0.2,0.99,0.25,0.22,5,1,3,4,1018,0.2,0.99,0.25,0.22
PF13192,PF14721,1,3,1,0,2,1023,0.33,1.0,1.0,0.58,3,1,0,2,1023,0.33,1.0,1.0,0.58
PF17185,PF16888,0,0,0,0,0,1026,0,1.0,0,0,0,0,0,0,1026,0,1.0,0,0
PF15177,PF06679,5,0,0,5,0,1021,0,1.0,0.0,0,0,0,5,0,1021,0,1.0,0.0,0
PF03992,PF16166,10,0,0,10,0,1016,0,0.99,0.0,0,0,0,10,0,1016,0,0.99,0.0,0
PF11450,PF06277,0,0,0,0,0,1026,0,1.0,0,0,0,0,0,0,1026,0,1.0,0,0
PF09804,PF03085,1,0,0,1,0,1025,0,1.0,0.0,0,0,0,1,0,1025,0,1.0,0.0,0
PF07085,PF01515,4,6,3,1,3,1019,0.5,1.0,0.75,0.61,6,3,1,3,1019,0.5,1.0,0.75,0.61
PF00146,PF00421,7,7,1,6,6,1013,0.14,0.99,0.14,0.14,7,1,6,6,1013,0.14,0.99,0.14,0.14
PF03074,PF07971,6,7,1,5,6,1014,0.14,0.99,0.17,0.15,7,1,5,6,1014,0.14,0.99,0.17,0.15
PF00043,PF14497,33,21,14,19,7,986,0.67,0.97,0.42,0.52,21,14,19,7,986,0.67,0.97,0.42,0.52
PF17002,PF17206,0,0,0,0,0,1026,0,1.0,0,0,0,0,0,0,1026,0,1.0,0,0
PF07655,PF10079,3,0,0,3,0,1023,0,1.0,0.0,0,0,0,3,0,1023,0,1.0,0.0,0
PF02781,PF00479,11,12,11,0,1,1014,0.92,1.0,1.0,0.96,12,11,0,1,1014,0.92,1.0,1.0,0.96
PF11705,PF12131,6,1,1,5,0,1020,1.0,1.0,0.17,0.41,1,1,5,0,1020,1.0,1.0,0.17,0.41
PF12617,PF12139,0,0,0,0,0,1026,0,1.0,0,0,0,0,0,0,1026,0,1.0,0,0
PF02667,PF08726,0,8,0,0,8,1018,0.0,0.99,0,0,8,0,0,8,1018,0.0,0.99,0,0
PF07808,PF07807,8,4,4,4,0,1018,1.0,1.0,0.5,0.71,4,4,4,0,1018,1.0,1.0,0.5,0.71
PF12770,PF17109,8,3,1,7,2,1016,0.33,0.99,0.12,0.2,3,1,7,2,1016,0.33,0.99,0.12,0.2
PF13879,PF04641,4,10,3,1,7,1015,0.3,0.99,0.75,0.47,10,3,1,7,1015,0.3,0.99,0.75,0.47
PF13249,PF13243,9,10,9,0,1,1016,0.9,1.0,1.0,0.95,10,9,0,1,1016,0.9,1.0,1.0,0.95
PF00169,PF00620,91,62,37,54,25,910,0.6,0.92,0.41,0.45,62,37,54,25,910,0.6,0.92,0.41,0.45
PF09012,PF11975,1,5,0,1,5,1020,0.0,0.99,0.0,-0.0,5,0,1,5,1020,0.0,0.99,0.0,-0.0
PF10755,PF15085,0,0,0,0,0,1026,0,1.0,0,0,0,0,0,0,1026,0,1.0,0,0
PF09019,PF15427,1,0,0,1,0,1025,0,1.0,0.0,0,0,0,1,0,1025,0,1.0,0.0,0
PF14564,PF06761,2,0,0,2,0,1024,0,1.0,0.0,0,0,0,2,0,1024,0,1.0,0.0,0
PF14931,PF15069,1,0,0,1,0,1025,0,1.0,0.0,0,0,0,1,0,1025,0,1.0,0.0,0
PF00625,PF02828,18,7,4,14,3,1005,0.57,0.98,0.22,0.35,7,4,14,3,1005,0.57,0.98,0.22,0.35
PF03470,PF03468,1,3,1,0,2,1023,0.33,1.0,1.0,0.58,3,1,0,2,1023,0.33,1.0,1.0,0.58
PF10541,PF17213,3,1,0,3,1,1022,0.0,1.0,0.0,-0.0,1,0,3,1,1022,0.0,1.0,0.0,-0.0
PF06975,PF11136,0,0,0,0,0,1026,0,1.0,0,0,0,0,0,0,1026,0,1.0,0,0
PF00135,PF08674,51,0,0,51,0,975,0,0.95,0.0,0,0,0,51,0,975,0,0.95,0.0,0
PF11547,PF12516,2,0,0,2,0,1024,0,1.0,0.0,0,0,0,2,0,1024,0,1.0,0.0,0
PF02011,PF15143,1,0,0,1,0,1025,0,1.0,0.0,0,0,0,1,0,1025,0,1.0,0.0,0
PF14683,PF06045,10,1,1,9,0,1016,1.0,0.99,0.1,0.31,1,1,9,0,1016,1.0,0.99,0.1,0.31
PF08514,PF04048,11,10,2,9,8,1007,0.2,0.98,0.18,0.18,10,2,9,8,1007,0.2,0.98,0.18,0.18
PF12068,PF15733,7,1,0,7,1,1018,0.0,0.99,0.0,-0.0,1,0,7,1,1018,0.0,0.99,0.0,-0.0
PF15458,PF10377,4,3,0,4,3,1019,0.0,0.99,0.0,-0.0,3,0,4,3,1019,0.0,0.99,0.0,-0.0
PF12926,PF08228,1,1,0,1,1,1024,0.0,1.0,0.0,-0.0,1,0,1,1,1024,0.0,1.0,0.0,-0.0
PF00719,PF00886,11,4,1,10,3,1012,0.25,0.99,0.09,0.15,4,1,10,3,1012,0.25,0.99,0.09,0.15
PF09452,PF04370,1,0,0,1,0,1025,0,1.0,0.0,0,0,0,1,0,1025,0,1.0,0.0,0
PF08384,PF08035,0,0,0,0,0,1026,0,1.0,0,0,0,0,0,0,1026,0,1.0,0,0
PF01425,PF01328,32,8,4,28,4,990,0.5,0.97,0.12,0.24,8,4,28,4,990,0.5,0.97,0.12,0.24
PF04739,PF00478,6,9,0,6,9,1011,0.0,0.99,0.0,-0.01,9,0,6,9,1011,0.0,0.99,0.0,-0.01
PF03668,PF06070,2,0,0,2,0,1024,0,1.0,0.0,0,0,0,2,0,1024,0,1.0,0.0,0
PF16358,PF10554,1,0,0,1,0,1025,0,1.0,0.0,0,0,0,1,0,1025,0,1.0,0.0,0
PF13888,PF13887,2,2,2,0,0,1024,1.0,1.0,1.0,1.0,2,2,0,0,1024,1.0,1.0,1.0,1.0
PF11678,PF00514,0,35,0,0,35,991,0.0,0.97,0,0,35,0,0,35,991,0.0,0.97,0,0
PF13002,PF04090,1,1,0,1,1,1024,0.0,1.0,0.0,-0.0,1,0,1,1,1024,0.0,1.0,0.0,-0.0
PF00645,PF08063,14,4,3,11,1,1011,0.75,0.99,0.21,0.4,4,3,11,1,1011,0.75,0.99,0.21,0.4
PF09774,PF02569,2,8,1,1,7,1017,0.12,0.99,0.5,0.25,8,1,1,7,1017,0.12,0.99,0.5,0.25
PF10220,PF15012,6,1,0,6,1,1019,0.0,0.99,0.0,-0.0,1,0,6,1,1019,0.0,0.99,0.0,-0.0
PF00853,PF12540,4,0,0,4,0,1022,0,1.0,0.0,0,0,0,4,0,1022,0,1.0,0.0,0
PF05532,PF03823,0,1,0,0,1,1025,0.0,1.0,0,0,1,0,0,1,1025,0.0,1.0,0,0
PF10406,PF04139,5,9,1,4,8,1013,0.11,0.99,0.2,0.14,9,1,4,8,1013,0.11,0.99,0.2,0.14
PF15264,PF02116,2,3,0,2,3,1021,0.0,1.0,0.0,-0.0,3,0,2,3,1021,0.0,1.0,0.0,-0.0
PF02771,PF00441,36,43,33,3,10,980,0.77,0.99,0.92,0.83,43,33,3,10,980,0.77,0.99,0.92,0.83
PF06687,PF13805,4,9,0,4,9,1013,0.0,0.99,0.0,-0.01,9,0,4,9,1013,0.0,0.99,0.0,-0.01
PF05546,PF12049,5,0,0,5,0,1021,0,1.0,0.0,0,0,0,5,0,1021,0,1.0,0.0,0
PF14237,PF11926,0,2,0,0,2,1024,0.0,1.0,0,0,2,0,0,2,1024,0.0,1.0,0,0
PF16036,PF11652,3,0,0,3,0,1023,0,1.0,0.0,0,0,0,3,0,1023,0,1.0,0.0,0
PF05972,PF05923,4,4,4,0,0,1022,1.0,1.0,1.0,1.0,4,4,0,0,1022,1.0,1.0,1.0,1.0
PF12258,PF16892,1,0,0,1,0,1025,0,1.0,0.0,0,0,0,1,0,1025,0,1.0,0.0,0
PF00120,PF03951,16,8,8,8,0,1010,1.0,0.99,0.5,0.7,8,8,8,0,1010,1.0,0.99,0.5,0.7
PF11471,PF16966,1,1,1,0,0,1025,1.0,1.0,1.0,1.0,1,1,0,0,1025,1.0,1.0,1.0,1.0
PF11019,PF05840,0,3,0,0,3,1023,0.0,1.0,0,0,3,0,0,3,1023,0.0,1.0,0,0
PF14843,PF01030,7,9,4,3,5,1014,0.44,0.99,0.57,0.5,9,4,3,5,1014,0.44,0.99,0.57,0.5
PF15237,PF10217,0,3,0,0,3,1023,0.0,1.0,0,0,3,0,0,3,1023,0.0,1.0,0,0
PF11902,PF06251,0,0,0,0,0,1026,0,1.0,0,0,0,0,0,0,1026,0,1.0,0,0
PF09698,PF04740,0,0,0,0,0,1026,0,1.0,0,0,0,0,0,0,1026,0,1.0,0,0
PF17066,PF09428,2,1,0,2,1,1023,0.0,1.0,0.0,-0.0,1,0,2,1,1023,0.0,1.0,0.0,-0.0
PF10248,PF09340,2,5,0,2,5,1019,0.0,0.99,0.0,-0.0,5,0,2,5,1019,0.0,0.99,0.0,-0.0
PF13292,PF00456,2,9,0,2,9,1015,0.0,0.99,0.0,-0.0,9,0,2,9,1015,0.0,0.99,0.0,-0.0
PF08021,PF14882,0,0,0,0,0,1026,0,1.0,0,0,0,0,0,0,1026,0,1.0,0,0
PF02530,PF17206,1,0,0,1,0,1025,0,1.0,0.0,0,0,0,1,0,1025,0,1.0,0.0,0
PF09207,PF16011,2,1,0,2,1,1023,0.0,1.0,0.0,-0.0,1,0,2,1,1023,0.0,1.0,0.0,-0.0
PF14495,PF09057,0,2,0,0,2,1024,0.0,1.0,0,0,2,0,0,2,1024,0.0,1.0,0,0
PF01576,PF02736,17,22,11,6,11,998,0.5,0.98,0.65,0.56,22,11,6,11,998,0.5,0.98,0.65,0.56
PF04048,PF08638,10,5,0,10,5,1011,0.0,0.99,0.0,-0.01,5,0,10,5,1011,0.0,0.99,0.0,-0.01
PF00050,PF09289,20,3,2,18,1,1005,0.67,0.98,0.1,0.25,3,2,18,1,1005,0.67,0.98,0.1,0.25
PF12830,PF05041,5,2,0,5,2,1019,0.0,0.99,0.0,-0.0,2,0,5,2,1019,0.0,0.99,0.0,-0.0
PF14031,PF00842,4,3,1,3,2,1020,0.33,1.0,0.25,0.29,3,1,3,2,1020,0.33,1.0,0.25,0.29
PF01054,PF08142,0,14,0,0,14,1012,0.0,0.99,0,0,14,0,0,14,1012,0.0,0.99,0,0
PF04186,PF15713,0,0,0,0,0,1026,0,1.0,0,0,0,0,0,0,1026,0,1.0,0,0
PF06758,PF05911,0,0,0,0,0,1026,0,1.0,0,0,0,0,0,0,1026,0,1.0,0,0
PF14025,PF02217,0,1,0,0,1,1025,0.0,1.0,0,0,1,0,0,1,1025,0.0,1.0,0,0
PF14868,PF06414,0,4,0,0,4,1022,0.0,1.0,0,0,4,0,0,4,1022,0.0,1.0,0,0
PF06816,PF07684,5,6,5,0,1,1020,0.83,1.0,1.0,0.91,6,5,0,1,1020,0.83,1.0,1.0,0.91
PF14579,PF07733,8,8,8,0,0,1018,1.0,1.0,1.0,1.0,8,8,0,0,1018,1.0,1.0,1.0,1.0
PF02613,PF15776,1,2,1,0,1,1024,0.5,1.0,1.0,0.71,2,1,0,1,1024,0.5,1.0,1.0,0.71
PF12479,PF06805,0,0,0,0,0,1026,0,1.0,0,0,0,0,0,0,1026,0,1.0,0,0
PF08007,PF15249,9,5,2,7,3,1014,0.4,0.99,0.22,0.29,5,2,7,3,1014,0.4,0.99,0.22,0.29
PF00814,PF03091,16,16,3,13,13,997,0.19,0.97,0.19,0.17,16,3,13,13,997,0.19,0.97,0.19,0.17
PF12402,PF08014,0,2,0,0,2,1024,0.0,1.0,0,0,2,0,0,2,1024,0.0,1.0,0,0
PF01636,PF13419,33,29,12,21,17,976,0.41,0.96,0.36,0.37,29,12,21,17,976,0.41,0.96,0.36,0.37
PF11387,PF05621,0,0,0,0,0,1026,0,1.0,0,0,0,0,0,0,1026,0,1.0,0,0
PF05099,PF15990,0,2,0,0,2,1024,0.0,1.0,0,0,2,0,0,2,1024,0.0,1.0,0,0
PF02765,PF16686,5,2,2,3,0,1021,1.0,1.0,0.4,0.63,2,2,3,0,1021,1.0,1.0,0.4,0.63
PF15895,PF15553,0,0,0,0,0,1026,0,1.0,0,0,0,0,0,0,1026,0,1.0,0,0
PF03400,PF05634,1,2,0,1,2,1023,0.0,1.0,0.0,-0.0,2,0,1,2,1023,0.0,1.0,0.0,-0.0
PF16009,PF04839,1,1,0,1,1,1024,0.0,1.0,0.0,-0.0,1,0,1,1,1024,0.0,1.0,0.0,-0.0
PF04408,PF07717,47,41,40,7,1,978,0.98,0.99,0.85,0.91,41,40,7,1,978,0.98,0.99,0.85,0.91
PF00334,PF05186,22,15,7,15,8,996,0.47,0.98,0.32,0.37,15,7,15,8,996,0.47,0.98,0.32,0.37
PF13405,PF00036,23,21,10,13,11,992,0.48,0.98,0.43,0.44,21,10,13,11,992,0.48,0.98,0.43,0.44
PF10458,PF06827,4,5,1,3,4,1018,0.2,0.99,0.25,0.22,5,1,3,4,1018,0.2,0.99,0.25,0.22
PF11775,PF03090,0,0,0,0,0,1026,0,1.0,0,0,0,0,0,0,1026,0,1.0,0,0
PF12463,PF08568,0,5,0,0,5,1021,0.0,1.0,0,0,5,0,0,5,1021,0.0,1.0,0,0
PF09902,PF12719,0,5,0,0,5,1021,0.0,1.0,0,0,5,0,0,5,1021,0.0,1.0,0,0
PF12052,PF02208,2,2,0,2,2,1022,0.0,1.0,0.0,-0.0,2,0,2,2,1022,0.0,1.0,0.0,-0.0
PF12924,PF02177,2,2,2,0,0,1024,1.0,1.0,1.0,1.0,2,2,0,0,1024,1.0,1.0,1.0,1.0
PF07165,PF02284,1,1,0,1,1,1024,0.0,1.0,0.0,-0.0,1,0,1,1,1024,0.0,1.0,0.0,-0.0
PF04843,PF14214,3,17,3,0,14,1009,0.18,0.99,1.0,0.42,17,3,0,14,1009,0.18,0.99,1.0,0.42
PF14310,PF01915,13,14,12,1,2,1011,0.86,1.0,0.92,0.89,14,12,1,2,1011,0.86,1.0,0.92,0.89
PF11379,PF14328,1,0,0,1,0,1025,0,1.0,0.0,0,0,0,1,0,1025,0,1.0,0.0,0
PF08857,PF09962,0,2,0,0,2,1024,0.0,1.0,0,0,2,0,0,2,1024,0.0,1.0,0,0
PF12196,PF08081,0,0,0,0,0,1026,0,1.0,0,0,0,0,0,0,1026,0,1.0,0,0
PF03576,PF08738,1,0,0,1,0,1025,0,1.0,0.0,0,0,0,1,0,1025,0,1.0,0.0,0
PF01937,PF03630,12,17,5,7,12,1002,0.29,0.98,0.42,0.34,17,5,7,12,1002,0.29,0.98,0.42,0.34
PF02467,PF14552,0,1,0,0,1,1025,0.0,1.0,0,0,1,0,0,1,1025,0.0,1.0,0,0
PF05422,PF16979,1,9,1,0,8,1017,0.11,0.99,1.0,0.33,9,1,0,8,1017,0.11,0.99,1.0,0.33
PF03227,PF03489,5,7,0,5,7,1014,0.0,0.99,0.0,-0.01,7,0,5,7,1014,0.0,0.99,0.0,-0.01
PF08281,PF04539,5,7,2,3,5,1016,0.29,0.99,0.4,0.33,7,2,3,5,1016,0.29,0.99,0.4,0.33
PF15084,PF15292,1,0,0,1,0,1025,0,1.0,0.0,0,0,0,1,0,1025,0,1.0,0.0,0
PF14221,PF02212,0,22,0,0,22,1004,0.0,0.98,0,0,22,0,0,22,1004,0.0,0.98,0,0
PF07977,PF15888,10,0,0,10,0,1016,0,0.99,0.0,0,0,0,10,0,1016,0,0.99,0.0,0
PF05439,PF15925,3,3,0,3,3,1020,0.0,0.99,0.0,-0.0,3,0,3,3,1020,0.0,0.99,0.0,-0.0
PF09687,PF10332,0,0,0,0,0,1026,0,1.0,0,0,0,0,0,0,1026,0,1.0,0,0
PF15212,PF03050,0,0,0,0,0,1026,0,1.0,0,0,0,0,0,0,1026,0,1.0,0,0
PF00030,PF03762,11,2,1,10,1,1014,0.5,0.99,0.09,0.21,2,1,10,1,1014,0.5,0.99,0.09,0.21
PF10509,PF07959,8,3,1,7,2,1016,0.33,0.99,0.12,0.2,3,1,7,2,1016,0.33,0.99,0.12,0.2
PF01508,PF13948,0,2,0,0,2,1024,0.0,1.0,0,0,2,0,0,2,1024,0.0,1.0,0,0
PF02825,PF12174,14,3,1,13,2,1010,0.33,0.99,0.07,0.15,3,1,13,2,1010,0.33,0.99,0.07,0.15
PF03152,PF15090,13,1,0,13,1,1012,0.0,0.99,0.0,-0.0,1,0,13,1,1012,0.0,0.99,0.0,-0.0
PF13383,PF05405,5,4,0,5,4,1017,0.0,0.99,0.0,-0.0,4,0,5,4,1017,0.0,0.99,0.0,-0.0
PF00245,PF04430,12,14,5,7,9,1005,0.36,0.98,0.42,0.38,14,5,7,9,1005,0.36,0.98,0.42,0.38
PF15475,PF04736,1,2,0,1,2,1023,0.0,1.0,0.0,-0.0,2,0,1,2,1023,0.0,1.0,0.0,-0.0
PF04445,PF05939,2,0,0,2,0,1024,0,1.0,0.0,0,0,0,2,0,1024,0,1.0,0.0,0
PF14429,PF16172,11,1,1,10,0,1015,1.0,0.99,0.09,0.3,1,1,10,0,1015,1.0,0.99,0.09,0.3
PF06124,PF03406,1,0,0,1,0,1025,0,1.0,0.0,0,0,0,1,0,1025,0,1.0,0.0,0
PF02149,PF08332,10,4,3,7,1,1015,0.75,0.99,0.3,0.47,4,3,7,1,1015,0.75,0.99,0.3,0.47
PF07308,PF03090,0,0,0,0,0,1026,0,1.0,0,0,0,0,0,0,1026,0,1.0,0,0
PF15161,PF14996,0,0,0,0,0,1026,0,1.0,0,0,0,0,0,0,1026,0,1.0,0,0
PF06244,PF06127,4,2,1,3,1,1021,0.5,1.0,0.25,0.35,2,1,3,1,1021,0.5,1.0,0.25,0.35
PF04922,PF06172,5,2,0,5,2,1019,0.0,0.99,0.0,-0.0,2,0,5,2,1019,0.0,0.99,0.0,-0.0
PF03380,PF15724,0,1,0,0,1,1025,0.0,1.0,0,0,1,0,0,1,1025,0.0,1.0,0,0
PF11465,PF07204,3,2,0,3,2,1021,0.0,1.0,0.0,-0.0,2,0,3,2,1021,0.0,1.0,0.0,-0.0
PF01326,PF00391,9,8,5,4,3,1014,0.62,0.99,0.56,0.59,8,5,4,3,1014,0.62,0.99,0.56,0.59
PF02285,PF15071,0,0,0,0,0,1026,0,1.0,0,0,0,0,0,0,1026,0,1.0,0,0
PF07571,PF09830,8,6,0,8,6,1012,0.0,0.99,0.0,-0.01,6,0,8,6,1012,0.0,0.99,0.0,-0.01
PF09267,PF12610,0,1,0,0,1,1025,0.0,1.0,0,0,1,0,0,1,1025,0.0,1.0,0,0
PF16594,PF08656,0,2,0,0,2,1024,0.0,1.0,0,0,2,0,0,2,1024,0.0,1.0,0,0
PF09743,PF08638,2,5,0,2,5,1019,0.0,0.99,0.0,-0.0,5,0,2,5,1019,0.0,0.99,0.0,-0.0
PF08982,PF13876,3,0,0,3,0,1023,0,1.0,0.0,0,0,0,3,0,1023,0,1.0,0.0,0
PF00988,PF00185,9,14,4,5,10,1007,0.29,0.99,0.44,0.35,14,4,5,10,1007,0.29,0.99,0.44,0.35
PF15899,PF15021,1,0,0,1,0,1025,0,1.0,0.0,0,0,0,1,0,1025,0,1.0,0.0,0
PF11904,PF16553,5,1,0,5,1,1020,0.0,0.99,0.0,-0.0,1,0,5,1,1020,0.0,0.99,0.0,-0.0
PF15376,PF12509,1,4,1,0,3,1022,0.25,1.0,1.0,0.5,4,1,0,3,1022,0.25,1.0,1.0,0.5
PF15221,PF14841,1,0,0,1,0,1025,0,1.0,0.0,0,0,0,1,0,1025,0,1.0,0.0,0
PF15268,PF16415,1,10,0,1,10,1015,0.0,0.99,0.0,-0.0,10,0,1,10,1015,0.0,0.99,0.0,-0.0
PF05000,PF04983,16,18,15,1,3,1007,0.83,1.0,0.94,0.88,18,15,1,3,1007,0.83,1.0,0.94,0.88
PF11931,PF12108,4,4,3,1,1,1021,0.75,1.0,0.75,0.75,4,3,1,1,1021,0.75,1.0,0.75,0.75
PF08688,PF08687,0,1,0,0,1,1025,0.0,1.0,0,0,1,0,0,1,1025,0.0,1.0,0,0
PF00186,PF00303,8,7,5,3,2,1016,0.71,1.0,0.62,0.67,7,5,3,2,1016,0.71,1.0,0.62,0.67
PF04981,PF05334,4,3,0,4,3,1019,0.0,0.99,0.0,-0.0,3,0,4,3,1019,0.0,0.99,0.0,-0.0
PF15868,PF15955,3,1,0,3,1,1022,0.0,1.0,0.0,-0.0,1,0,3,1,1022,0.0,1.0,0.0,-0.0
PF14344,PF07505,1,0,0,1,0,1025,0,1.0,0.0,0,0,0,1,0,1025,0,1.0,0.0,0
PF15371,PF02200,2,1,0,2,1,1023,0.0,1.0,0.0,-0.0,1,0,2,1,1023,0.0,1.0,0.0,-0.0
PF08839,PF16679,8,7,6,2,1,1017,0.86,1.0,0.75,0.8,7,6,2,1,1017,0.86,1.0,0.75,0.8
PF16715,PF06161,0,0,0,0,0,1026,0,1.0,0,0,0,0,0,0,1026,0,1.0,0,0
PF02086,PF11019,1,0,0,1,0,1025,0,1.0,0.0,0,0,0,1,0,1025,0,1.0,0.0,0
PF09850,PF01364,0,1,0,0,1,1025,0.0,1.0,0,0,1,0,0,1,1025,0.0,1.0,0,0
PF15351,PF12090,1,1,0,1,1,1024,0.0,1.0,0.0,-0.0,1,0,1,1,1024,0.0,1.0,0.0,-0.0
PF15871,PF17045,0,0,0,0,0,1026,0,1.0,0,0,0,0,0,0,1026,0,1.0,0,0
PF10452,PF03553,3,1,0,3,1,1022,0.0,1.0,0.0,-0.0,1,0,3,1,1022,0.0,1.0,0.0,-0.0
PF00583,PF13673,53,13,9,44,4,969,0.69,0.95,0.17,0.33,13,9,44,4,969,0.69,0.95,0.17,0.33
PF02358,PF00982,16,13,12,4,1,1009,0.92,1.0,0.75,0.83,13,12,4,1,1009,0.92,1.0,0.75,0.83
PF04380,PF10782,0,0,0,0,0,1026,0,1.0,0,0,0,0,0,0,1026,0,1.0,0,0
PF03788,PF16967,0,0,0,0,0,1026,0,1.0,0,0,0,0,0,0,1026,0,1.0,0,0
PF08274,PF08345,0,2,0,0,2,1024,0.0,1.0,0,0,2,0,0,2,1024,0.0,1.0,0,0
PF10974,PF01514,0,2,0,0,2,1024,0.0,1.0,0,0,2,0,0,2,1024,0.0,1.0,0,0
PF01366,PF05343,1,5,0,1,5,1020,0.0,0.99,0.0,-0.0,5,0,1,5,1020,0.0,0.99,0.0,-0.0
PF00502,PF00427,1,1,1,0,0,1025,1.0,1.0,1.0,1.0,1,1,0,0,1025,1.0,1.0,1.0,1.0
PF15902,PF15901,7,6,6,1,0,1019,1.0,1.0,0.86,0.93,6,6,1,0,1019,1.0,1.0,0.86,0.93
PF02301,PF05653,7,14,2,5,12,1007,0.14,0.98,0.29,0.19,14,2,5,12,1007,0.14,0.98,0.29,0.19
PF11196,PF08744,0,0,0,0,0,1026,0,1.0,0,0,0,0,0,0,1026,0,1.0,0,0
PF10391,PF14792,5,7,5,0,2,1019,0.71,1.0,1.0,0.84,7,5,0,2,1019,0.71,1.0,1.0,0.84
PF11690,PF12855,0,1,0,0,1,1025,0.0,1.0,0,0,1,0,0,1,1025,0.0,1.0,0,0
PF02567,PF13380,8,2,1,7,1,1017,0.5,0.99,0.12,0.25,2,1,7,1,1017,0.5,0.99,0.12,0.25
PF16965,PF02277,2,1,0,2,1,1023,0.0,1.0,0.0,-0.0,1,0,2,1,1023,0.0,1.0,0.0,-0.0
PF08549,PF09775,4,2,0,4,2,1020,0.0,0.99,0.0,-0.0,2,0,4,2,1020,0.0,0.99,0.0,-0.0
PF15314,PF15863,0,0,0,0,0,1026,0,1.0,0,0,0,0,0,0,1026,0,1.0,0,0
PF01883,PF10609,7,12,0,7,12,1007,0.0,0.98,0.0,-0.01,12,0,7,12,1007,0.0,0.98,0.0,-0.01
PF03457,PF08426,1,0,0,1,0,1025,0,1.0,0.0,0,0,0,1,0,1025,0,1.0,0.0,0
PF05849,PF04451,0,0,0,0,0,1026,0,1.0,0,0,0,0,0,0,1026,0,1.0,0,0
PF17043,PF12640,0,0,0,0,0,1026,0,1.0,0,0,0,0,0,0,1026,0,1.0,0,0
PF09295,PF16669,1,2,0,1,2,1023,0.0,1.0,0.0,-0.0,2,0,1,2,1023,0.0,1.0,0.0,-0.0
PF05707,PF00669,0,1,0,0,1,1025,0.0,1.0,0,0,1,0,0,1,1025,0.0,1.0,0,0
PF11531,PF05185,1,13,1,0,12,1013,0.08,0.99,1.0,0.28,13,1,0,12,1013,0.08,0.99,1.0,0.28
PF04768,PF00696,7,25,3,4,22,997,0.12,0.97,0.43,0.22,25,3,4,22,997,0.12,0.97,0.43,0.22
PF17083,PF03038,0,0,0,0,0,1026,0,1.0,0,0,0,0,0,0,1026,0,1.0,0,0
PF04230,PF03151,1,22,0,1,22,1003,0.0,0.98,0.0,-0.0,22,0,1,22,1003,0.0,0.98,0.0,-0.0
PF01644,PF06165,5,1,0,5,1,1020,0.0,0.99,0.0,-0.0,1,0,5,1,1020,0.0,0.99,0.0,-0.0
PF06394,PF06784,3,5,0,3,5,1018,0.0,0.99,0.0,-0.0,5,0,3,5,1018,0.0,0.99,0.0,-0.0
PF05611,PF07353,0,1,0,0,1,1025,0.0,1.0,0,0,1,0,0,1,1025,0.0,1.0,0,0
PF14436,PF17206,0,0,0,0,0,1026,0,1.0,0,0,0,0,0,0,1026,0,1.0,0,0
PF07064,PF17034,1,5,0,1,5,1020,0.0,0.99,0.0,-0.0,5,0,1,5,1020,0.0,0.99,0.0,-0.0
PF01594,PF09733,2,5,0,2,5,1019,0.0,0.99,0.0,-0.0,5,0,2,5,1019,0.0,0.99,0.0,-0.0
PF08154,PF16699,10,2,1,9,1,1015,0.5,0.99,0.1,0.22,2,1,9,1,1015,0.5,0.99,0.1,0.22
PF10573,PF03713,1,0,0,1,0,1025,0,1.0,0.0,0,0,0,1,0,1025,0,1.0,0.0,0
PF13606,PF00710,37,8,4,33,4,985,0.5,0.96,0.11,0.22,8,4,33,4,985,0.5,0.96,0.11,0.22
PF02887,PF00224,15,23,15,0,8,1003,0.65,0.99,1.0,0.8,23,15,0,8,1003,0.65,0.99,1.0,0.8
PF01039,PF00289,20,22,12,8,10,996,0.55,0.98,0.6,0.56,22,12,8,10,996,0.55,0.98,0.6,0.56
PF02689,PF05970,3,27,3,0,24,999,0.11,0.98,1.0,0.33,27,3,0,24,999,0.11,0.98,1.0,0.33
PF14871,PF03428,1,0,0,1,0,1025,0,1.0,0.0,0,0,0,1,0,1025,0,1.0,0.0,0
PF16589,PF11626,22,3,3,19,0,1004,1.0,0.98,0.14,0.37,3,3,19,0,1004,1.0,0.98,0.14,0.37
PF08159,PF12490,6,2,1,5,1,1019,0.5,0.99,0.17,0.29,2,1,5,1,1019,0.5,0.99,0.17,0.29
PF12141,PF09775,1,2,0,1,2,1023,0.0,1.0,0.0,-0.0,2,0,1,2,1023,0.0,1.0,0.0,-0.0
PF01386,PF14693,1,1,1,0,0,1025,1.0,1.0,1.0,1.0,1,1,0,0,1025,1.0,1.0,1.0,1.0
PF02362,PF06507,16,7,7,9,0,1010,1.0,0.99,0.44,0.66,7,7,9,0,1010,1.0,0.99,0.44,0.66
PF12643,PF12638,2,2,0,2,2,1022,0.0,1.0,0.0,-0.0,2,0,2,2,1022,0.0,1.0,0.0,-0.0
PF14049,PF14047,0,0,0,0,0,1026,0,1.0,0,0,0,0,0,0,1026,0,1.0,0,0
PF01704,PF01652,11,22,6,5,16,999,0.27,0.98,0.55,0.38,22,6,5,16,999,0.27,0.98,0.55,0.38
PF08432,PF02399,0,1,0,0,1,1025,0.0,1.0,0,0,1,0,0,1,1025,0.0,1.0,0,0
PF09369,PF03880,3,3,0,3,3,1020,0.0,0.99,0.0,-0.0,3,0,3,3,1020,0.0,0.99,0.0,-0.0
PF10185,PF12020,3,0,0,3,0,1023,0,1.0,0.0,0,0,0,3,0,1023,0,1.0,0.0,0
PF08583,PF00159,9,0,0,9,0,1017,0,0.99,0.0,0,0,0,9,0,1017,0,0.99,0.0,0
PF11751,PF03090,0,0,0,0,0,1026,0,1.0,0,0,0,0,0,0,1026,0,1.0,0,0
PF06886,PF12214,4,5,3,1,2,1020,0.6,1.0,0.75,0.67,5,3,1,2,1020,0.6,1.0,0.75,0.67
PF02885,PF07831,6,2,2,4,0,1020,1.0,1.0,0.33,0.58,2,2,4,0,1020,1.0,1.0,0.33,0.58
PF04168,PF02281,0,0,0,0,0,1026,0,1.0,0,0,0,0,0,0,1026,0,1.0,0,0
PF09302,PF04004,6,8,0,6,8,1012,0.0,0.99,0.0,-0.01,8,0,6,8,1012,0.0,0.99,0.0,-0.01
PF00145,PF12047,14,7,4,10,3,1009,0.57,0.99,0.29,0.4,7,4,10,3,1009,0.57,0.99,0.29,0.4
PF01909,PF03828,16,25,12,4,13,997,0.48,0.98,0.75,0.59,25,12,4,13,997,0.48,0.98,0.75,0.59
PF11061,PF10690,0,0,0,0,0,1026,0,1.0,0,0,0,0,0,0,1026,0,1.0,0,0
PF14604,PF00018,46,74,35,11,39,941,0.47,0.95,0.76,0.58,74,35,11,39,941,0.47,0.95,0.76,0.58
